0 0
0.000694444 0.000856077
0.00138889 0.00171426
0.00208333 0.00257512
0.00277778 0.00343858
0.00347222 0.00430455
0.00416667 0.00517294
0.00486111 0.00604368
0.00555556 0.00691732
0.00625 0.00779247
0.00694444 0.0086697
0.00763889 0.00954957
0.00833333 0.0104307
0.00902778 0.0113136
0.00972222 0.0121989
0.0104167 0.0130852
0.0111111 0.0139731
0.0118056 0.014863
0.0125 0.0157536
0.0131944 0.0166456
0.0138889 0.0175387
0.0145833 0.0184329
0.0152778 0.0193281
0.0159722 0.0202243
0.0166667 0.0211218
0.0173611 0.0220195
0.0180556 0.0229179
0.01875 0.0238174
0.0194444 0.0247167
0.0201389 0.0256164
0.0208333 0.026517
0.0215278 0.0274172
0.0222222 0.0283175
0.0229167 0.0292177
0.0236111 0.0301179
0.0243056 0.031018
0.025 0.0319177
0.0256944 0.0328171
0.0263889 0.0337161
0.0270833 0.0346145
0.0277778 0.0355129
0.0284722 0.03641
0.0291667 0.0373063
0.0298611 0.0382024
0.0305556 0.0390968
0.03125 0.0399902
0.0319444 0.040883
0.0326389 0.041774
0.0333333 0.0426637
0.0340278 0.043552
0.0347222 0.0444388
0.0354167 0.045324
0.0361111 0.0462076
0.0368056 0.0470899
0.0375 0.0479699
0.0381944 0.048848
0.0388889 0.0497246
0.0395833 0.0505986
0.0402778 0.0514705
0.0409722 0.0523406
0.0416667 0.0532079
0.0423611 0.0540728
0.0430556 0.0549357
0.04375 0.0557956
0.0444444 0.0566528
0.0451389 0.0575073
0.0458333 0.058359
0.0465278 0.0592079
0.0472222 0.0600538
0.0479167 0.0608972
0.0486111 0.0617371
0.0493056 0.0625737
0.05 0.0634077
0.0506944 0.0642378
0.0513889 0.0650645
0.0520833 0.0658883
0.0527778 0.0667081
0.0534722 0.0675243
0.0541667 0.0683369
0.0548611 0.0691457
0.0555556 0.0699507
0.05625 0.0707519
0.0569444 0.0715492
0.0576389 0.0723426
0.0583333 0.0731318
0.0590278 0.0739175
0.0597222 0.0746986
0.0604167 0.0754754
0.0611111 0.0762484
0.0618056 0.0770166
0.0625 0.0777804
0.0631944 0.0785403
0.0638889 0.0792951
0.0645833 0.0800454
0.0652778 0.0807912
0.0659722 0.0815322
0.0666667 0.0822686
0.0673611 0.0830002
0.0680556 0.0837275
0.06875 0.0844495
0.0694444 0.0851666
0.0701389 0.0858792
0.0708333 0.0865864
0.0715278 0.0872886
0.0722222 0.0879861
0.0729167 0.0886782
0.0736111 0.0893651
0.0743056 0.0900473
0.075 0.0907239
0.0756944 0.0913952
0.0763889 0.0920613
0.0770833 0.0927221
0.0777778 0.0933776
0.0784722 0.0940278
0.0791667 0.0946731
0.0798611 0.0953125
0.0805556 0.0959466
0.08125 0.0965756
0.0819444 0.0971988
0.0826389 0.0978166
0.0833333 0.0984293
0.0840278 0.0990362
0.0847222 0.0996376
0.0854167 0.100233
0.0861111 0.100824
0.0868056 0.101409
0.0875 0.101988
0.0881944 0.102562
0.0888889 0.103131
0.0895833 0.103694
0.0902778 0.104252
0.0909722 0.104804
0.0916667 0.105351
0.0923611 0.105892
0.0930556 0.106428
0.09375 0.106959
0.0944444 0.107485
0.0951389 0.108005
0.0958333 0.108519
0.0965278 0.109029
0.0972222 0.109533
0.0979167 0.110032
0.0986111 0.110526
0.0993056 0.111016
0.1 0.111499
0.100694 0.111978
0.101389 0.112453
0.102083 0.112922
0.102778 0.113387
0.103472 0.113847
0.104167 0.114302
0.104861 0.114753
0.105556 0.1152
0.10625 0.115642
0.106944 0.116079
0.107639 0.116513
0.108333 0.116942
0.109028 0.117368
0.109722 0.117789
0.110417 0.118208
0.111111 0.118622
0.111806 0.119032
0.1125 0.11944
0.113194 0.119844
0.113889 0.120245
0.114583 0.120644
0.115278 0.121039
0.115972 0.121432
0.116667 0.121822
0.117361 0.12221
0.118056 0.122595
0.11875 0.122979
0.119444 0.123361
0.120139 0.123741
0.120833 0.12412
0.121528 0.124498
0.122222 0.124875
0.122917 0.12525
0.123611 0.125626
0.124306 0.126001
0.125 0.126376
0.125694 0.126751
0.126389 0.127127
0.127083 0.127503
0.127778 0.12788
0.128472 0.128258
0.129167 0.128637
0.129861 0.129018
0.130556 0.129402
0.13125 0.129787
0.131944 0.130175
0.132639 0.130566
0.133333 0.13096
0.134028 0.131358
0.134722 0.13176
0.135417 0.132165
0.136111 0.132575
0.136806 0.13299
0.1375 0.13341
0.138194 0.133836
0.138889 0.134267
0.139583 0.134705
0.140278 0.135149
0.140972 0.1356
0.141667 0.136059
0.142361 0.136526
0.143056 0.137
0.14375 0.137483
0.144444 0.137975
0.145139 0.138477
0.145833 0.138988
0.146528 0.139509
0.147222 0.140041
0.147917 0.140584
0.148611 0.141138
0.149306 0.141704
0.15 0.142282
0.150694 0.142873
0.151389 0.143476
0.152083 0.144094
0.152778 0.144726
0.153472 0.145371
0.154167 0.146032
0.154861 0.146708
0.155556 0.1474
0.15625 0.148107
0.156944 0.148832
0.157639 0.149572
0.158333 0.150331
0.159028 0.151107
0.159722 0.151901
0.160417 0.152714
0.161111 0.153545
0.161806 0.154397
0.1625 0.155268
0.163194 0.156159
0.163889 0.157071
0.164583 0.158004
0.165278 0.158958
0.165972 0.159934
0.166667 0.160931
0.167361 0.161951
0.168056 0.162994
0.16875 0.16406
0.169444 0.165149
0.170139 0.166262
0.170833 0.167399
0.171528 0.16856
0.172222 0.169746
0.172917 0.170957
0.173611 0.172193
0.174306 0.173455
0.175 0.174742
0.175694 0.176055
0.176389 0.177394
0.177083 0.17876
0.177778 0.180153
0.178472 0.181572
0.179167 0.183018
0.179861 0.184491
0.180556 0.185992
0.18125 0.18752
0.181944 0.189076
0.182639 0.19066
0.183333 0.192272
0.184028 0.193912
0.184722 0.19558
0.185417 0.197277
0.186111 0.199002
0.186806 0.200755
0.1875 0.202537
0.188194 0.204349
0.188889 0.206188
0.189583 0.208056
0.190278 0.209953
0.190972 0.211879
0.191667 0.213834
0.192361 0.215817
0.193056 0.21783
0.19375 0.219872
0.194444 0.221942
0.195139 0.224041
0.195833 0.226169
0.196528 0.228326
0.197222 0.230512
0.197917 0.232726
0.198611 0.234969
0.199306 0.237241
0.2 0.239542
0.200694 0.24187
0.201389 0.244227
0.202083 0.246612
0.202778 0.249026
0.203472 0.251467
0.204167 0.253938
0.204861 0.256435
0.205556 0.258961
0.20625 0.261514
0.206944 0.264095
0.207639 0.266703
0.208333 0.269339
0.209028 0.272002
0.209722 0.274691
0.210417 0.277408
0.211111 0.280151
0.211806 0.282921
0.2125 0.285717
0.213194 0.28854
0.213889 0.291389
0.214583 0.294263
0.215278 0.297164
0.215972 0.30009
0.216667 0.303042
0.217361 0.306019
0.218056 0.309021
0.21875 0.312047
0.219444 0.315099
0.220139 0.318175
0.220833 0.321275
0.221528 0.324399
0.222222 0.327547
0.222917 0.330719
0.223611 0.333914
0.224306 0.337133
0.225 0.340374
0.225694 0.343638
0.226389 0.346926
0.227083 0.350235
0.227778 0.353567
0.228472 0.356921
0.229167 0.360296
0.229861 0.363692
0.230556 0.367111
0.23125 0.37055
0.231944 0.374009
0.232639 0.377489
0.233333 0.38099
0.234028 0.38451
0.234722 0.38805
0.235417 0.391611
0.236111 0.39519
0.236806 0.398788
0.2375 0.402406
0.238194 0.406042
0.238889 0.409695
0.239583 0.413368
0.240278 0.417058
0.240972 0.420765
0.241667 0.424489
0.242361 0.428231
0.243056 0.431989
0.24375 0.435763
0.244444 0.439554
0.245139 0.443361
0.245833 0.447183
0.246528 0.451021
0.247222 0.454874
0.247917 0.458741
0.248611 0.462624
0.249306 0.46652
0.25 0.47043
0.250694 0.474355
0.251389 0.478292
0.252083 0.482242
0.252778 0.486205
0.253472 0.490181
0.254167 0.494169
0.254861 0.498169
0.255556 0.502181
0.25625 0.506203
0.256944 0.510237
0.257639 0.514282
0.258333 0.518337
0.259028 0.522402
0.259722 0.526478
0.260417 0.530562
0.261111 0.534656
0.261806 0.538759
0.2625 0.54287
0.263194 0.54699
0.263889 0.551117
0.264583 0.555253
0.265278 0.559395
0.265972 0.563545
0.266667 0.567702
0.267361 0.571865
0.268056 0.576034
0.26875 0.58021
0.269444 0.58439
0.270139 0.588576
0.270833 0.592767
0.271528 0.596962
0.272222 0.601161
0.272917 0.605365
0.273611 0.609572
0.274306 0.613782
0.275 0.617995
0.275694 0.622211
0.276389 0.626429
0.277083 0.630649
0.277778 0.634872
0.278472 0.639096
0.279167 0.64332
0.279861 0.647546
0.280556 0.651772
0.28125 0.655997
0.281944 0.660224
0.282639 0.664449
0.283333 0.668673
0.284028 0.672896
0.284722 0.677118
0.285417 0.681337
0.286111 0.685555
0.286806 0.689771
0.2875 0.693983
0.288194 0.698193
0.288889 0.702399
0.289583 0.706602
0.290278 0.7108
0.290972 0.714995
0.291667 0.719184
0.292361 0.723368
0.293056 0.727548
0.29375 0.731721
0.294444 0.735889
0.295139 0.74005
0.295833 0.744205
0.296528 0.748352
0.297222 0.752493
0.297917 0.756627
0.298611 0.760752
0.299306 0.76487
0.3 0.768979
0.300694 0.77308
0.301389 0.777171
0.302083 0.781254
0.302778 0.785326
0.303472 0.789388
0.304167 0.79344
0.304861 0.797482
0.305556 0.801513
0.30625 0.805533
0.306944 0.809541
0.307639 0.813538
0.308333 0.817523
0.309028 0.821496
0.309722 0.825456
0.310417 0.829403
0.311111 0.833337
0.311806 0.837258
0.3125 0.841165
0.313194 0.845058
0.313889 0.848937
0.314583 0.852801
0.315278 0.85665
0.315972 0.860484
0.316667 0.864303
0.317361 0.868106
0.318056 0.871894
0.31875 0.875666
0.319444 0.87942
0.320139 0.883159
0.320833 0.88688
0.321528 0.890584
0.322222 0.894272
0.322917 0.897941
0.323611 0.901592
0.324306 0.905225
0.325 0.90884
0.325694 0.912435
0.326389 0.916012
0.327083 0.91957
0.327778 0.923108
0.328472 0.926627
0.329167 0.930127
0.329861 0.933605
0.330556 0.937064
0.33125 0.940503
0.331944 0.94392
0.332639 0.947316
0.333333 0.950692
0.334028 0.954046
0.334722 0.957379
0.335417 0.960689
0.336111 0.963978
0.336806 0.967244
0.3375 0.970488
0.338194 0.97371
0.338889 0.976909
0.339583 0.980084
0.340278 0.983238
0.340972 0.986367
0.341667 0.989473
0.342361 0.992556
0.343056 0.995615
0.34375 0.998649
0.344444 1.00166
0.345139 1.00465
0.345833 1.00761
0.346528 1.01054
0.347222 1.01346
0.347917 1.01634
0.348611 1.01921
0.349306 1.02204
0.35 1.02486
0.350694 1.02764
0.351389 1.0304
0.352083 1.03314
0.352778 1.03585
0.353472 1.03853
0.354167 1.04119
0.354861 1.04382
0.355556 1.04642
0.35625 1.049
0.356944 1.05155
0.357639 1.05407
0.358333 1.05657
0.359028 1.05904
0.359722 1.06149
0.360417 1.0639
0.361111 1.06629
0.361806 1.06866
0.3625 1.07099
0.363194 1.0733
0.363889 1.07558
0.364583 1.07784
0.365278 1.08006
0.365972 1.08226
0.366667 1.08443
0.367361 1.08657
0.368056 1.08869
0.36875 1.09077
0.369444 1.09283
0.370139 1.09487
0.370833 1.09687
0.371528 1.09885
0.372222 1.10079
0.372917 1.10271
0.373611 1.10461
0.374306 1.10647
0.375 1.10831
0.375694 1.11011
0.376389 1.11189
0.377083 1.11365
0.377778 1.11537
0.378472 1.11707
0.379167 1.11873
0.379861 1.12037
0.380556 1.12199
0.38125 1.12357
0.381944 1.12513
0.382639 1.12666
0.383333 1.12816
0.384028 1.12963
0.384722 1.13108
0.385417 1.13249
0.386111 1.13388
0.386806 1.13524
0.3875 1.13658
0.388194 1.13789
0.388889 1.13917
0.389583 1.14042
0.390278 1.14164
0.390972 1.14284
0.391667 1.14401
0.392361 1.14516
0.393056 1.14627
0.39375 1.14736
0.394444 1.14843
0.395139 1.14946
0.395833 1.15048
0.396528 1.15146
0.397222 1.15242
0.397917 1.15335
0.398611 1.15425
0.399306 1.15513
0.4 1.15598
0.400694 1.15681
0.401389 1.15761
0.402083 1.15839
0.402778 1.15914
0.403472 1.15987
0.404167 1.16057
0.404861 1.16124
0.405556 1.16189
0.40625 1.16252
0.406944 1.16312
0.407639 1.1637
0.408333 1.16425
0.409028 1.16478
0.409722 1.16529
0.410417 1.16577
0.411111 1.16623
0.411806 1.16666
0.4125 1.16708
0.413194 1.16747
0.413889 1.16783
0.414583 1.16818
0.415278 1.1685
0.415972 1.1688
0.416667 1.16908
0.417361 1.16933
0.418056 1.16957
0.41875 1.16978
0.419444 1.16997
0.420139 1.17014
0.420833 1.1703
0.421528 1.17043
0.422222 1.17054
0.422917 1.17063
0.423611 1.1707
0.424306 1.17075
0.425 1.17078
0.425694 1.17079
0.426389 1.17079
0.427083 1.17076
0.427778 1.17072
0.428472 1.17066
0.429167 1.17058
0.429861 1.17049
0.430556 1.17037
0.43125 1.17024
0.431944 1.17009
0.432639 1.16993
0.433333 1.16975
0.434028 1.16956
0.434722 1.16935
0.435417 1.16912
0.436111 1.16888
0.436806 1.16862
0.4375 1.16835
0.438194 1.16807
0.438889 1.16777
0.439583 1.16746
0.440278 1.16713
0.440972 1.16679
0.441667 1.16644
0.442361 1.16608
0.443056 1.1657
0.44375 1.16531
0.444444 1.16491
0.445139 1.1645
0.445833 1.16408
0.446528 1.16365
0.447222 1.16321
0.447917 1.16275
0.448611 1.16229
0.449306 1.16182
0.45 1.16134
0.450694 1.16085
0.451389 1.16035
0.452083 1.15985
0.452778 1.15933
0.453472 1.15881
0.454167 1.15829
0.454861 1.15775
0.455556 1.15721
0.45625 1.15667
0.456944 1.15611
0.457639 1.15555
0.458333 1.15499
0.459028 1.15442
0.459722 1.15385
0.460417 1.15328
0.461111 1.1527
0.461806 1.15211
0.4625 1.15153
0.463194 1.15094
0.463889 1.15034
0.464583 1.14975
0.465278 1.14916
0.465972 1.14856
0.466667 1.14796
0.467361 1.14736
0.468056 1.14677
0.46875 1.14617
0.469444 1.14557
0.470139 1.14497
0.470833 1.14438
0.471528 1.14378
0.472222 1.14319
0.472917 1.1426
0.473611 1.14201
0.474306 1.14142
0.475 1.14084
0.475694 1.14026
0.476389 1.13968
0.477083 1.13911
0.477778 1.13854
0.478472 1.13798
0.479167 1.13742
0.479861 1.13687
0.480556 1.13632
0.48125 1.13578
0.481944 1.13525
0.482639 1.13472
0.483333 1.1342
0.484028 1.13369
0.484722 1.13318
0.485417 1.13269
0.486111 1.1322
0.486806 1.13172
0.4875 1.13125
0.488194 1.13078
0.488889 1.13033
0.489583 1.12989
0.490278 1.12945
0.490972 1.12903
0.491667 1.12862
0.492361 1.12822
0.493056 1.12783
0.49375 1.12745
0.494444 1.12709
0.495139 1.12673
0.495833 1.12639
0.496528 1.12606
0.497222 1.12575
0.497917 1.12544
0.498611 1.12516
0.499306 1.12488
0.5 1.12462
0.500694 1.12437
0.501389 1.12414
0.502083 1.12392
0.502778 1.12372
0.503472 1.12353
0.504167 1.12336
0.504861 1.12321
0.505556 1.12307
0.50625 1.12294
0.506944 1.12283
0.507639 1.12274
0.508333 1.12267
0.509028 1.12261
0.509722 1.12257
0.510417 1.12255
0.511111 1.12254
0.511806 1.12255
0.5125 1.12258
0.513194 1.12263
0.513889 1.1227
0.514583 1.12278
0.515278 1.12288
0.515972 1.123
0.516667 1.12314
0.517361 1.1233
0.518056 1.12348
0.51875 1.12368
0.519444 1.1239
0.520139 1.12413
0.520833 1.12439
0.521528 1.12466
0.522222 1.12496
0.522917 1.12527
0.523611 1.1256
0.524306 1.12596
0.525 1.12633
0.525694 1.12672
0.526389 1.12714
0.527083 1.12757
0.527778 1.12803
0.528472 1.1285
0.529167 1.129
0.529861 1.12951
0.530556 1.13005
0.53125 1.1306
0.531944 1.13118
0.532639 1.13178
0.533333 1.13239
0.534028 1.13303
0.534722 1.13369
0.535417 1.13436
0.536111 1.13506
0.536806 1.13578
0.5375 1.13652
0.538194 1.13728
0.538889 1.13805
0.539583 1.13885
0.540278 1.13967
0.540972 1.14051
0.541667 1.14137
0.542361 1.14224
0.543056 1.14314
0.54375 1.14406
0.544444 1.145
0.545139 1.14595
0.545833 1.14693
0.546528 1.14792
0.547222 1.14893
0.547917 1.14996
0.548611 1.15101
0.549306 1.15208
0.55 1.15317
0.550694 1.15428
0.551389 1.1554
0.552083 1.15654
0.552778 1.1577
0.553472 1.15888
0.554167 1.16007
0.554861 1.16128
0.555556 1.16251
0.55625 1.16376
0.556944 1.16502
0.557639 1.1663
0.558333 1.1676
0.559028 1.16891
0.559722 1.17024
0.560417 1.17158
0.561111 1.17294
0.561806 1.17431
0.5625 1.1757
0.563194 1.17711
0.563889 1.17853
0.564583 1.17996
0.565278 1.18141
0.565972 1.18287
0.566667 1.18434
0.567361 1.18583
0.568056 1.18733
0.56875 1.18885
0.569444 1.19037
0.570139 1.19191
0.570833 1.19346
0.571528 1.19503
0.572222 1.1966
0.572917 1.19819
0.573611 1.19979
0.574306 1.20139
0.575 1.20301
0.575694 1.20464
0.576389 1.20628
0.577083 1.20793
0.577778 1.20959
0.578472 1.21125
0.579167 1.21293
0.579861 1.21461
0.580556 1.2163
0.58125 1.21801
0.581944 1.21971
0.582639 1.22143
0.583333 1.22315
0.584028 1.22488
0.584722 1.22662
0.585417 1.22836
0.586111 1.23011
0.586806 1.23186
0.5875 1.23362
0.588194 1.23538
0.588889 1.23715
0.589583 1.23893
0.590278 1.2407
0.590972 1.24248
0.591667 1.24427
0.592361 1.24606
0.593056 1.24785
0.59375 1.24964
0.594444 1.25144
0.595139 1.25324
0.595833 1.25503
0.596528 1.25684
0.597222 1.25864
0.597917 1.26044
0.598611 1.26224
0.599306 1.26405
0.6 1.26585
0.600694 1.26766
0.601389 1.26946
0.602083 1.27126
0.602778 1.27306
0.603472 1.27486
0.604167 1.27666
0.604861 1.27846
0.605556 1.28027
0.60625 1.28206
0.606944 1.28385
0.607639 1.28564
0.608333 1.28742
0.609028 1.2892
0.609722 1.29097
0.610417 1.29274
0.611111 1.29451
0.611806 1.29627
0.6125 1.29802
0.613194 1.29977
0.613889 1.30152
0.614583 1.30326
0.615278 1.30499
0.615972 1.30672
0.616667 1.30844
0.617361 1.31016
0.618056 1.31186
0.61875 1.31356
0.619444 1.31526
0.620139 1.31694
0.620833 1.31862
0.621528 1.32029
0.622222 1.32195
0.622917 1.3236
0.623611 1.32525
0.624306 1.32688
0.625 1.3285
0.625694 1.33012
0.626389 1.33173
0.627083 1.33332
0.627778 1.33491
0.628472 1.33648
0.629167 1.33805
0.629861 1.33961
0.630556 1.34115
0.63125 1.34268
0.631944 1.3442
0.632639 1.34572
0.633333 1.34721
0.634028 1.3487
0.634722 1.35018
0.635417 1.35164
0.636111 1.35309
0.636806 1.35453
0.6375 1.35596
0.638194 1.35737
0.638889 1.35877
0.639583 1.36016
0.640278 1.36154
0.640972 1.3629
0.641667 1.36425
0.642361 1.36558
0.643056 1.3669
0.64375 1.36821
0.644444 1.3695
0.645139 1.37078
0.645833 1.37205
0.646528 1.3733
0.647222 1.37454
0.647917 1.37576
0.648611 1.37697
0.649306 1.37817
0.65 1.37934
0.650694 1.38051
0.651389 1.38166
0.652083 1.38279
0.652778 1.38392
0.653472 1.38502
0.654167 1.38611
0.654861 1.38719
0.655556 1.38825
0.65625 1.38929
0.656944 1.39032
0.657639 1.39134
0.658333 1.39234
0.659028 1.39332
0.659722 1.39429
0.660417 1.39524
0.661111 1.39618
0.661806 1.3971
0.6625 1.39801
0.663194 1.3989
0.663889 1.39978
0.664583 1.40064
0.665278 1.40148
0.665972 1.40232
0.666667 1.40313
0.667361 1.40393
0.668056 1.40471
0.66875 1.40548
0.669444 1.40624
0.670139 1.40698
0.670833 1.4077
0.671528 1.40841
0.672222 1.4091
0.672917 1.40978
0.673611 1.41045
0.674306 1.41109
0.675 1.41173
0.675694 1.41235
0.676389 1.41295
0.677083 1.41355
0.677778 1.41412
0.678472 1.41468
0.679167 1.41523
0.679861 1.41576
0.680556 1.41628
0.68125 1.41679
0.681944 1.41728
0.682639 1.41776
0.683333 1.41823
0.684028 1.41868
0.684722 1.41912
0.685417 1.41954
0.686111 1.41996
0.686806 1.42036
0.6875 1.42074
0.688194 1.42112
0.688889 1.42148
0.689583 1.42183
0.690278 1.42217
0.690972 1.4225
0.691667 1.42282
0.692361 1.42312
0.693056 1.42341
0.69375 1.4237
0.694444 1.42397
0.695139 1.42423
0.695833 1.42448
0.696528 1.42472
0.697222 1.42495
0.697917 1.42517
0.698611 1.42539
0.699306 1.42559
0.7 1.42578
0.700694 1.42597
0.701389 1.42614
0.702083 1.42631
0.702778 1.42647
0.703472 1.42663
0.704167 1.42677
0.704861 1.42691
0.705556 1.42704
0.70625 1.42717
0.706944 1.42729
0.707639 1.4274
0.708333 1.42751
0.709028 1.42761
0.709722 1.42771
0.710417 1.4278
0.711111 1.42789
0.711806 1.42797
0.7125 1.42806
0.713194 1.42813
0.713889 1.42821
0.714583 1.42828
0.715278 1.42835
0.715972 1.42841
0.716667 1.42848
0.717361 1.42854
0.718056 1.4286
0.71875 1.42866
0.719444 1.42872
0.720139 1.42879
0.720833 1.42885
0.721528 1.42891
0.722222 1.42897
0.722917 1.42904
0.723611 1.4291
0.724306 1.42917
0.725 1.42924
0.725694 1.42932
0.726389 1.4294
0.727083 1.42948
0.727778 1.42956
0.728472 1.42966
0.729167 1.42975
0.729861 1.42985
0.730556 1.42996
0.73125 1.43007
0.731944 1.43019
0.732639 1.43032
0.733333 1.43045
0.734028 1.43059
0.734722 1.43074
0.735417 1.4309
0.736111 1.43107
0.736806 1.43125
0.7375 1.43144
0.738194 1.43163
0.738889 1.43184
0.739583 1.43206
0.740278 1.4323
0.740972 1.43254
0.741667 1.4328
0.742361 1.43306
0.743056 1.43335
0.74375 1.43364
0.744444 1.43396
0.745139 1.43428
0.745833 1.43462
0.746528 1.43498
0.747222 1.43535
0.747917 1.43574
0.748611 1.43615
0.749306 1.43657
0.75 1.43701
0.750694 1.43747
0.751389 1.43795
0.752083 1.43845
0.752778 1.43896
0.753472 1.4395
0.754167 1.44006
0.754861 1.44063
0.755556 1.44123
0.75625 1.44185
0.756944 1.44249
0.757639 1.44316
0.758333 1.44385
0.759028 1.44456
0.759722 1.44529
0.760417 1.44605
0.761111 1.44683
0.761806 1.44764
0.7625 1.44847
0.763194 1.44933
0.763889 1.45022
0.764583 1.45113
0.765278 1.45207
0.765972 1.45303
0.766667 1.45402
0.767361 1.45504
0.768056 1.45609
0.76875 1.45717
0.769444 1.45828
0.770139 1.45941
0.770833 1.46058
0.771528 1.46177
0.772222 1.463
0.772917 1.46425
0.773611 1.46554
0.774306 1.46686
0.775 1.46821
0.775694 1.46959
0.776389 1.471
0.777083 1.47245
0.777778 1.47393
0.778472 1.47544
0.779167 1.47699
0.779861 1.47857
0.780556 1.48018
0.78125 1.48182
0.781944 1.48351
0.782639 1.48522
0.783333 1.48697
0.784028 1.48875
0.784722 1.49057
0.785417 1.49243
0.786111 1.49432
0.786806 1.49625
0.7875 1.49821
0.788194 1.50021
0.788889 1.50224
0.789583 1.50431
0.790278 1.50642
0.790972 1.50856
0.791667 1.51074
0.792361 1.51296
0.793056 1.51522
0.79375 1.51751
0.794444 1.51984
0.795139 1.5222
0.795833 1.5246
0.796528 1.52704
0.797222 1.52952
0.797917 1.53204
0.798611 1.53459
0.799306 1.53718
0.8 1.53981
0.800694 1.54247
0.801389 1.54517
0.802083 1.54792
0.802778 1.55069
0.803472 1.55351
0.804167 1.55636
0.804861 1.55925
0.805556 1.56218
0.80625 1.56514
0.806944 1.56814
0.807639 1.57118
0.808333 1.57426
0.809028 1.57737
0.809722 1.58052
0.810417 1.58371
0.811111 1.58693
0.811806 1.59019
0.8125 1.59349
0.813194 1.59682
0.813889 1.60019
0.814583 1.60359
0.815278 1.60703
0.815972 1.6105
0.816667 1.61401
0.817361 1.61756
0.818056 1.62114
0.81875 1.62475
0.819444 1.6284
0.820139 1.63209
0.820833 1.6358
0.821528 1.63955
0.822222 1.64334
0.822917 1.64716
0.823611 1.65101
0.824306 1.65489
0.825 1.65881
0.825694 1.66275
0.826389 1.66673
0.827083 1.67074
0.827778 1.67478
0.828472 1.67886
0.829167 1.68296
0.829861 1.68709
0.830556 1.69126
0.83125 1.69545
0.831944 1.69967
0.832639 1.70392
0.833333 1.7082
0.834028 1.71251
0.834722 1.71684
0.835417 1.7212
0.836111 1.72559
0.836806 1.73001
0.8375 1.73445
0.838194 1.73892
0.838889 1.74341
0.839583 1.74793
0.840278 1.75247
0.840972 1.75704
0.841667 1.76163
0.842361 1.76624
0.843056 1.77088
0.84375 1.77553
0.844444 1.78022
0.845139 1.78492
0.845833 1.78964
0.846528 1.79438
0.847222 1.79915
0.847917 1.80393
0.848611 1.80873
0.849306 1.81356
0.85 1.8184
0.850694 1.82325
0.851389 1.82813
0.852083 1.83302
0.852778 1.83793
0.853472 1.84286
0.854167 1.8478
0.854861 1.85275
0.855556 1.85772
0.85625 1.86271
0.856944 1.8677
0.857639 1.87271
0.858333 1.87774
0.859028 1.88277
0.859722 1.88782
0.860417 1.89288
0.861111 1.89795
0.861806 1.90303
0.8625 1.90811
0.863194 1.91321
0.863889 1.91832
0.864583 1.92343
0.865278 1.92856
0.865972 1.93369
0.866667 1.93882
0.867361 1.94396
0.868056 1.94911
0.86875 1.95427
0.869444 1.95942
0.870139 1.96459
0.870833 1.96975
0.871528 1.97492
0.872222 1.98009
0.872917 1.98527
0.873611 1.99044
0.874306 1.99562
0.875 2.0008
0.875694 2.00598
0.876389 2.01115
0.877083 2.01633
0.877778 2.0215
0.878472 2.02668
0.879167 2.03185
0.879861 2.03702
0.880556 2.04218
0.88125 2.04735
0.881944 2.0525
0.882639 2.05766
0.883333 2.06281
0.884028 2.06795
0.884722 2.07308
0.885417 2.07821
0.886111 2.08334
0.886806 2.08845
0.8875 2.09356
0.888194 2.09866
0.888889 2.10375
0.889583 2.10883
0.890278 2.1139
0.890972 2.11896
0.891667 2.12401
0.892361 2.12904
0.893056 2.13407
0.89375 2.13909
0.894444 2.14409
0.895139 2.14908
0.895833 2.15405
0.896528 2.15901
0.897222 2.16396
0.897917 2.16889
0.898611 2.17381
0.899306 2.17871
0.9 2.1836
0.900694 2.18847
0.901389 2.19332
0.902083 2.19816
0.902778 2.20298
0.903472 2.20778
0.904167 2.21256
0.904861 2.21732
0.905556 2.22206
0.90625 2.22679
0.906944 2.23149
0.907639 2.23617
0.908333 2.24084
0.909028 2.24548
0.909722 2.2501
0.910417 2.2547
0.911111 2.25927
0.911806 2.26383
0.9125 2.26836
0.913194 2.27286
0.913889 2.27735
0.914583 2.28181
0.915278 2.28624
0.915972 2.29065
0.916667 2.29504
0.917361 2.2994
0.918056 2.30373
0.91875 2.30804
0.919444 2.31232
0.920139 2.31658
0.920833 2.32081
0.921528 2.32501
0.922222 2.32919
0.922917 2.33333
0.923611 2.33745
0.924306 2.34154
0.925 2.3456
0.925694 2.34963
0.926389 2.35364
0.927083 2.35761
0.927778 2.36156
0.928472 2.36547
0.929167 2.36935
0.929861 2.37321
0.930556 2.37703
0.93125 2.38082
0.931944 2.38458
0.932639 2.38831
0.933333 2.39201
0.934028 2.39568
0.934722 2.39931
0.935417 2.40291
0.936111 2.40648
0.936806 2.41002
0.9375 2.41352
0.938194 2.417
0.938889 2.42043
0.939583 2.42384
0.940278 2.42721
0.940972 2.43055
0.941667 2.43385
0.942361 2.43712
0.943056 2.44035
0.94375 2.44356
0.944444 2.44672
0.945139 2.44985
0.945833 2.45295
0.946528 2.45601
0.947222 2.45904
0.947917 2.46203
0.948611 2.46499
0.949306 2.46791
0.95 2.4708
0.950694 2.47365
0.951389 2.47647
0.952083 2.47925
0.952778 2.48199
0.953472 2.4847
0.954167 2.48737
0.954861 2.49001
0.955556 2.49261
0.95625 2.49517
0.956944 2.4977
0.957639 2.50019
0.958333 2.50265
0.959028 2.50507
0.959722 2.50745
0.960417 2.5098
0.961111 2.51211
0.961806 2.51438
0.9625 2.51662
0.963194 2.51883
0.963889 2.52099
0.964583 2.52312
0.965278 2.52521
0.965972 2.52727
0.966667 2.52929
0.967361 2.53128
0.968056 2.53323
0.96875 2.53514
0.969444 2.53701
0.970139 2.53886
0.970833 2.54066
0.971528 2.54243
0.972222 2.54416
0.972917 2.54586
0.973611 2.54752
0.974306 2.54915
0.975 2.55074
0.975694 2.55229
0.976389 2.55381
0.977083 2.55529
0.977778 2.55674
0.978472 2.55816
0.979167 2.55954
0.979861 2.56088
0.980556 2.56219
0.98125 2.56347
0.981944 2.56471
0.982639 2.56592
0.983333 2.56709
0.984028 2.56823
0.984722 2.56934
0.985417 2.57041
0.986111 2.57145
0.986806 2.57245
0.9875 2.57343
0.988194 2.57436
0.988889 2.57527
0.989583 2.57615
0.990278 2.57699
0.990972 2.5778
0.991667 2.57858
0.992361 2.57932
0.993056 2.58004
0.99375 2.58072
0.994444 2.58137
0.995139 2.582
0.995833 2.58259
0.996528 2.58315
0.997222 2.58368
0.997917 2.58418
0.998611 2.58465
0.999306 2.5851
1 2.58551
1.00069 2.58589
1.00139 2.58625
1.00208 2.58658
1.00278 2.58688
1.00347 2.58715
1.00417 2.58739
1.00486 2.58761
1.00556 2.5878
1.00625 2.58797
1.00694 2.5881
1.00764 2.58822
1.00833 2.5883
1.00903 2.58836
1.00972 2.5884
1.01042 2.58841
1.01111 2.5884
1.01181 2.58836
1.0125 2.5883
1.01319 2.58822
1.01389 2.58811
1.01458 2.58798
1.01528 2.58783
1.01597 2.58765
1.01667 2.58746
1.01736 2.58724
1.01806 2.587
1.01875 2.58675
1.01944 2.58647
1.02014 2.58617
1.02083 2.58585
1.02153 2.58551
1.02222 2.58516
1.02292 2.58478
1.02361 2.58439
1.02431 2.58398
1.025 2.58355
1.02569 2.58311
1.02639 2.58265
1.02708 2.58217
1.02778 2.58168
1.02847 2.58117
1.02917 2.58065
1.02986 2.58011
1.03056 2.57956
1.03125 2.57899
1.03194 2.57842
1.03264 2.57783
1.03333 2.57722
1.03403 2.57661
1.03472 2.57598
1.03542 2.57534
1.03611 2.57469
1.03681 2.57403
1.0375 2.57336
1.03819 2.57268
1.03889 2.572
1.03958 2.5713
1.04028 2.57059
1.04097 2.56988
1.04167 2.56916
1.04236 2.56843
1.04306 2.5677
1.04375 2.56696
1.04444 2.56621
1.04514 2.56546
1.04583 2.5647
1.04653 2.56394
1.04722 2.56318
1.04792 2.56241
1.04861 2.56164
1.04931 2.56086
1.05 2.56009
1.05069 2.55931
1.05139 2.55853
1.05208 2.55775
1.05278 2.55697
1.05347 2.55618
1.05417 2.5554
1.05486 2.55462
1.05556 2.55384
1.05625 2.55306
1.05694 2.55228
1.05764 2.55151
1.05833 2.55074
1.05903 2.54997
1.05972 2.5492
1.06042 2.54844
1.06111 2.54769
1.06181 2.54693
1.0625 2.54619
1.06319 2.54545
1.06389 2.54471
1.06458 2.54398
1.06528 2.54326
1.06597 2.54254
1.06667 2.54184
1.06736 2.54114
1.06806 2.54045
1.06875 2.53977
1.06944 2.53909
1.07014 2.53843
1.07083 2.53778
1.07153 2.53713
1.07222 2.5365
1.07292 2.53588
1.07361 2.53527
1.07431 2.53467
1.075 2.53409
1.07569 2.53351
1.07639 2.53295
1.07708 2.5324
1.07778 2.53187
1.07847 2.53135
1.07917 2.53084
1.07986 2.53035
1.08056 2.52987
1.08125 2.52941
1.08194 2.52897
1.08264 2.52853
1.08333 2.52812
1.08403 2.52772
1.08472 2.52734
1.08542 2.52698
1.08611 2.52663
1.08681 2.5263
1.0875 2.52599
1.08819 2.52569
1.08889 2.52542
1.08958 2.52516
1.09028 2.52492
1.09097 2.5247
1.09167 2.5245
1.09236 2.52433
1.09306 2.52417
1.09375 2.52403
1.09444 2.52391
1.09514 2.52381
1.09583 2.52373
1.09653 2.52367
1.09722 2.52363
1.09792 2.52362
1.09861 2.52363
1.09931 2.52365
1.1 2.5237
1.10069 2.52378
1.10139 2.52387
1.10208 2.52399
1.10278 2.52413
1.10347 2.52429
1.10417 2.52447
1.10486 2.52468
1.10556 2.52491
1.10625 2.52517
1.10694 2.52544
1.10764 2.52574
1.10833 2.52607
1.10903 2.52641
1.10972 2.52679
1.11042 2.52718
1.11111 2.5276
1.11181 2.52804
1.1125 2.52851
1.11319 2.529
1.11389 2.52951
1.11458 2.53005
1.11528 2.53061
1.11597 2.5312
1.11667 2.53181
1.11736 2.53244
1.11806 2.5331
1.11875 2.53378
1.11944 2.53449
1.12014 2.53522
1.12083 2.53597
1.12153 2.53675
1.12222 2.53756
1.12292 2.53838
1.12361 2.53923
1.12431 2.54011
1.125 2.54101
1.12569 2.54193
1.12639 2.54287
1.12708 2.54384
1.12778 2.54483
1.12847 2.54585
1.12917 2.54689
1.12986 2.54795
1.13056 2.54903
1.13125 2.55014
1.13194 2.55127
1.13264 2.55242
1.13333 2.5536
1.13403 2.5548
1.13472 2.55602
1.13542 2.55726
1.13611 2.55852
1.13681 2.55981
1.1375 2.56112
1.13819 2.56244
1.13889 2.56379
1.13958 2.56516
1.14028 2.56655
1.14097 2.56796
1.14167 2.5694
1.14236 2.57085
1.14306 2.57232
1.14375 2.57381
1.14444 2.57532
1.14514 2.57685
1.14583 2.5784
1.14653 2.57997
1.14722 2.58156
1.14792 2.58316
1.14861 2.58478
1.14931 2.58642
1.15 2.58808
1.15069 2.58976
1.15139 2.59145
1.15208 2.59316
1.15278 2.59488
1.15347 2.59662
1.15417 2.59838
1.15486 2.60015
1.15556 2.60194
1.15625 2.60374
1.15694 2.60556
1.15764 2.60739
1.15833 2.60924
1.15903 2.6111
1.15972 2.61297
1.16042 2.61485
1.16111 2.61675
1.16181 2.61866
1.1625 2.62059
1.16319 2.62252
1.16389 2.62447
1.16458 2.62643
1.16528 2.6284
1.16597 2.63037
1.16667 2.63236
1.16736 2.63436
1.16806 2.63637
1.16875 2.63839
1.16944 2.64041
1.17014 2.64245
1.17083 2.64449
1.17153 2.64654
1.17222 2.6486
1.17292 2.65067
1.17361 2.65274
1.17431 2.65482
1.175 2.6569
1.17569 2.65899
1.17639 2.66109
1.17708 2.66319
1.17778 2.66529
1.17847 2.6674
1.17917 2.66951
1.17986 2.67163
1.18056 2.67375
1.18125 2.67587
1.18194 2.678
1.18264 2.68013
1.18333 2.68226
1.18403 2.68439
1.18472 2.68652
1.18542 2.68865
1.18611 2.69079
1.18681 2.69292
1.1875 2.69505
1.18819 2.69719
1.18889 2.69932
1.18958 2.70145
1.19028 2.70358
1.19097 2.70571
1.19167 2.70783
1.19236 2.70996
1.19306 2.71208
1.19375 2.71419
1.19444 2.71631
1.19514 2.71842
1.19583 2.72052
1.19653 2.72262
1.19722 2.72472
1.19792 2.72681
1.19861 2.72889
1.19931 2.73097
1.2 2.73304
1.20069 2.73511
1.20139 2.73717
1.20208 2.73922
1.20278 2.74127
1.20347 2.74331
1.20417 2.74534
1.20486 2.74736
1.20556 2.74937
1.20625 2.75138
1.20694 2.75338
1.20764 2.75536
1.20833 2.75734
1.20903 2.75931
1.20972 2.76126
1.21042 2.76321
1.21111 2.76515
1.21181 2.76707
1.2125 2.76899
1.21319 2.77089
1.21389 2.77278
1.21458 2.77466
1.21528 2.77653
1.21597 2.77838
1.21667 2.78022
1.21736 2.78205
1.21806 2.78387
1.21875 2.78567
1.21944 2.78746
1.22014 2.78924
1.22083 2.791
1.22153 2.79275
1.22222 2.79448
1.22292 2.7962
1.22361 2.7979
1.22431 2.79959
1.225 2.80127
1.22569 2.80293
1.22639 2.80457
1.22708 2.8062
1.22778 2.80781
1.22847 2.80941
1.22917 2.81099
1.22986 2.81256
1.23056 2.8141
1.23125 2.81564
1.23194 2.81715
1.23264 2.81865
1.23333 2.82013
1.23403 2.8216
1.23472 2.82305
1.23542 2.82448
1.23611 2.82589
1.23681 2.82729
1.2375 2.82867
1.23819 2.83003
1.23889 2.83137
1.23958 2.8327
1.24028 2.83401
1.24097 2.8353
1.24167 2.83657
1.24236 2.83783
1.24306 2.83906
1.24375 2.84028
1.24444 2.84148
1.24514 2.84267
1.24583 2.84383
1.24653 2.84498
1.24722 2.84611
1.24792 2.84722
1.24861 2.84831
1.24931 2.84938
1.25 2.85044
1.25069 2.85148
1.25139 2.85249
1.25208 2.85349
1.25278 2.85448
1.25347 2.85544
1.25417 2.85639
1.25486 2.85732
1.25556 2.85823
1.25625 2.85912
1.25694 2.86
1.25764 2.86085
1.25833 2.86169
1.25903 2.86251
1.25972 2.86332
1.26042 2.8641
1.26111 2.86487
1.26181 2.86563
1.2625 2.86636
1.26319 2.86708
1.26389 2.86778
1.26458 2.86846
1.26528 2.86913
1.26597 2.86978
1.26667 2.87041
1.26736 2.87103
1.26806 2.87163
1.26875 2.87221
1.26944 2.87278
1.27014 2.87334
1.27083 2.87387
1.27153 2.87439
1.27222 2.8749
1.27292 2.87539
1.27361 2.87587
1.27431 2.87633
1.275 2.87678
1.27569 2.87721
1.27639 2.87763
1.27708 2.87803
1.27778 2.87843
1.27847 2.8788
1.27917 2.87917
1.27986 2.87952
1.28056 2.87986
1.28125 2.88019
1.28194 2.8805
1.28264 2.8808
1.28333 2.88109
1.28403 2.88137
1.28472 2.88164
1.28542 2.88189
1.28611 2.88214
1.28681 2.88238
1.2875 2.8826
1.28819 2.88282
1.28889 2.88302
1.28958 2.88322
1.29028 2.88341
1.29097 2.88359
1.29167 2.88376
1.29236 2.88392
1.29306 2.88407
1.29375 2.88422
1.29444 2.88436
1.29514 2.8845
1.29583 2.88462
1.29653 2.88474
1.29722 2.88486
1.29792 2.88497
1.29861 2.88508
1.29931 2.88518
1.3 2.88527
1.30069 2.88537
1.30139 2.88545
1.30208 2.88554
1.30278 2.88562
1.30347 2.8857
1.30417 2.88578
1.30486 2.88586
1.30556 2.88593
1.30625 2.88601
1.30694 2.88608
1.30764 2.88616
1.30833 2.88623
1.30903 2.88631
1.30972 2.88638
1.31042 2.88646
1.31111 2.88654
1.31181 2.88662
1.3125 2.88671
1.31319 2.8868
1.31389 2.88689
1.31458 2.88698
1.31528 2.88708
1.31597 2.88719
1.31667 2.8873
1.31736 2.88741
1.31806 2.88754
1.31875 2.88766
1.31944 2.8878
1.32014 2.88794
1.32083 2.8881
1.32153 2.88825
1.32222 2.88842
1.32292 2.8886
1.32361 2.88879
1.32431 2.88899
1.325 2.88919
1.32569 2.88941
1.32639 2.88964
1.32708 2.88988
1.32778 2.89014
1.32847 2.89041
1.32917 2.89069
1.32986 2.89098
1.33056 2.89129
1.33125 2.89161
1.33194 2.89195
1.33264 2.8923
1.33333 2.89267
1.33403 2.89306
1.33472 2.89346
1.33542 2.89388
1.33611 2.89432
1.33681 2.89477
1.3375 2.89524
1.33819 2.89574
1.33889 2.89625
1.33958 2.89678
1.34028 2.89733
1.34097 2.8979
1.34167 2.8985
1.34236 2.89911
1.34306 2.89975
1.34375 2.90041
1.34444 2.90109
1.34514 2.9018
1.34583 2.90252
1.34653 2.90328
1.34722 2.90405
1.34792 2.90485
1.34861 2.90568
1.34931 2.90653
1.35 2.90741
1.35069 2.90832
1.35139 2.90925
1.35208 2.91021
1.35278 2.91119
1.35347 2.91221
1.35417 2.91325
1.35486 2.91432
1.35556 2.91542
1.35625 2.91655
1.35694 2.91771
1.35764 2.91889
1.35833 2.92011
1.35903 2.92136
1.35972 2.92264
1.36042 2.92395
1.36111 2.92529
1.36181 2.92667
1.3625 2.92808
1.36319 2.92951
1.36389 2.93099
1.36458 2.93249
1.36528 2.93403
1.36597 2.9356
1.36667 2.93721
1.36736 2.93885
1.36806 2.94052
1.36875 2.94223
1.36944 2.94397
1.37014 2.94575
1.37083 2.94756
1.37153 2.94941
1.37222 2.9513
1.37292 2.95322
1.37361 2.95517
1.37431 2.95717
1.375 2.9592
1.37569 2.96126
1.37639 2.96337
1.37708 2.96551
1.37778 2.96768
1.37847 2.9699
1.37917 2.97215
1.37986 2.97444
1.38056 2.97676
1.38125 2.97913
1.38194 2.98153
1.38264 2.98397
1.38333 2.98645
1.38403 2.98897
1.38472 2.99152
1.38542 2.99411
1.38611 2.99674
1.38681 2.99941
1.3875 3.00212
1.38819 3.00487
