0 0
0.000694444 0.00085008
0.00138889 0.00169025
0.00208333 0.00252107
0.00277778 0.00334244
0.00347222 0.00415425
0.00416667 0.00495642
0.00486111 0.00574884
0.00555556 0.00653207
0.00625 0.00730472
0.00694444 0.00806736
0.00763889 0.00882055
0.00833333 0.00956292
0.00902778 0.010295
0.00972222 0.0110175
0.0104167 0.0117289
0.0111111 0.0124299
0.0118056 0.0131209
0.0125 0.0138008
0.0131944 0.01447
0.0138889 0.0151286
0.0145833 0.0157765
0.0152778 0.0164136
0.0159722 0.0170399
0.0166667 0.017656
0.0173611 0.0182606
0.0180556 0.0188544
0.01875 0.0194379
0.0194444 0.0200099
0.0201389 0.020571
0.0208333 0.0211218
0.0215278 0.0216612
0.0222222 0.0221897
0.0229167 0.0227073
0.0236111 0.0232141
0.0243056 0.0237101
0.025 0.0241954
0.0256944 0.0246701
0.0263889 0.025134
0.0270833 0.0255874
0.0277778 0.0260309
0.0284722 0.0264634
0.0291667 0.0268856
0.0298611 0.0272981
0.0305556 0.0276999
0.03125 0.0280917
0.0319444 0.0284742
0.0326389 0.0288464
0.0333333 0.029209
0.0340278 0.0295621
0.0347222 0.029906
0.0354167 0.0302408
0.0361111 0.0305668
0.0368056 0.0308845
0.0375 0.0311933
0.0381944 0.0314938
0.0388889 0.0317869
0.0395833 0.0320717
0.0402778 0.0323491
0.0409722 0.0326198
0.0416667 0.0328831
0.0423611 0.0331399
0.0430556 0.033391
0.04375 0.0336358
0.0444444 0.0338751
0.0451389 0.0341094
0.0458333 0.034339
0.0465278 0.0345643
0.0472222 0.0347859
0.0479167 0.0350046
0.0486111 0.03522
0.0493056 0.0354332
0.05 0.035645
0.0506944 0.0358551
0.0513889 0.0360645
0.0520833 0.0362743
0.0527778 0.0364843
0.0534722 0.0366954
0.0541667 0.0369084
0.0548611 0.037124
0.0555556 0.0373427
0.05625 0.0375654
0.0569444 0.0377928
0.0576389 0.0380256
0.0583333 0.0382647
0.0590278 0.0385111
0.0597222 0.0387649
0.0604167 0.0390274
0.0611111 0.0392997
0.0618056 0.0395819
0.0625 0.0398754
0.0631944 0.0401811
0.0638889 0.0404994
0.0645833 0.0408315
0.0652778 0.0411783
0.0659722 0.0415405
0.0666667 0.0419191
0.0673611 0.042315
0.0680556 0.0427292
0.06875 0.043162
0.0694444 0.0436147
0.0701389 0.0440882
0.0708333 0.0445828
0.0715278 0.0450996
0.0722222 0.0456396
0.0729167 0.046203
0.0736111 0.0467909
0.0743056 0.047404
0.075 0.0480428
0.0756944 0.0487079
0.0763889 0.0494001
0.0770833 0.0501199
0.0777778 0.050868
0.0784722 0.0516447
0.0791667 0.0524509
0.0798611 0.0532866
0.0805556 0.0541524
0.08125 0.0550491
0.0819444 0.0559765
0.0826389 0.0569354
0.0833333 0.0579261
0.0840278 0.0589487
0.0847222 0.0600037
0.0854167 0.0610914
0.0861111 0.062212
0.0868056 0.0633658
0.0875 0.0645529
0.0881944 0.0657738
0.0888889 0.0670284
0.0895833 0.0683171
0.0902778 0.0696402
0.0909722 0.0709975
0.0916667 0.0723894
0.0923611 0.0738161
0.0930556 0.0752775
0.09375 0.0767739
0.0944444 0.0783056
0.0951389 0.0798724
0.0958333 0.0814746
0.0965278 0.0831123
0.0972222 0.0847856
0.0979167 0.0864947
0.0986111 0.0882396
0.0993056 0.0900207
0.1 0.0918376
0.100694 0.0936908
0.101389 0.0955804
0.102083 0.0975064
0.102778 0.0994688
0.103472 0.101468
0.104167 0.103504
0.104861 0.105577
0.105556 0.107687
0.10625 0.109833
0.106944 0.112018
0.107639 0.114239
0.108333 0.116498
0.109028 0.118795
0.109722 0.121129
0.110417 0.123501
0.111111 0.125911
0.111806 0.128359
0.1125 0.130846
0.113194 0.133371
0.113889 0.135934
0.114583 0.138536
0.115278 0.141176
0.115972 0.143856
0.116667 0.146574
0.117361 0.149332
0.118056 0.152128
0.11875 0.154965
0.119444 0.15784
0.120139 0.160755
0.120833 0.16371
0.121528 0.166706
0.122222 0.16974
0.122917 0.172816
0.123611 0.175931
0.124306 0.179087
0.125 0.182283
0.125694 0.18552
0.126389 0.188797
0.127083 0.192115
0.127778 0.195474
0.128472 0.198875
0.129167 0.202316
0.129861 0.205798
0.130556 0.209323
0.13125 0.212888
0.131944 0.216495
0.132639 0.220143
0.133333 0.223833
0.134028 0.227565
0.134722 0.231339
0.135417 0.235155
0.136111 0.239012
0.136806 0.242912
0.1375 0.246854
0.138194 0.250837
0.138889 0.254863
0.139583 0.258932
0.140278 0.263042
0.140972 0.267195
0.141667 0.27139
0.142361 0.275628
0.143056 0.279907
0.14375 0.28423
0.144444 0.288594
0.145139 0.293001
0.145833 0.297451
0.146528 0.301942
0.147222 0.306476
0.147917 0.311052
0.148611 0.315671
0.149306 0.320332
0.15 0.325035
0.150694 0.32978
0.151389 0.334567
0.152083 0.339396
0.152778 0.344267
0.153472 0.34918
0.154167 0.354135
0.154861 0.359132
0.155556 0.36417
0.15625 0.369249
0.156944 0.37437
0.157639 0.379532
0.158333 0.384736
0.159028 0.38998
0.159722 0.395265
0.160417 0.40059
0.161111 0.405956
0.161806 0.411363
0.1625 0.41681
0.163194 0.422296
0.163889 0.427823
0.164583 0.433389
0.165278 0.438995
0.165972 0.44464
0.166667 0.450323
0.167361 0.456045
0.168056 0.461806
0.16875 0.467605
0.169444 0.473442
0.170139 0.479317
0.170833 0.485229
0.171528 0.491178
0.172222 0.497164
0.172917 0.503188
0.173611 0.509247
0.174306 0.515342
0.175 0.521473
0.175694 0.527639
0.176389 0.53384
0.177083 0.540076
0.177778 0.546346
0.178472 0.552649
0.179167 0.558987
0.179861 0.565357
0.180556 0.571761
0.18125 0.578197
0.181944 0.584665
0.182639 0.591164
0.183333 0.597695
0.184028 0.604257
0.184722 0.610849
0.185417 0.617471
0.186111 0.624123
0.186806 0.630803
0.1875 0.637512
0.188194 0.64425
0.188889 0.651014
0.189583 0.657806
0.190278 0.664625
0.190972 0.671469
0.191667 0.67834
0.192361 0.685235
0.193056 0.692156
0.19375 0.6991
0.194444 0.706068
0.195139 0.713059
0.195833 0.720072
0.196528 0.727107
0.197222 0.734165
0.197917 0.741242
0.198611 0.74834
0.199306 0.755457
0.2 0.762594
0.200694 0.769749
0.201389 0.776921
0.202083 0.784111
0.202778 0.791318
0.203472 0.798541
0.204167 0.805779
0.204861 0.813032
0.205556 0.820299
0.20625 0.82758
0.206944 0.834874
0.207639 0.84218
0.208333 0.849498
0.209028 0.856826
0.209722 0.864164
0.210417 0.871512
0.211111 0.878869
0.211806 0.886234
0.2125 0.893607
0.213194 0.900987
0.213889 0.908372
0.214583 0.915764
0.215278 0.92316
0.215972 0.93056
0.216667 0.937963
0.217361 0.94537
0.218056 0.952778
0.21875 0.960187
0.219444 0.967597
0.220139 0.975006
0.220833 0.982415
0.221528 0.989821
0.222222 0.997225
0.222917 1.00463
0.223611 1.01202
0.224306 1.01942
0.225 1.0268
0.225694 1.03418
0.226389 1.04156
0.227083 1.04892
0.227778 1.05628
0.228472 1.06363
0.229167 1.07097
0.229861 1.0783
0.230556 1.08561
0.23125 1.09292
0.231944 1.10021
0.232639 1.10748
0.233333 1.11475
0.234028 1.12199
0.234722 1.12922
0.235417 1.13644
0.236111 1.14364
0.236806 1.15081
0.2375 1.15797
0.238194 1.16511
0.238889 1.17223
0.239583 1.17933
0.240278 1.1864
0.240972 1.19345
0.241667 1.20048
0.242361 1.20749
0.243056 1.21446
0.24375 1.22142
0.244444 1.22834
0.245139 1.23524
0.245833 1.24211
0.246528 1.24895
0.247222 1.25576
0.247917 1.26254
0.248611 1.26929
0.249306 1.276
0.25 1.28269
0.250694 1.28934
0.251389 1.29595
0.252083 1.30253
0.252778 1.30908
0.253472 1.31559
0.254167 1.32206
0.254861 1.32849
0.255556 1.33489
0.25625 1.34124
0.256944 1.34756
0.257639 1.35383
0.258333 1.36006
0.259028 1.36625
0.259722 1.3724
0.260417 1.37851
0.261111 1.38457
0.261806 1.39058
0.2625 1.39655
0.263194 1.40247
0.263889 1.40835
0.264583 1.41418
0.265278 1.41996
0.265972 1.42569
0.266667 1.43137
0.267361 1.437
0.268056 1.44258
0.26875 1.44811
0.269444 1.45358
0.270139 1.45901
0.270833 1.46438
0.271528 1.4697
0.272222 1.47496
0.272917 1.48016
0.273611 1.48532
0.274306 1.49041
0.275 1.49545
0.275694 1.50043
0.276389 1.50535
0.277083 1.51022
0.277778 1.51502
0.278472 1.51977
0.279167 1.52445
0.279861 1.52908
0.280556 1.53364
0.28125 1.53815
0.281944 1.54259
0.282639 1.54697
0.283333 1.55128
0.284028 1.55553
0.284722 1.55972
0.285417 1.56384
0.286111 1.5679
0.286806 1.57189
0.2875 1.57582
0.288194 1.57968
0.288889 1.58348
0.289583 1.5872
0.290278 1.59086
0.290972 1.59446
0.291667 1.59798
0.292361 1.60144
0.293056 1.60483
0.29375 1.60814
0.294444 1.61139
0.295139 1.61457
0.295833 1.61768
0.296528 1.62072
0.297222 1.62369
0.297917 1.62658
0.298611 1.62941
0.299306 1.63216
0.3 1.63484
0.300694 1.63745
0.301389 1.63999
0.302083 1.64246
0.302778 1.64485
0.303472 1.64717
0.304167 1.64941
0.304861 1.65159
0.305556 1.65369
0.30625 1.65571
0.306944 1.65766
0.307639 1.65954
0.308333 1.66134
0.309028 1.66307
0.309722 1.66473
0.310417 1.66631
0.311111 1.66781
0.311806 1.66924
0.3125 1.6706
0.313194 1.67188
0.313889 1.67309
0.314583 1.67422
0.315278 1.67528
0.315972 1.67626
0.316667 1.67716
0.317361 1.67799
0.318056 1.67875
0.31875 1.67943
0.319444 1.68004
0.320139 1.68057
0.320833 1.68102
0.321528 1.6814
0.322222 1.68171
0.322917 1.68194
0.323611 1.6821
0.324306 1.68218
0.325 1.68219
0.325694 1.68212
0.326389 1.68198
0.327083 1.68176
0.327778 1.68147
0.328472 1.68111
0.329167 1.68067
0.329861 1.68016
0.330556 1.67958
0.33125 1.67892
0.331944 1.67819
0.332639 1.67739
0.333333 1.67651
0.334028 1.67556
0.334722 1.67454
0.335417 1.67345
0.336111 1.67228
0.336806 1.67105
0.3375 1.66974
0.338194 1.66836
0.338889 1.66692
0.339583 1.6654
0.340278 1.66381
0.340972 1.66215
0.341667 1.66042
0.342361 1.65863
0.343056 1.65676
0.34375 1.65483
0.344444 1.65283
0.345139 1.65076
0.345833 1.64862
0.346528 1.64642
0.347222 1.64415
0.347917 1.64181
0.348611 1.63941
0.349306 1.63694
0.35 1.63441
0.350694 1.63181
0.351389 1.62915
0.352083 1.62643
0.352778 1.62364
0.353472 1.62079
0.354167 1.61788
0.354861 1.6149
0.355556 1.61187
0.35625 1.60877
0.356944 1.60562
0.357639 1.6024
0.358333 1.59913
0.359028 1.59579
0.359722 1.5924
0.360417 1.58895
0.361111 1.58544
0.361806 1.58188
0.3625 1.57826
0.363194 1.57458
0.363889 1.57085
0.364583 1.56706
0.365278 1.56322
0.365972 1.55933
0.366667 1.55538
0.367361 1.55139
0.368056 1.54734
0.36875 1.54323
0.369444 1.53908
0.370139 1.53488
0.370833 1.53063
0.371528 1.52633
0.372222 1.52199
0.372917 1.51759
0.373611 1.51315
0.374306 1.50866
0.375 1.50413
0.375694 1.49955
0.376389 1.49493
0.377083 1.49026
0.377778 1.48555
0.378472 1.4808
0.379167 1.47601
0.379861 1.47117
0.380556 1.4663
0.38125 1.46138
0.381944 1.45643
0.382639 1.45144
0.383333 1.44641
0.384028 1.44134
0.384722 1.43624
0.385417 1.4311
0.386111 1.42592
0.386806 1.42072
0.3875 1.41547
0.388194 1.4102
0.388889 1.40489
0.389583 1.39955
0.390278 1.39418
0.390972 1.38878
0.391667 1.38335
0.392361 1.37789
0.393056 1.37241
0.39375 1.36689
0.394444 1.36135
0.395139 1.35579
0.395833 1.35019
0.396528 1.34458
0.397222 1.33894
0.397917 1.33327
0.398611 1.32759
0.399306 1.32188
0.4 1.31615
0.400694 1.3104
0.401389 1.30463
0.402083 1.29884
0.402778 1.29303
0.403472 1.28721
0.404167 1.28137
0.404861 1.27551
0.405556 1.26964
0.40625 1.26375
0.406944 1.25785
0.407639 1.25193
0.408333 1.246
0.409028 1.24006
0.409722 1.23411
0.410417 1.22815
0.411111 1.22218
0.411806 1.2162
0.4125 1.21021
0.413194 1.20422
0.413889 1.19821
0.414583 1.1922
0.415278 1.18619
0.415972 1.18017
0.416667 1.17414
0.417361 1.16812
0.418056 1.16209
0.41875 1.15605
0.419444 1.15002
0.420139 1.14398
0.420833 1.13795
0.421528 1.13191
0.422222 1.12588
0.422917 1.11985
0.423611 1.11382
0.424306 1.1078
0.425 1.10178
0.425694 1.09576
0.426389 1.08975
0.427083 1.08374
0.427778 1.07775
0.428472 1.07176
0.429167 1.06577
0.429861 1.0598
0.430556 1.05383
0.43125 1.04788
0.431944 1.04194
0.432639 1.036
0.433333 1.03008
0.434028 1.02418
0.434722 1.01828
0.435417 1.0124
0.436111 1.00654
0.436806 1.00068
0.4375 0.99485
0.438194 0.989033
0.438889 0.983232
0.439583 0.977449
0.440278 0.971685
0.440972 0.96594
0.441667 0.960214
0.442361 0.954509
0.443056 0.948825
0.44375 0.943163
0.444444 0.937523
0.445139 0.931906
0.445833 0.926313
0.446528 0.920743
0.447222 0.915199
0.447917 0.909679
0.448611 0.904186
0.449306 0.89872
0.45 0.89328
0.450694 0.887869
0.451389 0.882485
0.452083 0.877131
0.452778 0.871807
0.453472 0.866512
0.454167 0.861249
0.454861 0.856017
0.455556 0.850818
0.45625 0.845651
0.456944 0.840517
0.457639 0.835417
0.458333 0.830352
0.459028 0.825321
0.459722 0.820326
0.460417 0.815367
0.461111 0.810444
0.461806 0.80556
0.4625 0.800713
0.463194 0.795904
0.463889 0.791135
0.464583 0.786405
0.465278 0.781716
0.465972 0.777067
0.466667 0.772459
0.467361 0.767894
0.468056 0.763371
0.46875 0.75889
0.469444 0.754454
0.470139 0.750061
0.470833 0.745713
0.471528 0.74141
0.472222 0.737152
0.472917 0.732941
0.473611 0.728776
0.474306 0.724659
0.475 0.720589
0.475694 0.716568
0.476389 0.712596
0.477083 0.708672
0.477778 0.704798
0.478472 0.700975
0.479167 0.697202
0.479861 0.69348
0.480556 0.689811
0.48125 0.686193
0.481944 0.682627
0.482639 0.679114
0.483333 0.675655
0.484028 0.672249
0.484722 0.668898
0.485417 0.665601
0.486111 0.66236
0.486806 0.659173
0.4875 0.656043
0.488194 0.652968
0.488889 0.64995
0.489583 0.64699
0.490278 0.644085
0.490972 0.641239
0.491667 0.63845
0.492361 0.635718
0.493056 0.633046
0.49375 0.630431
0.494444 0.627876
0.495139 0.62538
0.495833 0.622942
0.496528 0.620565
0.497222 0.618247
0.497917 0.615989
0.498611 0.613791
0.499306 0.611652
0.5 0.609574
0.500694 0.607556
0.501389 0.605599
0.502083 0.603701
0.502778 0.601864
0.503472 0.600087
0.504167 0.598371
0.504861 0.596715
0.505556 0.59512
0.50625 0.593585
0.506944 0.59211
0.507639 0.590696
0.508333 0.589341
0.509028 0.588046
0.509722 0.586811
0.510417 0.585635
0.511111 0.584518
0.511806 0.583461
0.5125 0.582462
0.513194 0.581522
0.513889 0.58064
0.514583 0.579815
0.515278 0.579049
0.515972 0.57834
0.516667 0.577688
0.517361 0.577092
0.518056 0.576552
0.51875 0.576068
0.519444 0.575639
0.520139 0.575265
0.520833 0.574946
0.521528 0.57468
0.522222 0.574467
0.522917 0.574307
0.523611 0.574199
0.524306 0.574143
0.525 0.574138
0.525694 0.574183
0.526389 0.574278
0.527083 0.574423
0.527778 0.574616
0.528472 0.574857
0.529167 0.575146
0.529861 0.575481
0.530556 0.575862
0.53125 0.576289
0.531944 0.57676
0.532639 0.577275
0.533333 0.577833
0.534028 0.578433
0.534722 0.579075
0.535417 0.579758
0.536111 0.580482
0.536806 0.581245
0.5375 0.582047
0.538194 0.582886
0.538889 0.583764
0.539583 0.584677
0.540278 0.585626
0.540972 0.58661
0.541667 0.587628
0.542361 0.588679
0.543056 0.589764
0.54375 0.590879
0.544444 0.592026
0.545139 0.593202
0.545833 0.594409
0.546528 0.595644
0.547222 0.596907
0.547917 0.598197
0.548611 0.599514
0.549306 0.600856
0.55 0.602223
0.550694 0.603614
0.551389 0.605028
0.552083 0.606466
0.552778 0.607924
0.553472 0.609404
0.554167 0.610904
0.554861 0.612423
0.555556 0.613962
0.55625 0.615518
0.556944 0.617092
0.557639 0.618683
0.558333 0.620289
0.559028 0.621912
0.559722 0.623548
0.560417 0.625199
0.561111 0.626863
0.561806 0.628539
0.5625 0.630227
0.563194 0.631927
0.563889 0.633637
0.564583 0.635357
0.565278 0.637086
0.565972 0.638823
0.566667 0.640569
0.567361 0.642322
0.568056 0.644083
0.56875 0.645849
0.569444 0.647621
0.570139 0.649398
0.570833 0.651179
0.571528 0.652965
0.572222 0.654754
0.572917 0.656545
0.573611 0.658338
0.574306 0.660134
0.575 0.661931
0.575694 0.663728
0.576389 0.665525
0.577083 0.667322
0.577778 0.669118
0.578472 0.670913
0.579167 0.672706
0.579861 0.674497
0.580556 0.676285
0.58125 0.67807
0.581944 0.679851
0.582639 0.681629
0.583333 0.683402
0.584028 0.68517
0.584722 0.686932
0.585417 0.688689
0.586111 0.69044
0.586806 0.692184
0.5875 0.693922
0.588194 0.695652
0.588889 0.697375
0.589583 0.69909
0.590278 0.700798
0.590972 0.702496
0.591667 0.704185
0.592361 0.705866
0.593056 0.707537
0.59375 0.709198
0.594444 0.71085
0.595139 0.71249
0.595833 0.714121
0.596528 0.71574
0.597222 0.717348
0.597917 0.718945
0.598611 0.72053
0.599306 0.722104
0.6 0.723666
0.600694 0.725215
0.601389 0.726753
0.602083 0.728277
0.602778 0.729789
0.603472 0.731288
0.604167 0.732773
0.604861 0.734245
0.605556 0.73573
0.60625 0.737175
0.606944 0.738606
0.607639 0.740024
0.608333 0.741428
0.609028 0.742818
0.609722 0.744194
0.610417 0.745556
0.611111 0.746903
0.611806 0.748236
0.6125 0.749556
0.613194 0.75086
0.613889 0.75215
0.614583 0.753425
0.615278 0.754686
0.615972 0.755932
0.616667 0.757164
0.617361 0.758381
0.618056 0.759584
0.61875 0.760772
0.619444 0.761945
0.620139 0.763104
0.620833 0.764249
0.621528 0.76538
0.622222 0.766496
0.622917 0.767598
0.623611 0.768687
0.624306 0.769761
0.625 0.770821
0.625694 0.771868
0.626389 0.7729
0.627083 0.773919
0.627778 0.774924
0.628472 0.775917
0.629167 0.776896
0.629861 0.777862
0.630556 0.778816
0.63125 0.779756
0.631944 0.780685
0.632639 0.781602
0.633333 0.782506
0.634028 0.783398
0.634722 0.784279
0.635417 0.785149
0.636111 0.786007
0.636806 0.786855
0.6375 0.787692
0.638194 0.788519
0.638889 0.789335
0.639583 0.790142
0.640278 0.79094
0.640972 0.791728
0.641667 0.792508
0.642361 0.793279
0.643056 0.794042
0.64375 0.794798
0.644444 0.795546
0.645139 0.796286
0.645833 0.797021
0.646528 0.797748
0.647222 0.798469
0.647917 0.799185
0.648611 0.799896
0.649306 0.800602
0.65 0.801304
0.650694 0.802001
0.651389 0.802696
0.652083 0.803387
0.652778 0.804076
0.653472 0.804763
0.654167 0.805447
0.654861 0.806132
0.655556 0.806815
0.65625 0.807498
0.656944 0.808182
0.657639 0.808866
0.658333 0.809551
0.659028 0.810238
0.659722 0.810928
0.660417 0.811621
0.661111 0.812317
0.661806 0.813017
0.6625 0.813722
0.663194 0.814432
0.663889 0.815149
0.664583 0.815871
0.665278 0.8166
0.665972 0.817337
0.666667 0.818082
0.667361 0.818835
0.668056 0.819599
0.66875 0.820372
0.669444 0.821155
0.670139 0.82195
0.670833 0.822756
0.671528 0.823575
0.672222 0.824408
0.672917 0.825255
0.673611 0.826115
0.674306 0.826991
0.675 0.827883
0.675694 0.828792
0.676389 0.829717
0.677083 0.830661
0.677778 0.831623
0.678472 0.832604
0.679167 0.833604
0.679861 0.834626
0.680556 0.835669
0.68125 0.836734
0.681944 0.837821
0.682639 0.838932
0.683333 0.840067
0.684028 0.841228
0.684722 0.842413
0.685417 0.843624
0.686111 0.844863
0.686806 0.84613
0.6875 0.847424
0.688194 0.848748
0.688889 0.850101
0.689583 0.851484
0.690278 0.852899
0.690972 0.854345
0.691667 0.855824
0.692361 0.857336
0.693056 0.858883
0.69375 0.860464
0.694444 0.862079
0.695139 0.863732
0.695833 0.86542
0.696528 0.867145
0.697222 0.86891
0.697917 0.870712
0.698611 0.872553
0.699306 0.874434
0.7 0.876356
0.700694 0.878318
0.701389 0.880323
0.702083 0.882369
0.702778 0.884459
0.703472 0.886592
0.704167 0.88877
0.704861 0.890992
0.705556 0.89326
0.70625 0.895574
0.706944 0.897933
0.707639 0.90034
0.708333 0.902794
0.709028 0.905297
0.709722 0.907847
0.710417 0.910447
0.711111 0.913096
0.711806 0.915795
0.7125 0.918544
0.713194 0.921344
0.713889 0.924196
0.714583 0.927099
0.715278 0.930056
0.715972 0.933064
0.716667 0.936125
0.717361 0.93924
0.718056 0.942408
0.71875 0.94563
0.719444 0.948907
0.720139 0.952238
0.720833 0.955624
0.721528 0.959065
0.722222 0.962562
0.722917 0.966114
0.723611 0.969723
0.724306 0.973388
0.725 0.977109
0.725694 0.980887
0.726389 0.984723
0.727083 0.988615
0.727778 0.992564
0.728472 0.996571
0.729167 1.00063
0.729861 1.00476
0.730556 1.00894
0.73125 1.01317
0.731944 1.01747
0.732639 1.02182
0.733333 1.02623
0.734028 1.0307
0.734722 1.03522
0.735417 1.03981
0.736111 1.04445
0.736806 1.04915
0.7375 1.0539
0.738194 1.05872
0.738889 1.06359
0.739583 1.06852
0.740278 1.07351
0.740972 1.07855
0.741667 1.08365
0.742361 1.08881
0.743056 1.09403
0.74375 1.0993
0.744444 1.10463
0.745139 1.11001
0.745833 1.11545
0.746528 1.12095
0.747222 1.1265
0.747917 1.1321
0.748611 1.13777
0.749306 1.14348
0.75 1.14925
0.750694 1.15508
0.751389 1.16095
0.752083 1.16689
0.752778 1.17287
0.753472 1.17891
0.754167 1.18499
0.754861 1.19114
0.755556 1.19733
0.75625 1.20357
0.756944 1.20986
0.757639 1.21621
0.758333 1.2226
0.759028 1.22905
0.759722 1.23554
0.760417 1.24208
0.761111 1.24867
0.761806 1.2553
0.7625 1.26198
0.763194 1.26871
0.763889 1.27549
0.764583 1.28231
0.765278 1.28917
0.765972 1.29608
0.766667 1.30303
0.767361 1.31003
0.768056 1.31706
0.76875 1.32414
0.769444 1.33127
0.770139 1.33843
0.770833 1.34563
0.771528 1.35287
0.772222 1.36015
0.772917 1.36747
0.773611 1.37483
0.774306 1.38222
0.775 1.38965
0.775694 1.39711
0.776389 1.40461
0.777083 1.41215
0.777778 1.41972
0.778472 1.42732
0.779167 1.43495
0.779861 1.44261
0.780556 1.45031
0.78125 1.45803
0.781944 1.46579
0.782639 1.47357
0.783333 1.48138
0.784028 1.48922
0.784722 1.49709
0.785417 1.50498
0.786111 1.51289
0.786806 1.52083
0.7875 1.5288
0.788194 1.53678
0.788889 1.54479
0.789583 1.55282
0.790278 1.56087
0.790972 1.56894
0.791667 1.57702
0.792361 1.58513
0.793056 1.59325
0.79375 1.60139
0.794444 1.60954
0.795139 1.61771
0.795833 1.6259
0.796528 1.63409
0.797222 1.6423
0.797917 1.65052
0.798611 1.65875
0.799306 1.66699
0.8 1.67524
0.800694 1.68349
0.801389 1.69176
0.802083 1.70003
0.802778 1.7083
0.803472 1.71658
0.804167 1.72486
0.804861 1.73315
0.805556 1.74144
0.80625 1.74973
0.806944 1.75802
0.807639 1.76631
0.808333 1.7746
0.809028 1.78288
0.809722 1.79117
0.810417 1.79944
0.811111 1.80772
0.811806 1.81599
0.8125 1.82425
0.813194 1.8325
0.813889 1.84075
0.814583 1.84898
0.815278 1.85721
0.815972 1.86542
0.816667 1.87363
0.817361 1.88182
0.818056 1.88999
0.81875 1.89816
0.819444 1.9063
0.820139 1.91443
0.820833 1.92255
0.821528 1.93064
0.822222 1.93872
0.822917 1.94677
0.823611 1.95481
0.824306 1.96282
0.825 1.97081
0.825694 1.97878
0.826389 1.98672
0.827083 1.99464
0.827778 2.00253
0.828472 2.0104
0.829167 2.01824
0.829861 2.02605
0.830556 2.03383
0.83125 2.04158
0.831944 2.0493
0.832639 2.05698
0.833333 2.06464
0.834028 2.07226
0.834722 2.07984
0.835417 2.08739
0.836111 2.09491
0.836806 2.10238
0.8375 2.10982
0.838194 2.11722
0.838889 2.12458
0.839583 2.1319
0.840278 2.13918
0.840972 2.14642
0.841667 2.15361
0.842361 2.16076
0.843056 2.16787
0.84375 2.17493
0.844444 2.18194
0.845139 2.18891
0.845833 2.19583
0.846528 2.2027
0.847222 2.20952
0.847917 2.2163
0.848611 2.22302
0.849306 2.22969
0.85 2.23631
0.850694 2.24287
0.851389 2.24939
0.852083 2.25584
0.852778 2.26224
0.853472 2.26859
0.854167 2.27488
0.854861 2.28111
0.855556 2.28729
0.85625 2.2934
0.856944 2.29946
0.857639 2.30546
0.858333 2.31139
0.859028 2.31727
0.859722 2.32308
0.860417 2.32883
0.861111 2.33451
0.861806 2.34014
0.8625 2.34569
0.863194 2.35119
0.863889 2.35661
0.864583 2.36197
0.865278 2.36727
0.865972 2.37249
0.866667 2.37765
0.867361 2.38274
0.868056 2.38775
0.86875 2.3927
0.869444 2.39758
0.870139 2.40239
0.870833 2.40712
0.871528 2.41179
0.872222 2.41638
0.872917 2.4209
0.873611 2.42534
0.874306 2.42971
0.875 2.43401
0.875694 2.43823
0.876389 2.44238
0.877083 2.44645
0.877778 2.45044
0.878472 2.45436
0.879167 2.45819
0.879861 2.46196
0.880556 2.46564
0.88125 2.46925
0.881944 2.47277
0.882639 2.47622
0.883333 2.47959
0.884028 2.48288
0.884722 2.48608
0.885417 2.48921
0.886111 2.49226
0.886806 2.49522
0.8875 2.49811
0.888194 2.50091
0.888889 2.50363
0.889583 2.50627
0.890278 2.50883
0.890972 2.5113
0.891667 2.51369
0.892361 2.516
0.893056 2.51822
0.89375 2.52036
0.894444 2.52241
0.895139 2.52439
0.895833 2.52628
0.896528 2.52808
0.897222 2.5298
0.897917 2.53143
0.898611 2.53298
0.899306 2.53445
0.9 2.53583
0.900694 2.53712
0.901389 2.53833
0.902083 2.53946
0.902778 2.5405
0.903472 2.54145
0.904167 2.54232
0.904861 2.5431
0.905556 2.5438
0.90625 2.54441
0.906944 2.54494
0.907639 2.54538
0.908333 2.54574
0.909028 2.54601
0.909722 2.5462
0.910417 2.5463
0.911111 2.54632
0.911806 2.54625
0.9125 2.54609
0.913194 2.54585
0.913889 2.54553
0.914583 2.54512
0.915278 2.54463
0.915972 2.54405
0.916667 2.54339
0.917361 2.54265
0.918056 2.54182
0.91875 2.54091
0.919444 2.53991
0.920139 2.53883
0.920833 2.53767
0.921528 2.53643
0.922222 2.5351
0.922917 2.53369
0.923611 2.5322
0.924306 2.53063
0.925 2.52898
0.925694 2.52724
0.926389 2.52542
0.927083 2.52353
0.927778 2.52155
0.928472 2.51949
0.929167 2.51736
0.929861 2.51514
0.930556 2.51285
0.93125 2.51047
0.931944 2.50802
0.932639 2.5055
0.933333 2.50289
0.934028 2.50021
0.934722 2.49745
0.935417 2.49461
0.936111 2.4917
0.936806 2.48872
0.9375 2.48566
0.938194 2.48252
0.938889 2.47931
0.939583 2.47603
0.940278 2.47268
0.940972 2.46925
0.941667 2.46575
0.942361 2.46218
0.943056 2.45854
0.94375 2.45483
0.944444 2.45105
0.945139 2.4472
0.945833 2.44328
0.946528 2.4393
0.947222 2.43524
0.947917 2.43112
0.948611 2.42693
0.949306 2.42268
0.95 2.41836
0.950694 2.41398
0.951389 2.40953
0.952083 2.40503
0.952778 2.40045
0.953472 2.39582
0.954167 2.39112
0.954861 2.38637
0.955556 2.38155
0.95625 2.37667
0.956944 2.37174
0.957639 2.36675
0.958333 2.3617
0.959028 2.35659
0.959722 2.35143
0.960417 2.34621
0.961111 2.34094
0.961806 2.33561
0.9625 2.33023
0.963194 2.3248
0.963889 2.31931
0.964583 2.31378
0.965278 2.30819
0.965972 2.30255
0.966667 2.29687
0.967361 2.29114
0.968056 2.28536
0.96875 2.27953
0.969444 2.27366
0.970139 2.26774
0.970833 2.26178
0.971528 2.25578
0.972222 2.24973
0.972917 2.24364
0.973611 2.23751
0.974306 2.23134
0.975 2.22513
0.975694 2.21888
0.976389 2.21259
0.977083 2.20627
0.977778 2.19991
0.978472 2.19351
0.979167 2.18708
0.979861 2.18061
0.980556 2.17412
0.98125 2.16759
0.981944 2.16102
0.982639 2.15443
0.983333 2.14781
0.984028 2.14116
0.984722 2.13448
0.985417 2.12777
0.986111 2.12104
0.986806 2.11428
0.9875 2.1075
0.988194 2.10069
0.988889 2.09386
0.989583 2.087
0.990278 2.08013
0.990972 2.07324
0.991667 2.06632
0.992361 2.05939
0.993056 2.05244
0.99375 2.04547
0.994444 2.03848
0.995139 2.03148
0.995833 2.02447
0.996528 2.01744
0.997222 2.0104
0.997917 2.00335
0.998611 1.99628
0.999306 1.98921
1 1.98213
1.00069 1.97503
1.00139 1.96793
1.00208 1.96083
1.00278 1.95372
1.00347 1.9466
1.00417 1.93948
1.00486 1.93235
1.00556 1.92523
1.00625 1.9181
1.00694 1.91097
1.00764 1.90384
1.00833 1.89671
1.00903 1.88958
1.00972 1.88246
1.01042 1.87534
1.01111 1.86822
1.01181 1.86111
1.0125 1.85401
1.01319 1.84691
1.01389 1.83982
1.01458 1.83274
1.01528 1.82567
1.01597 1.81861
1.01667 1.81156
1.01736 1.80453
1.01806 1.7975
1.01875 1.79049
1.01944 1.7835
1.02014 1.77652
1.02083 1.76955
1.02153 1.76261
1.02222 1.75568
1.02292 1.74877
1.02361 1.74188
1.02431 1.73501
1.025 1.72816
1.02569 1.72134
1.02639 1.71454
1.02708 1.70776
1.02778 1.701
1.02847 1.69428
1.02917 1.68757
1.02986 1.6809
1.03056 1.67425
1.03125 1.66763
1.03194 1.66105
1.03264 1.65449
1.03333 1.64796
1.03403 1.64147
1.03472 1.635
1.03542 1.62857
1.03611 1.62218
1.03681 1.61582
1.0375 1.6095
1.03819 1.60321
1.03889 1.59696
1.03958 1.59075
1.04028 1.58457
1.04097 1.57844
1.04167 1.57235
1.04236 1.5663
1.04306 1.56029
1.04375 1.55432
1.04444 1.5484
1.04514 1.54252
1.04583 1.53668
1.04653 1.53089
1.04722 1.52515
1.04792 1.51945
1.04861 1.5138
1.04931 1.5082
1.05 1.50265
1.05069 1.49715
1.05139 1.49169
1.05208 1.48629
1.05278 1.48094
1.05347 1.47565
1.05417 1.4704
1.05486 1.46521
1.05556 1.46007
1.05625 1.45499
1.05694 1.44996
1.05764 1.44499
1.05833 1.44008
1.05903 1.43522
1.05972 1.43042
1.06042 1.42568
1.06111 1.421
1.06181 1.41637
1.0625 1.41181
1.06319 1.4073
1.06389 1.40286
1.06458 1.39848
1.06528 1.39416
1.06597 1.3899
1.06667 1.3857
1.06736 1.38157
1.06806 1.3775
1.06875 1.3735
1.06944 1.36956
1.07014 1.36569
1.07083 1.36187
1.07153 1.35813
1.07222 1.35445
1.07292 1.35084
1.07361 1.34729
1.07431 1.34382
1.075 1.3404
1.07569 1.33706
1.07639 1.33378
1.07708 1.33057
1.07778 1.32743
1.07847 1.32436
1.07917 1.32136
1.07986 1.31842
1.08056 1.31556
1.08125 1.31276
1.08194 1.31004
1.08264 1.30738
1.08333 1.30479
1.08403 1.30227
1.08472 1.29983
1.08542 1.29745
1.08611 1.29514
1.08681 1.2929
1.0875 1.29073
1.08819 1.28863
1.08889 1.2866
1.08958 1.28465
1.09028 1.28276
1.09097 1.28094
1.09167 1.27919
1.09236 1.27751
1.09306 1.2759
1.09375 1.27436
1.09444 1.27288
1.09514 1.27148
1.09583 1.27015
1.09653 1.26888
1.09722 1.26768
1.09792 1.26655
1.09861 1.26549
1.09931 1.2645
1.1 1.26357
1.10069 1.26271
1.10139 1.26192
1.10208 1.26119
1.10278 1.26053
1.10347 1.25993
1.10417 1.2594
1.10486 1.25894
1.10556 1.25854
1.10625 1.2582
1.10694 1.25793
1.10764 1.25771
1.10833 1.25757
1.10903 1.25748
1.10972 1.25745
1.11042 1.25749
1.11111 1.25759
1.11181 1.25775
1.1125 1.25796
1.11319 1.25824
1.11389 1.25857
1.11458 1.25896
1.11528 1.25941
1.11597 1.25992
1.11667 1.26048
1.11736 1.26109
1.11806 1.26176
1.11875 1.26249
1.11944 1.26327
1.12014 1.2641
1.12083 1.26498
1.12153 1.26591
1.12222 1.2669
1.12292 1.26793
1.12361 1.26902
1.12431 1.27015
1.125 1.27133
1.12569 1.27256
1.12639 1.27383
1.12708 1.27515
1.12778 1.27652
1.12847 1.27793
1.12917 1.27938
1.12986 1.28088
1.13056 1.28241
1.13125 1.28399
1.13194 1.28561
1.13264 1.28727
1.13333 1.28897
1.13403 1.29071
1.13472 1.29248
1.13542 1.29429
1.13611 1.29614
1.13681 1.29802
1.1375 1.29994
1.13819 1.30189
1.13889 1.30387
1.13958 1.30589
1.14028 1.30793
1.14097 1.31001
1.14167 1.31212
1.14236 1.31426
1.14306 1.31642
1.14375 1.31862
1.14444 1.32084
1.14514 1.32308
1.14583 1.32535
1.14653 1.32765
1.14722 1.32997
1.14792 1.33232
1.14861 1.33468
1.14931 1.33707
1.15 1.33948
1.15069 1.34191
1.15139 1.34436
1.15208 1.34683
1.15278 1.34931
1.15347 1.35182
1.15417 1.35434
1.15486 1.35687
1.15556 1.35943
1.15625 1.36199
1.15694 1.36458
1.15764 1.36717
1.15833 1.36978
1.15903 1.3724
1.15972 1.37503
1.16042 1.37767
1.16111 1.38033
1.16181 1.38299
1.1625 1.38566
1.16319 1.38834
1.16389 1.39103
1.16458 1.39372
1.16528 1.39642
1.16597 1.39913
1.16667 1.40185
1.16736 1.40456
1.16806 1.40729
1.16875 1.41001
1.16944 1.41274
1.17014 1.41547
1.17083 1.41821
1.17153 1.42094
1.17222 1.42368
1.17292 1.42642
1.17361 1.42915
1.17431 1.43189
1.175 1.43463
1.17569 1.43736
1.17639 1.44009
1.17708 1.44283
1.17778 1.44555
1.17847 1.44828
1.17917 1.451
1.17986 1.45372
1.18056 1.45643
1.18125 1.45914
1.18194 1.46184
1.18264 1.46453
1.18333 1.46722
1.18403 1.46991
1.18472 1.47259
1.18542 1.47526
1.18611 1.47792
1.18681 1.48057
1.1875 1.48322
1.18819 1.48586
1.18889 1.48849
1.18958 1.49111
1.19028 1.49372
1.19097 1.49632
1.19167 1.49891
1.19236 1.50149
1.19306 1.50406
1.19375 1.50662
1.19444 1.50917
1.19514 1.51171
1.19583 1.51424
1.19653 1.51675
1.19722 1.51925
1.19792 1.52174
1.19861 1.52422
1.19931 1.52669
1.2 1.52914
1.20069 1.53158
1.20139 1.53401
1.20208 1.53642
1.20278 1.53883
1.20347 1.54121
1.20417 1.54359
1.20486 1.54595
1.20556 1.5483
1.20625 1.55064
1.20694 1.55296
1.20764 1.55526
1.20833 1.55756
1.20903 1.55984
1.20972 1.5621
1.21042 1.56435
1.21111 1.56659
1.21181 1.56881
1.2125 1.57102
1.21319 1.57322
1.21389 1.5754
1.21458 1.57757
1.21528 1.57972
1.21597 1.58186
1.21667 1.58399
1.21736 1.5861
1.21806 1.5882
1.21875 1.59029
1.21944 1.59236
1.22014 1.59442
1.22083 1.59647
1.22153 1.5985
1.22222 1.60052
1.22292 1.60253
1.22361 1.60452
1.22431 1.60651
1.225 1.60848
1.22569 1.61044
1.22639 1.61238
1.22708 1.61432
1.22778 1.61624
1.22847 1.61815
1.22917 1.62005
1.22986 1.62194
1.23056 1.62382
1.23125 1.62569
1.23194 1.62755
1.23264 1.6294
1.23333 1.63124
1.23403 1.63306
1.23472 1.63489
1.23542 1.6367
1.23611 1.6385
1.23681 1.6403
1.2375 1.64209
1.23819 1.64387
1.23889 1.64564
1.23958 1.64741
1.24028 1.64917
1.24097 1.65092
1.24167 1.65267
1.24236 1.65442
1.24306 1.65616
1.24375 1.65789
1.24444 1.65962
1.24514 1.66135
1.24583 1.66307
1.24653 1.66479
1.24722 1.66651
1.24792 1.66823
1.24861 1.66994
1.24931 1.67166
1.25 1.67337
1.25069 1.67509
1.25139 1.6768
1.25208 1.67852
1.25278 1.68023
1.25347 1.68195
1.25417 1.68367
1.25486 1.6854
1.25556 1.68712
1.25625 1.68886
1.25694 1.69059
1.25764 1.69233
1.25833 1.69408
1.25903 1.69583
1.25972 1.69759
1.26042 1.69936
1.26111 1.70113
1.26181 1.70291
1.2625 1.7047
1.26319 1.7065
1.26389 1.70832
1.26458 1.71014
1.26528 1.71197
1.26597 1.71381
1.26667 1.71567
1.26736 1.71754
1.26806 1.71942
1.26875 1.72132
1.26944 1.72323
1.27014 1.72516
1.27083 1.7271
1.27153 1.72906
1.27222 1.73104
1.27292 1.73303
1.27361 1.73504
1.27431 1.73708
1.275 1.73913
1.27569 1.7412
1.27639 1.74329
1.27708 1.7454
1.27778 1.74754
1.27847 1.7497
1.27917 1.75188
1.27986 1.75409
1.28056 1.75632
1.28125 1.75857
1.28194 1.76086
1.28264 1.76316
1.28333 1.7655
1.28403 1.76786
1.28472 1.77025
1.28542 1.77267
1.28611 1.77512
1.28681 1.7776
1.2875 1.78011
1.28819 1.78265
1.28889 1.78523
1.28958 1.78783
1.29028 1.79047
1.29097 1.79315
1.29167 1.79585
1.29236 1.79859
1.29306 1.80137
1.29375 1.80418
1.29444 1.80703
1.29514 1.80992
1.29583 1.81284
1.29653 1.8158
1.29722 1.8188
1.29792 1.82185
1.29861 1.82492
1.29931 1.82804
1.3 1.83121
1.30069 1.83441
1.30139 1.83765
1.30208 1.84094
1.30278 1.84427
1.30347 1.84764
1.30417 1.85105
1.30486 1.85451
1.30556 1.85802
1.30625 1.86157
1.30694 1.86516
1.30764 1.8688
1.30833 1.87249
1.30903 1.87622
1.30972 1.88
1.31042 1.88383
1.31111 1.8877
1.31181 1.89163
1.3125 1.8956
1.31319 1.89962
1.31389 1.90369
1.31458 1.90781
1.31528 1.91198
1.31597 1.9162
1.31667 1.92047
1.31736 1.92478
1.31806 1.92916
1.31875 1.93358
1.31944 1.93805
1.32014 1.94257
1.32083 1.94715
1.32153 1.95178
1.32222 1.95646
1.32292 1.96119
1.32361 1.96597
1.32431 1.97081
1.325 1.9757
1.32569 1.98064
1.32639 1.98564
1.32708 1.99069
1.32778 1.99579
1.32847 2.00094
1.32917 2.00615
1.32986 2.01141
1.33056 2.01672
1.33125 2.02209
1.33194 2.02751
1.33264 2.03298
1.33333 2.0385
1.33403 2.04408
1.33472 2.04971
1.33542 2.0554
1.33611 2.06113
1.33681 2.06692
1.3375 2.07276
1.33819 2.07866
1.33889 2.0846
1.33958 2.0906
1.34028 2.09665
1.34097 2.10275
1.34167 2.1089
1.34236 2.11511
1.34306 2.12136
1.34375 2.12767
1.34444 2.13403
1.34514 2.14043
1.34583 2.14689
1.34653 2.15339
1.34722 2.15995
1.34792 2.16655
1.34861 2.1732
1.34931 2.17991
1.35 2.18665
1.35069 2.19345
1.35139 2.20029
1.35208 2.20718
1.35278 2.21412
1.35347 2.2211
1.35417 2.22813
1.35486 2.2352
1.35556 2.24231
1.35625 2.24947
1.35694 2.25668
1.35764 2.26392
1.35833 2.27121
1.35903 2.27854
1.35972 2.28592
1.36042 2.29333
1.36111 2.30078
1.36181 2.30827
1.3625 2.31581
1.36319 2.32338
1.36389 2.33098
1.36458 2.33863
1.36528 2.34631
1.36597 2.35403
1.36667 2.36178
1.36736 2.36957
1.36806 2.37739
1.36875 2.38525
1.36944 2.39314
1.37014 2.40105
1.37083 2.40901
1.37153 2.41699
1.37222 2.425
1.37292 2.43304
1.37361 2.44111
1.37431 2.4492
1.375 2.45733
1.37569 2.46548
1.37639 2.47365
1.37708 2.48185
1.37778 2.49007
1.37847 2.49831
1.37917 2.50658
1.37986 2.51487
1.38056 2.52318
1.38125 2.53151
1.38194 2.53985
1.38264 2.54822
1.38333 2.5566
1.38403 2.565
1.38472 2.57342
1.38542 2.58184
1.38611 2.59029
1.38681 2.59874
1.3875 2.60721
1.38819 2.61568
