time error errTLE
0 0 0
0.000694444 0.00113392 0.000107463
0.00138889 0.00226743 0.000214927
0.00208333 0.0033991 0.00032239
0.00277778 0.0045298 0.000429854
0.00347222 0.00566039 0.000537317
0.00416667 0.0067902 0.000644781
0.00486111 0.00791858 0.000752244
0.00555556 0.00904637 0.000859707
0.00625 0.0101745 0.000967171
0.00694444 0.0113014 0.00107463
0.00763889 0.0124281 0.0011821
0.00833333 0.0135554 0.00128956
0.00902778 0.0146818 0.00139702
0.00972222 0.0158083 0.00150449
0.0104167 0.0169358 0.00161195
0.0111111 0.0180626 0.00171941
0.0118056 0.0191899 0.00182688
0.0125 0.0203184 0.00193434
0.0131944 0.0214466 0.0020418
0.0138889 0.0225755 0.00214927
0.0145833 0.023706 0.00225673
0.0152778 0.0248373 0.0023642
0.0159722 0.0259687 0.00247166
0.0166667 0.0271013 0.00257912
0.0173611 0.0282358 0.00268659
0.0180556 0.0293707 0.00279405
0.01875 0.0305071 0.00290151
0.0194444 0.0316456 0.00300898
0.0201389 0.0327849 0.00311644
0.0208333 0.0339258 0.0032239
0.0215278 0.0350692 0.00333137
0.0222222 0.0362137 0.00343883
0.0229167 0.0373601 0.00354629
0.0236111 0.0385092 0.00365376
0.0243056 0.0396603 0.00376122
0.025 0.0408129 0.00386868
0.0256944 0.0419685 0.00397615
0.0263889 0.0431263 0.00408361
0.0270833 0.0442858 0.00419107
0.0277778 0.0454478 0.00429854
0.0284722 0.046613 0.004406
0.0291667 0.04778 0.00451346
0.0298611 0.0489498 0.00462093
0.0305556 0.050123 0.00472839
0.03125 0.0512982 0.00483585
0.0319444 0.0524763 0.00494332
0.0326389 0.053658 0.00505078
0.0333333 0.0548419 0.00515824
0.0340278 0.0560289 0.00526571
0.0347222 0.0572196 0.00537317
0.0354167 0.0584134 0.00548063
0.0361111 0.0596096 0.0055881
0.0368056 0.060809 0.00569556
0.0375 0.0620123 0.00580302
0.0381944 0.0632181 0.00591049
0.0388889 0.0644272 0.00601795
0.0395833 0.0656403 0.00612541
0.0402778 0.066856 0.00623288
0.0409722 0.068075 0.00634034
0.0416667 0.069298 0.00644781
0.0423611 0.0705237 0.00655527
0.0430556 0.0717527 0.00666273
0.04375 0.0729859 0.0067702
0.0444444 0.0742216 0.00687766
0.0451389 0.0754607 0.00698512
0.0458333 0.0767039 0.00709259
0.0465278 0.0779505 0.00720005
0.0472222 0.0791996 0.00730751
0.0479167 0.080452 0.00741498
0.0486111 0.0817084 0.00752244
0.0493056 0.0829674 0.0076299
0.05 0.0842295 0.00773737
0.0506944 0.0854957 0.00784483
0.0513889 0.0867642 0.00795229
0.0520833 0.0880358 0.00805976
0.0527778 0.0893112 0.00816722
0.0534722 0.0905889 0.00827468
0.0541667 0.0918696 0.00838215
0.0548611 0.0931539 0.00848961
0.0555556 0.0944411 0.00859707
0.05625 0.0957303 0.00870454
0.0569444 0.0970229 0.008812
0.0576389 0.0983183 0.00891946
0.0583333 0.0996153 0.00902693
0.0590278 0.100915 0.00913439
0.0597222 0.102218 0.00924185
0.0604167 0.103522 0.00934932
0.0611111 0.104828 0.00945678
0.0618056 0.106138 0.00956424
0.0625 0.107449 0.00967171
0.0631944 0.108761 0.00977917
0.0638889 0.110076 0.00988663
0.0645833 0.111392 0.0099941
0.0652778 0.11271 0.0101016
0.0659722 0.11403 0.010209
0.0666667 0.115352 0.0103165
0.0673611 0.116673 0.010424
0.0680556 0.117996 0.0105314
0.06875 0.119321 0.0106389
0.0694444 0.120646 0.0107463
0.0701389 0.121971 0.0108538
0.0708333 0.123298 0.0109613
0.0715278 0.124624 0.0110687
0.0722222 0.125951 0.0111762
0.0729167 0.127279 0.0112837
0.0736111 0.128606 0.0113911
0.0743056 0.129932 0.0114986
0.075 0.13126 0.011606
0.0756944 0.132585 0.0117135
0.0763889 0.133911 0.011821
0.0770833 0.135236 0.0119284
0.0777778 0.13656 0.0120359
0.0784722 0.137882 0.0121434
0.0791667 0.139203 0.0122508
0.0798611 0.140523 0.0123583
0.0805556 0.141841 0.0124658
0.08125 0.143156 0.0125732
0.0819444 0.144471 0.0126807
0.0826389 0.145782 0.0127881
0.0833333 0.147091 0.0128956
0.0840278 0.148399 0.0130031
0.0847222 0.149702 0.0131105
0.0854167 0.151003 0.013218
0.0861111 0.152301 0.0133255
0.0868056 0.153595 0.0134329
0.0875 0.154886 0.0135404
0.0881944 0.156173 0.0136479
0.0888889 0.157456 0.0137553
0.0895833 0.158735 0.0138628
0.0902778 0.160009 0.0139702
0.0909722 0.161279 0.0140777
0.0916667 0.162543 0.0141852
0.0923611 0.163803 0.0142926
0.0930556 0.165057 0.0144001
0.09375 0.166306 0.0145076
0.0944444 0.167549 0.014615
0.0951389 0.168787 0.0147225
0.0958333 0.170018 0.01483
0.0965278 0.171243 0.0149374
0.0972222 0.172462 0.0150449
0.0979167 0.173675 0.0151523
0.0986111 0.174879 0.0152598
0.0993056 0.176077 0.0153673
0.1 0.177268 0.0154747
0.100694 0.178451 0.0155822
0.101389 0.179626 0.0156897
0.102083 0.180793 0.0157971
0.102778 0.181952 0.0159046
0.103472 0.183103 0.016012
0.104167 0.184245 0.0161195
0.104861 0.185378 0.016227
0.105556 0.186502 0.0163344
0.10625 0.187618 0.0164419
0.106944 0.188723 0.0165494
0.107639 0.189819 0.0166568
0.108333 0.190906 0.0167643
0.109028 0.191983 0.0168718
0.109722 0.193049 0.0169792
0.110417 0.194104 0.0170867
0.111111 0.19515 0.0171941
0.111806 0.196184 0.0173016
0.1125 0.197207 0.0174091
0.113194 0.19822 0.0175165
0.113889 0.199221 0.017624
0.114583 0.200211 0.0177315
0.115278 0.201189 0.0178389
0.115972 0.202155 0.0179464
0.116667 0.203109 0.0180539
0.117361 0.204052 0.0181613
0.118056 0.204983 0.0182688
0.11875 0.2059 0.0183762
0.119444 0.206805 0.0184837
0.120139 0.207698 0.0185912
0.120833 0.208577 0.0186986
0.121528 0.209443 0.0188061
0.122222 0.210297 0.0189136
0.122917 0.211137 0.019021
0.123611 0.211963 0.0191285
0.124306 0.212777 0.019236
0.125 0.213576 0.0193434
0.125694 0.214362 0.0194509
0.126389 0.215134 0.0195583
0.127083 0.215892 0.0196658
0.127778 0.216636 0.0197733
0.128472 0.217367 0.0198807
0.129167 0.218083 0.0199882
0.129861 0.218785 0.0200957
0.130556 0.219472 0.0202031
0.13125 0.220146 0.0203106
0.131944 0.220805 0.020418
0.132639 0.221449 0.0205255
0.133333 0.22208 0.020633
0.134028 0.222696 0.0207404
0.134722 0.223297 0.0208479
0.135417 0.223884 0.0209554
0.136111 0.224456 0.0210628
0.136806 0.225014 0.0211703
0.1375 0.225558 0.0212778
0.138194 0.226087 0.0213852
0.138889 0.226602 0.0214927
0.139583 0.227103 0.0216001
0.140278 0.22759 0.0217076
0.140972 0.228062 0.0218151
0.141667 0.22852 0.0219225
0.142361 0.228965 0.02203
0.143056 0.229395 0.0221375
0.14375 0.229811 0.0222449
0.144444 0.230214 0.0223524
0.145139 0.230603 0.0224599
0.145833 0.230979 0.0225673
0.146528 0.231342 0.0226748
0.147222 0.231691 0.0227822
0.147917 0.232027 0.0228897
0.148611 0.232351 0.0229972
0.149306 0.232663 0.0231046
0.15 0.232962 0.0232121
0.150694 0.233249 0.0233196
0.151389 0.233524 0.023427
0.152083 0.233787 0.0235345
0.152778 0.234039 0.023642
0.153472 0.23428 0.0237494
0.154167 0.23451 0.0238569
0.154861 0.234729 0.0239643
0.155556 0.234938 0.0240718
0.15625 0.235137 0.0241793
0.156944 0.235327 0.0242867
0.157639 0.235508 0.0243942
0.158333 0.235679 0.0245017
0.159028 0.235842 0.0246091
0.159722 0.235998 0.0247166
0.160417 0.236146 0.024824
0.161111 0.236286 0.0249315
0.161806 0.236419 0.025039
0.1625 0.236546 0.0251464
0.163194 0.236667 0.0252539
0.163889 0.236782 0.0253614
0.164583 0.236893 0.0254688
0.165278 0.236999 0.0255763
0.165972 0.237101 0.0256838
0.166667 0.2372 0.0257912
0.167361 0.237296 0.0258987
0.168056 0.237389 0.0260061
0.16875 0.237481 0.0261136
0.169444 0.237571 0.0262211
0.170139 0.237661 0.0263285
0.170833 0.237751 0.026436
0.171528 0.237842 0.0265435
0.172222 0.237934 0.0266509
0.172917 0.238027 0.0267584
0.173611 0.238123 0.0268659
0.174306 0.238222 0.0269733
0.175 0.238325 0.0270808
0.175694 0.238433 0.0271882
0.176389 0.238546 0.0272957
0.177083 0.238664 0.0274032
0.177778 0.23879 0.0275106
0.178472 0.238922 0.0276181
0.179167 0.239063 0.0277256
0.179861 0.239212 0.027833
0.180556 0.239371 0.0279405
0.18125 0.23954 0.028048
0.181944 0.23972 0.0281554
0.182639 0.239912 0.0282629
0.183333 0.240116 0.0283703
0.184028 0.240333 0.0284778
0.184722 0.240564 0.0285853
0.185417 0.24081 0.0286927
0.186111 0.241071 0.0288002
0.186806 0.241349 0.0289077
0.1875 0.241643 0.0290151
0.188194 0.241954 0.0291226
0.188889 0.242285 0.0292301
0.189583 0.242634 0.0293375
0.190278 0.243003 0.029445
0.190972 0.243392 0.0295524
0.191667 0.243803 0.0296599
0.192361 0.244236 0.0297674
0.193056 0.244691 0.0298748
0.19375 0.245169 0.0299823
0.194444 0.245671 0.0300898
0.195139 0.246197 0.0301972
0.195833 0.246749 0.0303047
0.196528 0.247326 0.0304121
0.197222 0.24793 0.0305196
0.197917 0.24856 0.0306271
0.198611 0.249218 0.0307345
0.199306 0.249903 0.030842
0.2 0.250617 0.0309495
0.200694 0.25136 0.0310569
0.201389 0.252132 0.0311644
0.202083 0.252934 0.0312719
0.202778 0.253766 0.0313793
0.203472 0.254629 0.0314868
0.204167 0.255522 0.0315942
0.204861 0.256447 0.0317017
0.205556 0.257403 0.0318092
0.20625 0.258391 0.0319166
0.206944 0.259411 0.0320241
0.207639 0.260463 0.0321316
0.208333 0.261547 0.032239
0.209028 0.262664 0.0323465
0.209722 0.263814 0.032454
0.210417 0.264996 0.0325614
0.211111 0.266212 0.0326689
0.211806 0.26746 0.0327763
0.2125 0.268741 0.0328838
0.213194 0.270055 0.0329913
0.213889 0.271401 0.0330987
0.214583 0.272781 0.0332062
0.215278 0.274193 0.0333137
0.215972 0.275638 0.0334211
0.216667 0.277115 0.0335286
0.217361 0.278624 0.0336361
0.218056 0.280165 0.0337435
0.21875 0.281738 0.033851
0.219444 0.283342 0.0339584
0.220139 0.284978 0.0340659
0.220833 0.286644 0.0341734
0.221528 0.288341 0.0342808
0.222222 0.290069 0.0343883
0.222917 0.291825 0.0344958
0.223611 0.293612 0.0346032
0.224306 0.295428 0.0347107
0.225 0.297272 0.0348181
0.225694 0.299144 0.0349256
0.226389 0.301044 0.0350331
0.227083 0.302971 0.0351405
0.227778 0.304925 0.035248
0.228472 0.306904 0.0353555
0.229167 0.30891 0.0354629
0.229861 0.31094 0.0355704
0.230556 0.312996 0.0356779
0.23125 0.315074 0.0357853
0.231944 0.317176 0.0358928
0.232639 0.319301 0.0360002
0.233333 0.321447 0.0361077
0.234028 0.323615 0.0362152
0.234722 0.325803 0.0363226
0.235417 0.328011 0.0364301
0.236111 0.330239 0.0365376
0.236806 0.332485 0.036645
0.2375 0.334749 0.0367525
0.238194 0.33703 0.03686
0.238889 0.339328 0.0369674
0.239583 0.341642 0.0370749
0.240278 0.343971 0.0371823
0.240972 0.346315 0.0372898
0.241667 0.348673 0.0373973
0.242361 0.351044 0.0375047
0.243056 0.353427 0.0376122
0.24375 0.355823 0.0377197
0.244444 0.358229 0.0378271
0.245139 0.360646 0.0379346
0.245833 0.363074 0.0380421
0.246528 0.36551 0.0381495
0.247222 0.367954 0.038257
0.247917 0.370407 0.0383644
0.248611 0.372867 0.0384719
0.249306 0.375332 0.0385794
0.25 0.377804 0.0386868
0.250694 0.380281 0.0387943
0.251389 0.382762 0.0389018
0.252083 0.385247 0.0390092
0.252778 0.387735 0.0391167
0.253472 0.390224 0.0392241
0.254167 0.392716 0.0393316
0.254861 0.395209 0.0394391
0.255556 0.397702 0.0395465
0.25625 0.400194 0.039654
0.256944 0.402687 0.0397615
0.257639 0.405177 0.0398689
0.258333 0.407665 0.0399764
0.259028 0.41015 0.0400839
0.259722 0.412632 0.0401913
0.260417 0.415109 0.0402988
0.261111 0.417582 0.0404062
0.261806 0.420049 0.0405137
0.2625 0.42251 0.0406212
0.263194 0.424965 0.0407286
0.263889 0.427413 0.0408361
0.264583 0.429853 0.0409436
0.265278 0.432284 0.041051
0.265972 0.434706 0.0411585
0.266667 0.43712 0.041266
0.267361 0.439522 0.0413734
0.268056 0.441915 0.0414809
0.26875 0.444296 0.0415883
0.269444 0.446665 0.0416958
0.270139 0.449022 0.0418033
0.270833 0.451367 0.0419107
0.271528 0.453697 0.0420182
0.272222 0.456014 0.0421257
0.272917 0.458317 0.0422331
0.273611 0.460604 0.0423406
0.274306 0.462876 0.0424481
0.275 0.465133 0.0425555
0.275694 0.467372 0.042663
0.276389 0.469595 0.0427704
0.277083 0.471801 0.0428779
0.277778 0.47399 0.0429854
0.278472 0.476159 0.0430928
0.279167 0.478311 0.0432003
0.279861 0.480443 0.0433078
0.280556 0.482555 0.0434152
0.28125 0.484648 0.0435227
0.281944 0.48672 0.0436301
0.282639 0.488771 0.0437376
0.283333 0.490802 0.0438451
0.284028 0.492811 0.0439525
0.284722 0.494797 0.04406
0.285417 0.496761 0.0441675
0.286111 0.498703 0.0442749
0.286806 0.500621 0.0443824
0.2875 0.502516 0.0444899
0.288194 0.504388 0.0445973
0.288889 0.506235 0.0447048
0.289583 0.508057 0.0448122
0.290278 0.509856 0.0449197
0.290972 0.511629 0.0450272
0.291667 0.513376 0.0451346
0.292361 0.515098 0.0452421
0.293056 0.516794 0.0453496
0.29375 0.518463 0.045457
0.294444 0.520107 0.0455645
0.295139 0.521724 0.045672
0.295833 0.523312 0.0457794
0.296528 0.524874 0.0458869
0.297222 0.526409 0.0459943
0.297917 0.527916 0.0461018
0.298611 0.529395 0.0462093
0.299306 0.530846 0.0463167
0.3 0.532268 0.0464242
0.300694 0.533661 0.0465317
0.301389 0.535027 0.0466391
0.302083 0.536363 0.0467466
0.302778 0.537669 0.0468541
0.303472 0.538947 0.0469615
0.304167 0.540196 0.047069
0.304861 0.541414 0.0471764
0.305556 0.542602 0.0472839
0.30625 0.543762 0.0473914
0.306944 0.54489 0.0474988
0.307639 0.545989 0.0476063
0.308333 0.547058 0.0477138
0.309028 0.548097 0.0478212
0.309722 0.549104 0.0479287
0.310417 0.550082 0.0480361
0.311111 0.55103 0.0481436
0.311806 0.551946 0.0482511
0.3125 0.552832 0.0483585
0.313194 0.553687 0.048466
0.313889 0.554511 0.0485735
0.314583 0.555305 0.0486809
0.315278 0.556068 0.0487884
0.315972 0.5568 0.0488959
0.316667 0.557501 0.0490033
0.317361 0.558171 0.0491108
0.318056 0.558811 0.0492182
0.31875 0.559419 0.0493257
0.319444 0.559997 0.0494332
0.320139 0.560545 0.0495406
0.320833 0.561061 0.0496481
0.321528 0.561547 0.0497556
0.322222 0.562002 0.049863
0.322917 0.562426 0.0499705
0.323611 0.56282 0.050078
0.324306 0.563184 0.0501854
0.325 0.563517 0.0502929
0.325694 0.56382 0.0504003
0.326389 0.564094 0.0505078
0.327083 0.564336 0.0506153
0.327778 0.564548 0.0507227
0.328472 0.564732 0.0508302
0.329167 0.564885 0.0509377
0.329861 0.565008 0.0510451
0.330556 0.565103 0.0511526
0.33125 0.565168 0.0512601
0.331944 0.565204 0.0513675
0.332639 0.565211 0.051475
0.333333 0.56519 0.0515824
0.334028 0.565139 0.0516899
0.334722 0.56506 0.0517974
0.335417 0.564953 0.0519048
0.336111 0.564818 0.0520123
0.336806 0.564654 0.0521198
0.3375 0.564464 0.0522272
0.338194 0.564245 0.0523347
0.338889 0.563999 0.0524421
0.339583 0.563727 0.0525496
0.340278 0.563428 0.0526571
0.340972 0.563102 0.0527645
0.341667 0.56275 0.052872
0.342361 0.562372 0.0529795
0.343056 0.561968 0.0530869
0.34375 0.561539 0.0531944
0.344444 0.561085 0.0533019
0.345139 0.560604 0.0534093
0.345833 0.5601 0.0535168
0.346528 0.559572 0.0536242
0.347222 0.559018 0.0537317
0.347917 0.558441 0.0538392
0.348611 0.557841 0.0539466
0.349306 0.557217 0.0540541
0.35 0.55657 0.0541616
0.350694 0.555901 0.054269
0.351389 0.555209 0.0543765
0.352083 0.554495 0.054484
0.352778 0.55376 0.0545914
0.353472 0.553003 0.0546989
0.354167 0.552225 0.0548063
0.354861 0.551426 0.0549138
0.355556 0.550608 0.0550213
0.35625 0.549768 0.0551287
0.356944 0.54891 0.0552362
0.357639 0.548032 0.0553437
0.358333 0.547134 0.0554511
0.359028 0.546218 0.0555586
0.359722 0.545284 0.0556661
0.360417 0.544332 0.0557735
0.361111 0.543362 0.055881
0.361806 0.542376 0.0559884
0.3625 0.541373 0.0560959
0.363194 0.540352 0.0562034
0.363889 0.539316 0.0563108
0.364583 0.538265 0.0564183
0.365278 0.537197 0.0565258
0.365972 0.536116 0.0566332
0.366667 0.535019 0.0567407
0.367361 0.533908 0.0568481
0.368056 0.532783 0.0569556
0.36875 0.531646 0.0570631
0.369444 0.530495 0.0571705
0.370139 0.529331 0.057278
0.370833 0.528156 0.0573855
0.371528 0.526969 0.0574929
0.372222 0.525769 0.0576004
0.372917 0.52456 0.0577079
0.373611 0.52334 0.0578153
0.374306 0.522109 0.0579228
0.375 0.520869 0.0580302
0.375694 0.51962 0.0581377
0.376389 0.51836 0.0582452
0.377083 0.517093 0.0583526
0.377778 0.515818 0.0584601
0.378472 0.514535 0.0585676
0.379167 0.513243 0.058675
0.379861 0.511946 0.0587825
0.380556 0.510642 0.05889
0.38125 0.509331 0.0589974
0.381944 0.508015 0.0591049
0.382639 0.506694 0.0592123
0.383333 0.505367 0.0593198
0.384028 0.504036 0.0594273
0.384722 0.502701 0.0595347
0.385417 0.501361 0.0596422
0.386111 0.500019 0.0597497
0.386806 0.498673 0.0598571
0.3875 0.497324 0.0599646
0.388194 0.495974 0.0600721
0.388889 0.494622 0.0601795
0.389583 0.493268 0.060287
0.390278 0.491912 0.0603944
0.390972 0.490556 0.0605019
0.391667 0.489201 0.0606094
0.392361 0.487844 0.0607168
0.393056 0.486488 0.0608243
0.39375 0.485134 0.0609318
0.394444 0.483779 0.0610392
0.395139 0.482427 0.0611467
0.395833 0.481077 0.0612541
0.396528 0.479728 0.0613616
0.397222 0.478382 0.0614691
0.397917 0.477039 0.0615765
0.398611 0.475699 0.061684
0.399306 0.474362 0.0617915
0.4 0.47303 0.0618989
0.400694 0.471701 0.0620064
0.401389 0.470377 0.0621139
0.402083 0.469058 0.0622213
0.402778 0.467745 0.0623288
0.403472 0.466436 0.0624362
0.404167 0.465134 0.0625437
0.404861 0.463838 0.0626512
0.405556 0.462547 0.0627586
0.40625 0.461264 0.0628661
0.406944 0.459988 0.0629736
0.407639 0.458718 0.063081
0.408333 0.457457 0.0631885
0.409028 0.456204 0.063296
0.409722 0.454957 0.0634034
0.410417 0.453719 0.0635109
0.411111 0.452491 0.0636183
0.411806 0.451271 0.0637258
0.4125 0.450059 0.0638333
0.413194 0.448858 0.0639407
0.413889 0.447665 0.0640482
0.414583 0.446482 0.0641557
0.415278 0.44531 0.0642631
0.415972 0.444147 0.0643706
0.416667 0.442995 0.0644781
0.417361 0.441853 0.0645855
0.418056 0.440722 0.064693
0.41875 0.439602 0.0648004
0.419444 0.438493 0.0649079
0.420139 0.437395 0.0650154
0.420833 0.436309 0.0651228
0.421528 0.435233 0.0652303
0.422222 0.43417 0.0653378
0.422917 0.433119 0.0654452
0.423611 0.432079 0.0655527
0.424306 0.431052 0.0656601
0.425 0.430037 0.0657676
0.425694 0.429034 0.0658751
0.426389 0.428044 0.0659825
0.427083 0.427066 0.06609
0.427778 0.4261 0.0661975
0.428472 0.425148 0.0663049
0.429167 0.424208 0.0664124
0.429861 0.423281 0.0665199
0.430556 0.422366 0.0666273
0.43125 0.421465 0.0667348
0.431944 0.420576 0.0668422
0.432639 0.4197 0.0669497
0.433333 0.418838 0.0670572
0.434028 0.417989 0.0671646
0.434722 0.417152 0.0672721
0.435417 0.416329 0.0673796
0.436111 0.415519 0.067487
0.436806 0.414722 0.0675945
0.4375 0.413938 0.067702
0.438194 0.413167 0.0678094
0.438889 0.412409 0.0679169
0.439583 0.411664 0.0680243
0.440278 0.410932 0.0681318
0.440972 0.410212 0.0682393
0.441667 0.409505 0.0683467
0.442361 0.408811 0.0684542
0.443056 0.40813 0.0685617
0.44375 0.407461 0.0686691
0.444444 0.406805 0.0687766
0.445139 0.406162 0.0688841
0.445833 0.40553 0.0689915
0.446528 0.404911 0.069099
0.447222 0.404304 0.0692064
0.447917 0.403708 0.0693139
0.448611 0.403125 0.0694214
0.449306 0.402554 0.0695288
0.45 0.401993 0.0696363
0.450694 0.401445 0.0697438
0.451389 0.400875 0.0698512
0.452083 0.400349 0.0699587
0.452778 0.399833 0.0700661
0.453472 0.399329 0.0701736
0.454167 0.398836 0.0702811
0.454861 0.398353 0.0703885
0.455556 0.39788 0.070496
0.45625 0.397418 0.0706035
0.456944 0.396965 0.0707109
0.457639 0.396523 0.0708184
0.458333 0.39609 0.0709259
0.459028 0.395666 0.0710333
0.459722 0.395252 0.0711408
0.460417 0.394847 0.0712482
0.461111 0.394451 0.0713557
0.461806 0.394062 0.0714632
0.4625 0.393683 0.0715706
0.463194 0.393311 0.0716781
0.463889 0.392948 0.0717856
0.464583 0.392593 0.071893
0.465278 0.392245 0.0720005
0.465972 0.391904 0.072108
0.466667 0.391571 0.0722154
0.467361 0.391245 0.0723229
0.468056 0.390924 0.0724303
0.46875 0.390611 0.0725378
0.469444 0.390304 0.0726453
0.470139 0.390002 0.0727527
0.470833 0.389707 0.0728602
0.471528 0.389417 0.0729677
0.472222 0.389132 0.0730751
0.472917 0.388851 0.0731826
0.473611 0.388576 0.0732901
0.474306 0.388306 0.0733975
0.475 0.38804 0.073505
0.475694 0.387778 0.0736124
0.476389 0.38752 0.0737199
0.477083 0.387265 0.0738274
0.477778 0.387014 0.0739348
0.478472 0.386766 0.0740423
0.479167 0.38652 0.0741498
0.479861 0.386278 0.0742572
0.480556 0.386038 0.0743647
0.48125 0.385799 0.0744721
0.481944 0.385564 0.0745796
0.482639 0.38533 0.0746871
0.483333 0.385097 0.0747945
0.484028 0.384865 0.074902
0.484722 0.384635 0.0750095
0.485417 0.384406 0.0751169
0.486111 0.384177 0.0752244
0.486806 0.383949 0.0753319
0.4875 0.383721 0.0754393
0.488194 0.383492 0.0755468
0.488889 0.383264 0.0756542
0.489583 0.383036 0.0757617
0.490278 0.382806 0.0758692
0.490972 0.382577 0.0759766
0.491667 0.382346 0.0760841
0.492361 0.382113 0.0761916
0.493056 0.381879 0.076299
0.49375 0.381644 0.0764065
0.494444 0.381407 0.076514
0.495139 0.381168 0.0766214
0.495833 0.380927 0.0767289
0.496528 0.380684 0.0768363
0.497222 0.380438 0.0769438
0.497917 0.38019 0.0770513
0.498611 0.37994 0.0771587
0.499306 0.379686 0.0772662
0.5 0.379429 0.0773737
0.500694 0.379169 0.0774811
0.501389 0.378906 0.0775886
0.502083 0.378639 0.0776961
0.502778 0.378369 0.0778035
0.503472 0.378095 0.077911
0.504167 0.377816 0.0780184
0.504861 0.377535 0.0781259
0.505556 0.377249 0.0782334
0.50625 0.376959 0.0783408
0.506944 0.376665 0.0784483
0.507639 0.376366 0.0785558
0.508333 0.376063 0.0786632
0.509028 0.375755 0.0787707
0.509722 0.375443 0.0788781
0.510417 0.375126 0.0789856
0.511111 0.374805 0.0790931
0.511806 0.374479 0.0792005
0.5125 0.374147 0.079308
0.513194 0.373811 0.0794155
0.513889 0.37347 0.0795229
0.514583 0.373124 0.0796304
0.515278 0.372772 0.0797379
0.515972 0.372417 0.0798453
0.516667 0.372056 0.0799528
0.517361 0.371689 0.0800602
0.518056 0.371318 0.0801677
0.51875 0.370942 0.0802752
0.519444 0.37056 0.0803826
0.520139 0.370174 0.0804901
0.520833 0.369783 0.0805976
0.521528 0.369386 0.080705
0.522222 0.368984 0.0808125
0.522917 0.368578 0.08092
0.523611 0.368166 0.0810274
0.524306 0.36775 0.0811349
0.525 0.367329 0.0812423
0.525694 0.366903 0.0813498
0.526389 0.366472 0.0814573
0.527083 0.366037 0.0815647
0.527778 0.365598 0.0816722
0.528472 0.365154 0.0817797
0.529167 0.364706 0.0818871
0.529861 0.364254 0.0819946
0.530556 0.363797 0.0821021
0.53125 0.363337 0.0822095
0.531944 0.362873 0.082317
0.532639 0.362405 0.0824244
0.533333 0.361934 0.0825319
0.534028 0.361459 0.0826394
0.534722 0.36098 0.0827468
0.535417 0.360498 0.0828543
0.536111 0.360014 0.0829618
0.536806 0.359528 0.0830692
0.5375 0.359037 0.0831767
0.538194 0.358546 0.0832842
0.538889 0.358052 0.0833916
0.539583 0.357555 0.0834991
0.540278 0.357057 0.0836065
0.540972 0.356557 0.083714
0.541667 0.356056 0.0838215
0.542361 0.355554 0.0839289
0.543056 0.355051 0.0840364
0.54375 0.354546 0.0841439
0.544444 0.354042 0.0842513
0.545139 0.353538 0.0843588
0.545833 0.353033 0.0844662
0.546528 0.352528 0.0845737
0.547222 0.352025 0.0846812
0.547917 0.351523 0.0847886
0.548611 0.351021 0.0848961
0.549306 0.350522 0.0850036
0.55 0.350024 0.085111
0.550694 0.349527 0.0852185
0.551389 0.349034 0.085326
0.552083 0.348543 0.0854334
0.552778 0.348055 0.0855409
0.553472 0.347571 0.0856483
0.554167 0.34709 0.0857558
0.554861 0.346613 0.0858633
0.555556 0.346141 0.0859707
0.55625 0.345674 0.0860782
0.556944 0.345211 0.0861857
0.557639 0.344754 0.0862931
0.558333 0.344303 0.0864006
0.559028 0.343859 0.0865081
0.559722 0.34342 0.0866155
0.560417 0.342989 0.086723
0.561111 0.342566 0.0868304
0.561806 0.34215 0.0869379
0.5625 0.341743 0.0870454
0.563194 0.341345 0.0871528
0.563889 0.340954 0.0872603
0.564583 0.340574 0.0873678
0.565278 0.340204 0.0874752
0.565972 0.339844 0.0875827
0.566667 0.339494 0.0876902
0.567361 0.339157 0.0877976
0.568056 0.338831 0.0879051
0.56875 0.338516 0.0880125
0.569444 0.338214 0.08812
0.570139 0.337926 0.0882275
0.570833 0.33765 0.0883349
0.571528 0.337389 0.0884424
0.572222 0.337142 0.0885499
0.572917 0.33691 0.0886573
0.573611 0.336693 0.0887648
0.574306 0.336492 0.0888722
0.575 0.336306 0.0889797
0.575694 0.336138 0.0890872
0.576389 0.335987 0.0891946
0.577083 0.335853 0.0893021
0.577778 0.335737 0.0894096
0.578472 0.33564 0.089517
0.579167 0.335562 0.0896245
0.579861 0.335503 0.089732
0.580556 0.335464 0.0898394
0.58125 0.335446 0.0899469
0.581944 0.335448 0.0900543
0.582639 0.335472 0.0901618
0.583333 0.335518 0.0902693
0.584028 0.335585 0.0903767
0.584722 0.335675 0.0904842
0.585417 0.335789 0.0905917
0.586111 0.335926 0.0906991
0.586806 0.336086 0.0908066
0.5875 0.336272 0.0909141
0.588194 0.336481 0.0910215
0.588889 0.336716 0.091129
0.589583 0.336978 0.0912364
0.590278 0.337266 0.0913439
0.590972 0.337579 0.0914514
0.591667 0.33792 0.0915588
0.592361 0.338288 0.0916663
0.593056 0.338684 0.0917738
0.59375 0.339108 0.0918812
0.594444 0.339561 0.0919887
0.595139 0.340041 0.0920962
0.595833 0.340552 0.0922036
0.596528 0.341092 0.0923111
0.597222 0.341662 0.0924185
0.597917 0.342261 0.092526
0.598611 0.342892 0.0926335
0.599306 0.343554 0.0927409
0.6 0.344247 0.0928484
0.600694 0.344971 0.0929559
0.601389 0.345727 0.0930633
0.602083 0.346515 0.0931708
0.602778 0.347335 0.0932782
0.603472 0.348189 0.0933857
0.604167 0.349074 0.0934932
0.604861 0.349993 0.0936006
0.605556 0.350945 0.0937081
0.60625 0.35193 0.0938156
0.606944 0.352949 0.093923
0.607639 0.354002 0.0940305
0.608333 0.355089 0.094138
0.609028 0.35621 0.0942454
0.609722 0.357365 0.0943529
0.610417 0.358556 0.0944603
0.611111 0.35978 0.0945678
0.611806 0.361039 0.0946753
0.6125 0.362334 0.0947827
0.613194 0.363662 0.0948902
0.613889 0.365027 0.0949977
0.614583 0.366426 0.0951051
0.615278 0.36786 0.0952126
0.615972 0.36933 0.0953201
0.616667 0.370835 0.0954275
0.617361 0.372374 0.095535
0.618056 0.373949 0.0956424
0.61875 0.37556 0.0957499
0.619444 0.377206 0.0958574
0.620139 0.378886 0.0959648
0.620833 0.380603 0.0960723
0.621528 0.382355 0.0961798
0.622222 0.384141 0.0962872
0.622917 0.385963 0.0963947
0.623611 0.38782 0.0965022
0.624306 0.389711 0.0966096
0.625 0.391638 0.0967171
0.625694 0.3936 0.0968245
0.626389 0.395595 0.096932
0.627083 0.397626 0.0970395
0.627778 0.399691 0.0971469
0.628472 0.40179 0.0972544
0.629167 0.403922 0.0973619
0.629861 0.40609 0.0974693
0.630556 0.408291 0.0975768
0.63125 0.410525 0.0976842
0.631944 0.412793 0.0977917
0.632639 0.415094 0.0978992
0.633333 0.417428 0.0980066
0.634028 0.419796 0.0981141
0.634722 0.422195 0.0982216
0.635417 0.424627 0.098329
0.636111 0.427091 0.0984365
0.636806 0.429588 0.098544
0.6375 0.432115 0.0986514
0.638194 0.434675 0.0987589
0.638889 0.437266 0.0988663
0.639583 0.439887 0.0989738
0.640278 0.442538 0.0990813
0.640972 0.445221 0.0991887
0.641667 0.447934 0.0992962
0.642361 0.450676 0.0994037
0.643056 0.453449 0.0995111
0.64375 0.45625 0.0996186
0.644444 0.45908 0.0997261
0.645139 0.461939 0.0998335
0.645833 0.464827 0.099941
0.646528 0.467742 0.100048
0.647222 0.470685 0.100156
0.647917 0.473656 0.100263
0.648611 0.476653 0.100371
0.649306 0.479676 0.100478
0.65 0.482727 0.100586
0.650694 0.485803 0.100693
0.651389 0.488905 0.100801
0.652083 0.492032 0.100908
0.652778 0.495185 0.101016
0.653472 0.498362 0.101123
0.654167 0.501563 0.101231
0.654861 0.504788 0.101338
0.655556 0.508036 0.101445
0.65625 0.511308 0.101553
0.656944 0.514603 0.10166
0.657639 0.517919 0.101768
0.658333 0.521257 0.101875
0.659028 0.524618 0.101983
0.659722 0.527998 0.10209
0.660417 0.5314 0.102198
0.661111 0.534822 0.102305
0.661806 0.538265 0.102413
0.6625 0.541726 0.10252
0.663194 0.545207 0.102628
0.663889 0.548706 0.102735
0.664583 0.552223 0.102842
0.665278 0.555759 0.10295
0.665972 0.559312 0.103057
0.666667 0.562881 0.103165
0.667361 0.566468 0.103272
0.668056 0.57007 0.10338
0.66875 0.573688 0.103487
0.669444 0.577321 0.103595
0.670139 0.580969 0.103702
0.670833 0.584631 0.10381
0.671528 0.588306 0.103917
0.672222 0.591996 0.104025
0.672917 0.595698 0.104132
0.673611 0.599412 0.10424
0.674306 0.603139 0.104347
0.675 0.606878 0.104454
0.675694 0.610627 0.104562
0.676389 0.614387 0.104669
0.677083 0.618157 0.104777
0.677778 0.621936 0.104884
0.678472 0.625725 0.104992
0.679167 0.629523 0.105099
0.679861 0.633328 0.105207
0.680556 0.637141 0.105314
0.68125 0.640961 0.105422
0.681944 0.644788 0.105529
0.682639 0.648621 0.105637
0.683333 0.652461 0.105744
0.684028 0.656305 0.105851
0.684722 0.660154 0.105959
0.685417 0.664008 0.106066
0.686111 0.667865 0.106174
0.686806 0.671725 0.106281
0.6875 0.675589 0.106389
0.688194 0.679454 0.106496
0.688889 0.683321 0.106604
0.689583 0.68719 0.106711
0.690278 0.691059 0.106819
0.690972 0.694928 0.106926
0.691667 0.698797 0.107034
0.692361 0.702665 0.107141
0.693056 0.706533 0.107248
0.69375 0.710397 0.107356
0.694444 0.71426 0.107463
0.695139 0.718121 0.107571
0.695833 0.721977 0.107678
0.696528 0.72583 0.107786
0.697222 0.729678 0.107893
0.697917 0.733521 0.108001
0.698611 0.73736 0.108108
0.699306 0.741192 0.108216
0.7 0.745017 0.108323
0.700694 0.748836 0.108431
0.701389 0.752647 0.108538
0.702083 0.75645 0.108646
0.702778 0.760244 0.108753
0.703472 0.76403 0.10886
0.704167 0.767806 0.108968
0.704861 0.771572 0.109075
0.705556 0.775328 0.109183
0.70625 0.779072 0.10929
0.706944 0.782804 0.109398
0.707639 0.786525 0.109505
0.708333 0.790234 0.109613
0.709028 0.793928 0.10972
0.709722 0.79761 0.109828
0.710417 0.801277 0.109935
0.711111 0.804929 0.110043
0.711806 0.808566 0.11015
0.7125 0.812188 0.110257
0.713194 0.815793 0.110365
0.713889 0.819382 0.110472
0.714583 0.822954 0.11058
0.715278 0.826509 0.110687
0.715972 0.830045 0.110795
0.716667 0.833563 0.110902
0.717361 0.837062 0.11101
0.718056 0.840541 0.111117
0.71875 0.844 0.111225
0.719444 0.847439 0.111332
0.720139 0.850856 0.11144
0.720833 0.854253 0.111547
0.721528 0.857627 0.111654
0.722222 0.860979 0.111762
0.722917 0.864308 0.111869
0.723611 0.867614 0.111977
0.724306 0.870896 0.112084
0.725 0.874154 0.112192
0.725694 0.877388 0.112299
0.726389 0.880597 0.112407
0.727083 0.883779 0.112514
0.727778 0.886936 0.112622
0.728472 0.890067 0.112729
0.729167 0.893171 0.112837
0.729861 0.896248 0.112944
0.730556 0.899297 0.113052
0.73125 0.902318 0.113159
0.731944 0.905311 0.113266
0.732639 0.908275 0.113374
0.733333 0.911209 0.113481
0.734028 0.914113 0.113589
0.734722 0.916989 0.113696
0.735417 0.919834 0.113804
0.736111 0.922647 0.113911
0.736806 0.92543 0.114019
0.7375 0.928182 0.114126
0.738194 0.930901 0.114234
0.738889 0.933588 0.114341
0.739583 0.936243 0.114449
0.740278 0.938865 0.114556
0.740972 0.941453 0.114663
0.741667 0.944009 0.114771
0.742361 0.946529 0.114878
0.743056 0.949016 0.114986
0.74375 0.951469 0.115093
0.744444 0.953886 0.115201
0.745139 0.956268 0.115308
0.745833 0.958615 0.115416
0.746528 0.960927 0.115523
0.747222 0.963202 0.115631
0.747917 0.965441 0.115738
0.748611 0.967644 0.115846
0.749306 0.96981 0.115953
0.75 0.971939 0.11606
0.750694 0.974031 0.116168
0.751389 0.976085 0.116275
0.752083 0.978101 0.116383
0.752778 0.98008 0.11649
0.753472 0.98202 0.116598
0.754167 0.983921 0.116705
0.754861 0.985785 0.116813
0.755556 0.987609 0.11692
0.75625 0.989394 0.117028
0.756944 0.991141 0.117135
0.757639 0.992848 0.117243
0.758333 0.994515 0.11735
0.759028 0.996143 0.117458
0.759722 0.997732 0.117565
0.760417 0.999279 0.117672
0.761111 1.00079 0.11778
0.761806 1.00226 0.117887
0.7625 1.00368 0.117995
0.763194 1.00507 0.118102
0.763889 1.00642 0.11821
0.764583 1.00772 0.118317
0.765278 1.00899 0.118425
0.765972 1.01021 0.118532
0.766667 1.0114 0.11864
0.767361 1.01254 0.118747
0.768056 1.01364 0.118855
0.76875 1.0147 0.118962
0.769444 1.01572 0.119069
0.770139 1.0167 0.119177
0.770833 1.01764 0.119284
0.771528 1.01853 0.119392
0.772222 1.01939 0.119499
0.772917 1.0202 0.119607
0.773611 1.02097 0.119714
0.774306 1.0217 0.119822
0.775 1.02239 0.119929
0.775694 1.02304 0.120037
0.776389 1.02365 0.120144
0.777083 1.02422 0.120252
0.777778 1.02475 0.120359
0.778472 1.02523 0.120466
0.779167 1.02568 0.120574
0.779861 1.02608 0.120681
0.780556 1.02644 0.120789
0.78125 1.02677 0.120896
0.781944 1.02705 0.121004
0.782639 1.02729 0.121111
0.783333 1.0275 0.121219
0.784028 1.02766 0.121326
0.784722 1.02778 0.121434
0.785417 1.02786 0.121541
0.786111 1.02791 0.121649
0.786806 1.02791 0.121756
0.7875 1.02787 0.121864
0.788194 1.0278 0.121971
0.788889 1.02769 0.122078
0.789583 1.02754 0.122186
0.790278 1.02735 0.122293
0.790972 1.02712 0.122401
0.791667 1.02685 0.122508
0.792361 1.02655 0.122616
0.793056 1.02621 0.122723
0.79375 1.02583 0.122831
0.794444 1.02541 0.122938
0.795139 1.02496 0.123046
0.795833 1.02447 0.123153
0.796528 1.02394 0.123261
0.797222 1.02338 0.123368
0.797917 1.02278 0.123475
0.798611 1.02215 0.123583
0.799306 1.02148 0.12369
0.8 1.02078 0.123798
0.800694 1.02004 0.123905
0.801389 1.01927 0.124013
0.802083 1.01847 0.12412
0.802778 1.01763 0.124228
0.803472 1.01676 0.124335
0.804167 1.01585 0.124443
0.804861 1.01492 0.12455
0.805556 1.01395 0.124658
0.80625 1.01295 0.124765
0.806944 1.01191 0.124872
0.807639 1.01085 0.12498
0.808333 1.00976 0.125087
0.809028 1.00864 0.125195
0.809722 1.00748 0.125302
0.810417 1.0063 0.12541
0.811111 1.00509 0.125517
0.811806 1.00385 0.125625
0.8125 1.00258 0.125732
0.813194 1.00129 0.12584
0.813889 0.999963 0.125947
0.814583 0.998614 0.126055
0.815278 0.997239 0.126162
0.815972 0.995837 0.12627
0.816667 0.99441 0.126377
0.817361 0.992959 0.126484
0.818056 0.991483 0.126592
0.81875 0.989982 0.126699
0.819444 0.988459 0.126807
0.820139 0.986912 0.126914
0.820833 0.985343 0.127022
0.821528 0.983752 0.127129
0.822222 0.982139 0.127237
0.822917 0.980505 0.127344
0.823611 0.978851 0.127452
0.824306 0.977176 0.127559
0.825 0.975482 0.127667
0.825694 0.973769 0.127774
0.826389 0.972038 0.127881
0.827083 0.970288 0.127989
0.827778 0.96852 0.128096
0.828472 0.966737 0.128204
0.829167 0.964937 0.128311
0.829861 0.96312 0.128419
0.830556 0.961289 0.128526
0.83125 0.959443 0.128634
0.831944 0.957582 0.128741
0.832639 0.955707 0.128849
0.833333 0.95382 0.128956
0.834028 0.95192 0.129064
0.834722 0.950008 0.129171
0.835417 0.948084 0.129278
0.836111 0.946149 0.129386
0.836806 0.944203 0.129493
0.8375 0.942249 0.129601
0.838194 0.940284 0.129708
0.838889 0.93831 0.129816
0.839583 0.936329 0.129923
0.840278 0.934341 0.130031
0.840972 0.932344 0.130138
0.841667 0.930342 0.130246
0.842361 0.928334 0.130353
0.843056 0.926319 0.130461
0.84375 0.924301 0.130568
0.844444 0.922278 0.130676
0.845139 0.920251 0.130783
0.845833 0.918221 0.13089
0.846528 0.916189 0.130998
0.847222 0.914153 0.131105
0.847917 0.912117 0.131213
0.848611 0.91008 0.13132
0.849306 0.908043 0.131428
0.85 0.906005 0.131535
0.850694 0.903968 0.131643
0.851389 0.901933 0.13175
0.852083 0.899899 0.131858
0.852778 0.897868 0.131965
0.853472 0.895839 0.132073
0.854167 0.893814 0.13218
0.854861 0.891793 0.132287
0.855556 0.889776 0.132395
0.85625 0.887764 0.132502
0.856944 0.885758 0.13261
0.857639 0.883758 0.132717
0.858333 0.881764 0.132825
0.859028 0.879777 0.132932
0.859722 0.877798 0.13304
0.860417 0.875828 0.133147
0.861111 0.873865 0.133255
0.861806 0.871912 0.133362
0.8625 0.869968 0.13347
0.863194 0.868034 0.133577
0.863889 0.866111 0.133684
0.864583 0.8642 0.133792
0.865278 0.862298 0.133899
0.865972 0.86041 0.134007
0.866667 0.858534 0.134114
0.867361 0.85667 0.134222
0.868056 0.85482 0.134329
0.86875 0.852984 0.134437
0.869444 0.851161 0.134544
0.870139 0.849353 0.134652
0.870833 0.847561 0.134759
0.871528 0.845784 0.134867
0.872222 0.844022 0.134974
0.872917 0.842278 0.135082
0.873611 0.84055 0.135189
0.874306 0.838838 0.135296
0.875 0.837145 0.135404
0.875694 0.835469 0.135511
0.876389 0.833811 0.135619
0.877083 0.832172 0.135726
0.877778 0.830552 0.135834
0.878472 0.82895 0.135941
0.879167 0.827368 0.136049
0.879861 0.825806 0.136156
0.880556 0.824265 0.136264
0.88125 0.822743 0.136371
0.881944 0.821243 0.136479
0.882639 0.819764 0.136586
0.883333 0.818305 0.136693
0.884028 0.816869 0.136801
0.884722 0.815455 0.136908
0.885417 0.814062 0.137016
0.886111 0.812692 0.137123
0.886806 0.811345 0.137231
0.8875 0.810019 0.137338
0.888194 0.808718 0.137446
0.888889 0.80744 0.137553
0.889583 0.806184 0.137661
0.890278 0.804952 0.137768
0.890972 0.803744 0.137876
0.891667 0.802561 0.137983
0.892361 0.8014 0.13809
0.893056 0.800265 0.138198
0.89375 0.799154 0.138305
0.894444 0.798066 0.138413
0.895139 0.797004 0.13852
0.895833 0.795967 0.138628
0.896528 0.794953 0.138735
0.897222 0.793965 0.138843
0.897917 0.793002 0.13895
0.898611 0.792063 0.139058
0.899306 0.79115 0.139165
0.9 0.790262 0.139273
0.900694 0.789398 0.13938
0.901389 0.788559 0.139488
0.902083 0.787746 0.139595
0.902778 0.786959 0.139702
0.903472 0.786195 0.13981
0.904167 0.785458 0.139917
0.904861 0.784745 0.140025
0.905556 0.784056 0.140132
0.90625 0.783394 0.14024
0.906944 0.782756 0.140347
0.907639 0.782142 0.140455
0.908333 0.781553 0.140562
0.909028 0.78099 0.14067
0.909722 0.780449 0.140777
0.910417 0.779934 0.140885
0.911111 0.779443 0.140992
0.911806 0.778976 0.141099
0.9125 0.778533 0.141207
0.913194 0.778114 0.141314
0.913889 0.777719 0.141422
0.914583 0.777347 0.141529
0.915278 0.776999 0.141637
0.915972 0.776674 0.141744
0.916667 0.776371 0.141852
0.917361 0.776092 0.141959
0.918056 0.775835 0.142067
0.91875 0.7756 0.142174
0.919444 0.775388 0.142282
0.920139 0.775198 0.142389
0.920833 0.775029 0.142496
0.921528 0.774881 0.142604
0.922222 0.774755 0.142711
0.922917 0.77465 0.142819
0.923611 0.774565 0.142926
0.924306 0.774501 0.143034
0.925 0.774458 0.143141
0.925694 0.774433 0.143249
0.926389 0.774429 0.143356
0.927083 0.774444 0.143464
0.927778 0.774478 0.143571
0.928472 0.774531 0.143679
0.929167 0.774602 0.143786
0.929861 0.77469 0.143894
0.930556 0.774797 0.144001
0.93125 0.774921 0.144108
0.931944 0.775063 0.144216
0.932639 0.77522 0.144323
0.933333 0.775395 0.144431
0.934028 0.775587 0.144538
0.934722 0.775793 0.144646
0.935417 0.776016 0.144753
0.936111 0.776253 0.144861
0.936806 0.776505 0.144968
0.9375 0.776772 0.145076
0.938194 0.777053 0.145183
0.938889 0.777347 0.145291
0.939583 0.777655 0.145398
0.940278 0.777977 0.145505
0.940972 0.77831 0.145613
0.941667 0.778656 0.14572
