0 0
0.000694444 0.00191751
0.00138889 0.00322741
0.00208333 0.00420811
0.00277778 0.00531882
0.00347222 0.0070595
0.00416667 0.0097138
0.00486111 0.0133299
0.00555556 0.0178608
0.00625 0.0232482
0.00694444 0.0294452
0.00763889 0.0364121
0.00833333 0.0441135
0.00902778 0.0525159
0.00972222 0.0615849
0.0104167 0.0712809
0.0111111 0.081564
0.0118056 0.092391
0.0125 0.103712
0.0131944 0.115474
0.0138889 0.127619
0.0145833 0.140076
0.0152778 0.152772
0.0159722 0.165626
0.0166667 0.178556
0.0173611 0.191484
0.0180556 0.204344
0.01875 0.217082
0.0194444 0.229665
0.0201389 0.242077
0.0208333 0.254318
0.0215278 0.266392
0.0222222 0.278308
0.0229167 0.290067
0.0236111 0.301657
0.0243056 0.313059
0.025 0.324242
0.0256944 0.335174
0.0263889 0.345827
0.0270833 0.356187
0.0277778 0.366249
0.0284722 0.376021
0.0291667 0.385516
0.0298611 0.394739
0.0305556 0.403679
0.03125 0.412303
0.0319444 0.420546
0.0326389 0.428319
0.0333333 0.435519
0.0340278 0.442042
0.0347222 0.447794
0.0354167 0.452716
0.0361111 0.456788
0.0368056 0.460029
0.0375 0.462497
0.0381944 0.464283
0.0388889 0.465483
0.0395833 0.46619
0.0402778 0.466481
0.0409722 0.466401
0.0416667 0.465958
0.0423611 0.465136
0.0430556 0.463898
0.04375 0.462193
0.0444444 0.459982
0.0451389 0.457236
0.0458333 0.453945
0.0465278 0.450119
0.0472222 0.445789
0.0479167 0.44099
0.0486111 0.435763
0.0493056 0.430155
0.05 0.424202
0.0506944 0.417936
0.0513889 0.411391
0.0520833 0.404596
0.0527778 0.397579
0.0534722 0.390372
0.0541667 0.383012
0.0548611 0.37553
0.0555556 0.367967
0.05625 0.360365
0.0569444 0.352765
0.0576389 0.345216
0.0583333 0.337774
0.0590278 0.330497
0.0597222 0.323452
0.0604167 0.316709
0.0611111 0.310332
0.0618056 0.304377
0.0625 0.298892
0.0631944 0.29391
0.0638889 0.289445
0.0645833 0.285504
0.0652778 0.282088
0.0659722 0.279197
0.0666667 0.276844
0.0673611 0.275057
0.0680556 0.273879
0.06875 0.273376
0.0694444 0.273637
0.0701389 0.274768
0.0708333 0.276884
0.0715278 0.280114
0.0722222 0.284586
0.0729167 0.290414
0.0736111 0.297704
0.0743056 0.306536
0.075 0.316957
0.0756944 0.328986
0.0763889 0.342605
0.0770833 0.35776
0.0777778 0.374366
0.0784722 0.392311
0.0791667 0.411457
0.0798611 0.431642
0.0805556 0.452698
0.08125 0.474439
0.0819444 0.496681
0.0826389 0.519244
0.0833333 0.541959
0.0840278 0.564671
0.0847222 0.587246
0.0854167 0.609573
0.0861111 0.631555
0.0868056 0.653117
0.0875 0.67419
0.0881944 0.694706
0.0888889 0.7146
0.0895833 0.733802
0.0902778 0.752238
0.0909722 0.769836
0.0916667 0.786531
0.0923611 0.80227
0.0930556 0.817016
0.09375 0.830748
0.0944444 0.843465
0.0951389 0.855162
0.0958333 0.865842
0.0965278 0.87549
0.0972222 0.884074
0.0979167 0.89154
0.0986111 0.897819
0.0993056 0.902832
0.1 0.906502
0.100694 0.908778
0.101389 0.909636
0.102083 0.909095
0.102778 0.90722
0.103472 0.904115
0.104167 0.899907
0.104861 0.894744
0.105556 0.888767
0.10625 0.882095
0.106944 0.874825
0.107639 0.867022
0.108333 0.858715
0.109028 0.849923
0.109722 0.840652
0.110417 0.830909
0.111111 0.820714
0.111806 0.810108
0.1125 0.799145
0.113194 0.787893
0.113889 0.776433
0.114583 0.764845
0.115278 0.753204
0.115972 0.741578
0.116667 0.730027
0.117361 0.7186
0.118056 0.70734
0.11875 0.696284
0.119444 0.685459
0.120139 0.674894
0.120833 0.66461
0.121528 0.654621
0.122222 0.644938
0.122917 0.63557
0.123611 0.626524
0.124306 0.617808
0.125 0.609433
0.125694 0.601419
0.126389 0.593779
0.127083 0.586536
0.127778 0.579709
0.128472 0.57331
0.129167 0.567351
0.129861 0.561843
0.130556 0.556793
0.13125 0.552217
0.131944 0.548144
0.132639 0.544615
0.133333 0.541695
0.134028 0.539474
0.134722 0.538066
0.135417 0.537605
0.136111 0.538251
0.136806 0.540177
0.1375 0.543562
0.138194 0.54859
0.138889 0.555435
0.139583 0.564251
0.140278 0.575167
0.140972 0.588277
0.141667 0.603631
0.142361 0.621231
0.143056 0.641037
0.14375 0.662958
0.144444 0.68686
0.145139 0.712571
0.145833 0.739887
0.146528 0.768573
0.147222 0.798379
0.147917 0.829049
0.148611 0.860321
0.149306 0.891945
0.15 0.923689
0.150694 0.955335
0.151389 0.986694
0.152083 1.0176
0.152778 1.0479
0.153472 1.07745
0.154167 1.10612
0.154861 1.1338
0.155556 1.16034
0.15625 1.18563
0.156944 1.20955
0.157639 1.23199
0.158333 1.25287
0.159028 1.27211
0.159722 1.28966
0.160417 1.30551
0.161111 1.31964
0.161806 1.33202
0.1625 1.34266
0.163194 1.3515
0.163889 1.35851
0.164583 1.36363
0.165278 1.36679
0.165972 1.36793
0.166667 1.36703
0.167361 1.36408
0.168056 1.35913
0.16875 1.35228
0.169444 1.34367
0.170139 1.33347
0.170833 1.32187
0.171528 1.30905
0.172222 1.29521
0.172917 1.28049
0.173611 1.265
0.174306 1.24886
0.175 1.23214
0.175694 1.21489
0.176389 1.19719
0.177083 1.17912
0.177778 1.16077
0.178472 1.14225
0.179167 1.12367
0.179861 1.10517
0.180556 1.08686
0.18125 1.06887
0.181944 1.0513
0.182639 1.03422
0.183333 1.01772
0.184028 1.00183
0.184722 0.98661
0.185417 0.972074
0.186111 0.958235
0.186806 0.945089
0.1875 0.932624
0.188194 0.920816
0.188889 0.909629
0.189583 0.899024
0.190278 0.888964
0.190972 0.879408
0.191667 0.870324
0.192361 0.861686
0.193056 0.853471
0.19375 0.845659
0.194444 0.83824
0.195139 0.831205
0.195833 0.82455
0.196528 0.818287
0.197222 0.81244
0.197917 0.807052
0.198611 0.802195
0.199306 0.79797
0.2 0.794504
0.200694 0.791962
0.201389 0.790538
0.202083 0.790446
0.202778 0.791924
0.203472 0.79522
0.204167 0.800579
0.204861 0.808237
0.205556 0.81841
0.20625 0.831274
0.206944 0.846964
0.207639 0.865561
0.208333 0.887088
0.209028 0.911503
0.209722 0.938709
0.210417 0.968549
0.211111 1.00081
0.211806 1.03524
0.2125 1.07156
0.213194 1.10943
0.213889 1.14854
0.214583 1.18855
0.215278 1.22913
0.215972 1.26996
0.216667 1.31075
0.217361 1.35124
0.218056 1.39117
0.21875 1.43032
0.219444 1.46849
0.220139 1.50549
0.220833 1.54113
0.221528 1.57522
0.222222 1.60759
0.222917 1.63808
0.223611 1.66654
0.224306 1.69283
0.225 1.71686
0.225694 1.73856
0.226389 1.75785
0.227083 1.77473
0.227778 1.78915
0.228472 1.80109
0.229167 1.81053
0.229861 1.81741
0.230556 1.8217
0.23125 1.82332
0.231944 1.82225
0.232639 1.81846
0.233333 1.81198
0.234028 1.80287
0.234722 1.79127
0.235417 1.77734
0.236111 1.7613
0.236806 1.74337
0.2375 1.7238
0.238194 1.70282
0.238889 1.68064
0.239583 1.65745
0.240278 1.63341
0.240972 1.60865
0.241667 1.58331
0.242361 1.55751
0.243056 1.53139
0.24375 1.5051
0.244444 1.47881
0.245139 1.45269
0.245833 1.42693
0.246528 1.40169
0.247222 1.37712
0.247917 1.35338
0.248611 1.33058
0.249306 1.30881
0.25 1.28812
0.250694 1.26858
0.251389 1.25019
0.252083 1.23295
0.252778 1.21684
0.253472 1.2018
0.254167 1.18779
0.254861 1.17471
0.255556 1.16249
0.25625 1.15102
0.256944 1.14024
0.257639 1.13004
0.258333 1.12035
0.259028 1.11111
0.259722 1.10227
0.260417 1.09378
0.261111 1.08561
0.261806 1.07774
0.2625 1.07018
0.263194 1.06297
0.263889 1.05615
0.264583 1.04982
0.265278 1.04411
0.265972 1.0392
0.266667 1.0353
0.267361 1.03265
0.268056 1.03154
0.26875 1.03228
0.269444 1.03517
0.270139 1.04055
0.270833 1.0487
0.271528 1.05992
0.272222 1.07444
0.272917 1.09244
0.273611 1.11404
0.274306 1.13927
0.275 1.16811
0.275694 1.20044
0.276389 1.23609
0.277083 1.27481
0.277778 1.31629
0.278472 1.36019
0.279167 1.40613
0.279861 1.4537
0.280556 1.50249
0.28125 1.55209
0.281944 1.6021
0.282639 1.65216
0.283333 1.7019
0.284028 1.75102
0.284722 1.79922
0.285417 1.84621
0.286111 1.89175
0.286806 1.93558
0.2875 1.97748
0.288194 2.0172
0.288889 2.05454
0.289583 2.08931
0.290278 2.12133
0.290972 2.15047
0.291667 2.17661
0.292361 2.19969
0.293056 2.21964
0.29375 2.23643
0.294444 2.25001
0.295139 2.26037
0.295833 2.26746
0.296528 2.27122
0.297222 2.27162
0.297917 2.26863
0.298611 2.26225
0.299306 2.25251
0.3 2.2395
0.300694 2.22337
0.301389 2.20433
0.302083 2.18263
0.302778 2.15852
0.303472 2.13232
0.304167 2.1043
0.304861 2.07473
0.305556 2.04386
0.30625 2.01192
0.306944 1.9791
0.307639 1.9456
0.308333 1.91162
0.309028 1.87734
0.309722 1.84299
0.310417 1.80879
0.311111 1.77496
0.311806 1.74175
0.3125 1.70938
0.313194 1.67805
0.313889 1.64795
0.314583 1.61922
0.315278 1.59199
0.315972 1.56634
0.316667 1.5423
0.317361 1.51991
0.318056 1.49913
0.31875 1.47993
0.319444 1.46223
0.320139 1.44592
0.320833 1.43087
0.321528 1.41697
0.322222 1.40406
0.322917 1.39199
0.323611 1.38064
0.324306 1.36988
0.325 1.3596
0.325694 1.34969
0.326389 1.3401
0.327083 1.33075
0.327778 1.32162
0.328472 1.3127
0.329167 1.30402
0.329861 1.29566
0.330556 1.28772
0.33125 1.28037
0.331944 1.27381
0.332639 1.26832
0.333333 1.26419
0.334028 1.26178
0.334722 1.26146
0.335417 1.26362
0.336111 1.26867
0.336806 1.27697
0.3375 1.28889
0.338194 1.30472
0.338889 1.32471
0.339583 1.34899
0.340278 1.37766
0.340972 1.41067
0.341667 1.44792
0.342361 1.4892
0.343056 1.53423
0.34375 1.58266
0.344444 1.63409
0.345139 1.68806
0.345833 1.74409
0.346528 1.8017
0.347222 1.86039
0.347917 1.91968
0.348611 1.97912
0.349306 2.03828
0.35 2.09676
0.350694 2.15418
0.351389 2.21021
0.352083 2.26452
0.352778 2.31679
0.353472 2.36675
0.354167 2.4141
0.354861 2.45858
0.355556 2.49996
0.35625 2.53802
0.356944 2.57258
0.357639 2.60351
0.358333 2.63069
0.359028 2.65405
0.359722 2.67354
0.360417 2.68911
0.361111 2.70072
0.361806 2.70832
0.3625 2.71189
0.363194 2.71138
0.363889 2.70677
0.364583 2.69808
0.365278 2.68535
0.365972 2.6687
0.366667 2.64829
0.367361 2.62436
0.368056 2.59719
0.36875 2.56708
0.369444 2.53439
0.370139 2.49944
0.370833 2.46257
0.371528 2.42409
0.372222 2.38427
0.372917 2.3434
0.373611 2.30172
0.374306 2.25949
0.375 2.21698
0.375694 2.17446
0.376389 2.13222
0.377083 2.09054
0.377778 2.04973
0.378472 2.01005
0.379167 1.97178
0.379861 1.93513
0.380556 1.90029
0.38125 1.86742
0.381944 1.83661
0.382639 1.80792
0.383333 1.78136
0.384028 1.75691
0.384722 1.73449
0.385417 1.714
0.386111 1.6953
0.386806 1.67823
0.3875 1.66258
0.388194 1.64817
0.388889 1.6348
0.389583 1.62228
0.390278 1.61042
0.390972 1.59907
0.391667 1.5881
0.392361 1.57737
0.393056 1.56682
0.39375 1.55638
0.394444 1.54605
0.395139 1.53583
0.395833 1.52582
0.396528 1.51614
0.397222 1.50698
0.397917 1.49859
0.398611 1.49128
0.399306 1.48542
0.4 1.48142
0.400694 1.47972
0.401389 1.48081
0.402083 1.48516
0.402778 1.49324
0.403472 1.50548
0.404167 1.52226
0.404861 1.54386
0.405556 1.5705
0.40625 1.60228
0.406944 1.63919
0.407639 1.6811
0.408333 1.72781
0.409028 1.77899
0.409722 1.83424
0.410417 1.8931
0.411111 1.95505
0.411806 2.01954
0.4125 2.08598
0.413194 2.15382
0.413889 2.22248
0.414583 2.29143
0.415278 2.36014
0.415972 2.42814
0.416667 2.49499
0.417361 2.56026
0.418056 2.62357
0.41875 2.68454
0.419444 2.74282
0.420139 2.79807
0.420833 2.84999
0.421528 2.89828
0.422222 2.94269
0.422917 2.983
0.423611 3.01904
0.424306 3.05066
0.425 3.07778
0.425694 3.1003
0.426389 3.11818
0.427083 3.13137
0.427778 3.13982
0.428472 3.14351
0.429167 3.14241
0.429861 3.13648
0.430556 3.12577
0.43125 3.11034
0.431944 3.09031
0.432639 3.06588
0.433333 3.03729
0.434028 3.00486
0.434722 2.96894
0.435417 2.92991
0.436111 2.88818
0.436806 2.84411
0.4375 2.79808
0.438194 2.75045
0.438889 2.70153
0.439583 2.65167
0.440278 2.60117
0.440972 2.55036
0.441667 2.49958
0.442361 2.44919
0.443056 2.39953
0.44375 2.35097
0.444444 2.30383
0.445139 2.25843
0.445833 2.21505
0.446528 2.17392
0.447222 2.13522
0.447917 2.09907
0.448611 2.06555
0.449306 2.03467
0.45 2.0064
0.450694 1.98064
0.451389 1.95726
0.452083 1.93608
0.452778 1.91689
0.453472 1.89945
0.454167 1.88351
0.454861 1.8688
0.455556 1.85509
0.45625 1.84213
0.456944 1.82972
0.457639 1.81766
0.458333 1.8058
0.459028 1.79403
0.459722 1.78225
0.460417 1.77045
0.461111 1.75864
0.461806 1.74689
0.4625 1.73535
0.463194 1.72423
0.463889 1.71382
0.464583 1.70448
0.465278 1.69662
0.465972 1.69073
0.466667 1.68734
0.467361 1.687
0.468056 1.69028
0.46875 1.69775
0.469444 1.70991
0.470139 1.72722
0.470833 1.75006
0.471528 1.77868
0.472222 1.81322
0.472917 1.85371
0.473611 1.90002
0.474306 1.95192
0.475 2.00905
0.475694 2.07098
0.476389 2.13717
0.477083 2.20703
0.477778 2.27994
0.478472 2.35524
0.479167 2.43227
0.479861 2.51037
0.480556 2.58893
0.48125 2.66734
0.481944 2.74503
0.482639 2.82149
0.483333 2.89621
0.484028 2.96875
0.484722 3.03866
0.485417 3.10553
0.486111 3.16896
0.486806 3.22861
0.4875 3.28411
0.488194 3.33519
0.488889 3.38157
0.489583 3.42304
0.490278 3.45944
0.490972 3.49064
0.491667 3.51653
0.492361 3.53706
0.493056 3.55217
0.49375 3.56181
0.494444 3.56595
0.495139 3.56456
0.495833 3.55764
0.496528 3.54522
0.497222 3.52737
0.497917 3.50423
0.498611 3.47602
0.499306 3.44301
0.5 3.40554
0.500694 3.36401
0.501389 3.31883
0.502083 3.27045
0.502778 3.21931
0.503472 3.16584
0.504167 3.11044
0.504861 3.05353
0.505556 2.99549
0.50625 2.93669
0.506944 2.87754
0.507639 2.81844
0.508333 2.7598
0.509028 2.70205
0.509722 2.64559
0.510417 2.59083
0.511111 2.53814
0.511806 2.48786
0.5125 2.44025
0.513194 2.39553
0.513889 2.35387
0.514583 2.31535
0.515278 2.27998
0.515972 2.24774
0.516667 2.21851
0.517361 2.19213
0.518056 2.16838
0.51875 2.14701
0.519444 2.12772
0.520139 2.1102
0.520833 2.09414
0.521528 2.07923
0.522222 2.06517
0.522917 2.05169
0.523611 2.03856
0.524306 2.02557
0.525 2.01257
0.525694 1.99945
0.526389 1.98615
0.527083 1.97268
0.527778 1.95911
0.528472 1.94561
0.529167 1.93239
0.529861 1.91979
0.530556 1.90819
0.53125 1.89808
0.531944 1.89002
0.532639 1.8846
0.533333 1.88247
0.534028 1.8843
0.534722 1.89074
0.535417 1.9024
0.536111 1.91983
0.536806 1.94348
0.5375 1.97368
0.538194 2.01062
0.538889 2.05434
0.539583 2.10474
0.540278 2.16156
0.540972 2.22443
0.541667 2.29286
0.542361 2.36624
0.543056 2.44394
0.54375 2.52523
0.544444 2.60938
0.545139 2.69564
0.545833 2.78326
0.546528 2.87153
0.547222 2.95976
0.547917 3.0473
0.548611 3.13355
0.549306 3.21793
0.55 3.29992
0.550694 3.37901
0.551389 3.45473
0.552083 3.52663
0.552778 3.59428
0.553472 3.65731
0.554167 3.71536
0.554861 3.76813
0.555556 3.81537
0.55625 3.85688
0.556944 3.8925
0.557639 3.92211
0.558333 3.94563
0.559028 3.963
0.559722 3.97416
0.560417 3.97908
0.561111 3.97773
0.561806 3.97012
0.5625 3.95629
0.563194 3.93632
0.563889 3.91036
0.564583 3.87864
0.565278 3.84147
0.565972 3.79919
0.566667 3.75225
0.567361 3.7011
0.568056 3.64624
0.56875 3.58816
0.569444 3.52735
0.570139 3.46428
0.570833 3.39942
0.571528 3.33322
0.572222 3.26612
0.572917 3.1986
0.573611 3.13111
0.574306 3.06415
0.575 2.99818
0.575694 2.9337
0.576389 2.87118
0.577083 2.81104
0.577778 2.75367
0.578472 2.69941
0.579167 2.6485
0.579861 2.60114
0.580556 2.55744
0.58125 2.51743
0.581944 2.48107
0.582639 2.44824
0.583333 2.41874
0.584028 2.39233
0.584722 2.36871
0.585417 2.34752
0.586111 2.3284
0.586806 2.31097
0.5875 2.29485
0.588194 2.2797
0.588889 2.26517
0.589583 2.25098
0.590278 2.23688
0.590972 2.22266
0.591667 2.20819
0.592361 2.19337
0.593056 2.17821
0.59375 2.16276
0.594444 2.14719
0.595139 2.13175
0.595833 2.11678
0.596528 2.10273
0.597222 2.09013
0.597917 2.0796
0.598611 2.07182
0.599306 2.06754
0.6 2.06752
0.600694 2.07251
0.601389 2.08323
0.602083 2.10032
0.602778 2.12434
0.603472 2.15569
0.604167 2.19461
0.604861 2.24119
0.605556 2.29534
0.60625 2.3568
0.606944 2.42516
0.607639 2.49989
0.608333 2.58033
0.609028 2.66575
0.609722 2.75537
0.610417 2.84835
0.611111 2.94386
0.611806 3.04105
0.6125 3.13913
0.613194 3.2373
0.613889 3.33484
0.614583 3.43106
0.615278 3.5253
0.615972 3.61696
0.616667 3.70548
0.617361 3.7903
0.618056 3.87092
0.61875 3.94688
0.619444 4.01772
0.620139 4.08306
0.620833 4.14255
0.621528 4.19589
0.622222 4.24284
0.622917 4.28323
0.623611 4.3169
0.624306 4.34376
0.625 4.36372
0.625694 4.37674
0.626389 4.38277
0.627083 4.3818
0.627778 4.37382
0.628472 4.35889
0.629167 4.3371
0.629861 4.30861
0.630556 4.27367
0.63125 4.23258
0.631944 4.18574
0.632639 4.13361
0.633333 4.0767
0.634028 4.01553
0.634722 3.95066
0.635417 3.88263
0.636111 3.81197
0.636806 3.73923
0.6375 3.6649
0.638194 3.58952
0.638889 3.5136
0.639583 3.43768
0.640278 3.36231
0.640972 3.28804
0.641667 3.21543
0.642361 3.14499
0.643056 3.07725
0.64375 3.01263
0.644444 2.95153
0.645139 2.89424
0.645833 2.84101
0.646528 2.79196
0.647222 2.74714
0.647917 2.70652
0.648611 2.66995
0.649306 2.63723
0.65 2.60807
0.650694 2.58212
0.651389 2.55898
0.652083 2.53823
0.652778 2.51943
0.653472 2.50212
0.654167 2.48588
0.654861 2.47034
0.655556 2.45512
0.65625 2.43993
0.656944 2.42452
0.657639 2.4087
0.658333 2.39236
0.659028 2.37548
0.659722 2.3581
0.660417 2.34039
0.661111 2.32261
0.661806 2.30512
0.6625 2.28842
0.663194 2.27308
0.663889 2.2598
0.664583 2.24934
0.665278 2.24254
0.665972 2.24025
0.666667 2.24335
0.667361 2.25266
0.668056 2.26896
0.66875 2.29287
0.669444 2.3249
0.670139 2.36537
0.670833 2.4144
0.671528 2.47194
0.672222 2.53771
0.672917 2.61129
0.673611 2.6921
0.674306 2.77943
0.675 2.87246
0.675694 2.97032
0.676389 3.0721
0.677083 3.17687
0.677778 3.28368
0.678472 3.39164
0.679167 3.49988
0.679861 3.60756
0.680556 3.71392
0.68125 3.81821
0.681944 3.91976
0.682639 4.01793
0.683333 4.11211
0.684028 4.20174
0.684722 4.28628
0.685417 4.36524
0.686111 4.43818
0.686806 4.5047
0.6875 4.56446
0.688194 4.6172
0.688889 4.66269
0.689583 4.70077
0.690278 4.7313
0.690972 4.75421
0.691667 4.76943
0.692361 4.77692
0.693056 4.77665
0.69375 4.76864
0.694444 4.75293
0.695139 4.72963
0.695833 4.6989
0.696528 4.66101
0.697222 4.61628
0.697917 4.56513
0.698611 4.50805
0.699306 4.44557
0.7 4.37829
0.700694 4.30678
0.701389 4.23167
0.702083 4.15354
0.702778 4.07298
0.703472 3.99058
0.704167 3.90693
0.704861 3.8226
0.705556 3.73822
0.70625 3.65438
0.706944 3.57172
0.707639 3.49086
0.708333 3.41239
0.709028 3.33688
0.709722 3.26485
0.710417 3.19674
0.711111 3.1329
0.711806 3.07362
0.7125 3.01905
0.713194 2.96926
0.713889 2.92421
0.714583 2.88378
0.715278 2.84772
0.715972 2.81572
0.716667 2.78739
0.717361 2.76226
0.718056 2.73986
0.71875 2.71967
0.719444 2.70118
0.720139 2.68389
0.720833 2.66736
0.721528 2.65116
0.722222 2.63492
0.722917 2.61835
0.723611 2.60122
0.724306 2.58338
0.725 2.56476
0.725694 2.54542
0.726389 2.5255
0.727083 2.50528
0.727778 2.48514
0.728472 2.4656
0.729167 2.4473
0.729861 2.43099
0.730556 2.41752
0.73125 2.40781
0.731944 2.40285
0.732639 2.4036
0.733333 2.41104
0.734028 2.42603
0.734722 2.44934
0.735417 2.48156
0.736111 2.5231
0.736806 2.57415
0.7375 2.63467
0.738194 2.7044
0.738889 2.7829
0.739583 2.86954
0.740278 2.96355
0.740972 3.06405
0.741667 3.17007
0.742361 3.28061
0.743056 3.39463
0.74375 3.5111
0.744444 3.62902
0.745139 3.74742
0.745833 3.86538
0.746528 3.98203
0.747222 4.09656
0.747917 4.20822
0.748611 4.31627
0.749306 4.42006
0.75 4.51895
0.750694 4.61236
0.751389 4.69973
0.752083 4.78057
0.752778 4.85444
0.753472 4.92096
0.754167 4.97982
0.754861 5.03076
0.755556 5.07358
0.75625 5.10815
0.756944 5.13435
0.757639 5.15212
0.758333 5.1614
0.759028 5.16218
0.759722 5.15446
0.760417 5.1383
0.761111 5.1138
0.761806 5.08114
0.7625 5.0406
0.763194 4.99251
0.763889 4.93731
0.764583 4.87551
0.765278 4.8077
0.765972 4.73449
0.766667 4.65653
0.767361 4.57447
0.768056 4.48899
0.76875 4.40071
0.769444 4.3103
0.770139 4.21841
0.770833 4.12568
0.771528 4.0328
0.772222 3.94045
0.772917 3.84932
0.773611 3.7601
0.774306 3.67347
0.775 3.59007
0.775694 3.51046
0.776389 3.43517
0.777083 3.36461
0.777778 3.2991
0.778472 3.23883
0.779167 3.18391
0.779861 3.1343
0.780556 3.08986
0.78125 3.05036
0.781944 3.01543
0.782639 2.98464
0.783333 2.95748
0.784028 2.93341
0.784722 2.91184
0.785417 2.89219
0.786111 2.8739
0.786806 2.85643
0.7875 2.83929
0.788194 2.82207
0.788889 2.80439
0.789583 2.78599
0.790278 2.76667
0.790972 2.74634
0.791667 2.72501
0.792361 2.70284
0.793056 2.68009
0.79375 2.65717
0.794444 2.63463
0.795139 2.61314
0.795833 2.59354
0.796528 2.57673
0.797222 2.56375
0.797917 2.55569
0.798611 2.55364
0.799306 2.55869
0.8 2.57186
0.800694 2.59403
0.801389 2.62592
0.802083 2.66803
0.802778 2.72061
0.803472 2.78368
0.804167 2.85699
0.804861 2.94008
0.805556 3.03227
0.80625 3.13275
0.806944 3.24054
0.807639 3.35461
0.808333 3.47383
0.809028 3.59708
0.809722 3.72323
0.810417 3.85117
0.811111 3.97983
0.811806 4.10819
0.8125 4.2353
0.813194 4.36025
0.813889 4.4822
0.814583 4.60037
0.815278 4.71401
0.815972 4.82243
0.816667 4.92498
0.817361 5.02105
0.818056 5.1101
0.81875 5.19164
0.819444 5.26525
0.820139 5.33056
0.820833 5.38729
0.821528 5.43521
0.822222 5.47416
0.822917 5.50401
0.823611 5.52467
0.824306 5.5361
0.825 5.53826
0.825694 5.53117
0.826389 5.51489
0.827083 5.48951
0.827778 5.45524
0.828472 5.41234
0.829167 5.36118
0.829861 5.30219
0.830556 5.23594
0.83125 5.16302
0.831944 5.0841
0.832639 4.99987
0.833333 4.91103
0.834028 4.81832
0.834722 4.72243
0.835417 4.62408
0.836111 4.52399
0.836806 4.42288
0.8375 4.3215
0.838194 4.22058
0.838889 4.12092
0.839583 4.02325
0.840278 3.92835
0.840972 3.8369
0.841667 3.74958
0.842361 3.66694
0.843056 3.58948
0.84375 3.51756
0.844444 3.45143
0.845139 3.3912
0.845833 3.33688
0.846528 3.28832
0.847222 3.24525
0.847917 3.20731
0.848611 3.174
0.849306 3.14478
0.85 3.11903
0.850694 3.09609
0.851389 3.07532
0.852083 3.05606
0.852778 3.03772
0.853472 3.01972
0.854167 3.00157
0.854861 2.98286
0.855556 2.96325
0.85625 2.94249
0.856944 2.92047
0.857639 2.89718
0.858333 2.87273
0.859028 2.84739
0.859722 2.82159
0.860417 2.79588
0.861111 2.77101
0.861806 2.74785
0.8625 2.7274
0.863194 2.71077
0.863889 2.69917
0.864583 2.69384
0.865278 2.696
0.865972 2.7068
0.866667 2.72728
0.867361 2.75828
0.868056 2.8004
0.86875 2.85401
0.869444 2.91915
0.870139 2.99561
0.870833 3.08291
0.871528 3.18036
0.872222 3.28706
0.872917 3.40196
0.873611 3.52393
0.874306 3.65176
0.875 3.78421
0.875694 3.92005
0.876389 4.05805
0.877083 4.19705
0.877778 4.33593
0.878472 4.47364
0.879167 4.60918
0.879861 4.74164
0.880556 4.87014
0.88125 4.99387
0.881944 5.11207
0.882639 5.22403
0.883333 5.3291
0.884028 5.42666
0.884722 5.51618
0.885417 5.59719
0.886111 5.66929
0.886806 5.73216
0.8875 5.78552
0.888194 5.8292
0.888889 5.86305
0.889583 5.88696
0.890278 5.90089
0.890972 5.90479
0.891667 5.89867
0.892361 5.88259
0.893056 5.85668
0.89375 5.82111
0.894444 5.77616
0.895139 5.72221
0.895833 5.65973
0.896528 5.58928
0.897222 5.5115
0.897917 5.42709
0.898611 5.33678
0.899306 5.24133
0.9 5.14153
0.900694 5.03814
0.901389 4.93194
0.902083 4.82372
0.902778 4.71425
0.903472 4.60436
0.904167 4.49486
0.904861 4.3866
0.905556 4.28041
0.90625 4.17711
0.906944 4.0775
0.907639 3.98231
0.908333 3.89217
0.909028 3.80764
0.909722 3.72914
0.910417 3.65697
0.911111 3.59129
0.911806 3.5321
0.9125 3.47927
0.913194 3.43254
0.913889 3.3915
0.914583 3.35562
0.915278 3.3243
0.915972 3.29686
0.916667 3.27258
0.917361 3.25072
0.918056 3.23056
0.91875 3.21141
0.919444 3.19263
0.920139 3.17365
0.920833 3.15399
0.921528 3.13325
0.922222 3.11113
0.922917 3.08747
0.923611 3.06222
0.924306 3.03549
0.925 3.00753
0.925694 2.97875
0.926389 2.94976
0.927083 2.92132
0.927778 2.89435
0.928472 2.86994
0.929167 2.8493
0.929861 2.83375
0.930556 2.82466
0.93125 2.82339
0.931944 2.83125
0.932639 2.84945
0.933333 2.87895
0.934028 2.92052
0.934722 2.97458
0.935417 3.04128
0.936111 3.12043
0.936806 3.21155
0.9375 3.3139
0.938194 3.42654
0.938889 3.54833
0.939583 3.67805
0.940278 3.81439
0.940972 3.95599
0.941667 4.1015
0.942361 4.24961
0.943056 4.39903
0.94375 4.54853
0.944444 4.69698
0.945139 4.84328
0.945833 4.98642
0.946528 5.12546
0.947222 5.25951
0.947917 5.38775
0.948611 5.5094
0.949306 5.62374
0.95 5.73011
0.950694 5.82793
0.951389 5.91667
0.952083 5.99589
0.952778 6.06523
0.953472 6.12439
0.954167 6.17315
0.954861 6.21135
0.955556 6.23887
0.95625 6.25565
0.956944 6.26163
0.957639 6.25683
0.958333 6.24131
0.959028 6.21518
0.959722 6.17864
0.960417 6.13196
0.961111 6.07554
0.961806 6.00984
0.9625 5.93547
0.963194 5.85308
0.963889 5.7634
0.964583 5.66723
0.965278 5.56536
0.965972 5.45863
0.966667 5.34787
0.967361 5.23392
0.968056 5.11762
0.96875 4.99984
0.969444 4.88145
0.970139 4.76335
0.970833 4.64644
0.971528 4.53165
0.972222 4.41987
0.972917 4.31197
0.973611 4.20877
0.974306 4.11097
0.975 4.0192
0.975694 3.93396
0.976389 3.85559
0.977083 3.78428
0.977778 3.72008
0.978472 3.66286
0.979167 3.61235
0.979861 3.56812
0.980556 3.52961
0.98125 3.49617
0.981944 3.46704
0.982639 3.44144
0.983333 3.41855
0.984028 3.39755
0.984722 3.37769
0.985417 3.35823
0.986111 3.33852
0.986806 3.31802
0.9875 3.29624
0.988194 3.27286
0.988889 3.24763
0.989583 3.22048
0.990278 3.19148
0.990972 3.16087
0.991667 3.12907
0.992361 3.09668
0.993056 3.0645
0.99375 3.0335
0.994444 3.00484
0.995139 2.97983
0.995833 2.95989
0.996528 2.94654
0.997222 2.9413
0.997917 2.94564
0.998611 2.96093
0.999306 2.98832
1 3.02869
1.00069 3.08261
1.00139 3.15031
1.00208 3.23163
1.00278 3.32612
1.00347 3.433
1.00417 3.55127
1.00486 3.67972
1.00556 3.81701
1.00625 3.96172
1.00694 4.1124
1.00764 4.26758
1.00833 4.4258
1.00903 4.5857
1.00972 4.74592
1.01042 4.90523
1.01111 5.06244
1.01181 5.21646
1.0125 5.36625
1.01319 5.51085
1.01389 5.64937
1.01458 5.78096
1.01528 5.90486
1.01597 6.02034
1.01667 6.12676
1.01736 6.22355
1.01806 6.31023
1.01875 6.38638
1.01944 6.45168
1.02014 6.50588
1.02083 6.54878
1.02153 6.58027
1.02222 6.60024
1.02292 6.60867
1.02361 6.60554
1.02431 6.59092
1.025 6.56492
1.02569 6.52773
1.02639 6.47965
1.02708 6.42106
1.02778 6.35245
1.02847 6.27444
1.02917 6.1877
1.02986 6.09301
1.03056 5.99118
1.03125 5.88308
1.03194 5.76959
1.03264 5.6516
1.03333 5.53
1.03403 5.40572
1.03472 5.27968
1.03542 5.15282
1.03611 5.0261
1.03681 4.90052
1.0375 4.77706
1.03819 4.65671
1.03889 4.54041
1.03958 4.42906
1.04028 4.32345
1.04097 4.22429
1.04167 4.13213
1.04236 4.04739
1.04306 3.9703
1.04375 3.90093
1.04444 3.83919
1.04514 3.7848
1.04583 3.7373
1.04653 3.69611
1.04722 3.66052
1.04792 3.62972
1.04861 3.60283
1.04931 3.57897
1.05 3.55722
1.05069 3.53674
1.05139 3.51671
1.05208 3.49641
1.05278 3.47518
1.05347 3.4525
1.05417 3.42795
1.05486 3.40125
1.05556 3.37227
1.05625 3.34105
1.05694 3.30781
1.05764 3.27294
1.05833 3.23707
1.05903 3.201
1.05972 3.16576
1.06042 3.13258
1.06111 3.10285
1.06181 3.07811
1.0625 3.06001
1.06319 3.05024
1.06389 3.05045
1.06458 3.06218
1.06528 3.08677
1.06597 3.12528
1.06667 3.17842
1.06736 3.2465
1.06806 3.32945
1.06875 3.42681
1.06944 3.53781
1.07014 3.66136
1.07083 3.79618
1.07153 3.94083
1.07222 4.09378
1.07292 4.25345
1.07361 4.41824
1.07431 4.5866
1.075 4.75701
1.07569 4.92805
1.07639 5.09834
1.07708 5.26661
1.07778 5.43167
1.07847 5.59241
1.07917 5.74778
1.07986 5.89682
1.08056 6.03862
1.08125 6.17235
1.08194 6.29722
1.08264 6.41255
1.08333 6.51771
1.08403 6.61216
1.08472 6.69547
1.08542 6.76725
1.08611 6.82724
1.08681 6.87521
1.0875 6.91102
1.08819 6.93456
1.08889 6.94578
1.08958 6.94468
1.09028 6.93131
1.09097 6.90578
1.09167 6.86829
1.09236 6.81913
1.09306 6.75869
1.09375 6.68747
1.09444 6.60611
1.09514 6.51529
1.09583 6.41584
1.09653 6.30859
1.09722 6.19447
1.09792 6.0744
1.09861 5.94933
1.09931 5.82022
1.1 5.68804
1.10069 5.5538
1.10139 5.4185
1.10208 5.28318
1.10278 5.14889
1.10347 5.01672
1.10417 4.88771
1.10486 4.76291
1.10556 4.64329
1.10625 4.52973
1.10694 4.42301
1.10764 4.32378
1.10833 4.2325
1.10903 4.14946
1.10972 4.07479
1.11042 4.0084
1.11111 3.95001
1.11181 3.89917
1.1125 3.85526
1.11319 3.8175
1.11389 3.78503
1.11458 3.7569
1.11528 3.73213
1.11597 3.70974
1.11667 3.68876
1.11736 3.66829
1.11806 3.64752
1.11875 3.62572
1.11944 3.60227
1.12014 3.57669
1.12083 3.54865
1.12153 3.51794
1.12222 3.48458
1.12292 3.44873
1.12361 3.41079
1.12431 3.37138
1.125 3.33131
1.12569 3.29166
1.12639 3.25369
1.12708 3.21891
1.12778 3.18895
1.12847 3.16561
1.12917 3.15074
1.12986 3.14619
1.13056 3.15369
1.13125 3.17478
1.13194 3.21071
1.13264 3.26236
1.13333 3.33016
1.13403 3.41412
1.13472 3.51382
1.13542 3.62846
1.13611 3.75691
1.13681 3.89779
1.1375 4.04957
1.13819 4.21058
1.13889 4.37913
1.13958 4.55348
1.14028 4.73196
1.14097 4.91294
1.14167 5.09485
1.14236 5.27623
1.14306 5.4557
1.14375 5.63198
1.14444 5.80385
1.14514 5.9702
1.14583 6.13
1.14653 6.28225
1.14722 6.42608
1.14792 6.56063
1.14861 6.68517
1.14931 6.79901
1.15 6.90157
1.15069 6.99236
1.15139 7.07098
1.15208 7.13711
1.15278 7.1905
1.15347 7.23099
1.15417 7.25846
1.15486 7.27284
1.15556 7.27412
1.15625 7.26235
1.15694 7.23764
1.15764 7.20019
1.15833 7.15028
1.15903 7.08832
1.15972 7.01482
1.16042 6.93039
1.16111 6.83579
1.16181 6.73184
1.1625 6.61942
1.16319 6.49949
1.16389 6.37303
1.16458 6.24104
1.16528 6.10455
1.16597 5.96459
1.16667 5.82223
1.16736 5.67853
1.16806 5.53462
1.16875 5.39163
1.16944 5.25069
1.17014 5.11296
1.17083 4.97956
1.17153 4.85154
1.17222 4.7299
1.17292 4.61548
1.17361 4.50901
1.17431 4.41103
1.175 4.3219
1.17569 4.24177
1.17639 4.1706
1.17708 4.10812
1.17778 4.05386
1.17847 4.00716
1.17917 3.96723
1.17986 3.93312
1.18056 3.9038
1.18125 3.87821
1.18194 3.85527
1.18264 3.83393
1.18333 3.81318
1.18403 3.7921
1.18472 3.76989
1.18542 3.74584
1.18611 3.7194
1.18681 3.69015
1.1875 3.65785
1.18819 3.62243
1.18889 3.58405
1.18958 3.54307
1.19028 3.50008
1.19097 3.45593
1.19167 3.41171
1.19236 3.36873
1.19306 3.32858
1.19375 3.29301
1.19444 3.26394
1.19514 3.24341
1.19583 3.23344
1.19653 3.236
1.19722 3.25284
1.19792 3.28543
1.19861 3.33483
1.19931 3.40163
1.2 3.48595
1.20069 3.58739
1.20139 3.70516
1.20208 3.83807
1.20278 3.98467
1.20347 4.1433
1.20417 4.31218
1.20486 4.48947
1.20556 4.67331
1.20625 4.86189
1.20694 5.05345
1.20764 5.2463
1.20833 5.43886
1.20903 5.62966
1.20972 5.8173
1.21042 6.00049
1.21111 6.17803
1.21181 6.3488
1.2125 6.51176
1.21319 6.66595
1.21389 6.81046
1.21458 6.9445
1.21528 7.06734
1.21597 7.17833
1.21667 7.27694
1.21736 7.36274
1.21806 7.43535
1.21875 7.49452
1.21944 7.54005
1.22014 7.5718
1.22083 7.5897
1.22153 7.59373
1.22222 7.58393
1.22292 7.56039
1.22361 7.52333
1.22431 7.47302
1.225 7.40987
1.22569 7.33439
1.22639 7.24722
1.22708 7.14912
1.22778 7.04093
1.22847 6.92359
1.22917 6.79808
1.22986 6.66544
1.23056 6.52672
1.23125 6.38299
1.23194 6.23537
1.23264 6.08498
1.23333 5.93295
1.23403 5.78048
1.23472 5.62877
1.23542 5.47904
1.23611 5.33253
1.23681 5.19044
1.2375 5.05393
1.23819 4.92406
1.23889 4.80179
1.23958 4.68793
1.24028 4.58309
1.24097 4.48771
1.24167 4.40199
1.24236 4.32591
1.24306 4.25923
1.24375 4.20147
1.24444 4.15196
1.24514 4.10984
1.24583 4.07411
1.24653 4.04368
1.24722 4.01737
1.24792 3.99401
1.24861 3.97244
1.24931 3.95157
1.25 3.93037
1.25069 3.90794
1.25139 3.88349
1.25208 3.85637
1.25278 3.82609
1.25347 3.79234
1.25417 3.75501
1.25486 3.7142
1.25556 3.67023
1.25625 3.62368
1.25694 3.5754
1.25764 3.52648
1.25833 3.4783
1.25903 3.43249
1.25972 3.39092
1.26042 3.35565
1.26111 3.32888
1.26181 3.31284
1.2625 3.30972
1.26319 3.32153
1.26389 3.34997
1.26458 3.39631
1.26528 3.46133
1.26597 3.54526
1.26667 3.64779
1.26736 3.76811
1.26806 3.90501
1.26875 4.05694
1.26944 4.22211
1.27014 4.39863
1.27083 4.5845
1.27153 4.77774
1.27222 4.97637
1.27292 5.17851
1.27361 5.38234
1.27431 5.58618
1.275 5.78841
1.27569 5.98756
1.27639 6.18224
1.27708 6.37117
1.27778 6.55314
1.27847 6.72705
1.27917 6.89185
1.27986 7.0466
1.28056 7.19043
1.28125 7.32256
1.28194 7.4423
1.28264 7.54907
1.28333 7.64238
1.28403 7.72184
1.28472 7.78714
1.28542 7.83807
1.28611 7.87447
1.28681 7.89626
1.2875 7.90339
1.28819 7.89591
1.28889 7.87391
1.28958 7.83759
1.29028 7.78722
1.29097 7.72321
1.29167 7.64609
1.29236 7.55649
1.29306 7.45519
1.29375 7.34306
1.29444 7.22106
1.29514 7.09021
1.29583 6.9516
1.29653 6.80633
1.29722 6.65554
1.29792 6.50038
1.29861 6.34206
1.29931 6.18177
1.3 6.02078
1.30069 5.86036
1.30139 5.70183
1.30208 5.54649
1.30278 5.39563
1.30347 5.25052
1.30417 5.11231
1.30486 4.98205
1.30556 4.86064
1.30625 4.7488
1.30694 4.64701
1.30764 4.55555
1.30833 4.47444
1.30903 4.40347
1.30972 4.34214
1.31042 4.28978
1.31111 4.24547
1.31181 4.20817
1.3125 4.17668
1.31319 4.14975
1.31389 4.12611
1.31458 4.10449
1.31528 4.08369
1.31597 4.06257
1.31667 4.04013
1.31736 4.01549
1.31806 3.9879
1.31875 3.9568
1.31944 3.92181
1.32014 3.88273
1.32083 3.83962
1.32153 3.79275
1.32222 3.74269
1.32292 3.69025
1.32361 3.63655
1.32431 3.583
1.325 3.53128
1.32569 3.48336
1.32639 3.44143
1.32708 3.40786
1.32778 3.38508
1.32847 3.37554
1.32917 3.38149
1.32986 3.4049
1.33056 3.44731
1.33125 3.5097
1.33194 3.59244
1.33264 3.69533
1.33333 3.81758
1.33403 3.95793
1.33472 4.11474
1.33542 4.28611
1.33611 4.47001
1.33681 4.66428
1.3375 4.86678
1.33819 5.0754
1.33889 5.28811
1.33958 5.50296
1.34028 5.71814
1.34097 5.93192
1.34167 6.14272
1.34236 6.34906
1.34306 6.54955
1.34375 6.74293
1.34444 6.92801
1.34514 7.10368
1.34583 7.26894
1.34653 7.42284
1.34722 7.56457
1.34792 7.69337
1.34861 7.80862
1.34931 7.90978
1.35 7.99642
1.35069 8.06821
1.35139 8.12491
1.35208 8.16632
1.35278 8.19235
1.35347 8.20296
1.35417 8.19817
1.35486 8.17806
1.35556 8.14284
1.35625 8.09276
1.35694 8.02825
1.35764 7.94981
1.35833 7.85811
1.35903 7.75392
1.35972 7.63814
1.36042 7.51175
1.36111 7.37582
1.36181 7.23146
1.3625 7.07984
1.36319 6.92215
1.36389 6.75961
1.36458 6.59347
1.36528 6.42501
1.36597 6.25556
1.36667 6.08646
1.36736 5.9191
1.36806 5.75489
1.36875 5.59521
1.36944 5.4414
1.37014 5.29473
1.37083 5.15635
1.37153 5.02726
1.37222 4.90825
1.37292 4.79991
1.37361 4.70257
1.37431 4.61632
1.375 4.54094
1.37569 4.47599
1.37639 4.42073
1.37708 4.37425
1.37778 4.33541
1.37847 4.30295
1.37917 4.27553
1.37986 4.25176
1.38056 4.23028
1.38125 4.20974
1.38194 4.18893
1.38264 4.16673
1.38333 4.14214
1.38403 4.11433
1.38472 4.08264
1.38542 4.04662
1.38611 4.00599
1.38681 3.96075
1.3875 3.91113
1.38819 3.85764
