0 0
0.000694444 0.00191756
0.00138889 0.00322762
0.00208333 0.00420854
0.00277778 0.00531941
0.00347222 0.00706012
0.00416667 0.00971432
0.00486111 0.0133303
0.00555556 0.017861
0.00625 0.0232482
0.00694444 0.0294451
0.00763889 0.036412
0.00833333 0.0441134
0.00902778 0.052516
0.00972222 0.0615851
0.0104167 0.0712815
0.0111111 0.081565
0.0118056 0.0923925
0.0125 0.103714
0.0131944 0.115478
0.0138889 0.127623
0.0145833 0.140082
0.0152778 0.152779
0.0159722 0.165635
0.0166667 0.178567
0.0173611 0.191497
0.0180556 0.20436
0.01875 0.217102
0.0194444 0.229688
0.0201389 0.242104
0.0208333 0.254349
0.0215278 0.266427
0.0222222 0.278348
0.0229167 0.290113
0.0236111 0.301709
0.0243056 0.313117
0.025 0.324307
0.0256944 0.335246
0.0263889 0.345908
0.0270833 0.356276
0.0277778 0.366348
0.0284722 0.376129
0.0291667 0.385634
0.0298611 0.394868
0.0305556 0.40382
0.03125 0.412454
0.0319444 0.420711
0.0326389 0.428497
0.0333333 0.43571
0.0340278 0.442247
0.0347222 0.448014
0.0354167 0.452952
0.0361111 0.457039
0.0368056 0.460297
0.0375 0.462782
0.0381944 0.464585
0.0388889 0.465802
0.0395833 0.466527
0.0402778 0.466836
0.0409722 0.466775
0.0416667 0.466351
0.0423611 0.465549
0.0430556 0.46433
0.04375 0.462646
0.0444444 0.460456
0.0451389 0.457733
0.0458333 0.454464
0.0465278 0.450662
0.0472222 0.446356
0.0479167 0.441582
0.0486111 0.436382
0.0493056 0.430801
0.05 0.424876
0.0506944 0.41864
0.0513889 0.412126
0.0520833 0.405363
0.0527778 0.39838
0.0534722 0.391208
0.0541667 0.383885
0.0548611 0.376442
0.0555556 0.36892
0.05625 0.36136
0.0569444 0.353804
0.0576389 0.3463
0.0583333 0.338905
0.0590278 0.331678
0.0597222 0.324684
0.0604167 0.317993
0.0611111 0.311669
0.0618056 0.30577
0.0625 0.300344
0.0631944 0.295425
0.0638889 0.291027
0.0645833 0.287159
0.0652778 0.283826
0.0659722 0.281027
0.0666667 0.278776
0.0673611 0.277101
0.0680556 0.276048
0.06875 0.275682
0.0694444 0.27609
0.0701389 0.277376
0.0708333 0.279654
0.0715278 0.283051
0.0722222 0.287689
0.0729167 0.293683
0.0736111 0.301134
0.0743056 0.310119
0.075 0.320686
0.0756944 0.332849
0.0763889 0.346594
0.0770833 0.361863
0.0777778 0.378575
0.0784722 0.396619
0.0791667 0.415855
0.0798611 0.436127
0.0805556 0.457264
0.08125 0.479084
0.0819444 0.501403
0.0826389 0.524042
0.0833333 0.546832
0.0840278 0.569619
0.0847222 0.592269
0.0854167 0.614672
0.0861111 0.636731
0.0868056 0.65837
0.0875 0.679522
0.0881944 0.700118
0.0888889 0.720092
0.0895833 0.739375
0.0902778 0.757894
0.0909722 0.775573
0.0916667 0.792351
0.0923611 0.808173
0.0930556 0.823001
0.09375 0.836817
0.0944444 0.849615
0.0951389 0.861395
0.0958333 0.872156
0.0965278 0.881886
0.0972222 0.89055
0.0979167 0.898096
0.0986111 0.904455
0.0993056 0.909547
0.1 0.913295
0.100694 0.915647
0.101389 0.916581
0.102083 0.916115
0.102778 0.914312
0.103472 0.911277
0.104167 0.907139
0.104861 0.902042
0.105556 0.89613
0.10625 0.88952
0.106944 0.88231
0.107639 0.874564
0.108333 0.866312
0.109028 0.857572
0.109722 0.84835
0.110417 0.838653
0.111111 0.828502
0.111806 0.817936
0.1125 0.80701
0.113194 0.795793
0.113889 0.784363
0.114583 0.772802
0.115278 0.761184
0.115972 0.749578
0.116667 0.738044
0.117361 0.72663
0.118056 0.71538
0.11875 0.704332
0.119444 0.693513
0.120139 0.682951
0.120833 0.672669
0.121528 0.662682
0.122222 0.653001
0.122917 0.643636
0.123611 0.634596
0.124306 0.625888
0.125 0.617527
0.125694 0.609532
0.126389 0.601921
0.127083 0.594717
0.127778 0.587943
0.128472 0.581613
0.129167 0.575745
0.129861 0.570352
0.130556 0.565445
0.13125 0.561044
0.131944 0.557179
0.132639 0.553894
0.133333 0.551253
0.134028 0.549344
0.134722 0.548281
0.135417 0.548194
0.136111 0.549237
0.136806 0.551577
0.1375 0.555386
0.138194 0.560841
0.138889 0.568109
0.139583 0.577335
0.140278 0.588642
0.140972 0.602119
0.141667 0.617811
0.142361 0.63572
0.143056 0.655806
0.14375 0.677977
0.144444 0.702101
0.145139 0.728011
0.145833 0.755505
0.146528 0.784352
0.147222 0.814307
0.147917 0.845116
0.148611 0.876519
0.149306 0.90827
0.15 0.940137
0.150694 0.971907
0.151389 1.00339
0.152083 1.03442
0.152778 1.06484
0.153472 1.09452
0.154167 1.12333
0.154861 1.15114
0.155556 1.17782
0.15625 1.20326
0.156944 1.22732
0.157639 1.24991
0.158333 1.27093
0.159028 1.29032
0.159722 1.30803
0.160417 1.32403
0.161111 1.33831
0.161806 1.35086
0.1625 1.36165
0.163194 1.37065
0.163889 1.37782
0.164583 1.3831
0.165278 1.38642
0.165972 1.38772
0.166667 1.38697
0.167361 1.38418
0.168056 1.37939
0.16875 1.3727
0.169444 1.36424
0.170139 1.35418
0.170833 1.34272
0.171528 1.33005
0.172222 1.31633
0.172917 1.30174
0.173611 1.28638
0.174306 1.27035
0.175 1.25372
0.175694 1.23657
0.176389 1.21896
0.177083 1.20096
0.177778 1.18267
0.178472 1.1642
0.179167 1.14565
0.179861 1.12717
0.180556 1.10887
0.18125 1.09087
0.181944 1.07326
0.182639 1.05614
0.183333 1.03957
0.184028 1.02361
0.184722 1.00829
0.185417 0.993649
0.186111 0.979692
0.186806 0.966419
0.1875 0.95382
0.188194 0.941875
0.188889 0.930551
0.189583 0.919814
0.190278 0.90963
0.190972 0.899964
0.191667 0.890787
0.192361 0.88208
0.193056 0.873825
0.19375 0.86601
0.194444 0.858631
0.195139 0.851686
0.195833 0.845178
0.196528 0.839125
0.197222 0.833558
0.197917 0.828522
0.198611 0.82409
0.199306 0.820362
0.2 0.817465
0.200694 0.815556
0.201389 0.814821
0.202083 0.815464
0.202778 0.817711
0.203472 0.821797
0.204167 0.827951
0.204861 0.836395
0.205556 0.84733
0.20625 0.86092
0.206944 0.877287
0.207639 0.896505
0.208333 0.918593
0.209028 0.943506
0.209722 0.971148
0.210417 1.00137
0.211111 1.03396
0.211806 1.06867
0.2125 1.10522
0.213194 1.14331
0.213889 1.18261
0.214583 1.22279
0.215278 1.26352
0.215972 1.3045
0.216667 1.34544
0.217361 1.38607
0.218056 1.42614
0.21875 1.46545
0.219444 1.50378
0.220139 1.54093
0.220833 1.57674
0.221528 1.61101
0.222222 1.64356
0.222917 1.67424
0.223611 1.7029
0.224306 1.7294
0.225 1.75364
0.225694 1.77555
0.226389 1.79507
0.227083 1.81217
0.227778 1.82682
0.228472 1.839
0.229167 1.84868
0.229861 1.85581
0.230556 1.86035
0.23125 1.86222
0.231944 1.86141
0.232639 1.85788
0.233333 1.85165
0.234028 1.84281
0.234722 1.83146
0.235417 1.81779
0.236111 1.80199
0.236806 1.78431
0.2375 1.76498
0.238194 1.74422
0.238889 1.72227
0.239583 1.69929
0.240278 1.67544
0.240972 1.65086
0.241667 1.62567
0.242361 1.60001
0.243056 1.57401
0.24375 1.54781
0.244444 1.52158
0.245139 1.49549
0.245833 1.46972
0.246528 1.44444
0.247222 1.4198
0.247917 1.39594
0.248611 1.37298
0.249306 1.35101
0.25 1.33009
0.250694 1.31028
0.251389 1.29158
0.252083 1.27401
0.252778 1.25754
0.253472 1.24214
0.254167 1.22774
0.254861 1.21428
0.255556 1.20168
0.25625 1.18986
0.256944 1.17874
0.257639 1.16824
0.258333 1.1583
0.259028 1.14888
0.259722 1.13991
0.260417 1.13138
0.261111 1.12326
0.261806 1.11555
0.2625 1.10826
0.263194 1.10143
0.263889 1.09512
0.264583 1.08944
0.265278 1.0845
0.265972 1.08048
0.266667 1.07757
0.267361 1.07602
0.268056 1.07609
0.26875 1.07806
0.269444 1.08222
0.270139 1.08888
0.270833 1.0983
0.271528 1.11075
0.272222 1.12644
0.272917 1.14553
0.273611 1.16812
0.274306 1.19424
0.275 1.22386
0.275694 1.25687
0.276389 1.29309
0.277083 1.33229
0.277778 1.37417
0.278472 1.4184
0.279167 1.46461
0.279861 1.51241
0.280556 1.56138
0.28125 1.61115
0.281944 1.66132
0.282639 1.71151
0.283333 1.7614
0.284028 1.81066
0.284722 1.859
0.285417 1.90615
0.286111 1.95185
0.286806 1.99586
0.2875 2.03795
0.288194 2.07788
0.288889 2.11544
0.289583 2.15044
0.290278 2.18271
0.290972 2.21211
0.291667 2.23853
0.292361 2.26189
0.293056 2.28214
0.29375 2.29923
0.294444 2.31314
0.295139 2.32383
0.295833 2.33126
0.296528 2.33537
0.297222 2.33613
0.297917 2.33351
0.298611 2.3275
0.299306 2.31813
0.3 2.3055
0.300694 2.28976
0.301389 2.2711
0.302083 2.24977
0.302778 2.22604
0.303472 2.2002
0.304167 2.17253
0.304861 2.1433
0.305556 2.11276
0.30625 2.08111
0.306944 2.04857
0.307639 2.01532
0.308333 1.98155
0.309028 1.94745
0.309722 1.91322
0.310417 1.8791
0.311111 1.8453
0.311806 1.81205
0.3125 1.77957
0.313194 1.74808
0.313889 1.71773
0.314583 1.68869
0.315278 1.66107
0.315972 1.63495
0.316667 1.61039
0.317361 1.58741
0.318056 1.56599
0.31875 1.5461
0.319444 1.52767
0.320139 1.51062
0.320833 1.49484
0.321528 1.4802
0.322222 1.46658
0.322917 1.45385
0.323611 1.4419
0.324306 1.43062
0.325 1.4199
0.325694 1.40968
0.326389 1.39991
0.327083 1.39052
0.327778 1.38152
0.328472 1.37291
0.329167 1.36473
0.329861 1.35705
0.330556 1.35
0.33125 1.34374
0.331944 1.33845
0.332639 1.3344
0.333333 1.33187
0.334028 1.33117
0.334722 1.33267
0.335417 1.3367
0.336111 1.34364
0.336806 1.35383
0.3375 1.36757
0.338194 1.38514
0.338889 1.40674
0.339583 1.4325
0.340278 1.46248
0.340972 1.49663
0.341667 1.53486
0.342361 1.57696
0.343056 1.62266
0.34375 1.67162
0.344444 1.72347
0.345139 1.77777
0.345833 1.83406
0.346528 1.89186
0.347222 1.95071
0.347917 2.01013
0.348611 2.06968
0.349306 2.12895
0.35 2.18753
0.350694 2.24507
0.351389 2.30123
0.352083 2.35568
0.352778 2.40813
0.353472 2.45827
0.354167 2.50583
0.354861 2.55054
0.355556 2.59218
0.35625 2.63051
0.356944 2.66538
0.357639 2.69663
0.358333 2.72415
0.359028 2.74788
0.359722 2.76775
0.360417 2.78373
0.361111 2.79576
0.361806 2.80381
0.3625 2.80784
0.363194 2.8078
0.363889 2.80368
0.364583 2.79549
0.365278 2.78328
0.365972 2.76715
0.366667 2.74727
0.367361 2.72387
0.368056 2.69722
0.36875 2.66764
0.369444 2.63546
0.370139 2.60102
0.370833 2.56463
0.371528 2.52661
0.372222 2.48723
0.372917 2.44676
0.373611 2.40544
0.374306 2.36352
0.375 2.32125
0.375694 2.27891
0.376389 2.23677
0.377083 2.19511
0.377778 2.15422
0.378472 2.11437
0.379167 2.0758
0.379861 2.03875
0.380556 2.0034
0.38125 1.96989
0.381944 1.93832
0.382639 1.90877
0.383333 1.88125
0.384028 1.85574
0.384722 1.8322
0.385417 1.81053
0.386111 1.79061
0.386806 1.77231
0.3875 1.75545
0.388194 1.73986
0.388889 1.72538
0.389583 1.71184
0.390278 1.69908
0.390972 1.68697
0.391667 1.6754
0.392361 1.66427
0.393056 1.65354
0.39375 1.64316
0.394444 1.63314
0.395139 1.62352
0.395833 1.61438
0.396528 1.60586
0.397222 1.59814
0.397917 1.59146
0.398611 1.58611
0.399306 1.58243
0.4 1.58079
0.400694 1.58161
0.401389 1.58531
0.402083 1.59231
0.402778 1.60302
0.403472 1.61782
0.404167 1.63704
0.404861 1.66091
0.405556 1.68962
0.40625 1.72324
0.406944 1.76174
0.407639 1.80501
0.408333 1.85283
0.409028 1.90491
0.409722 1.96087
0.410417 2.02026
0.411111 2.08261
0.411806 2.14737
0.4125 2.21401
0.413194 2.28198
0.413889 2.35072
0.414583 2.41972
0.415278 2.48848
0.415972 2.55653
0.416667 2.62343
0.417361 2.68878
0.418056 2.75219
0.41875 2.81329
0.419444 2.87173
0.420139 2.92718
0.420833 2.97932
0.421528 3.02787
0.422222 3.07258
0.422917 3.11322
0.423611 3.14962
0.424306 3.18164
0.425 3.20918
0.425694 3.23216
0.426389 3.25053
0.427083 3.26424
0.427778 3.27325
0.428472 3.27752
0.429167 3.27701
0.429861 3.27172
0.430556 3.26166
0.43125 3.24689
0.431944 3.22754
0.432639 3.2038
0.433333 3.17591
0.434028 3.14418
0.434722 3.10897
0.435417 3.07064
0.436111 3.02958
0.436806 2.98617
0.4375 2.94078
0.438194 2.89374
0.438889 2.84537
0.439583 2.796
0.440278 2.74592
0.440972 2.69545
0.441667 2.64492
0.442361 2.59467
0.443056 2.54503
0.44375 2.49634
0.444444 2.44893
0.445139 2.40311
0.445833 2.35914
0.446528 2.31724
0.447222 2.2776
0.447917 2.24034
0.448611 2.20554
0.449306 2.17324
0.45 2.14339
0.450694 2.11596
0.451389 2.09081
0.452083 2.06782
0.452778 2.04678
0.453472 2.02751
0.454167 2.00979
0.454861 1.9934
0.455556 1.97812
0.45625 1.96376
0.456944 1.95014
0.457639 1.93711
0.458333 1.92455
0.459028 1.91238
0.459722 1.90054
0.460417 1.88902
0.461111 1.87787
0.461806 1.86717
0.4625 1.85707
0.463194 1.84778
0.463889 1.83958
0.464583 1.83279
0.465278 1.82779
0.465972 1.82503
0.466667 1.82497
0.467361 1.82811
0.468056 1.83494
0.46875 1.84594
0.469444 1.86156
0.470139 1.88217
0.470833 1.90807
0.471528 1.93949
0.472222 1.97652
0.472917 2.01916
0.473611 2.06729
0.474306 2.12068
0.475 2.17899
0.475694 2.24182
0.476389 2.30868
0.477083 2.37901
0.477778 2.45222
0.478472 2.5277
0.479167 2.60481
0.479861 2.68293
0.480556 2.76147
0.48125 2.83983
0.481944 2.91748
0.482639 2.99391
0.483333 3.06863
0.484028 3.14119
0.484722 3.21117
0.485417 3.27814
0.486111 3.34174
0.486806 3.40158
0.4875 3.45734
0.488194 3.50871
0.488889 3.55544
0.489583 3.59731
0.490278 3.63415
0.490972 3.66584
0.491667 3.69227
0.492361 3.71338
0.493056 3.72911
0.49375 3.73941
0.494444 3.74425
0.495139 3.7436
0.495833 3.73746
0.496528 3.72584
0.497222 3.70883
0.497917 3.68656
0.498611 3.65923
0.499306 3.62711
0.5 3.59055
0.500694 3.54991
0.501389 3.50563
0.502083 3.45814
0.502778 3.40786
0.503472 3.35521
0.504167 3.3006
0.504861 3.24441
0.505556 3.18702
0.50625 3.12878
0.506944 3.07009
0.507639 3.01132
0.508333 2.95286
0.509028 2.89513
0.509722 2.83851
0.510417 2.78338
0.511111 2.73012
0.511806 2.67902
0.5125 2.63036
0.513194 2.58435
0.513889 2.54115
0.514583 2.50085
0.515278 2.4635
0.515972 2.42908
0.516667 2.3975
0.517361 2.36865
0.518056 2.34234
0.51875 2.31837
0.519444 2.2965
0.520139 2.27646
0.520833 2.25799
0.521528 2.24083
0.522222 2.22473
0.522917 2.20949
0.523611 2.19489
0.524306 2.1808
0.525 2.1671
0.525694 2.15371
0.526389 2.14061
0.527083 2.12784
0.527778 2.11549
0.528472 2.10371
0.529167 2.09274
0.529861 2.08288
0.530556 2.0745
0.53125 2.06802
0.531944 2.06396
0.532639 2.06282
0.533333 2.06519
0.534028 2.07162
0.534722 2.08266
0.535417 2.09883
0.536111 2.12058
0.536806 2.14827
0.5375 2.18215
0.538194 2.22236
0.538889 2.26891
0.539583 2.32169
0.540278 2.38045
0.540972 2.44485
0.541667 2.51443
0.542361 2.58865
0.543056 2.6669
0.54375 2.74852
0.544444 2.83282
0.545139 2.91909
0.545833 3.00665
0.546528 3.09479
0.547222 3.18286
0.547917 3.27025
0.548611 3.35635
0.549306 3.44062
0.55 3.52254
0.550694 3.60161
0.551389 3.67736
0.552083 3.74935
0.552778 3.81716
0.553472 3.88041
0.554167 3.93875
0.554861 3.99188
0.555556 4.03954
0.55625 4.08153
0.556944 4.11769
0.557639 4.14791
0.558333 4.1721
0.559028 4.19019
0.559722 4.20214
0.560417 4.20789
0.561111 4.20743
0.561806 4.20076
0.5625 4.18791
0.563194 4.16896
0.563889 4.14406
0.564583 4.11343
0.565278 4.07736
0.565972 4.03621
0.566667 3.9904
0.567361 3.94038
0.568056 3.88664
0.56875 3.82964
0.569444 3.76988
0.570139 3.70781
0.570833 3.64388
0.571528 3.57851
0.572222 3.51214
0.572917 3.4452
0.573611 3.37815
0.574306 3.31143
0.575 3.2455
0.575694 3.18082
0.576389 3.11782
0.577083 3.05693
0.577778 2.99851
0.578472 2.94286
0.579167 2.89025
0.579861 2.84087
0.580556 2.79483
0.58125 2.75218
0.581944 2.71292
0.582639 2.67695
0.583333 2.64415
0.584028 2.6143
0.584722 2.58718
0.585417 2.5625
0.586111 2.53995
0.586806 2.51923
0.5875 2.50004
0.588194 2.48208
0.588889 2.46508
0.589583 2.44882
0.590278 2.4331
0.590972 2.41777
0.591667 2.40275
0.592361 2.38798
0.593056 2.3735
0.59375 2.3594
0.594444 2.34584
0.595139 2.33308
0.595833 2.32143
0.596528 2.31132
0.597222 2.30321
0.597917 2.29765
0.598611 2.29525
0.599306 2.29662
0.6 2.30241
0.600694 2.31325
0.601389 2.32973
0.602083 2.35235
0.602778 2.38155
0.603472 2.41763
0.604167 2.46076
0.604861 2.51099
0.605556 2.56821
0.60625 2.63216
0.606944 2.70247
0.607639 2.77865
0.608333 2.86012
0.609028 2.9462
0.609722 3.03618
0.610417 3.12929
0.611111 3.22474
0.611806 3.32176
0.6125 3.41958
0.613194 3.51746
0.613889 3.6147
0.614583 3.71063
0.615278 3.80461
0.615972 3.89608
0.616667 3.98445
0.617361 4.06921
0.618056 4.14985
0.61875 4.2259
0.619444 4.29692
0.620139 4.36253
0.620833 4.42236
0.621528 4.47614
0.622222 4.52361
0.622917 4.56459
0.623611 4.59894
0.624306 4.62655
0.625 4.64734
0.625694 4.66127
0.626389 4.66828
0.627083 4.66835
0.627778 4.66149
0.628472 4.64772
0.629167 4.62716
0.629861 4.59994
0.630556 4.56631
0.63125 4.52656
0.631944 4.48109
0.632639 4.43035
0.633333 4.37482
0.634028 4.31502
0.634722 4.2515
0.635417 4.18477
0.636111 4.11535
0.636806 4.04376
0.6375 3.97049
0.638194 3.89601
0.638889 3.82084
0.639583 3.74548
0.640278 3.67043
0.640972 3.59622
0.641667 3.52336
0.642361 3.45236
0.643056 3.38368
0.64375 3.31773
0.644444 3.25489
0.645139 3.19545
0.645833 3.13964
0.646528 3.0876
0.647222 3.0394
0.647917 2.99504
0.648611 2.95444
0.649306 2.91743
0.65 2.88381
0.650694 2.85331
0.651389 2.82561
0.652083 2.80037
0.652778 2.77724
0.653472 2.75585
0.654167 2.73588
0.654861 2.717
0.655556 2.69896
0.65625 2.6815
0.656944 2.66446
0.657639 2.64771
0.658333 2.63119
0.659028 2.61491
0.659722 2.59897
0.660417 2.58354
0.661111 2.56887
0.661806 2.55532
0.6625 2.54333
0.663194 2.53343
0.663889 2.52621
0.664583 2.52233
0.665278 2.52249
0.665972 2.52741
0.666667 2.5378
0.667361 2.55431
0.668056 2.57754
0.66875 2.60797
0.669444 2.64598
0.670139 2.69178
0.670833 2.74544
0.671528 2.80686
0.672222 2.87579
0.672917 2.95183
0.673611 3.03447
0.674306 3.12306
0.675 3.21689
0.675694 3.31516
0.676389 3.41704
0.677083 3.52167
0.677778 3.62818
0.678472 3.73574
0.679167 3.84351
0.679861 3.95071
0.680556 4.0566
0.68125 4.16048
0.681944 4.26167
0.682639 4.35957
0.683333 4.45356
0.684028 4.5431
0.684722 4.62765
0.685417 4.70673
0.686111 4.77989
0.686806 4.84674
0.6875 4.90694
0.688194 4.96022
0.688889 5.00636
0.689583 5.04518
0.690278 5.07656
0.690972 5.10041
0.691667 5.11666
0.692361 5.12527
0.693056 5.12622
0.69375 5.1195
0.694444 5.10516
0.695139 5.0833
0.695833 5.05408
0.696528 5.01774
0.697222 4.97462
0.697917 4.9251
0.698611 4.86968
0.699306 4.80887
0.7 4.74324
0.700694 4.67336
0.701389 4.59983
0.702083 4.52321
0.702778 4.44407
0.703472 4.36296
0.704167 4.28044
0.704861 4.19704
0.705556 4.11335
0.70625 4.02994
0.706944 3.94737
0.707639 3.86624
0.708333 3.78709
0.709028 3.71045
0.709722 3.63681
0.710417 3.56657
0.711111 3.50008
0.711806 3.4376
0.7125 3.37931
0.713194 3.32531
0.713889 3.27559
0.714583 3.23008
0.715278 3.18863
0.715972 3.15099
0.716667 3.11688
0.717361 3.08595
0.718056 3.05781
0.71875 3.03208
0.719444 3.00834
0.720139 2.9862
0.720833 2.96532
0.721528 2.94537
0.722222 2.92608
0.722917 2.90722
0.723611 2.88866
0.724306 2.8703
0.725 2.85214
0.725694 2.83427
0.726389 2.81686
0.727083 2.80018
0.727778 2.78461
0.728472 2.77061
0.729167 2.75875
0.729861 2.74969
0.730556 2.74415
0.73125 2.74289
0.731944 2.7467
0.732639 2.75638
0.733333 2.77266
0.734028 2.79621
0.734722 2.82761
0.735417 2.86727
0.736111 2.91546
0.736806 2.97229
0.7375 3.03767
0.738194 3.11136
0.738889 3.19294
0.739583 3.28186
0.740278 3.37744
0.740972 3.4789
0.741667 3.58539
0.742361 3.696
0.743056 3.80979
0.74375 3.92583
0.744444 4.04317
0.745139 4.16091
0.745833 4.27819
0.746528 4.39418
0.747222 4.50809
0.747917 4.61921
0.748611 4.72682
0.749306 4.83027
0.75 4.92894
0.750694 5.02226
0.751389 5.10967
0.752083 5.19068
0.752778 5.26485
0.753472 5.3318
0.754167 5.39122
0.754861 5.44284
0.755556 5.48648
0.75625 5.52198
0.756944 5.54924
0.757639 5.56817
0.758333 5.57873
0.759028 5.5809
0.759722 5.57467
0.760417 5.56009
0.761111 5.53726
0.761806 5.50636
0.7625 5.46763
0.763194 5.42142
0.763889 5.36815
0.764583 5.30831
0.765278 5.24247
0.765972 5.17123
0.766667 5.09521
0.767361 5.01505
0.768056 4.93137
0.76875 4.8448
0.769444 4.75595
0.770139 4.66542
0.770833 4.57384
0.771528 4.48183
0.772222 4.39001
0.772917 4.29903
0.773611 4.20952
0.774306 4.12211
0.775 4.03737
0.775694 3.95585
0.776389 3.87801
0.777083 3.80425
0.777778 3.73487
0.778472 3.67009
0.779167 3.61002
0.779861 3.55469
0.780556 3.50403
0.78125 3.45787
0.781944 3.41597
0.782639 3.37801
0.783333 3.34362
0.784028 3.31238
0.784722 3.28385
0.785417 3.25759
0.786111 3.23314
0.786806 3.21012
0.7875 3.18814
0.788194 3.1669
0.788889 3.14613
0.789583 3.12566
0.790278 3.10538
0.790972 3.08526
0.791667 3.06537
0.792361 3.04589
0.793056 3.02709
0.79375 3.00937
0.794444 2.99323
0.795139 2.97927
0.795833 2.9682
0.796528 2.96079
0.797222 2.95789
0.797917 2.96037
0.798611 2.96908
0.799306 2.98486
0.8 3.00847
0.800694 3.04053
0.801389 3.08155
0.802083 3.13186
0.802778 3.19158
0.803472 3.26067
0.804167 3.33888
0.804861 3.42579
0.805556 3.52081
0.80625 3.62323
0.806944 3.73221
0.807639 3.84683
0.808333 3.96611
0.809028 4.08905
0.809722 4.2146
0.810417 4.34177
0.811111 4.46955
0.811806 4.597
0.8125 4.72321
0.813194 4.84732
0.813889 4.96852
0.814583 5.08605
0.815278 5.19918
0.815972 5.30723
0.816667 5.40956
0.817361 5.50558
0.818056 5.59473
0.81875 5.67653
0.819444 5.75055
0.820139 5.81643
0.820833 5.87388
0.821528 5.92268
0.822222 5.96265
0.822917 5.99366
0.823611 6.01563
0.824306 6.0285
0.825 6.03223
0.825694 6.02684
0.826389 6.01237
0.827083 5.98891
0.827778 5.95666
0.828472 5.91586
0.829167 5.86687
0.829861 5.81013
0.830556 5.74616
0.83125 5.67554
0.831944 5.59893
0.832639 5.51697
0.833333 5.43037
0.834028 5.33979
0.834722 5.24592
0.835417 5.14943
0.836111 5.05099
0.836806 4.95126
0.8375 4.85093
0.838194 4.75069
0.838889 4.65124
0.839583 4.55329
0.840278 4.4575
0.840972 4.36452
0.841667 4.27496
0.842361 4.18933
0.843056 4.10809
0.84375 4.03158
0.844444 3.96006
0.845139 3.89367
0.845833 3.83246
0.846528 3.77638
0.847222 3.72525
0.847917 3.67883
0.848611 3.63679
0.849306 3.59872
0.85 3.56417
0.850694 3.53265
0.851389 3.50368
0.852083 3.47677
0.852778 3.45145
0.853472 3.42733
0.854167 3.40402
0.854861 3.38125
0.855556 3.35878
0.85625 3.33648
0.856944 3.31431
0.857639 3.29232
0.858333 3.27067
0.859028 3.24966
0.859722 3.22969
0.860417 3.21128
0.861111 3.19507
0.861806 3.18182
0.8625 3.17236
0.863194 3.1676
0.863889 3.1685
0.864583 3.17599
0.865278 3.191
0.865972 3.21437
0.866667 3.24681
0.867361 3.2889
0.868056 3.34102
0.86875 3.40336
0.869444 3.47589
0.870139 3.55837
0.870833 3.65039
0.871528 3.75132
0.872222 3.86041
0.872917 3.97677
0.873611 4.09943
0.874306 4.22732
0.875 4.35936
0.875694 4.49444
0.876389 4.63146
0.877083 4.76934
0.877778 4.90706
0.878472 5.0436
0.879167 5.17805
0.879861 5.30951
0.880556 5.43714
0.88125 5.56016
0.881944 5.67783
0.882639 5.78943
0.883333 5.89432
0.884028 5.99189
0.884722 6.08162
0.885417 6.16302
0.886111 6.23569
0.886806 6.29931
0.8875 6.35361
0.888194 6.3984
0.888889 6.43353
0.889583 6.45889
0.890278 6.47443
0.890972 6.48009
0.891667 6.47589
0.892361 6.46186
0.893056 6.43813
0.89375 6.40486
0.894444 6.36231
0.895139 6.31086
0.895833 6.25096
0.896528 6.18313
0.897222 6.10801
0.897917 6.02626
0.898611 5.9386
0.899306 5.84575
0.9 5.74845
0.900694 5.64743
0.901389 5.54342
0.902083 5.43713
0.902778 5.32931
0.903472 5.2207
0.904167 5.11203
0.904861 5.00409
0.905556 4.89761
0.90625 4.79334
0.906944 4.692
0.907639 4.59424
0.908333 4.50064
0.909028 4.41171
0.909722 4.32784
0.910417 4.24933
0.911111 4.17638
0.911806 4.10904
0.9125 4.04726
0.913194 3.99091
0.913889 3.93973
0.914583 3.89335
0.915278 3.85136
0.915972 3.81328
0.916667 3.77857
0.917361 3.74671
0.918056 3.71716
0.91875 3.68941
0.919444 3.663
0.920139 3.63753
0.920833 3.61263
0.921528 3.58808
0.922222 3.56368
0.922917 3.53937
0.923611 3.51519
0.924306 3.49129
0.925 3.46797
0.925694 3.44562
0.926389 3.42482
0.927083 3.40622
0.927778 3.39062
0.928472 3.37892
0.929167 3.37211
0.929861 3.37119
0.930556 3.37721
0.93125 3.39117
0.931944 3.41401
0.932639 3.44653
0.933333 3.48938
0.934028 3.54302
0.934722 3.60767
0.935417 3.68337
0.936111 3.76987
0.936806 3.86675
0.9375 3.97339
0.938194 4.08897
0.938889 4.21258
0.939583 4.34315
0.940278 4.47957
0.940972 4.62067
0.941667 4.76526
0.942361 4.91216
0.943056 5.06019
0.94375 5.20824
0.944444 5.35524
0.945139 5.50016
0.945833 5.64203
0.946528 5.77996
0.947222 5.91308
0.947917 6.04058
0.948611 6.1617
0.949306 6.27573
0.95 6.38202
0.950694 6.47996
0.951389 6.56906
0.952083 6.64885
0.952778 6.71897
0.953472 6.77913
0.954167 6.82909
0.954861 6.86869
0.955556 6.8978
0.95625 6.91636
0.956944 6.92431
0.957639 6.92165
0.958333 6.90844
0.959028 6.88476
0.959722 6.85082
0.960417 6.80687
0.961111 6.75328
0.961806 6.69051
0.9625 6.61913
0.963194 6.53978
0.963889 6.45317
0.964583 6.36003
0.965278 6.26115
0.965972 6.15731
0.966667 6.04929
0.967361 5.93789
0.968056 5.82386
0.96875 5.70802
0.969444 5.59116
0.970139 5.47408
0.970833 5.3576
0.971528 5.24255
0.972222 5.12972
0.972917 5.01989
0.973611 4.91379
0.974306 4.81204
0.975 4.71522
0.975694 4.62378
0.976389 4.53806
0.977083 4.45828
0.977778 4.38454
0.978472 4.31682
0.979167 4.25498
0.979861 4.19875
0.980556 4.14779
0.98125 4.10165
0.981944 4.0598
0.982639 4.0217
0.983333 3.98676
0.984028 3.95441
0.984722 3.92407
0.985417 3.89525
0.986111 3.86747
0.986806 3.84036
0.9875 3.81361
0.988194 3.78702
0.988889 3.76049
0.989583 3.73404
0.990278 3.7078
0.990972 3.68207
0.991667 3.65726
0.992361 3.63393
0.993056 3.6128
0.99375 3.5947
0.994444 3.58058
0.995139 3.57149
0.995833 3.56853
0.996528 3.57283
0.997222 3.58547
0.997917 3.60748
0.998611 3.63977
0.999306 3.68307
1 3.73791
1.00069 3.80459
1.00139 3.88315
1.00208 3.9734
1.00278 4.07491
1.00347 4.18702
1.00417 4.30891
1.00486 4.43959
1.00556 4.57796
1.00625 4.72282
1.00694 4.87293
1.00764 5.02701
1.00833 5.18378
1.00903 5.34201
1.00972 5.50047
1.01042 5.65801
1.01111 5.81353
1.01181 5.96597
1.0125 6.11437
1.01319 6.25779
1.01389 6.39535
1.01458 6.52623
1.01528 6.64966
1.01597 6.76494
1.01667 6.87141
1.01736 6.96851
1.01806 7.05574
1.01875 7.1327
1.01944 7.19905
1.02014 7.25454
1.02083 7.29896
1.02153 7.33219
1.02222 7.35414
1.02292 7.36474
1.02361 7.36399
1.02431 7.35194
1.025 7.32869
1.02569 7.29441
1.02639 7.24939
1.02708 7.19399
1.02778 7.12869
1.02847 7.05406
1.02917 6.97077
1.02986 6.87956
1.03056 6.78119
1.03125 6.6765
1.03194 6.56632
1.03264 6.45148
1.03333 6.33282
1.03403 6.21117
1.03472 6.08739
1.03542 5.96233
1.03611 5.83685
1.03681 5.71184
1.0375 5.58817
1.03819 5.4667
1.03889 5.34829
1.03958 5.23369
1.04028 5.12364
1.04097 5.01874
1.04167 4.91951
1.04236 4.82633
1.04306 4.73948
1.04375 4.65909
1.04444 4.58516
1.04514 4.51756
1.04583 4.45604
1.04653 4.40023
1.04722 4.34969
1.04792 4.30385
1.04861 4.26214
1.04931 4.22393
1.05 4.18859
1.05069 4.1555
1.05139 4.12412
1.05208 4.09392
1.05278 4.06448
1.05347 4.03544
1.05417 4.00658
1.05486 3.97774
1.05556 3.94893
1.05625 3.92027
1.05694 3.89204
1.05764 3.86465
1.05833 3.8387
1.05903 3.8149
1.05972 3.79414
1.06042 3.77743
1.06111 3.76587
1.06181 3.76064
1.0625 3.76294
1.06319 3.77398
1.06389 3.79488
1.06458 3.82663
1.06528 3.87006
1.06597 3.92579
1.06667 3.99416
1.06736 4.07529
1.06806 4.169
1.06875 4.27487
1.06944 4.39223
1.07014 4.52022
1.07083 4.65781
1.07153 4.80384
1.07222 4.95703
1.07292 5.11607
1.07361 5.2796
1.07431 5.44625
1.075 5.6147
1.07569 5.78363
1.07639 5.95181
1.07708 6.11804
1.07778 6.28121
1.07847 6.44025
1.07917 6.59416
1.07986 6.742
1.08056 6.88288
1.08125 7.01597
1.08194 7.1405
1.08264 7.25579
1.08333 7.3612
1.08403 7.4562
1.08472 7.54032
1.08542 7.61322
1.08611 7.67458
1.08681 7.7242
1.0875 7.76191
1.08819 7.7876
1.08889 7.80122
1.08958 7.80275
1.09028 7.79222
1.09097 7.76975
1.09167 7.7355
1.09236 7.68976
1.09306 7.63289
1.09375 7.56538
1.09444 7.48782
1.09514 7.40088
1.09583 7.30534
1.09653 7.20201
1.09722 7.09174
1.09792 6.97543
1.09861 6.85394
1.09931 6.72818
1.1 6.59904
1.10069 6.46742
1.10139 6.33422
1.10208 6.20038
1.10278 6.06683
1.10347 5.93451
1.10417 5.80435
1.10486 5.67724
1.10556 5.55405
1.10625 5.43553
1.10694 5.32237
1.10764 5.21514
1.10833 5.11428
1.10903 5.02012
1.10972 4.93281
1.11042 4.8524
1.11111 4.77878
1.11181 4.71169
1.1125 4.65079
1.11319 4.59559
1.11389 4.54553
1.11458 4.49998
1.11528 4.45829
1.11597 4.41978
1.11667 4.38378
1.11736 4.34969
1.11806 4.31695
1.11875 4.28506
1.11944 4.25364
1.12014 4.2224
1.12083 4.19118
1.12153 4.15993
1.12222 4.12876
1.12292 4.09794
1.12361 4.06789
1.12431 4.03919
1.125 4.0126
1.12569 3.98904
1.12639 3.96955
1.12708 3.95532
1.12778 3.94759
1.12847 3.94766
1.12917 3.95682
1.12986 3.97631
1.13056 4.0072
1.13125 4.05044
1.13194 4.10672
1.13264 4.17648
1.13333 4.25986
1.13403 4.35673
1.13472 4.46668
1.13542 4.58903
1.13611 4.72291
1.13681 4.86722
1.1375 5.02075
1.13819 5.18216
1.13889 5.35005
1.13958 5.52298
1.14028 5.6995
1.14097 5.87819
1.14167 6.05765
1.14236 6.23654
1.14306 6.4136
1.14375 6.58762
1.14444 6.75747
1.14514 6.92205
1.14583 7.08038
1.14653 7.23149
1.14722 7.37449
1.14792 7.50856
1.14861 7.63294
1.14931 7.74697
1.15 7.85005
1.15069 7.94168
1.15139 8.02146
1.15208 8.08906
1.15278 8.14422
1.15347 8.18677
1.15417 8.21659
1.15486 8.2336
1.15556 8.23777
1.15625 8.22914
1.15694 8.20781
1.15764 8.17395
1.15833 8.12783
1.15903 8.06984
1.15972 8.00045
1.16042 7.92027
1.16111 7.83
1.16181 7.73043
1.1625 7.6224
1.16319 7.5068
1.16389 7.38458
1.16458 7.25664
1.16528 7.12395
1.16597 6.98745
1.16667 6.84809
1.16736 6.70685
1.16806 6.56469
1.16875 6.42262
1.16944 6.28163
1.17014 6.14272
1.17083 6.00684
1.17153 5.87492
1.17222 5.74779
1.17292 5.6262
1.17361 5.51077
1.17431 5.40202
1.175 5.3003
1.17569 5.20583
1.17639 5.11868
1.17708 5.03876
1.17778 4.96584
1.17847 4.89957
1.17917 4.83946
1.17986 4.78493
1.18056 4.73532
1.18125 4.68994
1.18194 4.64807
1.18264 4.60899
1.18333 4.57205
1.18403 4.53662
1.18472 4.50217
1.18542 4.46826
1.18611 4.43456
1.18681 4.40086
1.1875 4.36709
1.18819 4.33334
1.18889 4.29984
1.18958 4.26703
1.19028 4.23548
1.19097 4.20598
1.19167 4.17946
1.19236 4.15704
1.19306 4.13994
1.19375 4.12949
1.19444 4.12708
1.19514 4.13409
1.19583 4.15186
1.19653 4.18159
1.19722 4.2243
1.19792 4.2808
1.19861 4.35159
1.19931 4.4369
1.2 4.53662
1.20069 4.65036
1.20139 4.77745
1.20208 4.91698
1.20278 5.06782
1.20347 5.22869
1.20417 5.39819
1.20486 5.57483
1.20556 5.75711
1.20625 5.94347
1.20694 6.1324
1.20764 6.32242
1.20833 6.5121
1.20903 6.70009
1.20972 6.88509
1.21042 7.06589
1.21111 7.24134
1.21181 7.41036
1.2125 7.57192
1.21319 7.72508
1.21389 7.86895
1.21458 8.00272
1.21528 8.12566
1.21597 8.23714
1.21667 8.33661
1.21736 8.42361
1.21806 8.49779
1.21875 8.55886
1.21944 8.60663
1.22014 8.64093
1.22083 8.6617
1.22153 8.66889
1.22222 8.66252
1.22292 8.6427
1.22361 8.60959
1.22431 8.56347
1.225 8.5047
1.22569 8.43378
1.22639 8.35132
1.22708 8.25803
1.22778 8.15472
1.22847 8.04227
1.22917 7.9216
1.22986 7.79369
1.23056 7.65952
1.23125 7.52008
1.23194 7.37637
1.23264 7.2294
1.23333 7.08019
1.23403 6.92978
1.23472 6.77921
1.23542 6.62955
1.23611 6.48185
1.23681 6.33714
1.2375 6.1964
1.23819 6.06052
1.23889 5.93033
1.23958 5.80652
1.24028 5.68965
1.24097 5.58014
1.24167 5.47825
1.24236 5.38409
1.24306 5.29761
1.24375 5.21859
1.24444 5.14668
1.24514 5.0814
1.24583 5.02215
1.24653 4.96825
1.24722 4.91897
1.24792 4.87354
1.24861 4.8312
1.24931 4.79124
1.25 4.75299
1.25069 4.71586
1.25139 4.67935
1.25208 4.6431
1.25278 4.60684
1.25347 4.57048
1.25417 4.53406
1.25486 4.49781
1.25556 4.46214
1.25625 4.42765
1.25694 4.39512
1.25764 4.36552
1.25833 4.33999
1.25903 4.31983
1.25972 4.30645
1.26042 4.30131
1.26111 4.3059
1.26181 4.32165
1.2625 4.34989
1.26319 4.39174
1.26389 4.44811
1.26458 4.5196
1.26528 4.60649
1.26597 4.70874
1.26667 4.82598
1.26736 4.95752
1.26806 5.10245
1.26875 5.2596
1.26944 5.42763
1.27014 5.60507
1.27083 5.79037
1.27153 5.98191
1.27222 6.17807
1.27292 6.37724
1.27361 6.57786
1.27431 6.77839
1.275 6.9774
1.27569 7.1735
1.27639 7.36541
1.27708 7.55189
1.27778 7.73179
1.27847 7.90403
1.27917 8.06758
1.27986 8.22151
1.28056 8.36495
1.28125 8.49711
1.28194 8.6173
1.28264 8.72493
1.28333 8.8195
1.28403 8.90061
1.28472 8.96795
1.28542 9.02129
1.28611 9.06046
1.28681 9.08536
1.2875 9.09594
1.28819 9.09222
1.28889 9.07428
1.28958 9.0423
1.29028 8.99652
1.29097 8.93734
1.29167 8.86524
1.29236 8.78083
1.29306 8.68485
1.29375 8.57811
1.29444 8.46152
1.29514 8.33606
1.29583 8.20271
1.29653 8.06252
1.29722 7.91653
1.29792 7.76577
1.29861 7.61132
1.29931 7.45426
1.3 7.29566
1.30069 7.13664
1.30139 6.97832
1.30208 6.82181
1.30278 6.66819
1.30347 6.51853
1.30417 6.37379
1.30486 6.23485
1.30556 6.10246
1.30625 5.97727
1.30694 5.85974
1.30764 5.75019
1.30833 5.64877
1.30903 5.55546
1.30972 5.47006
1.31042 5.39225
1.31111 5.32154
1.31181 5.25731
1.3125 5.19888
1.31319 5.14546
1.31389 5.09627
1.31458 5.05049
1.31528 5.00736
1.31597 4.96614
1.31667 4.9262
1.31736 4.88699
1.31806 4.84808
1.31875 4.80918
1.31944 4.77014
1.32014 4.73099
1.32083 4.69191
1.32153 4.65331
1.32222 4.61577
1.32292 4.58009
1.32361 4.54727
1.32431 4.51849
1.325 4.4951
1.32569 4.47857
1.32639 4.47046
1.32708 4.47235
1.32778 4.48579
1.32847 4.51221
1.32917 4.55287
1.32986 4.60876
1.33056 4.68059
1.33125 4.76872
1.33194 4.87316
1.33264 4.99356
1.33333 5.12928
1.33403 5.27934
1.33472 5.44257
1.33542 5.61757
1.33611 5.80279
1.33681 5.99662
1.3375 6.19734
1.33819 6.40326
1.33889 6.61266
1.33958 6.82388
1.34028 7.03532
1.34097 7.24542
1.34167 7.45274
1.34236 7.6559
1.34306 7.85357
1.34375 8.04455
1.34444 8.22767
1.34514 8.40186
1.34583 8.5661
1.34653 8.71947
1.34722 8.86114
1.34792 8.99035
1.34861 9.10647
1.34931 9.20895
1.35 9.29734
1.35069 9.37132
1.35139 9.4306
1.35208 9.475
1.35278 9.50441
1.35347 9.51876
1.35417 9.51806
1.35486 9.50238
1.35556 9.47189
1.35625 9.42685
1.35694 9.36761
1.35764 9.29468
1.35833 9.20867
1.35903 9.11032
1.35972 9.00048
1.36042 8.88006
1.36111 8.75007
1.36181 8.61155
1.3625 8.46557
1.36319 8.31322
1.36389 8.1556
1.36458 7.99383
1.36528 7.82902
1.36597 7.66232
1.36667 7.4949
1.36736 7.32794
1.36806 7.1626
1.36875 7.00005
1.36944 6.84139
1.37014 6.68767
1.37083 6.53983
1.37153 6.39871
1.37222 6.265
1.37292 6.13923
1.37361 6.02177
1.37431 5.91282
1.375 5.81241
1.37569 5.72037
1.37639 5.63638
1.37708 5.55996
1.37778 5.4905
1.37847 5.42729
1.37917 5.36952
1.37986 5.31635
1.38056 5.26694
1.38125 5.22046
1.38194 5.17613
1.38264 5.13325
1.38333 5.09123
1.38403 5.04957
1.38472 5.00794
1.38542 4.96615
1.38611 4.92418
1.38681 4.8822
1.3875 4.84058
1.38819 4.7999
