0 0
0.000694444 26.5563
0.00138889 105.175
0.00208333 233.57
0.00277778 408.967
0.00347222 628.145
0.00416667 887.468
0.00486111 1182.93
0.00555556 1510.21
0.00625 1864.69
0.00694444 2241.55
0.00763889 2635.81
0.00833333 3042.36
0.00902778 3456.07
0.00972222 3871.81
0.0104167 4284.55
0.0111111 4689.41
0.0118056 5081.71
0.0125 5457.11
0.0131944 5811.62
0.0138889 6141.7
0.0145833 6444.37
0.0152778 6717.31
0.0159722 6958.95
0.0166667 7168.59
0.0173611 7346.56
0.0180556 7494.37
0.01875 7614.87
0.0194444 7712.44
0.0201389 7793.12
0.0208333 7864.79
0.0215278 7937.21
0.0222222 8021.92
0.0229167 8131.99
0.0236111 8281.42
0.0243056 8484.38
0.025 8754.09
0.0256944 9101.83
0.0263889 9535.94
0.0270833 10061.4
0.0277778 10679.6
0.0284722 11388.8
0.0291667 12184.7
0.0298611 13061.1
0.0305556 14010.6
0.03125 15024.7
0.0319444 16094.9
0.0326389 17212.1
0.0333333 18367.7
0.0340278 19552.7
0.0347222 20758.6
0.0354167 21976.9
0.0361111 23199.5
0.0368056 24418.3
0.0375 25625.6
0.0381944 26814.2
0.0388889 27976.8
0.0395833 29106.8
0.0402778 30197.8
0.0409722 31243.9
0.0416667 32239.5
0.0423611 33179.7
0.0430556 34060
0.04375 34876.4
0.0444444 35625.6
0.0451389 36304.9
0.0458333 36912
0.0465278 37445.7
0.0472222 37905.3
0.0479167 38290.7
0.0486111 38602.9
0.0493056 38843.4
0.05 39014.5
0.0506944 39119.7
0.0513889 39162.9
0.0520833 39149.2
0.0527778 39084.4
0.0534722 38975.2
0.0541667 38829
0.0548611 38654.4
0.0555556 38460.2
0.05625 38256.3
0.0569444 38052.9
0.0576389 37860.6
0.0583333 37690.2
0.0590278 37552.4
0.0597222 37457.6
0.0604167 37415.3
0.0611111 37434.3
0.0618056 37521.9
0.0625 37683.6
0.0631944 37923.4
0.0638889 38243
0.0645833 38641.9
0.0652778 39117.7
0.0659722 39665.7
0.0666667 40279.6
0.0673611 40951.2
0.0680556 41671.2
0.06875 42429.1
0.0694444 43213.8
0.0701389 44013.6
0.0708333 44816.6
0.0715278 45611.2
0.0722222 46385.7
0.0729167 47129.1
0.0736111 47830.9
0.0743056 48481.5
0.075 49071.8
0.0756944 49594.2
0.0763889 50041.8
0.0770833 50409
0.0777778 50691.5
0.0784722 50886.5
0.0791667 50992.6
0.0798611 51009.7
0.0805556 50939.8
0.08125 50786.4
0.0819444 50555
0.0826389 50253
0.0833333 49889.6
0.0840278 49476.6
0.0847222 49027.5
0.0854167 48558.2
0.0861111 48086.4
0.0868056 47631.7
0.0875 47215.6
0.0881944 46860.3
0.0888889 46588.6
0.0895833 46423.4
0.0902778 46386.1
0.0909722 46496
0.0916667 46769.4
0.0923611 47218.4
0.0930556 47850.5
0.09375 48668
0.0944444 49668.2
0.0951389 50843.3
0.0958333 52181.5
0.0965278 53667.2
0.0972222 55282.1
0.0979167 57006
0.0986111 58817.5
0.0993056 60694.5
0.1 62614.9
0.100694 64557.2
0.101389 66500.1
0.102083 68423.8
0.102778 70309
0.103472 72138.1
0.104167 73894.3
0.104861 75562.6
0.105556 77129.2
0.10625 78581.7
0.106944 79909.3
0.107639 81102.6
0.108333 82154.1
0.109028 83057.5
0.109722 83808.4
0.110417 84403.9
0.111111 84843.1
0.111806 85126.5
0.1125 85256.7
0.113194 85238
0.113889 85076.6
0.114583 84780.6
0.115278 84360.1
0.115972 83827
0.116667 83195.3
0.117361 82480.7
0.118056 81700.9
0.11875 80875.2
0.119444 80024.5
0.120139 79171.1
0.120833 78338.3
0.121528 77549.8
0.122222 76829.5
0.122917 76201
0.123611 75686.4
0.124306 75305.9
0.125 75077
0.125694 75013.9
0.126389 75126.5
0.127083 75420.2
0.127778 75895.7
0.128472 76548.8
0.129167 77370.8
0.129861 78348.5
0.130556 79465.3
0.13125 80701.5
0.131944 82035.2
0.132639 83443
0.133333 84900.4
0.134028 86382.9
0.134722 87866.2
0.135417 89326.4
0.136111 90741
0.136806 92088.6
0.1375 93349.5
0.138194 94505.6
0.138889 95540.9
0.139583 96441.2
0.140278 97194.7
0.140972 97791.6
0.141667 98224.6
0.142361 98488.5
0.143056 98581.1
0.14375 98502.3
0.144444 98254.8
0.145139 97844.3
0.145833 97279
0.146528 96570.3
0.147222 95732.3
0.147917 94782.6
0.148611 93741.4
0.149306 92632.3
0.15 91481.9
0.150694 90319.6
0.151389 89177.3
0.152083 88088.9
0.152778 87090
0.153472 86216.6
0.154167 85504.4
0.154861 84987.2
0.155556 84695.8
0.15625 84656.4
0.156944 84889.3
0.157639 85407.8
0.158333 86217.7
0.159028 87316.6
0.159722 88694.4
0.160417 90334.2
0.161111 92212.6
0.161806 94301.7
0.1625 96569.7
0.163194 98982.6
0.163889 101505
0.164583 104101
0.165278 106736
0.165972 109375
0.166667 111985
0.167361 114536
0.168056 116999
0.16875 119347
0.169444 121556
0.170139 123605
0.170833 125474
0.171528 127147
0.172222 128609
0.172917 129849
0.173611 130859
0.174306 131633
0.175 132168
0.175694 132463
0.176389 132521
0.177083 132347
0.177778 131950
0.178472 131341
0.179167 130534
0.179861 129548
0.180556 128401
0.18125 127118
0.181944 125725
0.182639 124251
0.183333 122727
0.184028 121188
0.184722 119669
0.185417 118207
0.186111 116839
0.186806 115602
0.1875 114533
0.188194 113664
0.188889 113024
0.189583 112639
0.190278 112527
0.190972 112698
0.191667 113158
0.192361 113902
0.193056 114920
0.19375 116193
0.194444 117697
0.195139 119402
0.195833 121277
0.196528 123285
0.197222 125389
0.197917 127550
0.198611 129731
0.199306 131895
0.2 134007
0.200694 136034
0.201389 137945
0.202083 139712
0.202778 141309
0.203472 142714
0.204167 143908
0.204861 144876
0.205556 145604
0.20625 146084
0.206944 146311
0.207639 146281
0.208333 145998
0.209028 145467
0.209722 144696
0.210417 143700
0.211111 142496
0.211806 141106
0.2125 139554
0.213194 137871
0.213889 136091
0.214583 134251
0.215278 132393
0.215972 130561
0.216667 128803
0.217361 127168
0.218056 125705
0.21875 124462
0.219444 123487
0.220139 122820
0.220833 122498
0.221528 122548
0.222222 122989
0.222917 123827
0.223611 125060
0.224306 126675
0.225 128648
0.225694 130948
0.226389 133536
0.227083 136369
0.227778 139399
0.228472 142578
0.229167 145857
0.229861 149187
0.230556 152520
0.23125 155812
0.231944 159019
0.232639 162104
0.233333 165028
0.234028 167759
0.234722 170268
0.235417 172530
0.236111 174521
0.236806 176225
0.2375 177625
0.238194 178712
0.238889 179479
0.239583 179922
0.240278 180042
0.240972 179844
0.241667 179336
0.242361 178533
0.243056 177450
0.24375 176108
0.244444 174533
0.245139 172754
0.245833 170804
0.246528 168720
0.247222 166544
0.247917 164319
0.248611 162091
0.249306 159912
0.25 157830
0.250694 155898
0.251389 154165
0.252083 152678
0.252778 151483
0.253472 150615
0.254167 150107
0.254861 149980
0.255556 150245
0.25625 150905
0.256944 151951
0.257639 153363
0.258333 155114
0.259028 157167
0.259722 159481
0.260417 162010
0.261111 164702
0.261806 167508
0.2625 170375
0.263194 173252
0.263889 176092
0.264583 178847
0.265278 181475
0.265972 183934
0.266667 186189
0.267361 188208
0.268056 189962
0.26875 191427
0.269444 192585
0.270139 193420
0.270833 193923
0.271528 194086
0.272222 193910
0.272917 193397
0.273611 192558
0.274306 191404
0.275 189956
0.275694 188237
0.276389 186276
0.277083 184108
0.277778 181771
0.278472 179310
0.279167 176775
0.279861 174219
0.280556 171700
0.28125 169278
0.281944 167017
0.282639 164980
0.283333 163227
0.284028 161818
0.284722 160804
0.285417 160230
0.286111 160131
0.286806 160528
0.2875 161430
0.288194 162833
0.288889 164718
0.289583 167056
0.290278 169806
0.290972 172918
0.291667 176336
0.292361 180000
0.293056 183848
0.29375 187817
0.294444 191845
0.295139 195871
0.295833 199839
0.296528 203694
0.297222 207387
0.297917 210872
0.298611 214107
0.299306 217056
0.3 219687
0.300694 221973
0.301389 223891
0.302083 225425
0.302778 226560
0.303472 227291
0.304167 227613
0.304861 227530
0.305556 227048
0.30625 226181
0.306944 224946
0.307639 223365
0.308333 221468
0.309028 219286
0.309722 216859
0.310417 214230
0.311111 211447
0.311806 208564
0.3125 205636
0.313194 202725
0.313889 199893
0.314583 197205
0.315278 194726
0.315972 192518
0.316667 190641
0.317361 189148
0.318056 188085
0.31875 187487
0.319444 187380
0.320139 187775
0.320833 188669
0.321528 190048
0.322222 191884
0.322917 194139
0.323611 196765
0.324306 199706
0.325 202901
0.325694 206288
0.326389 209801
0.327083 213374
0.327778 216946
0.328472 220454
0.329167 223842
0.329861 227055
0.330556 230047
0.33125 232771
0.331944 235190
0.332639 237270
0.333333 238983
0.334028 240306
0.334722 241222
0.335417 241720
0.336111 241793
0.336806 241444
0.3375 240676
0.338194 239504
0.338889 237944
0.339583 236022
0.340278 233768
0.340972 231220
0.341667 228419
0.342361 225416
0.343056 222266
0.34375 219031
0.344444 215777
0.345139 212574
0.345833 209497
0.346528 206623
0.347222 204028
0.347917 201786
0.348611 199968
0.349306 198635
0.35 197842
0.350694 197627
0.351389 198015
0.352083 199017
0.352778 200624
0.353472 202813
0.354167 205547
0.354861 208774
0.355556 212433
0.35625 216456
0.356944 220769
0.357639 225297
0.358333 229963
0.359028 234691
0.359722 239408
0.360417 244046
0.361111 248540
0.361806 252828
0.3625 256857
0.363194 260578
0.363889 263946
0.364583 266923
0.365278 269478
0.365972 271586
0.366667 273225
0.367361 274381
0.368056 275047
0.36875 275222
0.369444 274908
0.370139 274116
0.370833 272864
0.371528 271173
0.372222 269073
0.372917 266600
0.373611 263795
0.374306 260706
0.375 257387
0.375694 253898
0.376389 250304
0.377083 246675
0.377778 243086
0.378472 239613
0.379167 236334
0.379861 233327
0.380556 230668
0.38125 228427
0.381944 226666
0.382639 225440
0.383333 224788
0.384028 224736
0.384722 225294
0.385417 226457
0.386111 228201
0.386806 230491
0.3875 233275
0.388194 236494
0.388889 240079
0.389583 243955
0.390278 248044
0.390972 252268
0.391667 256548
0.392361 260809
0.393056 264977
0.39375 268986
0.394444 272771
0.395139 276277
0.395833 279451
0.396528 282249
0.397222 284631
0.397917 286566
0.398611 288028
0.399306 288998
0.4 289464
0.400694 289421
0.401389 288871
0.402083 287823
0.402778 286293
0.403472 284304
0.404167 281886
0.404861 279078
0.405556 275924
0.40625 272477
0.406944 268798
0.407639 264952
0.408333 261013
0.409028 257060
0.409722 253178
0.410417 249455
0.411111 245982
0.411806 242847
0.4125 240138
0.413194 237937
0.413889 236316
0.414583 235334
0.415278 235038
0.415972 235453
0.416667 236589
0.417361 238435
0.418056 240961
0.41875 244119
0.419444 247850
0.420139 252079
0.420833 256726
0.421528 261703
0.422222 266920
0.422917 272288
0.423611 277718
0.424306 283124
0.425 288425
0.425694 293546
0.426389 298417
0.427083 302974
0.427778 307160
0.428472 310924
0.429167 314225
0.429861 317025
0.430556 319294
0.43125 321012
0.431944 322162
0.432639 322736
0.433333 322734
0.434028 322163
0.434722 321035
0.435417 319372
0.436111 317203
0.436806 314563
0.4375 311495
0.438194 308050
0.438889 304287
0.439583 300268
0.440278 296068
0.440972 291762
0.441667 287435
0.442361 283175
0.443056 279071
0.44375 275217
0.444444 271703
0.445139 268617
0.445833 266040
0.446528 264045
0.447222 262689
0.447917 262017
0.448611 262056
0.449306 262813
0.45 264277
0.450694 266418
0.451389 269188
0.452083 272527
0.452778 276361
0.453472 280605
0.454167 285173
0.454861 289972
0.455556 294910
0.45625 299895
0.456944 304839
0.457639 309659
0.458333 314276
0.459028 318618
0.459722 322620
0.460417 326224
0.461111 329377
0.461806 332037
0.4625 334168
0.463194 335742
0.463889 336739
0.464583 337146
0.465278 336960
0.465972 336183
0.466667 334828
0.467361 332915
0.468056 330473
0.46875 327538
0.469444 324157
0.470139 320382
0.470833 316276
0.471528 311909
0.472222 307360
0.472917 302715
0.473611 298065
0.474306 293511
0.475 289152
0.475694 285093
0.476389 281438
0.477083 278286
0.477778 275729
0.478472 273849
0.479167 272713
0.479861 272369
0.480556 272846
0.48125 274152
0.481944 276270
0.482639 279164
0.483333 282777
0.484028 287037
0.484722 291859
0.485417 297147
0.486111 302801
0.486806 308717
0.4875 314791
0.488194 320922
0.488889 327012
0.489583 332969
0.490278 338706
0.490972 344145
0.491667 349212
0.492361 353844
0.493056 357984
0.49375 361583
0.494444 364602
0.495139 367008
0.495833 368776
0.496528 369892
0.497222 370347
0.497917 370141
0.498611 369285
0.499306 367796
0.5 365699
0.500694 363028
0.501389 359827
0.502083 356147
0.502778 352048
0.503472 347597
0.504167 342871
0.504861 337954
0.505556 332936
0.50625 327915
0.506944 322992
0.507639 318271
0.508333 313859
0.509028 309860
0.509722 306373
0.510417 303489
0.511111 301289
0.511806 299838
0.5125 299182
0.513194 299347
0.513889 300337
0.514583 302136
0.515278 304704
0.515972 307984
0.516667 311901
0.517361 316367
0.518056 321288
0.51875 326558
0.519444 332073
0.520139 337726
0.520833 343414
0.521528 349036
0.522222 354497
0.522917 359709
0.523611 364591
0.524306 369071
0.525 373082
0.525694 376568
0.526389 379481
0.527083 381782
0.527778 383442
0.528472 384438
0.529167 384759
0.529861 384401
0.530556 383370
0.53125 381683
0.531944 379363
0.532639 376445
0.533333 372973
0.534028 368999
0.534722 364587
0.535417 359808
0.536111 354745
0.536806 349488
0.5375 344135
0.538194 338791
0.538889 333570
0.539583 328587
0.540278 323960
0.540972 319805
0.541667 316233
0.542361 313349
0.543056 311241
0.54375 309983
0.544444 309627
0.545139 310202
0.545833 311711
0.546528 314136
0.547222 317429
0.547917 321525
0.548611 326339
0.549306 331774
0.55 337720
0.550694 344063
0.551389 350685
0.552083 357469
0.552778 364301
0.553472 371071
0.554167 377674
0.554861 384016
0.555556 390007
0.55625 395566
0.556944 400624
0.557639 405116
0.558333 408990
0.559028 412202
0.559722 414717
0.560417 416509
0.561111 417562
0.561806 417870
0.5625 417434
0.563194 416267
0.563889 414390
0.564583 411835
0.565278 408641
0.565972 404859
0.566667 400550
0.567361 395781
0.568056 390633
0.56875 385192
0.569444 379555
0.570139 373826
0.570833 368115
0.571528 362538
0.572222 357214
0.572917 352263
0.573611 347801
0.574306 343939
0.575 340779
0.575694 338408
0.576389 336896
0.577083 336291
0.577778 336617
0.578472 337876
0.579167 340042
0.579861 343067
0.580556 346882
0.58125 351400
0.581944 356519
0.582639 362128
0.583333 368111
0.584028 374347
0.584722 380717
0.585417 387104
0.586111 393396
0.586806 399487
0.5875 405281
0.588194 410686
0.588889 415623
0.589583 420019
0.590278 423814
0.590972 426956
0.591667 429401
0.592361 431119
0.593056 432087
0.59375 432293
0.594444 431737
0.595139 430426
0.595833 428380
0.596528 425629
0.597222 422213
0.597917 418182
0.598611 413598
0.599306 408534
0.6 403071
0.600694 397303
0.601389 391333
0.602083 385271
0.602778 379237
0.603472 373358
0.604167 367763
0.604861 362584
0.605556 357950
0.60625 353985
0.606944 350801
0.607639 348498
0.608333 347151
0.609028 346818
0.609722 347526
0.610417 349275
0.611111 352038
0.611806 355761
0.6125 360368
0.613194 365761
0.613889 371828
0.614583 378448
0.615278 385491
0.615972 392826
0.616667 400322
0.617361 407853
0.618056 415296
0.61875 422537
0.619444 429470
0.620139 435997
0.620833 442030
0.621528 447492
0.622222 452313
0.622917 456437
0.623611 459817
0.624306 462414
0.625 464202
0.625694 465165
0.626389 465298
0.627083 464604
0.627778 463100
0.628472 460811
0.629167 457773
0.629861 454035
0.630556 449653
0.63125 444697
0.631944 439246
0.632639 433390
0.633333 427228
0.634028 420868
0.634722 414429
0.635417 408035
0.636111 401816
0.636806 395904
0.6375 390433
0.638194 385532
0.638889 381323
0.639583 377918
0.640278 375409
0.640972 373870
0.641667 373352
0.642361 373876
0.643056 375437
0.64375 378002
0.644444 381514
0.645139 385890
0.645833 391030
0.646528 396819
0.647222 403131
0.647917 409834
0.648611 416795
0.649306 423881
0.65 430963
0.650694 437917
0.651389 444627
0.652083 450986
0.652778 456897
0.653472 462271
0.654167 467031
0.654861 471111
0.655556 474454
0.65625 477017
0.656944 478765
0.657639 479678
0.658333 479742
0.659028 478960
0.659722 477342
0.660417 474913
0.661111 471706
0.661806 467769
0.6625 463160
0.663194 457949
0.663889 452218
0.664583 446060
0.665278 439580
0.665972 432892
0.666667 426122
0.667361 419403
0.668056 412875
0.66875 406682
0.669444 400969
0.670139 395879
0.670833 391546
0.671528 388093
0.672222 385626
0.672917 384226
0.673611 383951
0.674306 384827
0.675 386849
0.675694 389984
0.676389 394168
0.677083 399312
0.677778 405306
0.678472 412025
0.679167 419333
0.679861 427086
0.680556 435139
0.68125 443349
0.681944 451576
0.682639 459686
0.683333 467554
0.684028 475064
0.684722 482111
0.685417 488598
0.686111 494442
0.686806 499570
0.6875 503918
0.688194 507438
0.688889 510090
0.689583 511847
0.690278 512693
0.690972 512622
0.691667 511644
0.692361 509776
0.693056 507050
0.69375 503508
