0 0
0.000694444 0.000432716
0.00138889 0.000626536
0.00208333 0.000856632
0.00277778 0.00149929
0.00347222 0.00263179
0.00416667 0.0042224
0.00486111 0.0062712
0.00555556 0.0088068
0.00625 0.0118752
0.00694444 0.0155293
0.00763889 0.0198222
0.00833333 0.0247974
0.00902778 0.0304811
0.00972222 0.036881
0.0104167 0.0439849
0.0111111 0.0517622
0.0118056 0.0601699
0.0125 0.0691604
0.0131944 0.0786836
0.0138889 0.0886933
0.0145833 0.0991516
0.0152778 0.110026
0.0159722 0.12129
0.0166667 0.132923
0.0173611 0.144907
0.0180556 0.157221
0.01875 0.169844
0.0194444 0.182755
0.0201389 0.195924
0.0208333 0.209322
0.0215278 0.222918
0.0222222 0.236677
0.0229167 0.250566
0.0236111 0.264556
0.0243056 0.27862
0.025 0.292734
0.0256944 0.306886
0.0263889 0.321064
0.0270833 0.335258
0.0277778 0.349461
0.0284722 0.363656
0.0291667 0.377814
0.0298611 0.3919
0.0305556 0.405868
0.03125 0.419666
0.0319444 0.433254
0.0326389 0.446611
0.0333333 0.459739
0.0340278 0.472672
0.0347222 0.485474
0.0354167 0.498216
0.0361111 0.510963
0.0368056 0.523749
0.0375 0.53655
0.0381944 0.549268
0.0388889 0.561734
0.0395833 0.573714
0.0402778 0.584929
0.0409722 0.595095
0.0416667 0.60395
0.0423611 0.611285
0.0430556 0.61696
0.04375 0.620927
0.0444444 0.623206
0.0451389 0.623885
0.0458333 0.62309
0.0465278 0.620961
0.0472222 0.617623
0.0479167 0.613181
0.0486111 0.607705
0.0493056 0.601234
0.05 0.593792
0.0506944 0.585399
0.0513889 0.576077
0.0520833 0.565868
0.0527778 0.554825
0.0534722 0.543004
0.0541667 0.530458
0.0548611 0.517226
0.0555556 0.503329
0.05625 0.488767
0.0569444 0.473542
0.0576389 0.457655
0.0583333 0.441134
0.0590278 0.424042
0.0597222 0.406481
0.0604167 0.388585
0.0611111 0.370515
0.0618056 0.352434
0.0625 0.334488
0.0631944 0.316793
0.0638889 0.299422
0.0645833 0.282404
0.0652778 0.265732
0.0659722 0.249383
0.0666667 0.233329
0.0673611 0.217554
0.0680556 0.202069
0.06875 0.186917
0.0694444 0.172176
0.0701389 0.157974
0.0708333 0.144499
0.0715278 0.132019
0.0722222 0.120931
0.0729167 0.11179
0.0736111 0.10531
0.0743056 0.10227
0.075 0.103307
0.0756944 0.108654
0.0763889 0.118078
0.0770833 0.131037
0.0777778 0.146909
0.0784722 0.16514
0.0791667 0.185306
0.0798611 0.207096
0.0805556 0.230286
0.08125 0.254715
0.0819444 0.280264
0.0826389 0.306832
0.0833333 0.334331
0.0840278 0.362679
0.0847222 0.391791
0.0854167 0.421584
0.0861111 0.451973
0.0868056 0.482872
0.0875 0.514194
0.0881944 0.545859
0.0888889 0.577785
0.0895833 0.609895
0.0902778 0.642117
0.0909722 0.674383
0.0916667 0.706622
0.0923611 0.738764
0.0930556 0.770729
0.09375 0.802426
0.0944444 0.833757
0.0951389 0.864618
0.0958333 0.894902
0.0965278 0.924512
0.0972222 0.953379
0.0979167 0.981453
0.0986111 1.00872
0.0993056 1.03517
0.1 1.06085
0.100694 1.08574
0.101389 1.10982
0.102083 1.13301
0.102778 1.15516
0.103472 1.17605
0.104167 1.19541
0.104861 1.21294
0.105556 1.22834
0.10625 1.24132
0.106944 1.25169
0.107639 1.25931
0.108333 1.26414
0.109028 1.26623
0.109722 1.26567
0.110417 1.26261
0.111111 1.2572
0.111806 1.24957
0.1125 1.23985
0.113194 1.22811
0.113889 1.21441
0.114583 1.1988
0.115278 1.18133
0.115972 1.16205
0.116667 1.14104
0.117361 1.1184
0.118056 1.09423
0.11875 1.06863
0.119444 1.04169
0.120139 1.01349
0.120833 0.984095
0.121528 0.953552
0.122222 0.921936
0.122917 0.889335
0.123611 0.855879
0.124306 0.821733
0.125 0.787095
0.125694 0.752184
0.126389 0.717221
0.127083 0.682407
0.127778 0.647907
0.128472 0.613847
0.129167 0.580306
0.129861 0.54733
0.130556 0.514945
0.13125 0.48318
0.131944 0.452072
0.132639 0.421686
0.133333 0.392127
0.134028 0.363534
0.134722 0.336102
0.135417 0.310089
0.136111 0.285837
0.136806 0.263811
0.1375 0.244633
0.138194 0.22909
0.138889 0.218102
0.139583 0.212591
0.140278 0.213253
0.140972 0.220342
0.141667 0.23361
0.142361 0.252431
0.143056 0.276015
0.14375 0.303598
0.144444 0.334533
0.145139 0.3683
0.145833 0.404501
0.146528 0.442829
0.147222 0.483034
0.147917 0.524907
0.148611 0.568269
0.149306 0.612954
0.15 0.658803
0.150694 0.705669
0.151389 0.753402
0.152083 0.80186
0.152778 0.850901
0.153472 0.900391
0.154167 0.950194
0.154861 1.00018
0.155556 1.05023
0.15625 1.1002
0.156944 1.14997
0.157639 1.19939
0.158333 1.24831
0.159028 1.29658
0.159722 1.34403
0.160417 1.3905
0.161111 1.43583
0.161806 1.4799
0.1625 1.52262
0.163194 1.5639
0.163889 1.6037
0.164583 1.642
0.165278 1.67873
0.165972 1.71382
0.166667 1.74713
0.167361 1.77848
0.168056 1.80759
0.16875 1.83417
0.169444 1.85787
0.170139 1.87838
0.170833 1.89541
0.171528 1.90875
0.172222 1.91826
0.172917 1.92392
0.173611 1.92577
0.174306 1.92392
0.175 1.91853
0.175694 1.90975
0.176389 1.89773
0.177083 1.88262
0.177778 1.86449
0.178472 1.84344
0.179167 1.81954
0.179861 1.79286
0.180556 1.76351
0.18125 1.7316
0.181944 1.69728
0.182639 1.6607
0.183333 1.622
0.184028 1.58133
0.184722 1.53882
0.185417 1.49459
0.186111 1.44875
0.186806 1.40144
0.1875 1.35281
0.188194 1.30304
0.188889 1.25236
0.189583 1.20104
0.190278 1.14936
0.190972 1.09758
0.191667 1.04597
0.192361 0.994743
0.193056 0.944077
0.19375 0.894106
0.194444 0.844929
0.195139 0.796629
0.195833 0.749292
0.196528 0.703016
0.197222 0.657933
0.197917 0.614217
0.198611 0.572086
0.199306 0.531819
0.2 0.493773
0.200694 0.458398
0.201389 0.426272
0.202083 0.398134
0.202778 0.374879
0.203472 0.357529
0.204167 0.347114
0.204861 0.344479
0.205556 0.350071
0.20625 0.363834
0.206944 0.385249
0.207639 0.413501
0.208333 0.447688
0.209028 0.486954
0.209722 0.530558
0.210417 0.577888
0.211111 0.62845
0.211806 0.681837
0.2125 0.737708
0.213194 0.79577
0.213889 0.855762
0.214583 0.917439
0.215278 0.980579
0.215972 1.04497
0.216667 1.11039
0.217361 1.17665
0.218056 1.24355
0.21875 1.31089
0.219444 1.37849
0.220139 1.44616
0.220833 1.5137
0.221528 1.58093
0.222222 1.64764
0.222917 1.71362
0.223611 1.77865
0.224306 1.84251
0.225 1.90497
0.225694 1.96584
0.226389 2.02492
0.227083 2.08207
0.227778 2.13717
0.228472 2.19012
0.229167 2.24082
0.229861 2.28919
0.230556 2.33509
0.23125 2.37834
0.231944 2.41869
0.232639 2.45585
0.233333 2.48947
0.234028 2.5192
0.234722 2.54468
0.235417 2.56563
0.236111 2.58182
0.236806 2.59312
0.2375 2.5995
0.238194 2.60102
0.238889 2.59779
0.239583 2.58998
0.240278 2.57776
0.240972 2.56128
0.241667 2.5407
0.242361 2.51612
0.243056 2.48766
0.24375 2.45541
0.244444 2.4195
0.245139 2.38004
0.245833 2.33722
0.246528 2.2912
0.247222 2.24221
0.247917 2.19043
0.248611 2.13605
0.249306 2.07928
0.25 2.02026
0.250694 1.95919
0.251389 1.89624
0.252083 1.83164
0.252778 1.76564
0.253472 1.69852
0.254167 1.63061
0.254861 1.56224
0.255556 1.49375
0.25625 1.42545
0.256944 1.3576
0.257639 1.29045
0.258333 1.22419
0.259028 1.15895
0.259722 1.0949
0.260417 1.03218
0.261111 0.970956
0.261806 0.911427
0.2625 0.853848
0.263194 0.798525
0.263889 0.745833
0.264583 0.696232
0.265278 0.650289
0.265972 0.608702
0.266667 0.572324
0.267361 0.542159
0.268056 0.519308
0.26875 0.504865
0.269444 0.499735
0.270139 0.50445
0.270833 0.51905
0.271528 0.543097
0.272222 0.575801
0.272917 0.6162
0.273611 0.663321
0.274306 0.716263
0.275 0.774244
0.275694 0.836607
0.276389 0.902794
0.277083 0.972328
0.277778 1.0448
0.278472 1.11985
0.279167 1.19713
0.279861 1.27636
0.280556 1.35722
0.28125 1.43945
0.281944 1.52278
0.282639 1.60694
0.283333 1.69168
0.284028 1.77674
0.284722 1.86188
0.285417 1.94685
0.286111 2.03138
0.286806 2.11522
0.2875 2.19809
0.288194 2.27972
0.288889 2.35981
0.289583 2.4381
0.290278 2.51431
0.290972 2.58822
0.291667 2.65963
0.292361 2.72836
0.293056 2.79425
0.29375 2.85719
0.294444 2.917
0.295139 2.97352
0.295833 3.02651
0.296528 3.07569
0.297222 3.12072
0.297917 3.16122
0.298611 3.19681
0.299306 3.22711
0.3 3.25183
0.300694 3.27074
0.301389 3.28371
0.302083 3.29071
0.302778 3.29179
0.303472 3.2871
0.304167 3.27679
0.304861 3.26104
0.305556 3.24004
0.30625 3.21393
0.306944 3.18285
0.307639 3.14694
0.308333 3.10631
0.309028 3.06113
0.309722 3.01157
0.310417 2.95782
0.311111 2.90014
0.311806 2.83876
0.3125 2.77393
0.313194 2.7059
0.313889 2.63491
0.314583 2.56118
0.315278 2.48494
0.315972 2.40645
0.316667 2.32598
0.317361 2.24383
0.318056 2.16037
0.31875 2.07598
0.319444 1.99105
0.320139 1.90596
0.320833 1.8211
0.321528 1.73679
0.322222 1.6533
0.322917 1.57091
0.323611 1.48981
0.324306 1.41021
0.325 1.33233
0.325694 1.25641
0.326389 1.18273
0.327083 1.11162
0.327778 1.04348
0.328472 0.978793
0.329167 0.918118
0.329861 0.862141
0.330556 0.811674
0.33125 0.767677
0.331944 0.731244
0.332639 0.703535
0.333333 0.68568
0.334028 0.67861
0.334722 0.682887
0.335417 0.698602
0.336111 0.725373
0.336806 0.762438
0.3375 0.808816
0.338194 0.863464
0.338889 0.925369
0.339583 0.993617
0.340278 1.06741
0.340972 1.14604
0.341667 1.22892
0.342361 1.31552
0.343056 1.40537
0.34375 1.49804
0.344444 1.59314
0.345139 1.69029
0.345833 1.78915
0.346528 1.88937
0.347222 1.99063
0.347917 2.09261
0.348611 2.19498
0.349306 2.29744
0.35 2.39966
0.350694 2.50134
0.351389 2.60214
0.352083 2.70173
0.352778 2.79977
0.353472 2.89592
0.354167 2.98985
0.354861 3.08123
0.355556 3.16979
0.35625 3.25526
0.356944 3.33742
0.357639 3.41607
0.358333 3.49104
0.359028 3.56211
0.359722 3.62906
0.360417 3.69161
0.361111 3.74943
0.361806 3.80215
0.3625 3.84936
0.363194 3.89065
0.363889 3.92562
0.364583 3.95397
0.365278 3.97547
0.365972 3.98998
0.366667 3.99748
0.367361 3.99803
0.368056 3.99177
0.36875 3.97887
0.369444 3.95953
0.370139 3.93393
0.370833 3.90224
0.371528 3.86462
0.372222 3.82122
0.372917 3.7722
0.373611 3.71775
0.374306 3.65808
0.375 3.59344
0.375694 3.52411
0.376389 3.45038
0.377083 3.37256
0.377778 3.29093
0.378472 3.20579
0.379167 3.11743
0.379861 3.02612
0.380556 2.93217
0.38125 2.83593
0.381944 2.73777
0.382639 2.63809
0.383333 2.53735
0.384028 2.43599
0.384722 2.33446
0.385417 2.2332
0.386111 2.13258
0.386806 2.03295
0.3875 1.93462
0.388194 1.83787
0.388889 1.74296
0.389583 1.65018
0.390278 1.55986
0.390972 1.47235
0.391667 1.38807
0.392361 1.30752
0.393056 1.23127
0.39375 1.16001
0.394444 1.09452
0.395139 1.03571
0.395833 0.984655
0.396528 0.942505
0.397222 0.910471
0.397917 0.889694
0.398611 0.881109
0.399306 0.885288
0.4 0.902344
0.400694 0.931932
0.401389 0.973317
0.402083 1.02552
0.402778 1.08745
0.403472 1.15802
0.404167 1.2362
0.404861 1.32109
0.405556 1.41186
0.40625 1.50778
0.406944 1.60822
0.407639 1.71261
0.408333 1.82042
0.409028 1.93117
0.409722 2.0444
0.410417 2.1597
0.411111 2.27663
0.411806 2.39481
0.4125 2.51384
0.413194 2.63334
0.413889 2.75294
0.414583 2.87225
0.415278 2.99089
0.415972 3.10847
0.416667 3.2246
0.417361 3.33887
0.418056 3.45089
0.41875 3.56026
0.419444 3.66662
0.420139 3.76962
0.420833 3.86895
0.421528 3.96436
0.422222 4.05557
0.422917 4.14237
0.423611 4.2245
0.424306 4.30169
0.425 4.37361
0.425694 4.43989
0.426389 4.50013
0.427083 4.55387
0.427778 4.60069
0.428472 4.64018
0.429167 4.67202
0.429861 4.69596
0.430556 4.71189
0.43125 4.71977
0.431944 4.71968
0.432639 4.71177
0.433333 4.69621
0.434028 4.6732
0.434722 4.64294
0.435417 4.60563
0.436111 4.56142
0.436806 4.51051
0.4375 4.45309
0.438194 4.38936
0.438889 4.3196
0.439583 4.24409
0.440278 4.16315
0.440972 4.07712
0.441667 3.98636
0.442361 3.89121
0.443056 3.79202
0.44375 3.68911
0.444444 3.58283
0.445139 3.47354
0.445833 3.36166
0.446528 3.2476
0.447222 3.13185
0.447917 3.0149
0.448611 2.89728
0.449306 2.77948
0.45 2.662
0.450694 2.54527
0.451389 2.4297
0.452083 2.31566
0.452778 2.2035
0.453472 2.09354
0.454167 1.98616
0.454861 1.88175
0.455556 1.78076
0.45625 1.68369
0.456944 1.59114
0.457639 1.50379
0.458333 1.42241
0.459028 1.3479
0.459722 1.28128
0.460417 1.22367
0.461111 1.17629
0.461806 1.14039
0.4625 1.1171
0.463194 1.10735
0.463889 1.11171
0.464583 1.1303
0.465278 1.16279
0.465972 1.20848
0.466667 1.26639
0.467361 1.33541
0.468056 1.41439
0.46875 1.50224
0.469444 1.59792
0.470139 1.70052
0.470833 1.80919
0.471528 1.9232
0.472222 2.04186
0.472917 2.16456
0.473611 2.29073
0.474306 2.41982
0.475 2.55133
0.475694 2.68476
0.476389 2.81966
0.477083 2.95555
0.477778 3.09199
0.478472 3.22854
0.479167 3.36474
0.479861 3.50015
0.480556 3.63431
0.48125 3.76678
0.481944 3.89709
0.482639 4.02477
0.483333 4.14939
0.484028 4.27051
0.484722 4.38775
0.485417 4.50075
0.486111 4.60918
0.486806 4.71276
0.4875 4.81119
0.488194 4.90418
0.488889 4.99141
0.489583 5.0725
0.490278 5.14706
0.490972 5.21463
0.491667 5.27473
0.492361 5.32692
0.493056 5.37077
0.49375 5.40594
0.494444 5.4322
0.495139 5.44942
0.495833 5.45757
0.496528 5.45674
0.497222 5.44708
0.497917 5.42877
0.498611 5.40203
0.499306 5.36707
0.5 5.32408
0.500694 5.27326
0.501389 5.21482
0.502083 5.14899
0.502778 5.076
0.503472 4.99616
0.504167 4.90981
0.504861 4.81731
0.505556 4.71905
0.50625 4.61542
0.506944 4.50683
0.507639 4.39367
0.508333 4.27632
0.509028 4.15519
0.509722 4.03069
0.510417 3.9033
0.511111 3.7735
0.511806 3.64183
0.5125 3.50885
0.513194 3.37514
0.513889 3.24126
0.514583 3.10776
0.515278 2.97514
0.515972 2.84386
0.516667 2.71436
0.517361 2.58705
0.518056 2.46234
0.51875 2.34067
0.519444 2.22251
0.520139 2.1084
0.520833 1.99894
0.521528 1.89482
0.522222 1.79681
0.522917 1.70578
0.523611 1.62274
0.524306 1.54877
0.525 1.48508
0.525694 1.43292
0.526389 1.39355
0.527083 1.36811
0.527778 1.3575
0.528472 1.36227
0.529167 1.38255
0.529861 1.41802
0.530556 1.46802
0.53125 1.53155
0.531944 1.60751
0.532639 1.6947
0.533333 1.79195
0.534028 1.89816
0.534722 2.0123
0.535417 2.13344
0.536111 2.26074
0.536806 2.39341
0.5375 2.53074
0.538194 2.67207
0.538889 2.81678
0.539583 2.96428
0.540278 3.114
0.540972 3.26539
0.541667 3.41793
0.542361 3.5711
0.543056 3.72438
0.54375 3.87726
0.544444 4.02923
0.545139 4.17977
0.545833 4.32837
0.546528 4.47449
0.547222 4.61763
0.547917 4.75728
0.548611 4.89296
0.549306 5.02423
0.55 5.15067
0.550694 5.27193
0.551389 5.38765
0.552083 5.49751
0.552778 5.60116
0.553472 5.69822
0.554167 5.7883
0.554861 5.87094
0.555556 5.94565
0.55625 6.01194
0.556944 6.06932
0.557639 6.11737
0.558333 6.15573
0.559028 6.18417
0.559722 6.20255
0.560417 6.21087
0.561111 6.2092
0.561806 6.1977
0.5625 6.17657
0.563194 6.14603
0.563889 6.10631
0.564583 6.05761
0.565278 6.00015
0.565972 5.93418
0.566667 5.85993
0.567361 5.77769
0.568056 5.68781
0.56875 5.59066
0.569444 5.48665
0.570139 5.37622
0.570833 5.25982
0.571528 5.13788
0.572222 5.01085
0.572917 4.87918
0.573611 4.74332
0.574306 4.60376
0.575 4.46101
0.575694 4.31562
0.576389 4.16821
0.577083 4.01938
0.577778 3.86978
0.578472 3.72003
0.579167 3.57073
0.579861 3.42245
0.580556 3.27572
0.58125 3.13103
0.581944 2.98886
0.582639 2.8497
0.583333 2.71407
0.584028 2.58252
0.584722 2.45567
0.585417 2.33423
0.586111 2.21896
0.586806 2.11074
0.5875 2.01053
0.588194 1.91941
0.588889 1.83856
0.589583 1.76921
0.590278 1.71268
0.590972 1.67021
0.591667 1.64293
0.592361 1.63171
0.593056 1.6371
0.59375 1.65922
0.594444 1.69776
0.595139 1.75205
0.595833 1.82115
0.596528 1.90391
0.597222 1.99912
0.597917 2.10555
0.598611 2.22204
0.599306 2.34746
0.6 2.4808
0.600694 2.6211
0.601389 2.76751
0.602083 2.91921
0.602778 3.07545
0.603472 3.23553
0.604167 3.39877
0.604861 3.56454
0.605556 3.7322
0.60625 3.90117
0.606944 4.07083
0.607639 4.24062
0.608333 4.40996
0.609028 4.57827
0.609722 4.74496
0.610417 4.90946
0.611111 5.07118
0.611806 5.22955
0.6125 5.38401
0.613194 5.53402
0.613889 5.67909
0.614583 5.81877
0.615278 5.95263
0.615972 6.08029
0.616667 6.20135
0.617361 6.31545
0.618056 6.42215
0.61875 6.52101
0.619444 6.61153
0.620139 6.69321
0.620833 6.7655
0.621528 6.82791
0.622222 6.88
0.622917 6.9214
0.623611 6.95188
0.624306 6.97131
0.625 6.97967
0.625694 6.97706
0.626389 6.96364
0.627083 6.93962
0.627778 6.90522
0.628472 6.86068
0.629167 6.80624
0.629861 6.74213
0.630556 6.6686
0.63125 6.58595
0.631944 6.49449
0.632639 6.3946
0.633333 6.2867
0.634028 6.17125
0.634722 6.04873
0.635417 5.91963
0.636111 5.78445
0.636806 5.64367
0.6375 5.49781
0.638194 5.34737
0.638889 5.19288
0.639583 5.03494
0.640278 4.87415
0.640972 4.71117
0.641667 4.5467
0.642361 4.38142
0.643056 4.21602
0.64375 4.05117
0.644444 3.88749
0.645139 3.72557
0.645833 3.56597
0.646528 3.40925
0.647222 3.25598
0.647917 3.10673
0.648611 2.96216
0.649306 2.82297
0.65 2.68995
0.650694 2.56396
0.651389 2.44596
0.652083 2.33702
0.652778 2.23827
0.653472 2.15096
0.654167 2.07637
0.654861 2.01583
0.655556 1.97059
0.65625 1.94175
0.656944 1.93017
0.657639 1.93636
0.658333 1.96044
0.659028 2.00212
0.659722 2.06072
0.660417 2.13532
0.661111 2.22477
0.661806 2.32784
0.6625 2.44326
0.663194 2.56978
0.663889 2.70623
0.664583 2.8515
0.665278 3.00455
0.665972 3.16442
0.666667 3.33022
0.667361 3.50111
0.668056 3.6763
0.66875 3.85504
0.669444 4.0366
0.670139 4.22029
0.670833 4.40542
0.671528 4.59135
0.672222 4.77742
0.672917 4.96297
0.673611 5.14738
0.674306 5.32999
0.675 5.51016
0.675694 5.68724
0.676389 5.8606
0.677083 6.02964
0.677778 6.19375
0.678472 6.3524
0.679167 6.50508
0.679861 6.65132
0.680556 6.79069
0.68125 6.92275
0.681944 7.04707
0.682639 7.1632
0.683333 7.27064
0.684028 7.36885
0.684722 7.4573
0.685417 7.53542
0.686111 7.60269
0.686806 7.65866
0.6875 7.70295
0.688194 7.73534
0.688889 7.75568
0.689583 7.76399
0.690278 7.76034
0.690972 7.74491
0.691667 7.71793
0.692361 7.67961
0.693056 7.63022
0.69375 7.57001
0.694444 7.49922
0.695139 7.41814
0.695833 7.3271
0.696528 7.22644
0.697222 7.11658
0.697917 6.998
0.698611 6.87118
0.699306 6.73665
0.7 6.59496
0.700694 6.44665
0.701389 6.29225
0.702083 6.13234
0.702778 5.96746
0.703472 5.79822
0.704167 5.62526
0.704861 5.44925
0.705556 5.27092
0.70625 5.09101
0.706944 4.91029
0.707639 4.72948
0.708333 4.54933
0.709028 4.37052
0.709722 4.1937
0.710417 4.0195
0.711111 3.84856
0.711806 3.6815
0.7125 3.519
0.713194 3.36178
0.713889 3.21065
0.714583 3.06646
0.715278 2.93017
0.715972 2.80284
0.716667 2.68559
0.717361 2.57964
0.718056 2.48627
0.71875 2.40683
0.719444 2.34263
0.720139 2.29492
0.720833 2.26478
0.721528 2.25305
0.722222 2.26021
0.722917 2.28637
0.723611 2.33124
0.724306 2.39417
0.725 2.47423
0.725694 2.57027
0.726389 2.68105
0.727083 2.80526
0.727778 2.9416
0.728472 3.08884
0.729167 3.24578
0.729861 3.41131
0.730556 3.58438
0.73125 3.76401
0.731944 3.94928
0.732639 4.13931
0.733333 4.33328
0.734028 4.53037
0.734722 4.72983
0.735417 4.93089
0.736111 5.13282
0.736806 5.33491
0.7375 5.53643
0.738194 5.73669
0.738889 5.93497
0.739583 6.13056
0.740278 6.32276
0.740972 6.51088
0.741667 6.69425
0.742361 6.87222
0.743056 7.04421
0.74375 7.20966
0.744444 7.36805
0.745139 7.5189
0.745833 7.66173
0.746528 7.79607
0.747222 7.92141
0.747917 8.03721
0.748611 8.14292
0.749306 8.23795
0.75 8.32171
0.750694 8.39367
0.751389 8.45336
0.752083 8.50041
0.752778 8.53456
0.753472 8.55571
0.754167 8.56384
0.754861 8.55906
0.755556 8.54155
0.75625 8.51153
0.756944 8.46925
0.757639 8.41496
0.758333 8.34895
0.759028 8.27148
0.759722 8.18286
0.760417 8.08344
0.761111 7.97362
0.761806 7.85385
0.7625 7.72464
0.763194 7.58653
0.763889 7.44009
0.764583 7.28591
0.765278 7.12459
0.765972 6.95672
0.766667 6.78289
0.767361 6.60375
0.768056 6.41993
0.76875 6.23214
0.769444 6.04112
0.770139 5.84765
0.770833 5.65254
0.771528 5.4566
0.772222 5.26065
0.772917 5.06547
0.773611 4.87181
0.774306 4.68039
0.775 4.49191
0.775694 4.30707
0.776389 4.12659
0.777083 3.9512
0.777778 3.78173
0.778472 3.61905
0.779167 3.46411
0.779861 3.31795
0.780556 3.18171
0.78125 3.05657
0.781944 2.94382
0.782639 2.8448
0.783333 2.76085
0.784028 2.69331
0.784722 2.64341
0.785417 2.61222
0.786111 2.60053
0.786806 2.60881
0.7875 2.63716
0.788194 2.68528
0.788889 2.75254
0.789583 2.83802
0.790278 2.94056
0.790972 3.05891
0.791667 3.19174
0.792361 3.3377
0.793056 3.49549
0.79375 3.66386
0.794444 3.8416
0.795139 4.0276
0.795833 4.22079
0.796528 4.42016
0.797222 4.62476
0.797917 4.83368
0.798611 5.04604
0.799306 5.26099
0.8 5.47771
0.800694 5.69539
0.801389 5.91323
0.802083 6.13047
0.802778 6.34632
0.803472 6.56001
0.804167 6.77077
0.804861 6.97783
0.805556 7.18045
0.80625 7.3779
0.806944 7.56949
0.807639 7.75458
0.808333 7.93255
0.809028 8.10285
0.809722 8.26495
0.810417 8.41832
0.811111 8.56245
0.811806 8.69679
0.8125 8.82076
0.813194 8.93376
0.813889 9.03517
0.814583 9.1244
0.815278 9.20088
0.815972 9.26413
0.816667 9.31377
0.817361 9.34956
0.818056 9.37139
0.81875 9.37924
0.819444 9.37324
0.820139 9.35356
0.820833 9.32045
0.821528 9.27415
0.822222 9.21494
0.822917 9.1431
0.823611 9.05894
0.824306 8.96279
0.825 8.85503
0.825694 8.73609
0.826389 8.60646
0.827083 8.4667
0.827778 8.31738
0.828472 8.15914
0.829167 7.9926
0.829861 7.8184
0.830556 7.63718
0.83125 7.44961
0.831944 7.25637
0.832639 7.05816
0.833333 6.85575
0.834028 6.64993
0.834722 6.44155
0.835417 6.23147
0.836111 6.02058
0.836806 5.80975
0.8375 5.59983
0.838194 5.39162
0.838889 5.18592
0.839583 4.98349
0.840278 4.7851
0.840972 4.59155
0.841667 4.40366
0.842361 4.22232
0.843056 4.0485
0.84375 3.88322
0.844444 3.72761
0.845139 3.58287
0.845833 3.45025
0.846528 3.3311
0.847222 3.22678
0.847917 3.13867
0.848611 3.06809
0.849306 3.01627
0.85 2.98424
0.850694 2.97277
0.851389 2.98231
0.852083 3.01295
0.852778 3.06438
0.853472 3.13599
0.854167 3.22684
0.854861 3.3358
0.855556 3.4616
0.85625 3.60288
0.856944 3.75826
0.857639 3.92639
0.858333 4.10593
0.859028 4.29563
0.859722 4.49428
0.860417 4.70075
0.861111 4.91396
0.861806 5.13285
0.8625 5.35645
0.863194 5.58379
0.863889 5.81396
0.864583 6.04606
0.865278 6.27921
0.865972 6.51254
0.866667 6.74522
0.867361 6.97639
0.868056 7.20523
0.86875 7.43089
0.869444 7.65255
0.870139 7.86941
0.870833 8.08068
0.871528 8.28563
0.872222 8.48356
0.872917 8.67381
0.873611 8.85578
0.874306 9.02889
0.875 9.19258
0.875694 9.34627
0.876389 9.48939
0.877083 9.62131
0.877778 9.7414
0.878472 9.84901
0.879167 9.94351
0.879861 10.0243
0.880556 10.091
0.88125 10.1431
0.881944 10.1804
0.882639 10.2028
0.883333 10.2102
0.884028 10.2029
0.884722 10.181
0.885417 10.1447
0.886111 10.0944
0.886806 10.0302
0.8875 9.95254
0.888194 9.86169
0.888889 9.75802
0.889583 9.64195
0.890278 9.51393
0.890972 9.37451
0.891667 9.22428
0.892361 9.06386
0.893056 8.89391
0.89375 8.71513
0.894444 8.52819
0.895139 8.3338
0.895833 8.13265
0.896528 7.9255
0.897222 7.7131
0.897917 7.49627
0.898611 7.27587
0.899306 7.05282
0.9 6.82804
0.900694 6.60247
0.901389 6.37704
0.902083 6.15267
0.902778 5.93022
0.903472 5.71056
0.904167 5.49452
0.904861 5.28295
0.905556 5.0767
0.90625 4.87669
0.906944 4.68388
0.907639 4.49932
0.908333 4.32412
0.909028 4.15947
0.909722 4.00663
0.910417 3.86694
0.911111 3.74176
0.911806 3.63249
0.9125 3.54053
0.913194 3.4672
0.913889 3.4137
0.914583 3.38104
0.915278 3.36996
0.915972 3.3809
0.916667 3.41391
0.917361 3.4687
0.918056 3.54465
0.91875 3.64085
0.919444 3.75616
0.920139 3.88928
0.920833 4.03886
0.921528 4.20347
0.922222 4.3817
0.922917 4.57219
0.923611 4.77359
0.924306 4.98464
0.925 5.20412
0.925694 5.43086
0.926389 5.66377
0.927083 5.90175
0.927778 6.1438
0.928472 6.38891
0.929167 6.6361
0.929861 6.88443
0.930556 7.13298
0.93125 7.38081
0.931944 7.62703
0.932639 7.87073
0.933333 8.11102
0.934028 8.34701
0.934722 8.57784
0.935417 8.80267
0.936111 9.02071
0.936806 9.23123
0.9375 9.4335
0.938194 9.62689
0.938889 9.81078
0.939583 9.98454
0.940278 10.1476
0.940972 10.2992
0.941667 10.4389
0.942361 10.5659
0.943056 10.6795
0.94375 10.7791
0.944444 10.8641
0.945139 10.934
0.945833 10.9884
0.946528 11.0271
0.947222 11.0499
0.947917 11.0569
0.948611 11.0482
0.949306 11.0239
0.95 10.9845
0.950694 10.93
0.951389 10.8608
0.952083 10.7773
0.952778 10.6798
0.953472 10.5686
0.954167 10.4443
0.954861 10.3072
0.955556 10.1581
0.95625 9.99748
0.956944 9.82605
0.957639 9.64453
0.958333 9.45364
0.959028 9.25412
0.959722 9.04671
0.960417 8.83217
0.961111 8.61129
0.961806 8.38491
0.9625 8.15389
0.963194 7.91916
0.963889 7.68169
0.964583 7.44246
0.965278 7.20249
0.965972 6.96276
0.966667 6.72424
0.967361 6.48788
0.968056 6.2546
0.96875 6.0253
0.969444 5.8009
0.970139 5.58234
0.970833 5.37059
0.971528 5.16671
0.972222 4.97182
0.972917 4.7871
0.973611 4.61381
0.974306 4.45328
0.975 4.30688
0.975694 4.17604
0.976389 4.06217
0.977083 3.96666
0.977778 3.89085
0.978472 3.8359
0.979167 3.8028
0.979861 3.79228
0.980556 3.80472
0.98125 3.8402
0.981944 3.8984
0.982639 3.9787
0.983333 4.08021
0.984028 4.20178
0.984722 4.34212
0.985417 4.49984
0.986111 4.67349
0.986806 4.86163
0.9875 5.06282
0.988194 5.27567
0.988889 5.49885
0.989583 5.73106
0.990278 5.97107
0.990972 6.21769
0.991667 6.46978
0.992361 6.72624
0.993056 6.98599
0.99375 7.24798
0.994444 7.51121
0.995139 7.77467
0.995833 8.03738
0.996528 8.29835
0.997222 8.55664
0.997917 8.81127
0.998611 9.0613
0.999306 9.30582
1 9.54394
1.00069 9.77482
1.00139 9.99765
1.00208 10.2117
1.00278 10.4163
1.00347 10.6107
1.00417 10.7943
1.00486 10.9664
1.00556 11.1264
1.00625 11.2736
1.00694 11.4072
1.00764 11.5266
1.00833 11.6312
1.00903 11.7202
1.00972 11.7931
1.01042 11.8497
1.01111 11.8896
1.01181 11.9128
1.0125 11.9192
1.01319 11.909
1.01389 11.8824
1.01458 11.8396
1.01528 11.781
1.01597 11.7069
1.01667 11.6175
1.01736 11.5133
1.01806 11.3947
1.01875 11.2621
1.01944 11.1161
1.02014 10.9573
1.02083 10.7864
1.02153 10.6041
1.02222 10.4111
1.02292 10.2083
1.02361 9.99632
1.02431 9.77607
1.025 9.54832
1.02569 9.31393
1.02639 9.07378
1.02708 8.8288
1.02778 8.57998
1.02847 8.32835
1.02917 8.07496
1.02986 7.82087
1.03056 7.56714
1.03125 7.31481
1.03194 7.06487
1.03264 6.81831
1.03333 6.57611
1.03403 6.33925
1.03472 6.10875
1.03542 5.88567
1.03611 5.67112
1.03681 5.46629
1.0375 5.27245
1.03819 5.09092
1.03889 4.92309
1.03958 4.77037
1.04028 4.63421
1.04097 4.51605
1.04167 4.4173
1.04236 4.33925
1.04306 4.28307
1.04375 4.24973
1.04444 4.2399
1.04514 4.25397
1.04583 4.29198
1.04653 4.35363
1.04722 4.43829
1.04792 4.54507
1.04861 4.67283
1.04931 4.82028
1.05 4.98599
1.05069 5.16851
1.05139 5.36634
1.05208 5.57801
1.05278 5.80206
1.05347 6.0371
1.05417 6.28176
1.05486 6.53475
1.05556 6.79481
1.05625 7.0607
1.05694 7.33127
1.05764 7.60536
1.05833 7.88186
1.05903 8.15968
1.05972 8.43776
1.06042 8.71504
1.06111 8.99048
1.06181 9.26305
1.0625 9.53174
1.06319 9.79553
1.06389 10.0535
1.06458 10.3046
1.06528 10.548
1.06597 10.7829
1.06667 11.0085
1.06736 11.2239
1.06806 11.4286
1.06875 11.6218
1.06944 11.8028
1.07014 11.9709
1.07083 12.1254
1.07153 12.2655
1.07222 12.3905
1.07292 12.4998
1.07361 12.5926
1.07431 12.6685
1.075 12.7271
1.07569 12.7682
1.07639 12.7915
1.07708 12.7973
1.07778 12.7855
1.07847 12.7564
1.07917 12.7104
1.07986 12.6476
1.08056 12.5684
1.08125 12.4732
1.08194 12.3623
1.08264 12.2363
1.08333 12.0955
1.08403 11.9406
1.08472 11.7723
1.08542 11.5912
1.08611 11.3981
1.08681 11.1938
1.0875 10.9792
1.08819 10.7549
1.08889 10.522
1.08958 10.2813
1.09028 10.0336
1.09097 9.77989
1.09167 9.5212
1.09236 9.25855
1.09306 8.99303
1.09375 8.72576
1.09444 8.45786
1.09514 8.19045
1.09583 7.92462
1.09653 7.66144
1.09722 7.40196
1.09792 7.14723
1.09861 6.89829
1.09931 6.65624
1.1 6.4222
1.10069 6.19738
1.10139 5.98303
1.10208 5.78047
1.10278 5.59109
1.10347 5.41633
1.10417 5.25764
1.10486 5.11651
1.10556 4.99438
1.10625 4.89265
1.10694 4.81261
1.10764 4.75542
1.10833 4.72199
1.10903 4.713
1.10972 4.7288
1.11042 4.76942
1.11111 4.83455
1.11181 4.92357
1.1125 5.03559
1.11319 5.16947
1.11389 5.32391
1.11458 5.49748
1.11528 5.68869
1.11597 5.89601
1.11667 6.11793
1.11736 6.35293
1.11806 6.59957
1.11875 6.85641
1.11944 7.12209
1.12014 7.39528
1.12083 7.67468
1.12153 7.95905
1.12222 8.24718
1.12292 8.53788
1.12361 8.82999
1.12431 9.12239
1.125 9.41393
1.12569 9.70353
1.12639 9.9901
1.12708 10.2725
1.12778 10.5498
1.12847 10.8209
1.12917 11.0847
1.12986 11.3404
1.13056 11.5871
1.13125 11.8239
1.13194 12.05
1.13264 12.2647
1.13333 12.4672
1.13403 12.6569
1.13472 12.8328
1.13542 12.9944
1.13611 13.1408
1.13681 13.2712
1.1375 13.385
1.13819 13.4815
1.13889 13.5602
1.13958 13.6207
1.14028 13.6627
1.14097 13.6862
1.14167 13.6911
1.14236 13.6777
1.14306 13.6462
1.14375 13.5967
1.14444 13.5298
1.14514 13.4455
1.14583 13.3445
1.14653 13.227
1.14722 13.0935
1.14792 12.9446
1.14861 12.7809
1.14931 12.6031
1.15 12.412
1.15069 12.2082
1.15139 11.9928
1.15208 11.7665
1.15278 11.5302
1.15347 11.2848
1.15417 11.0312
1.15486 10.7704
1.15556 10.5034
1.15625 10.2313
1.15694 9.95508
1.15764 9.67596
1.15833 9.3951
1.15903 9.1137
1.15972 8.83293
1.16042 8.55394
1.16111 8.27787
1.16181 8.00582
1.1625 7.73893
1.16319 7.47829
1.16389 7.22508
1.16458 6.98049
1.16528 6.74579
1.16597 6.52231
1.16667 6.31143
1.16736 6.11459
1.16806 5.93327
1.16875 5.76897
1.16944 5.62318
1.17014 5.49737
1.17083 5.39293
1.17153 5.31114
1.17222 5.25313
1.17292 5.21979
1.17361 5.21176
1.17431 5.22938
1.175 5.27268
1.17569 5.34133
1.17639 5.43471
1.17708 5.55193
1.17778 5.69186
1.17847 5.85318
1.17917 6.03447
1.17986 6.23419
1.18056 6.45081
1.18125 6.68274
1.18194 6.92845
1.18264 7.18642
1.18333 7.45517
1.18403 7.73325
1.18472 8.01927
1.18542 8.31188
1.18611 8.60975
1.18681 8.91161
1.1875 9.2162
1.18819 9.52229
1.18889 9.82868
1.18958 10.1342
1.19028 10.4376
1.19097 10.7379
1.19167 11.0338
1.19236 11.3242
1.19306 11.6081
1.19375 11.8844
1.19444 12.1521
1.19514 12.4102
1.19583 12.658
1.19653 12.8945
1.19722 13.119
1.19792 13.3306
1.19861 13.5286
1.19931 13.7123
1.2 13.8807
1.20069 14.0331
1.20139 14.1688
1.20208 14.2869
1.20278 14.3869
1.20347 14.4682
1.20417 14.5304
1.20486 14.5733
1.20556 14.5968
1.20625 14.6009
1.20694 14.5858
1.20764 14.5516
1.20833 14.4988
1.20903 14.4276
1.20972 14.3383
1.21042 14.2314
1.21111 14.1073
1.21181 13.9665
1.2125 13.8096
1.21319 13.6372
1.21389 13.45
1.21458 13.2488
1.21528 13.0346
1.21597 12.8081
1.21667 12.5703
1.21736 12.3221
1.21806 12.0645
1.21875 11.7983
1.21944 11.5247
1.22014 11.2446
1.22083 10.9593
1.22153 10.6698
1.22222 10.3773
1.22292 10.0832
1.22361 9.78863
1.22431 9.49483
1.225 9.20302
1.22569 8.91441
1.22639 8.63017
1.22708 8.35149
1.22778 8.07954
1.22847 7.81556
1.22917 7.56081
1.22986 7.31664
1.23056 7.08442
1.23125 6.8656
1.23194 6.66167
1.23264 6.47416
1.23333 6.30458
1.23403 6.15446
1.23472 6.02525
1.23542 5.91836
1.23611 5.83504
1.23681 5.77639
1.2375 5.74329
1.23819 5.73636
1.23889 5.7559
1.23958 5.80193
1.24028 5.87413
1.24097 5.97187
1.24167 6.09425
1.24236 6.24015
1.24306 6.40825
1.24375 6.59711
1.24444 6.80518
1.24514 7.03089
1.24583 7.27262
1.24653 7.52879
1.24722 7.79783
1.24792 8.0782
1.24861 8.36839
1.24931 8.66695
1.25 8.97246
1.25069 9.28353
1.25139 9.5988
1.25208 9.91695
1.25278 10.2367
1.25347 10.5568
1.25417 10.8759
1.25486 11.1929
1.25556 11.5065
1.25625 11.8156
1.25694 12.1189
1.25764 12.4153
1.25833 12.7037
1.25903 12.9831
1.25972 13.2525
1.26042 13.5109
1.26111 13.7576
1.26181 13.9915
1.2625 14.212
1.26319 14.4182
1.26389 14.6092
1.26458 14.7843
1.26528 14.9426
1.26597 15.0832
1.26667 15.2056
1.26736 15.3089
1.26806 15.3926
1.26875 15.4564
1.26944 15.5001
1.27014 15.5234
1.27083 15.5266
1.27153 15.5097
1.27222 15.4729
1.27292 15.4167
1.27361 15.3412
1.27431 15.2469
1.275 15.1342
1.27569 15.0035
1.27639 14.8554
1.27708 14.6905
1.27778 14.5094
1.27847 14.3129
1.27917 14.102
1.27986 13.8774
1.28056 13.64
1.28125 13.3909
1.28194 13.131
1.28264 12.8613
1.28333 12.5828
1.28403 12.2965
1.28472 12.0037
1.28542 11.7054
1.28611 11.4029
1.28681 11.0974
1.2875 10.7903
1.28819 10.4829
1.28889 10.1764
1.28958 9.87213
1.29028 9.57134
1.29097 9.27528
1.29167 8.98519
1.29236 8.70232
1.29306 8.42796
1.29375 8.16345
1.29444 7.91019
1.29514 7.66962
1.29583 7.44325
1.29653 7.23261
1.29722 7.03925
1.29792 6.86472
1.29861 6.71057
1.29931 6.57825
1.3 6.46915
1.30069 6.38451
1.30139 6.32541
1.30208 6.2927
1.30278 6.28697
1.30347 6.30853
1.30417 6.35735
1.30486 6.43311
1.30556 6.5352
1.30625 6.66271
1.30694 6.81451
1.30764 6.98928
1.30833 7.18557
1.30903 7.40182
1.30972 7.63642
1.31042 7.88773
1.31111 8.15412
1.31181 8.43396
1.3125 8.72567
1.31319 9.02769
1.31389 9.33849
1.31458 9.65659
1.31528 9.98052
1.31597 10.3089
1.31667 10.6403
1.31736 10.9734
1.31806 11.3068
1.31875 11.6393
1.31944 11.9695
1.32014 12.2962
1.32083 12.618
1.32153 12.9339
1.32222 13.2425
1.32292 13.5428
1.32361 13.8336
1.32431 14.1139
1.325 14.3827
1.32569 14.6392
1.32639 14.8824
1.32708 15.1115
1.32778 15.3256
1.32847 15.5238
1.32917 15.7053
1.32986 15.8692
1.33056 16.0147
1.33125 16.141
1.33194 16.2475
1.33264 16.3335
1.33333 16.3988
1.33403 16.4431
1.33472 16.4662
1.33542 16.4684
1.33611 16.4496
1.33681 16.4102
1.3375 16.3504
1.33819 16.2707
1.33889 16.1713
1.33958 16.0528
1.34028 15.9156
1.34097 15.7603
1.34167 15.5874
1.34236 15.3978
1.34306 15.1922
1.34375 14.9715
1.34444 14.7367
1.34514 14.4886
1.34583 14.2284
1.34653 13.957
1.34722 13.6754
1.34792 13.3847
1.34861 13.0861
1.34931 12.7808
1.35 12.4698
1.35069 12.1546
1.35139 11.8365
1.35208 11.5167
1.35278 11.1967
1.35347 10.8779
1.35417 10.5615
1.35486 10.2489
1.35556 9.94142
1.35625 9.6403
1.35694 9.34689
1.35764 9.06255
1.35833 8.78868
1.35903 8.52672
1.35972 8.2782
1.36042 8.04464
1.36111 7.82765
1.36181 7.62879
1.3625 7.44964
1.36319 7.29175
1.36389 7.15658
1.36458 7.04551
1.36528 6.95976
1.36597 6.90038
1.36667 6.8682
1.36736 6.86379
1.36806 6.88743
1.36875 6.93909
1.36944 7.01845
1.37014 7.12488
1.37083 7.25746
1.37153 7.41509
1.37222 7.59643
1.37292 7.80001
1.37361 8.02427
1.37431 8.26757
1.375 8.52823
1.37569 8.80459
1.37639 9.09498
1.37708 9.39776
1.37778 9.7113
1.37847 10.034
1.37917 10.3644
1.37986 10.7009
1.38056 11.042
1.38125 11.3864
1.38194 11.7325
1.38264 12.0789
1.38333 12.4244
1.38403 12.7675
1.38472 13.1069
1.38542 13.4413
1.38611 13.7694
1.38681 14.0899
1.3875 14.4017
1.38819 14.7036
