0 0
0.000694444 0.000429483
0.00138889 0.000613512
0.00208333 0.000834046
0.00277778 0.00147816
0.00347222 0.00261496
0.00416667 0.00420797
0.00486111 0.00625676
0.00555556 0.00879008
0.00625 0.0118539
0.00694444 0.0155005
0.00763889 0.0197822
0.00833333 0.0247413
0.00902778 0.0304026
0.00972222 0.0367725
0.0104167 0.0438377
0.0111111 0.0515666
0.0118056 0.0599158
0.0125 0.068837
0.0131944 0.0782796
0.0138889 0.0881966
0.0145833 0.0985487
0.0152778 0.109301
0.0159722 0.120426
0.0166667 0.131898
0.0173611 0.143696
0.0180556 0.155796
0.01875 0.168171
0.0194444 0.180795
0.0201389 0.193635
0.0208333 0.206657
0.0215278 0.219826
0.0222222 0.233103
0.0229167 0.24645
0.0236111 0.259834
0.0243056 0.273225
0.025 0.286595
0.0256944 0.299928
0.0263889 0.313209
0.0270833 0.326425
0.0277778 0.339565
0.0284722 0.35261
0.0291667 0.36553
0.0298611 0.378285
0.0305556 0.390829
0.03125 0.40311
0.0319444 0.415088
0.0326389 0.426742
0.0333333 0.438075
0.0340278 0.449122
0.0347222 0.459947
0.0354167 0.470623
0.0361111 0.481213
0.0368056 0.491745
0.0375 0.502195
0.0381944 0.512457
0.0388889 0.522356
0.0395833 0.531657
0.0402778 0.540079
0.0409722 0.547341
0.0416667 0.553189
0.0423611 0.557423
0.0430556 0.559922
0.04375 0.560651
0.0444444 0.559653
0.0451389 0.557029
0.0458333 0.552927
0.0465278 0.547498
0.0472222 0.540882
0.0479167 0.533194
0.0486111 0.524514
0.0493056 0.514889
0.05 0.504356
0.0506944 0.492947
0.0513889 0.4807
0.0520833 0.467675
0.0527778 0.453943
0.0534722 0.43958
0.0541667 0.424653
0.0548611 0.40922
0.0555556 0.393314
0.05625 0.376956
0.0569444 0.360169
0.0576389 0.342989
0.0583333 0.325489
0.0590278 0.307795
0.0597222 0.290085
0.0604167 0.272583
0.0611111 0.255544
0.0618056 0.239225
0.0625 0.223855
0.0631944 0.209614
0.0638889 0.196619
0.0645833 0.184919
0.0652778 0.174514
0.0659722 0.165369
0.0666667 0.157438
0.0673611 0.150669
0.0680556 0.145004
0.06875 0.140367
0.0694444 0.136654
0.0701389 0.133726
0.0708333 0.131421
0.0715278 0.129585
0.0722222 0.128089
0.0729167 0.126866
0.0736111 0.125926
0.0743056 0.125354
0.075 0.125292
0.0756944 0.125921
0.0763889 0.127421
0.0770833 0.129948
0.0777778 0.133627
0.0784722 0.138543
0.0791667 0.144755
0.0798611 0.152312
0.0805556 0.161257
0.08125 0.17163
0.0819444 0.18346
0.0826389 0.196759
0.0833333 0.211512
0.0840278 0.227673
0.0847222 0.245169
0.0854167 0.263901
0.0861111 0.283755
0.0868056 0.304601
0.0875 0.326307
0.0881944 0.348743
0.0888889 0.37178
0.0895833 0.3953
0.0902778 0.419193
0.0909722 0.44336
0.0916667 0.467702
0.0923611 0.492126
0.0930556 0.516534
0.09375 0.540815
0.0944444 0.564853
0.0951389 0.588525
0.0958333 0.611707
0.0965278 0.634285
0.0972222 0.656172
0.0979167 0.67731
0.0986111 0.697675
0.0993056 0.717272
0.1 0.736122
0.100694 0.754229
0.101389 0.77157
0.102083 0.788061
0.102778 0.803546
0.103472 0.817796
0.104167 0.83053
0.104861 0.841428
0.105556 0.850177
0.10625 0.856507
0.106944 0.860214
0.107639 0.861185
0.108333 0.859408
0.109028 0.854956
0.109722 0.84797
0.110417 0.838635
0.111111 0.827146
0.111806 0.813683
0.1125 0.798401
0.113194 0.781427
0.113889 0.762861
0.114583 0.742804
0.115278 0.721365
0.115972 0.698677
0.116667 0.674902
0.117361 0.650237
0.118056 0.624893
0.11875 0.599091
0.119444 0.573059
0.120139 0.547023
0.120833 0.521225
0.121528 0.495947
0.122222 0.471532
0.122917 0.4484
0.123611 0.427066
0.124306 0.408113
0.125 0.392142
0.125694 0.379701
0.126389 0.37119
0.127083 0.36678
0.127778 0.366382
0.128472 0.369662
0.129167 0.376114
0.129861 0.385147
0.130556 0.396158
0.13125 0.40859
0.131944 0.421943
0.132639 0.435776
0.133333 0.449692
0.134028 0.463338
0.134722 0.47639
0.135417 0.488562
0.136111 0.499613
0.136806 0.509359
0.1375 0.517663
0.138194 0.524448
0.138889 0.529681
0.139583 0.533358
0.140278 0.535498
0.140972 0.536126
0.141667 0.535266
0.142361 0.532945
0.143056 0.529202
0.14375 0.524092
0.144444 0.517703
0.145139 0.510173
0.145833 0.501688
0.146528 0.492491
0.147222 0.482885
0.147917 0.473222
0.148611 0.463891
0.149306 0.455314
0.15 0.447926
0.150694 0.442149
0.151389 0.438383
0.152083 0.436973
0.152778 0.438186
0.153472 0.442202
0.154167 0.449099
0.154861 0.458855
0.155556 0.47136
0.15625 0.486426
0.156944 0.503802
0.157639 0.523191
0.158333 0.544259
0.159028 0.566646
0.159722 0.589985
0.160417 0.613916
0.161111 0.6381
0.161806 0.662243
0.1625 0.686104
0.163194 0.709497
0.163889 0.732289
0.164583 0.754378
0.165278 0.775666
0.165972 0.796031
0.166667 0.815297
0.167361 0.833218
0.168056 0.84948
0.16875 0.863719
0.169444 0.875545
0.170139 0.884586
0.170833 0.890531
0.171528 0.893159
0.172222 0.89236
0.172917 0.888148
0.173611 0.880647
0.174306 0.870059
0.175 0.856647
0.175694 0.8407
0.176389 0.822501
0.177083 0.802326
0.177778 0.780443
0.178472 0.757125
0.179167 0.732677
0.179861 0.707464
0.180556 0.681926
0.18125 0.656588
0.181944 0.632064
0.182639 0.609032
0.183333 0.588218
0.184028 0.570368
0.184722 0.556215
0.185417 0.546447
0.186111 0.541666
0.186806 0.542347
0.1875 0.548777
0.188194 0.561021
0.188889 0.578888
0.189583 0.601946
0.190278 0.629557
0.190972 0.660945
0.191667 0.695266
0.192361 0.731684
0.193056 0.769416
0.19375 0.807768
0.194444 0.846157
0.195139 0.884096
0.195833 0.921181
0.196528 0.957078
0.197222 0.991488
0.197917 1.02414
0.198611 1.05477
0.199306 1.08315
0.2 1.10906
0.200694 1.13229
0.201389 1.15272
0.202083 1.1702
0.202778 1.18469
0.203472 1.19614
0.204167 1.20452
0.204861 1.20984
0.205556 1.2121
0.20625 1.21128
0.206944 1.20738
0.207639 1.20041
0.208333 1.19038
0.209028 1.17733
0.209722 1.16134
0.210417 1.14251
0.211111 1.121
0.211806 1.097
0.2125 1.07073
0.213194 1.04243
0.213889 1.01238
0.214583 0.980873
0.215278 0.948208
0.215972 0.914707
0.216667 0.880709
0.217361 0.846563
0.218056 0.812637
0.21875 0.77932
0.219444 0.747018
0.220139 0.71616
0.220833 0.68719
0.221528 0.660558
0.222222 0.636692
0.222917 0.615976
0.223611 0.598711
0.224306 0.58508
0.225 0.575128
0.225694 0.568758
0.226389 0.565754
0.227083 0.565813
0.227778 0.568588
0.228472 0.573719
0.229167 0.580843
0.229861 0.589587
0.230556 0.599544
0.23125 0.610252
0.231944 0.621176
0.232639 0.631714
0.233333 0.641229
0.234028 0.649085
0.234722 0.654708
0.235417 0.65764
0.236111 0.657582
0.236806 0.654423
0.2375 0.648251
0.238194 0.639345
0.238889 0.62814
0.239583 0.615212
0.240278 0.601233
0.240972 0.586956
0.241667 0.5732
0.242361 0.560864
0.243056 0.550924
0.24375 0.544424
0.244444 0.542442
0.245139 0.545997
0.245833 0.555935
0.246528 0.572816
0.247222 0.596837
0.247917 0.627838
0.248611 0.665371
0.249306 0.708807
0.25 0.757448
0.250694 0.810597
0.251389 0.867601
0.252083 0.92786
0.252778 0.990814
0.253472 1.05591
0.254167 1.12262
0.254861 1.19037
0.255556 1.25861
0.25625 1.32679
0.256944 1.39438
0.257639 1.4609
0.258333 1.52592
0.259028 1.58908
0.259722 1.65005
0.260417 1.70857
0.261111 1.76437
0.261806 1.81723
0.2625 1.86691
0.263194 1.91319
0.263889 1.95583
0.264583 1.99463
0.265278 2.02941
0.265972 2.06001
0.266667 2.08632
0.267361 2.10826
0.268056 2.12579
0.26875 2.13888
0.269444 2.1475
0.270139 2.15166
0.270833 2.15133
0.271528 2.1465
0.272222 2.13718
0.272917 2.12337
0.273611 2.10514
0.274306 2.08253
0.275 2.05568
0.275694 2.02472
0.276389 1.98983
0.277083 1.95122
0.277778 1.90911
0.278472 1.86375
0.279167 1.81539
0.279861 1.76428
0.280556 1.71069
0.28125 1.65487
0.281944 1.59709
0.282639 1.5376
0.283333 1.47666
0.284028 1.41454
0.284722 1.3515
0.285417 1.2878
0.286111 1.22373
0.286806 1.15955
0.2875 1.09553
0.288194 1.03193
0.288889 0.968984
0.289583 0.906886
0.290278 0.845803
0.290972 0.78587
0.291667 0.7272
0.292361 0.669912
0.293056 0.614152
0.29375 0.560114
0.294444 0.508054
0.295139 0.45829
0.295833 0.411174
0.296528 0.367065
0.297222 0.326287
0.297917 0.289108
0.298611 0.255779
0.299306 0.226643
0.3 0.202378
0.300694 0.1843
0.301389 0.174513
0.302083 0.175457
0.302778 0.188682
0.303472 0.213948
0.304167 0.24967
0.304861 0.293968
0.305556 0.345253
0.30625 0.402354
0.306944 0.46445
0.307639 0.53097
0.308333 0.601519
0.309028 0.675802
0.309722 0.753577
0.310417 0.834613
0.311111 0.918663
0.311806 1.00546
0.3125 1.0947
0.313194 1.1861
0.313889 1.27934
0.314583 1.37414
0.315278 1.47024
0.315972 1.56736
0.316667 1.66524
0.317361 1.76359
0.318056 1.86209
0.31875 1.96036
0.319444 2.05802
0.320139 2.15462
0.320833 2.24972
0.321528 2.34288
0.322222 2.4337
0.322917 2.5218
0.323611 2.60684
0.324306 2.68854
0.325 2.76662
0.325694 2.84082
0.326389 2.91091
0.327083 2.97662
0.327778 3.03772
0.328472 3.09395
0.329167 3.1451
0.329861 3.19095
0.330556 3.23136
0.33125 3.26618
0.331944 3.29533
0.332639 3.31875
0.333333 3.3364
0.334028 3.34825
0.334722 3.35429
0.335417 3.3545
0.336111 3.34888
0.336806 3.33742
0.3375 3.32017
0.338194 3.29717
0.338889 3.26852
0.339583 3.23436
0.340278 3.19486
0.340972 3.15021
0.341667 3.10065
0.342361 3.04644
0.343056 2.98784
0.34375 2.92514
0.344444 2.85862
0.345139 2.78858
0.345833 2.7153
0.346528 2.63909
0.347222 2.56024
0.347917 2.47904
0.348611 2.39579
0.349306 2.31078
0.35 2.22432
0.350694 2.13672
0.351389 2.04828
0.352083 1.95933
0.352778 1.87015
0.353472 1.78106
0.354167 1.69233
0.354861 1.60421
0.355556 1.51697
0.35625 1.43083
0.356944 1.34607
0.357639 1.26298
0.358333 1.18193
0.359028 1.10339
0.359722 1.02794
0.360417 0.956303
0.361111 0.889374
0.361806 0.828222
0.3625 0.774106
0.363194 0.728468
0.363889 0.692891
0.364583 0.668964
0.365278 0.658073
0.365972 0.661146
0.366667 0.67844
0.367361 0.709493
0.368056 0.753277
0.36875 0.808434
0.369444 0.873522
0.370139 0.947186
0.370833 1.02825
0.371528 1.11572
0.372222 1.20881
0.372917 1.30687
0.373611 1.40937
0.374306 1.51585
0.375 1.6259
0.375694 1.73911
0.376389 1.85511
0.377083 1.9735
0.377778 2.09391
0.378472 2.21598
0.379167 2.33937
0.379861 2.46376
0.380556 2.58881
0.38125 2.71419
0.381944 2.83956
0.382639 2.96453
0.383333 3.08867
0.384028 3.21153
0.384722 3.33261
0.385417 3.45145
0.386111 3.56756
0.386806 3.68051
0.3875 3.78988
0.388194 3.89531
0.388889 3.99648
0.389583 4.09306
0.390278 4.18476
0.390972 4.27131
0.391667 4.3524
0.392361 4.42775
0.393056 4.49709
0.39375 4.56015
0.394444 4.61671
0.395139 4.66659
0.395833 4.70965
0.396528 4.74576
0.397222 4.77486
0.397917 4.7969
0.398611 4.81185
0.399306 4.81968
0.4 4.82038
0.400694 4.81394
0.401389 4.80039
0.402083 4.77978
0.402778 4.75218
0.403472 4.71771
0.404167 4.67654
0.404861 4.62887
0.405556 4.57495
0.40625 4.51505
0.406944 4.44946
0.407639 4.37851
0.408333 4.30253
0.409028 4.22186
0.409722 4.13685
0.410417 4.04786
0.411111 3.95526
0.411806 3.85942
0.4125 3.76069
0.413194 3.65948
0.413889 3.55617
0.414583 3.45115
0.415278 3.34485
0.415972 3.23768
0.416667 3.13009
0.417361 3.02252
0.418056 2.91542
0.41875 2.80925
0.419444 2.70444
0.420139 2.60146
0.420833 2.50075
0.421528 2.40281
0.422222 2.30817
0.422917 2.21741
0.423611 2.1312
0.424306 2.05029
0.425 1.97553
0.425694 1.90783
0.426389 1.84816
0.427083 1.79752
0.427778 1.75686
0.428472 1.72709
0.429167 1.70895
0.429861 1.70304
0.430556 1.7097
0.43125 1.72905
0.431944 1.76096
0.432639 1.80507
0.433333 1.86081
0.434028 1.92752
0.434722 2.00441
0.435417 2.09071
0.436111 2.18563
0.436806 2.2884
0.4375 2.39832
0.438194 2.51471
0.438889 2.63692
0.439583 2.76432
0.440278 2.8963
0.440972 3.03226
0.441667 3.17164
0.442361 3.31389
0.443056 3.45847
0.44375 3.60489
0.444444 3.75269
0.445139 3.9014
0.445833 4.05056
0.446528 4.1997
0.447222 4.3483
0.447917 4.49584
0.448611 4.64175
0.449306 4.78548
0.45 4.92645
0.450694 5.06412
0.451389 5.19799
0.452083 5.32759
0.452778 5.45249
0.453472 5.57231
0.454167 5.68668
0.454861 5.79526
0.455556 5.8977
0.45625 5.99366
0.456944 6.08281
0.457639 6.16484
0.458333 6.23946
0.459028 6.3064
0.459722 6.36547
0.460417 6.41648
0.461111 6.45932
0.461806 6.49389
0.4625 6.52014
0.463194 6.53803
0.463889 6.54752
0.464583 6.54861
0.465278 6.54131
0.465972 6.52564
0.466667 6.50167
0.467361 6.46952
0.468056 6.42933
0.46875 6.38129
0.469444 6.32567
0.470139 6.26273
0.470833 6.19281
0.471528 6.11625
0.472222 6.03343
0.472917 5.94474
0.473611 5.85058
0.474306 5.75138
0.475 5.64757
0.475694 5.53958
0.476389 5.42788
0.477083 5.31291
0.477778 5.19517
0.478472 5.07513
0.479167 4.95329
0.479861 4.83019
0.480556 4.70636
0.48125 4.58235
0.481944 4.45874
0.482639 4.3361
0.483333 4.21503
0.484028 4.09609
0.484722 3.97989
0.485417 3.867
0.486111 3.75803
0.486806 3.65361
0.4875 3.55442
0.488194 3.46116
0.488889 3.37463
0.489583 3.29564
0.490278 3.22506
0.490972 3.16376
0.491667 3.11263
0.492361 3.07245
0.493056 3.04396
0.49375 3.02774
0.494444 3.02423
0.495139 3.03369
0.495833 3.0562
0.496528 3.09167
0.497222 3.13982
0.497917 3.20027
0.498611 3.27249
0.499306 3.35591
0.5 3.4499
0.500694 3.55379
0.501389 3.66691
0.502083 3.78857
0.502778 3.9181
0.503472 4.0548
0.504167 4.19795
0.504861 4.34687
0.505556 4.50084
0.50625 4.65917
0.506944 4.8212
0.507639 4.98628
0.508333 5.1538
0.509028 5.32316
0.509722 5.49378
0.510417 5.66507
0.511111 5.83644
0.511806 6.00727
0.5125 6.17692
0.513194 6.34471
0.513889 6.51001
0.514583 6.67214
0.515278 6.83049
0.515972 6.98449
0.516667 7.13359
0.517361 7.2773
0.518056 7.41518
0.51875 7.54679
0.519444 7.67172
0.520139 7.78959
0.520833 7.89999
0.521528 8.00255
0.522222 8.09691
0.522917 8.18274
0.523611 8.25976
0.524306 8.32772
0.525 8.38643
0.525694 8.43576
0.526389 8.47559
0.527083 8.50586
0.527778 8.52652
0.528472 8.53754
0.529167 8.53891
0.529861 8.53064
0.530556 8.5128
0.53125 8.48546
0.531944 8.44876
0.532639 8.40288
0.533333 8.34807
0.534028 8.2846
0.534722 8.21282
0.535417 8.13309
0.536111 8.04582
0.536806 7.95144
0.5375 7.8504
0.538194 7.74318
0.538889 7.63027
0.539583 7.51218
0.540278 7.38943
0.540972 7.26255
0.541667 7.1321
0.542361 6.99863
0.543056 6.86274
0.54375 6.72503
0.544444 6.58612
0.545139 6.44665
0.545833 6.30729
0.546528 6.16871
0.547222 6.03161
0.547917 5.89667
0.548611 5.76458
0.549306 5.63602
0.55 5.51168
0.550694 5.39223
0.551389 5.27838
0.552083 5.17085
0.552778 5.07039
0.553472 4.9778
0.554167 4.8939
0.554861 4.81954
0.555556 4.75556
0.55625 4.70279
0.556944 4.66197
0.557639 4.63377
0.558333 4.61871
0.559028 4.6172
0.559722 4.62944
0.560417 4.6555
0.561111 4.69528
0.561806 4.74854
0.5625 4.81494
0.563194 4.89402
0.563889 4.98527
0.564583 5.08811
0.565278 5.20195
0.565972 5.32614
0.566667 5.46001
0.567361 5.60288
0.568056 5.75401
0.56875 5.91267
0.569444 6.07807
0.570139 6.24944
0.570833 6.42601
0.571528 6.60703
0.572222 6.79175
0.572917 6.97945
0.573611 7.16945
0.574306 7.36106
0.575 7.55358
0.575694 7.7463
0.576389 7.9385
0.577083 8.12943
0.577778 8.31834
0.578472 8.50447
0.579167 8.68708
0.579861 8.86546
0.580556 9.03898
0.58125 9.20701
0.581944 9.36899
0.582639 9.52442
0.583333 9.6728
0.584028 9.81366
0.584722 9.94653
0.585417 10.071
0.586111 10.1866
0.586806 10.2929
0.5875 10.3897
0.588194 10.4764
0.588889 10.553
0.589583 10.6192
0.590278 10.6748
0.590972 10.7197
0.591667 10.7537
0.592361 10.777
0.593056 10.7894
0.59375 10.7909
0.594444 10.7816
0.595139 10.7615
0.595833 10.7308
0.596528 10.6895
0.597222 10.6379
0.597917 10.5764
0.598611 10.5052
0.599306 10.4247
0.6 10.3353
0.600694 10.2375
0.601389 10.1318
0.602083 10.0187
0.602778 9.8987
0.603472 9.77245
0.604167 9.64048
0.604861 9.5034
0.605556 9.36184
0.60625 9.21642
0.606944 9.0678
0.607639 8.91667
0.608333 8.7637
0.609028 8.60963
0.609722 8.45519
0.610417 8.30114
0.611111 8.14827
0.611806 7.99734
0.6125 7.84915
0.613194 7.70446
0.613889 7.56404
0.614583 7.42866
0.615278 7.29905
0.615972 7.17597
0.616667 7.0602
0.617361 6.95253
0.618056 6.85376
0.61875 6.76474
0.619444 6.68632
0.620139 6.61934
0.620833 6.56459
0.621528 6.52283
0.622222 6.49467
0.622917 6.48063
0.623611 6.48107
0.624306 6.49619
0.625 6.52604
0.625694 6.57052
0.626389 6.62939
0.627083 6.70231
0.627778 6.78887
0.628472 6.88856
0.629167 7.00085
0.629861 7.12515
0.630556 7.26082
0.63125 7.40721
0.631944 7.56359
0.632639 7.72922
0.633333 7.9033
0.634028 8.08501
0.634722 8.27352
0.635417 8.46797
0.636111 8.66753
0.636806 8.87139
0.6375 9.07875
0.638194 9.28882
0.638889 9.50082
0.639583 9.71395
0.640278 9.92741
0.640972 10.1404
0.641667 10.352
0.642361 10.5614
0.643056 10.7678
0.64375 10.9703
0.644444 11.1682
0.645139 11.3607
0.645833 11.5472
0.646528 11.727
0.647222 11.8995
0.647917 12.0643
0.648611 12.2206
0.649306 12.3681
0.65 12.5063
0.650694 12.6346
0.651389 12.7526
0.652083 12.8599
0.652778 12.9562
0.653472 13.0411
0.654167 13.1144
0.654861 13.176
0.655556 13.2257
0.65625 13.2635
0.656944 13.2892
0.657639 13.3028
0.658333 13.3043
0.659028 13.2939
0.659722 13.2714
0.660417 13.2372
0.661111 13.1914
0.661806 13.1341
0.6625 13.0659
0.663194 12.987
0.663889 12.8978
0.664583 12.7989
0.665278 12.6907
0.665972 12.5739
0.666667 12.4489
0.667361 12.3165
0.668056 12.1772
0.66875 12.0317
0.669444 11.8806
0.670139 11.7248
0.670833 11.5648
0.671528 11.4015
0.672222 11.2356
0.672917 11.0678
0.673611 10.8991
0.674306 10.7302
0.675 10.562
0.675694 10.3953
0.676389 10.2311
0.677083 10.0701
0.677778 9.91323
0.678472 9.76135
0.679167 9.61527
0.679861 9.47579
0.680556 9.34372
0.68125 9.21988
0.681944 9.10509
0.682639 9.00021
0.683333 8.90609
0.684028 8.82359
0.684722 8.75356
0.685417 8.69681
0.686111 8.65407
0.686806 8.62596
0.6875 8.61297
0.688194 8.61545
0.688889 8.6336
0.689583 8.66744
0.690278 8.71686
0.690972 8.78164
0.691667 8.86142
0.692361 8.9558
0.693056 9.06429
0.69375 9.18635
0.694444 9.3214
0.695139 9.4688
0.695833 9.62787
0.696528 9.79788
0.697222 9.97803
0.697917 10.1675
0.698611 10.3654
0.699306 10.5708
0.7 10.7829
0.700694 11.0007
0.701389 11.2234
0.702083 11.45
0.702778 11.6797
0.703472 11.9116
0.704167 12.1449
0.704861 12.3786
0.705556 12.6118
0.70625 12.8437
0.706944 13.0731
0.707639 13.2993
0.708333 13.5212
0.709028 13.7382
0.709722 13.9492
0.710417 14.1537
0.711111 14.3509
0.711806 14.5401
0.7125 14.7208
0.713194 14.8923
0.713889 15.054
0.714583 15.2055
0.715278 15.3462
0.715972 15.4755
0.716667 15.5931
0.717361 15.6986
0.718056 15.7916
0.71875 15.8719
0.719444 15.9393
0.720139 15.9936
0.720833 16.0348
0.721528 16.0627
0.722222 16.0774
0.722917 16.0788
0.723611 16.0671
0.724306 16.0423
0.725 16.0045
0.725694 15.954
0.726389 15.8912
0.727083 15.8162
0.727778 15.7297
0.728472 15.632
0.729167 15.5236
0.729861 15.4052
0.730556 15.2774
0.73125 15.1408
0.731944 14.9961
0.732639 14.844
0.733333 14.6852
0.734028 14.5206
0.734722 14.3508
0.735417 14.1766
0.736111 13.999
0.736806 13.8187
0.7375 13.6366
0.738194 13.4537
0.738889 13.2707
0.739583 13.0888
0.740278 12.9088
0.740972 12.7316
0.741667 12.5582
0.742361 12.3896
0.743056 12.2266
0.74375 12.0702
0.744444 11.9211
0.745139 11.7803
0.745833 11.6486
0.746528 11.5269
0.747222 11.4161
0.747917 11.317
0.748611 11.2305
0.749306 11.1576
0.75 11.0989
0.750694 11.0553
0.751389 11.0273
0.752083 11.0155
0.752778 11.0202
0.753472 11.0415
0.754167 11.0795
0.754861 11.1341
0.755556 11.205
0.75625 11.2918
0.756944 11.3943
0.757639 11.5118
0.758333 11.6438
0.759028 11.7898
0.759722 11.9491
0.760417 12.1209
0.761111 12.3046
0.761806 12.4992
0.7625 12.704
0.763194 12.918
0.763889 13.1402
0.764583 13.3697
0.765278 13.6055
0.765972 13.8467
0.766667 14.0922
0.767361 14.3412
0.768056 14.5927
0.76875 14.8457
0.769444 15.0992
0.770139 15.3523
0.770833 15.6038
0.771528 15.8529
0.772222 16.0984
0.772917 16.3394
0.773611 16.5749
0.774306 16.8041
0.775 17.0262
0.775694 17.2403
0.776389 17.4458
0.777083 17.642
0.777778 17.8283
0.778472 18.004
0.779167 18.1684
0.779861 18.3211
0.780556 18.4615
0.78125 18.589
0.781944 18.7034
0.782639 18.8042
0.783333 18.8912
0.784028 18.9642
0.784722 19.0229
0.785417 19.0673
0.786111 19.0973
0.786806 19.113
0.7875 19.1142
0.788194 19.1011
0.788889 19.0737
0.789583 19.0324
0.790278 18.9773
0.790972 18.9087
0.791667 18.8271
0.792361 18.733
0.793056 18.6268
0.79375 18.5091
0.794444 18.3806
0.795139 18.242
0.795833 18.094
0.796528 17.9372
0.797222 17.7726
0.797917 17.6008
0.798611 17.4228
0.799306 17.2393
0.8 17.0513
0.800694 16.8597
0.801389 16.6654
0.802083 16.4694
0.802778 16.2726
0.803472 16.0761
0.804167 15.8808
0.804861 15.6878
0.805556 15.4982
0.80625 15.3128
0.806944 15.1328
0.807639 14.9591
0.808333 14.7926
0.809028 14.6343
0.809722 14.485
0.810417 14.3458
0.811111 14.2174
0.811806 14.1008
0.8125 13.9969
0.813194 13.9067
0.813889 13.8309
0.814583 13.7705
0.815278 13.7262
0.815972 13.6985
0.816667 13.688
0.817361 13.695
0.818056 13.7197
0.81875 13.762
0.819444 13.8219
0.820139 13.8991
0.820833 13.9932
0.821528 14.1039
0.822222 14.2306
0.822917 14.3727
0.823611 14.5297
0.824306 14.7009
0.825 14.8856
0.825694 15.0829
0.826389 15.2921
0.827083 15.5121
0.827778 15.742
0.828472 15.9808
0.829167 16.2276
0.829861 16.4811
0.830556 16.7405
0.83125 17.0046
0.831944 17.2726
0.832639 17.5433
0.833333 17.8156
0.834028 18.0886
0.834722 18.3611
0.835417 18.632
0.836111 18.9002
0.836806 19.1647
0.8375 19.4242
0.838194 19.678
0.838889 19.9249
0.839583 20.1641
0.840278 20.3949
0.840972 20.6163
0.841667 20.8277
0.842361 21.0284
0.843056 21.2176
0.84375 21.3947
0.844444 21.559
0.845139 21.7101
0.845833 21.8474
0.846528 21.9704
0.847222 22.0787
0.847917 22.1722
0.848611 22.2504
0.849306 22.3134
0.85 22.3608
0.850694 22.3928
0.851389 22.4092
0.852083 22.41
0.852778 22.3954
0.853472 22.3655
0.854167 22.3205
0.854861 22.2607
0.855556 22.1865
0.85625 22.0982
0.856944 21.9965
0.857639 21.8819
0.858333 21.755
0.859028 21.6166
0.859722 21.4673
0.860417 21.308
0.861111 21.1394
0.861806 20.9624
0.8625 20.7779
0.863194 20.5868
0.863889 20.39
0.864583 20.1885
0.865278 19.9833
0.865972 19.7754
0.866667 19.5658
0.867361 19.3555
0.868056 19.1457
0.86875 18.9375
0.869444 18.732
0.870139 18.5302
0.870833 18.3332
0.871528 18.1422
0.872222 17.9581
0.872917 17.7819
0.873611 17.6146
0.874306 17.4573
0.875 17.3107
0.875694 17.1759
0.876389 17.0538
0.877083 16.9454
0.877778 16.8516
0.878472 16.7733
0.879167 16.7113
0.879861 16.6665
0.880556 16.6393
0.88125 16.6303
0.881944 16.6398
0.882639 16.668
0.883333 16.7148
0.884028 16.7802
0.884722 16.8638
0.885417 16.9653
0.886111 17.0843
0.886806 17.2202
0.8875 17.3726
0.888194 17.5407
0.888889 17.7239
0.889583 17.9214
0.890278 18.1323
0.890972 18.3559
0.891667 18.5911
0.892361 18.8368
0.893056 19.0921
0.89375 19.3558
0.894444 19.6269
0.895139 19.9042
0.895833 20.1867
0.896528 20.4733
0.897222 20.7629
0.897917 21.0543
0.898611 21.3463
0.899306 21.6379
0.9 21.9277
0.900694 22.2147
0.901389 22.4977
0.902083 22.7755
0.902778 23.047
0.903472 23.3112
0.904167 23.5673
0.904861 23.8142
0.905556 24.0512
0.90625 24.2774
0.906944 24.4921
0.907639 24.6945
0.908333 24.8839
0.909028 25.0596
0.909722 25.2211
0.910417 25.3677
0.911111 25.4991
0.911806 25.6147
0.9125 25.7144
0.913194 25.7977
0.913889 25.8646
0.914583 25.915
0.915278 25.9486
0.915972 25.9656
0.916667 25.966
0.917361 25.9498
0.918056 25.9173
0.91875 25.8686
0.919444 25.804
0.920139 25.7241
0.920833 25.6292
0.921528 25.52
0.922222 25.3971
0.922917 25.2611
0.923611 25.1128
0.924306 24.953
0.925 24.7826
0.925694 24.6024
0.926389 24.4133
0.927083 24.2163
0.927778 24.0124
0.928472 23.8026
0.929167 23.5879
0.929861 23.3694
0.930556 23.1481
0.93125 22.9253
0.931944 22.702
0.932639 22.4793
0.933333 22.2585
0.934028 22.0408
0.934722 21.8273
0.935417 21.6191
0.936111 21.4174
0.936806 21.2232
0.9375 21.0377
0.938194 20.8619
0.938889 20.6967
0.939583 20.5431
0.940278 20.4022
0.940972 20.2749
0.941667 20.1622
0.942361 20.0651
0.943056 19.9845
0.94375 19.9212
0.944444 19.876
0.945139 19.8495
0.945833 19.8422
0.946528 19.8544
0.947222 19.8862
0.947917 19.9377
0.948611 20.0087
0.949306 20.0989
0.95 20.2079
0.950694 20.3353
0.951389 20.4806
0.952083 20.6432
0.952778 20.8224
0.953472 21.0176
0.954167 21.2279
0.954861 21.4525
0.955556 21.6904
0.95625 21.9406
0.956944 22.202
0.957639 22.4736
0.958333 22.7541
0.959028 23.0425
0.959722 23.3375
0.960417 23.6381
0.961111 23.943
0.961806 24.2511
0.9625 24.5611
0.963194 24.8719
0.963889 25.1822
0.964583 25.4906
0.965278 25.796
0.965972 26.0971
0.966667 26.3927
0.967361 26.6816
0.968056 26.9628
0.96875 27.2353
0.969444 27.4981
0.970139 27.7502
0.970833 27.9909
0.971528 28.2192
0.972222 28.4345
0.972917 28.6358
0.973611 28.8226
0.974306 28.9942
0.975 29.1499
0.975694 29.2893
0.976389 29.412
0.977083 29.5175
0.977778 29.6058
0.978472 29.6764
0.979167 29.7294
0.979861 29.7647
0.980556 29.7822
0.98125 29.7819
0.981944 29.764
0.982639 29.7287
0.983333 29.6763
0.984028 29.607
0.984722 29.5214
0.985417 29.4199
0.986111 29.3032
0.986806 29.172
0.9875 29.027
0.988194 28.869
0.988889 28.6989
0.989583 28.5175
0.990278 28.3259
0.990972 28.125
0.991667 27.9157
0.992361 27.6993
0.993056 27.4767
0.99375 27.2491
0.994444 27.0176
0.995139 26.7834
0.995833 26.5477
0.996528 26.3116
0.997222 26.0765
0.997917 25.8436
0.998611 25.614
0.999306 25.3891
1 25.1701
1.00069 24.9581
1.00139 24.7543
1.00208 24.5598
1.00278 24.3757
1.00347 24.203
1.00417 24.0427
1.00486 23.896
1.00556 23.7638
1.00625 23.6471
1.00694 23.5469
1.00764 23.4642
1.00833 23.3998
1.00903 23.3545
1.00972 23.3289
1.01042 23.3235
1.01111 23.3386
1.01181 23.3742
1.0125 23.4305
1.01319 23.5072
1.01389 23.6041
1.01458 23.7207
1.01528 23.8567
1.01597 24.0114
1.01667 24.1843
1.01736 24.3746
1.01806 24.5818
1.01875 24.8049
1.01944 25.043
1.02014 25.2951
1.02083 25.5602
1.02153 25.8372
1.02222 26.1248
1.02292 26.422
1.02361 26.7274
1.02431 27.0399
1.025 27.3582
1.02569 27.6812
1.02639 28.0075
1.02708 28.3359
1.02778 28.6651
1.02847 28.9937
1.02917 29.3203
1.02986 29.6437
1.03056 29.9626
1.03125 30.2756
1.03194 30.5816
1.03264 30.8793
1.03333 31.1678
1.03403 31.446
1.03472 31.713
1.03542 31.9677
1.03611 32.2094
1.03681 32.4372
1.0375 32.6502
1.03819 32.8477
1.03889 33.029
1.03958 33.1935
1.04028 33.3407
1.04097 33.4701
1.04167 33.5814
1.04236 33.6742
1.04306 33.7485
1.04375 33.804
1.04444 33.8406
1.04514 33.8584
1.04583 33.8574
1.04653 33.8377
1.04722 33.7996
1.04792 33.7433
1.04861 33.6693
1.04931 33.578
1.05 33.4699
1.05069 33.3458
1.05139 33.2064
1.05208 33.0525
1.05278 32.8849
1.05347 32.7046
1.05417 32.5125
1.05486 32.3096
1.05556 32.097
1.05625 31.8758
1.05694 31.6471
1.05764 31.4121
1.05833 31.1719
1.05903 30.9278
1.05972 30.6809
1.06042 30.4327
1.06111 30.1843
1.06181 29.937
1.0625 29.6923
1.06319 29.4513
1.06389 29.2154
1.06458 28.9859
1.06528 28.764
1.06597 28.5509
1.06667 28.3478
1.06736 28.1557
1.06806 27.9759
1.06875 27.8093
1.06944 27.6571
1.07014 27.5203
1.07083 27.3999
1.07153 27.2969
1.07222 27.2124
1.07292 27.1471
1.07361 27.1019
1.07431 27.0774
1.075 27.0741
1.07569 27.0922
1.07639 27.1319
1.07708 27.1931
1.07778 27.2757
1.07847 27.3793
1.07917 27.5036
1.07986 27.6482
1.08056 27.8123
1.08125 27.9955
1.08194 28.1971
1.08264 28.4162
1.08333 28.652
1.08403 28.9035
1.08472 29.1698
1.08542 29.4497
1.08611 29.742
1.08681 30.0456
1.0875 30.3591
1.08819 30.6814
1.08889 31.011
1.08958 31.3469
1.09028 31.6876
1.09097 32.0318
1.09167 32.3782
1.09236 32.7254
1.09306 33.072
1.09375 33.4165
1.09444 33.7576
1.09514 34.0938
1.09583 34.4239
1.09653 34.7465
1.09722 35.0604
1.09792 35.3646
1.09861 35.6579
1.09931 35.9392
1.1 36.2077
1.10069 36.4624
1.10139 36.7023
1.10208 36.9266
1.10278 37.1345
1.10347 37.3253
1.10417 37.4983
1.10486 37.653
1.10556 37.7889
1.10625 37.9056
1.10694 38.0029
1.10764 38.0804
1.10833 38.1382
1.10903 38.1761
1.10972 38.1941
1.11042 38.1922
1.11111 38.1706
1.11181 38.1296
1.1125 38.0695
1.11319 37.9906
1.11389 37.8936
1.11458 37.779
1.11528 37.6476
1.11597 37.5001
1.11667 37.3373
1.11736 37.1603
1.11806 36.9699
1.11875 36.7672
1.11944 36.5533
1.12014 36.3293
1.12083 36.0964
1.12153 35.8557
1.12222 35.6085
1.12292 35.356
1.12361 35.0995
1.12431 34.8404
1.125 34.58
1.12569 34.3196
1.12639 34.0606
1.12708 33.8044
1.12778 33.5524
1.12847 33.3059
1.12917 33.0663
1.12986 32.8349
1.13056 32.6128
1.13125 32.4014
1.13194 32.2018
1.13264 32.0152
1.13333 31.8426
1.13403 31.6852
1.13472 31.5441
1.13542 31.4202
1.13611 31.3148
1.13681 31.2287
1.1375 31.1628
1.13819 31.118
1.13889 31.0948
1.13958 31.0938
1.14028 31.1151
1.14097 31.1589
1.14167 31.2252
1.14236 31.3138
1.14306 31.4243
1.14375 31.5564
1.14444 31.7096
1.14514 31.8832
1.14583 32.0768
1.14653 32.2894
1.14722 32.5204
1.14792 32.7689
1.14861 33.0338
1.14931 33.3141
1.15 33.6087
1.15069 33.9162
1.15139 34.2355
1.15208 34.5652
1.15278 34.904
1.15347 35.2506
1.15417 35.6037
1.15486 35.9618
1.15556 36.3237
1.15625 36.6878
1.15694 37.0526
1.15764 37.4168
1.15833 37.7788
1.15903 38.1372
1.15972 38.4904
1.16042 38.8371
1.16111 39.176
1.16181 39.5058
1.1625 39.8252
1.16319 40.1332
1.16389 40.4286
1.16458 40.7105
1.16528 40.9777
1.16597 41.2295
1.16667 41.4647
1.16736 41.6827
1.16806 41.8827
1.16875 42.0639
1.16944 42.2258
1.17014 42.3679
1.17083 42.4898
1.17153 42.5913
1.17222 42.672
1.17292 42.7319
1.17361 42.7708
1.17431 42.7888
1.175 42.786
1.17569 42.7624
1.17639 42.7184
1.17708 42.6544
1.17778 42.5707
1.17847 42.468
1.17917 42.3469
1.17986 42.2081
1.18056 42.0526
1.18125 41.8811
1.18194 41.6948
1.18264 41.4945
1.18333 41.2815
1.18403 41.0568
1.18472 40.8216
1.18542 40.5771
1.18611 40.3247
1.18681 40.0656
1.1875 39.8012
1.18819 39.5327
1.18889 39.2617
1.18958 38.9894
1.19028 38.7174
1.19097 38.447
1.19167 38.1798
1.19236 37.9171
1.19306 37.6604
1.19375 37.4111
1.19444 37.1705
1.19514 36.9399
1.19583 36.7206
1.19653 36.5138
1.19722 36.3207
1.19792 36.1425
1.19861 35.9802
1.19931 35.835
1.2 35.7081
1.20069 35.6004
1.20139 35.5131
1.20208 35.4469
1.20278 35.4026
1.20347 35.381
1.20417 35.3824
1.20486 35.4071
1.20556 35.4552
1.20625 35.5267
1.20694 35.6214
1.20764 35.7389
1.20833 35.8789
1.20903 36.0407
1.20972 36.2239
1.21042 36.4278
1.21111 36.6515
1.21181 36.8944
1.2125 37.1555
1.21319 37.4336
1.21389 37.7278
1.21458 38.0368
1.21528 38.3594
1.21597 38.6942
1.21667 39.0399
1.21736 39.395
1.21806 39.7583
1.21875 40.1284
1.21944 40.5036
1.22014 40.8827
1.22083 41.2642
1.22153 41.6464
1.22222 42.0278
1.22292 42.407
1.22361 42.7822
1.22431 43.1521
1.225 43.5151
1.22569 43.8699
1.22639 44.2151
1.22708 44.5495
1.22778 44.8718
1.22847 45.1809
1.22917 45.4757
1.22986 45.7553
1.23056 46.0184
1.23125 46.2643
1.23194 46.4921
1.23264 46.7009
1.23333 46.89
1.23403 47.0588
1.23472 47.2069
1.23542 47.3338
1.23611 47.4392
1.23681 47.5229
1.2375 47.5847
1.23819 47.6245
1.23889 47.6424
1.23958 47.6384
1.24028 47.6128
1.24097 47.5658
1.24167 47.4978
1.24236 47.4092
1.24306 47.3008
1.24375 47.1732
1.24444 47.0273
1.24514 46.8638
1.24583 46.6837
1.24653 46.4882
1.24722 46.2782
1.24792 46.055
1.24861 45.8197
1.24931 45.5735
1.25 45.3179
1.25069 45.054
1.25139 44.7833
1.25208 44.5072
1.25278 44.2271
1.25347 43.9444
1.25417 43.6607
1.25486 43.3774
1.25556 43.0961
1.25625 42.8181
1.25694 42.5452
1.25764 42.2786
1.25833 42.02
1.25903 41.7706
1.25972 41.5319
1.26042 41.305
1.26111 41.0914
1.26181 40.8922
1.2625 40.7086
1.26319 40.5419
1.26389 40.393
1.26458 40.2633
1.26528 40.1537
1.26597 40.0653
1.26667 39.999
1.26736 39.9556
1.26806 39.9357
1.26875 39.9397
1.26944 39.968
1.27014 40.0206
1.27083 40.0975
1.27153 40.1984
1.27222 40.3229
1.27292 40.4708
1.27361 40.6414
1.27431 40.8341
1.275 41.0483
1.27569 41.2831
1.27639 41.5378
1.27708 41.8114
1.27778 42.1027
1.27847 42.4107
1.27917 42.734
1.27986 43.0714
1.28056 43.4215
1.28125 43.7829
1.28194 44.1542
1.28264 44.5339
1.28333 44.9206
1.28403 45.3127
1.28472 45.7087
1.28542 46.1072
1.28611 46.5064
1.28681 46.9048
1.2875 47.3007
1.28819 47.6925
1.28889 48.0786
1.28958 48.4575
1.29028 48.8278
1.29097 49.1881
1.29167 49.537
1.29236 49.8732
1.29306 50.1957
1.29375 50.5032
1.29444 50.7946
1.29514 51.0689
1.29583 51.3251
1.29653 51.5623
1.29722 51.7796
1.29792 51.9763
1.29861 52.1518
1.29931 52.3056
1.3 52.4372
1.30069 52.5464
1.30139 52.6328
1.30208 52.6963
1.30278 52.7369
1.30347 52.7545
1.30417 52.7493
1.30486 52.7215
1.30556 52.6714
1.30625 52.5994
1.30694 52.506
1.30764 52.3919
1.30833 52.2579
1.30903 52.1047
1.30972 51.9334
1.31042 51.7448
1.31111 51.5403
1.31181 51.3207
1.3125 51.0875
1.31319 50.8418
1.31389 50.5849
1.31458 50.3183
1.31528 50.0433
1.31597 49.7613
1.31667 49.4739
1.31736 49.1824
1.31806 48.8885
1.31875 48.5937
1.31944 48.2995
1.32014 48.0075
1.32083 47.7193
1.32153 47.4364
1.32222 47.1605
1.32292 46.8929
1.32361 46.6351
1.32431 46.3885
1.325 46.1546
1.32569 45.9345
1.32639 45.7295
1.32708 45.541
1.32778 45.37
1.32847 45.2178
1.32917 45.0856
1.32986 44.9743
1.33056 44.8852
1.33125 44.8191
1.33194 44.7767
1.33264 44.7588
1.33333 44.7657
1.33403 44.7977
1.33472 44.8549
1.33542 44.9372
1.33611 45.0444
1.33681 45.1762
1.3375 45.332
1.33819 45.5113
1.33889 45.7136
1.33958 45.9381
1.34028 46.184
1.34097 46.4504
1.34167 46.7364
1.34236 47.0407
1.34306 47.3623
1.34375 47.6998
1.34444 48.0519
1.34514 48.4171
1.34583 48.794
1.34653 49.1811
1.34722 49.577
1.34792 49.98
1.34861 50.3886
1.34931 50.8014
1.35 51.2165
1.35069 51.6323
1.35139 52.0473
1.35208 52.4596
1.35278 52.8675
1.35347 53.2696
1.35417 53.664
1.35486 54.0494
1.35556 54.4244
1.35625 54.7874
1.35694 55.1373
1.35764 55.4727
1.35833 55.7924
1.35903 56.0954
1.35972 56.3805
1.36042 56.6467
1.36111 56.893
1.36181 57.1185
1.3625 57.3226
1.36319 57.5045
1.36389 57.6637
1.36458 57.7998
1.36528 57.9124
1.36597 58.0013
1.36667 58.0664
1.36736 58.1076
1.36806 58.1248
1.36875 58.1183
1.36944 58.0882
1.37014 58.0349
1.37083 57.9589
1.37153 57.8606
1.37222 57.7409
1.37292 57.6004
1.37361 57.4402
1.37431 57.2611
1.375 57.0642
1.37569 56.8507
1.37639 56.6218
1.37708 56.3788
1.37778 56.1229
1.37847 55.8556
1.37917 55.5782
1.37986 55.2923
1.38056 54.9994
1.38125 54.7009
1.38194 54.3985
1.38264 54.0937
1.38333 53.7881
1.38403 53.4833
1.38472 53.1811
1.38542 52.883
1.38611 52.5906
1.38681 52.3056
1.3875 52.0295
1.38819 51.7637
