0 0
0.000694444 0.431523
0.00138889 0.622321
0.00208333 0.852209
0.00277778 1.49857
0.00347222 2.63346
0.00416667 4.22632
0.00486111 6.27693
0.00555556 8.81426
0.00625 11.8852
0.00694444 15.5415
0.00763889 19.8368
0.00833333 24.8158
0.00902778 30.503
0.00972222 36.9072
0.0104167 44.0171
0.0111111 51.8015
0.0118056 60.2164
0.0125 69.2162
0.0131944 78.7501
0.0138889 88.7707
0.0145833 99.2425
0.0152778 110.132
0.0159722 121.412
0.0166667 133.064
0.0173611 145.07
0.0180556 157.408
0.01875 170.06
0.0194444 183.004
0.0201389 196.209
0.0208333 209.648
0.0215278 223.292
0.0222222 237.106
0.0229167 251.053
0.0236111 265.111
0.0243056 279.249
0.025 293.443
0.0256944 307.685
0.0263889 321.961
0.0270833 336.261
0.0277778 350.578
0.0284722 364.898
0.0291667 379.19
0.0298611 393.419
0.0305556 407.542
0.03125 421.503
0.0319444 435.265
0.0326389 448.808
0.0333333 462.133
0.0340278 475.27
0.0347222 488.289
0.0354167 501.258
0.0361111 514.241
0.0368056 527.272
0.0375 540.333
0.0381944 553.321
0.0388889 566.068
0.0395833 578.345
0.0402778 589.867
0.0409722 600.353
0.0416667 609.543
0.0423611 617.223
0.0430556 623.252
0.04375 627.582
0.0444444 630.232
0.0451389 631.282
0.0458333 630.865
0.0465278 629.115
0.0472222 626.154
0.0479167 622.089
0.0486111 616.993
0.0493056 610.896
0.05 603.827
0.0506944 595.806
0.0513889 586.85
0.0520833 577.001
0.0527778 566.315
0.0534722 554.845
0.0541667 542.637
0.0548611 529.74
0.0555556 516.168
0.05625 501.922
0.0569444 487.006
0.0576389 471.42
0.0583333 455.187
0.0590278 438.371
0.0597222 421.076
0.0604167 403.427
0.0611111 385.587
0.0618056 367.721
0.0625 349.97
0.0631944 332.455
0.0638889 315.257
0.0645833 298.409
0.0652778 281.912
0.0659722 265.758
0.0666667 249.929
0.0673611 234.422
0.0680556 219.267
0.06875 204.533
0.0694444 190.318
0.0701389 176.78
0.0708333 164.136
0.0715278 152.665
0.0722222 142.752
0.0729167 134.88
0.0736111 129.603
0.0743056 127.476
0.075 128.94
0.0756944 134.174
0.0763889 143.064
0.0770833 155.288
0.0777778 170.41
0.0784722 187.994
0.0791667 207.672
0.0798611 229.148
0.0805556 252.183
0.08125 276.6
0.0819444 302.259
0.0826389 329.032
0.0833333 356.816
0.0840278 385.515
0.0847222 415.03
0.0854167 445.262
0.0861111 476.126
0.0868056 507.526
0.0875 539.368
0.0881944 571.574
0.0888889 604.056
0.0895833 636.732
0.0902778 669.532
0.0909722 702.389
0.0916667 735.225
0.0923611 767.972
0.0930556 800.552
0.09375 832.868
0.0944444 864.824
0.0951389 896.318
0.0958333 927.243
0.0965278 957.499
0.0972222 987.019
0.0979167 1015.76
0.0986111 1043.68
0.0993056 1070.82
0.1 1097.17
0.100694 1122.75
0.101389 1147.52
0.102083 1171.41
0.102778 1194.25
0.103472 1215.85
0.104167 1235.93
0.104861 1254.19
0.105556 1270.31
0.10625 1284.03
0.106944 1295.15
0.107639 1303.52
0.108333 1309.12
0.109028 1311.97
0.109722 1312.17
0.110417 1309.87
0.111111 1305.21
0.111806 1298.33
0.1125 1289.35
0.113194 1278.34
0.113889 1265.37
0.114583 1250.46
0.115278 1233.68
0.115972 1215.08
0.116667 1194.72
0.117361 1172.72
0.118056 1149.16
0.11875 1124.15
0.119444 1097.78
0.120139 1070.12
0.120833 1041.23
0.121528 1011.17
0.122222 980.017
0.122917 947.846
0.123611 914.79
0.124306 881.016
0.125 846.713
0.125694 812.103
0.126389 777.412
0.127083 742.842
0.127778 708.563
0.128472 674.72
0.129167 641.406
0.129861 608.683
0.130556 576.606
0.13125 545.234
0.131944 514.63
0.132639 484.904
0.133333 456.203
0.134028 428.712
0.134722 402.677
0.135417 378.403
0.136111 356.256
0.136806 336.676
0.1375 320.196
0.138194 307.399
0.138889 298.889
0.139583 295.226
0.140278 296.804
0.140972 303.791
0.141667 316.106
0.142361 333.449
0.143056 355.37
0.14375 381.377
0.144444 410.989
0.145139 443.759
0.145833 479.309
0.146528 517.312
0.147222 557.482
0.147917 599.567
0.148611 643.352
0.149306 688.63
0.15 735.21
0.150694 782.922
0.151389 831.592
0.152083 881.056
0.152778 931.162
0.153472 981.764
0.154167 1032.71
0.154861 1083.87
0.155556 1135.12
0.15625 1186.3
0.156944 1237.29
0.157639 1287.94
0.158333 1338.1
0.159028 1387.6
0.159722 1436.29
0.160417 1483.99
0.161111 1530.55
0.161806 1575.86
0.1625 1619.8
0.163194 1662.31
0.163889 1703.35
0.164583 1742.87
0.165278 1780.82
0.165972 1817.12
0.166667 1851.64
0.167361 1884.19
0.168056 1914.49
0.16875 1942.26
0.169444 1967.15
0.170139 1988.84
0.170833 2007.06
0.171528 2021.58
0.172222 2032.27
0.172917 2039.1
0.173611 2042.12
0.174306 2041.42
0.175 2037.17
0.175694 2029.51
0.176389 2018.6
0.177083 2004.56
0.177778 1987.5
0.178472 1967.47
0.179167 1944.56
0.179861 1918.85
0.180556 1890.43
0.18125 1859.41
0.181944 1825.93
0.182639 1790.15
0.183333 1752.2
0.184028 1712.24
0.184722 1670.4
0.185417 1626.78
0.186111 1581.51
0.186806 1534.72
0.1875 1486.55
0.188194 1437.21
0.188889 1386.91
0.189583 1335.92
0.190278 1284.52
0.190972 1232.98
0.191667 1181.59
0.192361 1130.57
0.193056 1080.12
0.19375 1030.4
0.194444 981.559
0.195139 933.71
0.195833 886.99
0.196528 841.546
0.197222 797.572
0.197917 755.309
0.198611 715.041
0.199306 677.106
0.2 641.915
0.200694 609.928
0.201389 581.668
0.202083 557.73
0.202778 538.736
0.203472 525.311
0.204167 518.025
0.204861 517.322
0.205556 523.437
0.20625 536.394
0.206944 555.993
0.207639 581.851
0.208333 613.485
0.209028 650.363
0.209722 691.946
0.210417 737.72
0.211111 787.227
0.211806 840.039
0.2125 895.771
0.213194 954.083
0.213889 1014.66
0.214583 1077.19
0.215278 1141.42
0.215972 1207.09
0.216667 1273.95
0.217361 1341.77
0.218056 1410.33
0.21875 1479.42
0.219444 1548.81
0.220139 1618.33
0.220833 1687.76
0.221528 1756.88
0.222222 1825.51
0.222917 1893.41
0.223611 1960.36
0.224306 2026.13
0.225 2090.51
0.225694 2153.28
0.226389 2214.25
0.227083 2273.29
0.227778 2330.25
0.228472 2385.05
0.229167 2437.6
0.229861 2487.79
0.230556 2535.49
0.23125 2580.51
0.231944 2622.61
0.232639 2661.5
0.233333 2696.83
0.234028 2728.25
0.234722 2755.4
0.235417 2778
0.236111 2795.83
0.236806 2808.75
0.2375 2816.74
0.238194 2819.84
0.238889 2818.16
0.239583 2811.87
0.240278 2801.13
0.240972 2786.1
0.241667 2766.92
0.242361 2743.7
0.243056 2716.54
0.24375 2685.54
0.244444 2650.81
0.245139 2612.49
0.245833 2570.74
0.246528 2525.73
0.247222 2477.67
0.247917 2426.75
0.248611 2373.17
0.249306 2317.11
0.25 2258.75
0.250694 2198.25
0.251389 2135.83
0.252083 2071.68
0.252778 2006.06
0.253472 1939.26
0.254167 1871.62
0.254861 1803.47
0.255556 1735.16
0.25625 1667.03
0.256944 1599.37
0.257639 1532.45
0.258333 1466.5
0.259028 1401.74
0.259722 1338.36
0.260417 1276.58
0.261111 1216.64
0.261806 1158.81
0.2625 1103.44
0.263194 1050.9
0.263889 1001.64
0.264583 956.149
0.265278 914.983
0.265972 878.738
0.266667 848.056
0.267361 823.599
0.268056 805.997
0.26875 795.82
0.269444 793.516
0.270139 799.343
0.270833 813.365
0.271528 835.441
0.272222 865.239
0.272917 902.295
0.273611 946.071
0.274306 995.984
0.275 1051.44
0.275694 1111.9
0.276389 1176.81
0.277083 1245.67
0.277778 1318.03
0.278472 1393.48
0.279167 1471.59
0.279861 1552.01
0.280556 1634.39
0.28125 1718.4
0.281944 1803.71
0.282639 1890.04
0.283333 1977.09
0.284028 2064.57
0.284722 2152.21
0.285417 2239.74
0.286111 2326.87
0.286806 2413.34
0.2875 2498.86
0.288194 2583.14
0.288889 2665.87
0.289583 2746.8
0.290278 2825.64
0.290972 2902.16
0.291667 2976.15
0.292361 3047.44
0.293056 3115.87
0.29375 3181.31
0.294444 3243.6
0.295139 3302.54
0.295833 3357.92
0.296528 3409.45
0.297222 3456.78
0.297917 3499.54
0.298611 3537.35
0.299306 3569.84
0.3 3596.72
0.300694 3617.75
0.301389 3632.79
0.302083 3641.83
0.302778 3644.92
0.303472 3642.18
0.304167 3633.76
0.304861 3619.85
0.305556 3600.62
0.30625 3576.21
0.306944 3546.77
0.307639 3512.41
0.308333 3473.26
0.309028 3429.47
0.309722 3381.21
0.310417 3328.69
0.311111 3272.12
0.311806 3211.77
0.3125 3147.87
0.313194 3080.67
0.313889 3010.41
0.314583 2937.33
0.315278 2861.65
0.315972 2783.63
0.316667 2703.54
0.317361 2621.71
0.318056 2538.5
0.31875 2454.3
0.319444 2369.51
0.320139 2284.55
0.320833 2199.83
0.321528 2115.71
0.322222 2032.52
0.322917 1950.57
0.323611 1870.16
0.324306 1791.55
0.325 1715.05
0.325694 1640.99
0.326389 1569.74
0.327083 1501.72
0.327778 1437.42
0.328472 1377.36
0.329167 1322.13
0.329861 1272.35
0.330556 1228.69
0.33125 1191.82
0.331944 1162.43
0.332639 1141.16
0.333333 1128.57
0.334028 1125.1
0.334722 1131.01
0.335417 1146.39
0.336111 1171.13
0.336806 1204.92
0.3375 1247.33
0.338194 1297.82
0.338889 1355.77
0.339583 1420.57
0.340278 1491.56
0.340972 1568.15
0.341667 1649.73
0.342361 1735.75
0.343056 1825.67
0.34375 1919.01
0.344444 2015.3
0.345139 2114.09
0.345833 2214.97
0.346528 2317.53
0.347222 2421.39
0.347917 2526.19
0.348611 2631.55
0.349306 2737.13
0.35 2842.58
0.350694 2947.56
0.351389 3051.71
0.352083 3154.69
0.352778 3256.13
0.353472 3355.68
0.354167 3453
0.354861 3547.77
0.355556 3639.67
0.35625 3728.47
0.356944 3813.93
0.357639 3895.84
0.358333 3974
0.359028 4048.23
0.359722 4118.27
0.360417 4183.85
0.361111 4244.65
0.361806 4300.27
0.3625 4350.32
0.363194 4394.4
0.363889 4432.1
0.364583 4463.12
0.365278 4487.23
0.365972 4504.3
0.366667 4514.28
0.367361 4517.26
0.368056 4513.35
0.36875 4502.73
0.369444 4485.57
0.370139 4462.06
0.370833 4432.37
0.371528 4396.64
0.372222 4355.03
0.372917 4307.69
0.373611 4254.8
0.374306 4196.59
0.375 4133.28
0.375694 4065.16
0.376389 3992.53
0.377083 3915.67
0.377778 3834.89
0.378472 3750.47
0.379167 3662.72
0.379861 3571.91
0.380556 3478.37
0.38125 3382.45
0.381944 3284.51
0.382639 3185
0.383333 3084.38
0.384028 2983.11
0.384722 2881.68
0.385417 2780.56
0.386111 2680.2
0.386806 2580.99
0.3875 2483.32
0.388194 2387.55
0.388889 2294.05
0.389583 2203.2
0.390278 2115.43
0.390972 2031.18
0.391667 1950.98
0.392361 1875.4
0.393056 1805.04
0.39375 1740.57
0.394444 1682.69
0.395139 1632.09
0.395833 1589.5
0.396528 1555.61
0.397222 1531.07
0.397917 1516.42
0.398611 1512.1
0.399306 1518.37
0.4 1535.33
0.400694 1562.87
0.401389 1600.73
0.402083 1648.46
0.402778 1705.55
0.403472 1771.36
0.404167 1845.24
0.404861 1926.48
0.405556 2014.42
0.40625 2108.36
0.406944 2207.68
0.407639 2311.74
0.408333 2419.97
0.409028 2531.8
0.409722 2646.7
0.410417 2764.16
0.411111 2883.7
0.411806 3004.84
0.4125 3127.14
0.413194 3250.15
0.413889 3373.46
0.414583 3496.63
0.415278 3619.25
0.415972 3740.89
0.416667 3861.14
0.417361 3979.56
0.418056 4095.74
0.41875 4209.28
0.419444 4319.79
0.420139 4426.91
0.420833 4530.33
0.421528 4629.78
0.422222 4724.99
0.422917 4815.71
0.423611 4901.71
0.424306 4982.68
0.425 5058.3
0.425694 5128.2
0.426389 5191.97
0.427083 5249.16
0.427778 5299.34
0.428472 5342.12
0.429167 5377.16
0.429861 5404.23
0.430556 5423.19
0.43125 5434.02
0.431944 5436.79
0.432639 5431.63
0.433333 5418.71
0.434028 5398.22
0.434722 5370.37
0.435417 5335.33
0.436111 5293.27
0.436806 5244.38
0.4375 5188.82
0.438194 5126.83
0.438889 5058.65
0.439583 4984.57
0.440278 4904.92
0.440972 4820.03
0.441667 4730.25
0.442361 4635.94
0.443056 4537.43
0.44375 4435.09
0.444444 4329.25
0.445139 4220.3
0.445833 4108.66
0.446528 3994.76
0.447222 3879.1
0.447917 3762.23
0.448611 3644.67
0.449306 3526.98
0.45 3409.7
0.450694 3293.35
0.451389 3178.4
0.452083 3065.31
0.452778 2954.52
0.453472 2846.49
0.454167 2741.68
0.454861 2640.6
0.455556 2543.79
0.45625 2451.86
0.456944 2365.45
0.457639 2285.27
0.458333 2212.02
0.459028 2146.48
0.459722 2089.37
0.460417 2041.45
0.461111 2003.43
0.461806 1975.94
0.4625 1959.53
0.463194 1954.62
0.463889 1961.48
0.464583 1980.19
0.465278 2010.66
0.465972 2052.64
0.466667 2105.7
0.467361 2169.32
0.468056 2242.86
0.46875 2325.62
0.469444 2416.87
0.470139 2515.88
0.470833 2621.9
0.471528 2734.2
0.472222 2852.08
0.472917 2974.88
0.473611 3101.93
0.474306 3232.63
0.475 3366.39
0.475694 3502.61
0.476389 3640.77
0.477083 3780.32
0.477778 3920.73
0.478472 4061.52
0.479167 4202.18
0.479861 4342.22
0.480556 4481.13
0.48125 4618.43
0.481944 4753.62
0.482639 4886.23
0.483333 5015.77
0.484028 5141.82
0.484722 5263.96
0.485417 5381.81
0.486111 5495.06
0.486806 5603.38
0.4875 5706.48
0.488194 5804.06
0.488889 5895.78
0.489583 5981.26
0.490278 6060.11
0.490972 6131.85
0.491667 6196.02
0.492361 6252.17
0.493056 6299.87
0.49375 6338.79
0.494444 6368.69
0.495139 6389.44
0.495833 6401
0.496528 6403.46
0.497222 6396.95
0.497917 6381.65
0.498611 6357.78
0.499306 6325.53
0.5 6285.09
0.500694 6236.66
0.501389 6180.45
0.502083 6116.66
0.502778 6045.56
0.503472 5967.43
0.504167 5882.6
0.504861 5791.44
0.505556 5694.34
0.50625 5591.71
0.506944 5483.94
0.507639 5371.44
0.508333 5254.61
0.509028 5133.86
0.509722 5009.64
0.510417 4882.42
0.511111 4752.73
0.511806 4621.11
0.5125 4488.18
0.513194 4354.55
0.513889 4220.84
0.514583 4087.66
0.515278 3955.6
0.515972 3825.21
0.516667 3697.02
0.517361 3571.57
0.518056 3449.38
0.51875 3331
0.519444 3217.02
0.520139 3108.08
0.520833 3004.85
0.521528 2908.07
0.522222 2818.49
0.522917 2736.9
0.523611 2664.1
0.524306 2600.87
0.525 2547.97
0.525694 2506.14
0.526389 2475.99
0.527083 2458.07
0.527778 2452.79
0.528472 2460.41
0.529167 2481.02
0.529861 2514.53
0.530556 2560.7
0.53125 2619.09
0.531944 2689.19
0.532639 2770.35
0.533333 2861.85
0.534028 2962.92
0.534722 3072.77
0.535417 3190.59
0.536111 3315.59
0.536806 3447
0.5375 3584.06
0.538194 3726.05
0.538889 3872.25
0.539583 4022
0.540278 4174.63
0.540972 4329.51
0.541667 4486.03
0.542361 4643.59
0.543056 4801.6
0.54375 4959.49
0.544444 5116.69
0.545139 5272.63
0.545833 5426.75
0.546528 5578.48
0.547222 5727.28
0.547917 5872.61
0.548611 6013.98
0.549306 6150.92
0.55 6283
0.550694 6409.83
0.551389 6531.06
0.552083 6646.34
0.552778 6755.31
0.553472 6857.58
0.554167 6952.75
0.554861 7040.35
0.555556 7119.9
0.55625 7190.88
0.556944 7252.84
0.557639 7305.32
0.558333 7347.98
0.559028 7380.58
0.559722 7402.99
0.560417 7415.18
0.561111 7417.23
0.561806 7409.29
0.5625 7391.54
0.563194 7364.2
0.563889 7327.5
0.564583 7281.63
0.565278 7226.8
0.565972 7163.25
0.566667 7091.23
0.567361 7011.02
0.568056 6922.95
0.56875 6827.41
0.569444 6724.8
0.570139 6615.57
0.570833 6500.16
0.571528 6379.03
0.572222 6252.64
0.572917 6121.45
0.573611 5985.93
0.574306 5846.59
0.575 5703.97
0.575694 5558.66
0.576389 5411.29
0.577083 5262.54
0.577778 5113.08
0.578472 4963.61
0.579167 4814.81
0.579861 4667.34
0.580556 4521.83
0.58125 4378.89
0.581944 4239.14
0.582639 4103.16
0.583333 3971.6
0.584028 3845.14
0.584722 3724.48
0.585417 3610.38
0.586111 3503.64
0.586806 3405.08
0.5875 3315.54
0.588194 3235.86
0.588889 3166.86
0.589583 3109.31
0.590278 3063.94
0.590972 3031.39
0.591667 3012.19
0.592361 3006.74
0.593056 3015.3
0.59375 3037.94
0.594444 3074.58
0.595139 3124.98
0.595833 3188.73
0.596528 3265.27
0.597222 3353.97
0.597917 3454.08
0.598611 3564.78
0.599306 3685.26
0.6 3814.65
0.600694 3952.1
0.601389 4096.75
0.602083 4247.8
0.602778 4404.41
0.603472 4565.82
0.604167 4731.27
0.604861 4900.01
0.605556 5071.33
0.60625 5244.54
0.606944 5418.96
0.607639 5593.92
0.608333 5768.77
0.609028 5942.87
0.609722 6115.58
0.610417 6286.26
0.611111 6454.28
0.611806 6619.03
0.6125 6779.91
0.613194 6936.37
0.613889 7087.87
0.614583 7233.95
0.615278 7374.16
0.615972 7508.08
0.616667 7635.32
0.617361 7755.48
0.618056 7868.11
0.61875 7972.76
0.619444 8068.94
0.620139 8156.11
0.620833 8233.73
0.621528 8301.32
0.622222 8358.43
0.622917 8404.7
0.623611 8439.87
0.624306 8463.82
0.625 8476.52
0.625694 8478.07
0.626389 8468.62
0.627083 8448.35
0.627778 8417.49
0.628472 8376.28
0.629167 8324.94
0.629861 8263.69
0.630556 8192.8
0.63125 8112.54
0.631944 8023.25
0.632639 7925.28
0.633333 7819.08
0.634028 7705.08
0.634722 7583.79
0.635417 7455.7
0.636111 7321.33
0.636806 7181.17
0.6375 7035.76
0.638194 6885.63
0.638889 6731.34
0.639583 6573.51
0.640278 6412.8
0.640972 6249.9
0.641667 6085.56
0.642361 5920.54
0.643056 5755.59
0.64375 5591.47
0.644444 5428.91
0.645139 5268.62
0.645833 5111.29
0.646528 4957.59
0.647222 4808.22
0.647917 4663.88
0.648611 4525.33
0.649306 4393.36
0.65 4268.8
0.650694 4152.5
0.651389 4045.35
0.652083 3948.23
0.652778 3862.02
0.653472 3787.57
0.654167 3725.67
0.654861 3677.04
0.655556 3642.33
0.65625 3622.06
0.656944 3616.61
0.657639 3626.25
0.658333 3651.05
0.659028 3690.91
0.659722 3745.6
0.660417 3814.7
0.661111 3897.65
0.661806 3993.81
0.6625 4102.4
0.663194 4222.6
0.663889 4353.52
0.664583 4494.26
0.665278 4643.91
0.665972 4801.56
0.666667 4966.31
0.667361 5137.28
0.668056 5313.6
0.66875 5494.46
0.669444 5679.01
0.670139 5866.47
0.670833 6056.08
0.671528 6247.06
0.672222 6438.68
0.672917 6630.21
0.673611 6820.94
0.674306 7010.14
0.675 7197.11
0.675694 7381.16
0.676389 7561.6
0.677083 7737.78
0.677778 7909.08
0.678472 8074.91
0.679167 8234.75
0.679861 8388.09
0.680556 8534.48
0.68125 8673.46
0.681944 8804.59
0.682639 8927.37
0.683333 9041.31
0.684028 9145.85
0.684722 9240.46
0.685417 9324.56
0.686111 9397.62
0.686806 9459.2
0.6875 9508.92
0.688194 9546.53
0.688889 9571.91
0.689583 9585.03
0.690278 9585.98
0.690972 9574.93
0.691667 9552.07
0.692361 9517.64
0.693056 9471.87
0.69375 9415.02
