0 0
0.000694444 0.000433045
0.00138889 0.000627873
0.00208333 0.000859017
0.00277778 0.00150166
0.00347222 0.00263384
0.00416667 0.00422431
0.00486111 0.00627322
0.00555556 0.00880916
0.00625 0.0118781
0.00694444 0.0155332
0.00763889 0.0198273
0.00833333 0.0248042
0.00902778 0.0304903
0.00972222 0.0368933
0.0104167 0.0440012
0.0111111 0.0517834
0.0118056 0.0601971
0.0125 0.0691947
0.0131944 0.0787261
0.0138889 0.0887453
0.0145833 0.0992143
0.0152778 0.110101
0.0159722 0.121379
0.0166667 0.133028
0.0173611 0.145031
0.0180556 0.157367
0.01875 0.170016
0.0194444 0.182956
0.0201389 0.196158
0.0208333 0.209594
0.0215278 0.223234
0.0222222 0.237042
0.0229167 0.250987
0.0236111 0.26504
0.0243056 0.279172
0.025 0.293363
0.0256944 0.3076
0.0263889 0.321871
0.0270833 0.336168
0.0277778 0.350481
0.0284722 0.364796
0.0291667 0.379085
0.0298611 0.39331
0.0305556 0.407428
0.03125 0.421386
0.0319444 0.435145
0.0326389 0.448682
0.0333333 0.462001
0.0340278 0.475136
0.0347222 0.488148
0.0354167 0.501113
0.0361111 0.514092
0.0368056 0.527121
0.0375 0.540176
0.0381944 0.553161
0.0388889 0.565906
0.0395833 0.578178
0.0402778 0.589698
0.0409722 0.600182
0.0416667 0.609367
0.0423611 0.617043
0.0430556 0.623069
0.04375 0.627395
0.0444444 0.63004
0.0451389 0.631088
0.0458333 0.630667
0.0465278 0.628912
0.0472222 0.62595
0.0479167 0.621883
0.0486111 0.616783
0.0493056 0.610685
0.05 0.603614
0.0506944 0.595589
0.0513889 0.586631
0.0520833 0.576782
0.0527778 0.566092
0.0534722 0.554618
0.0541667 0.54241
0.0548611 0.529509
0.0555556 0.515935
0.05625 0.501688
0.0569444 0.486769
0.0576389 0.471181
0.0583333 0.454947
0.0590278 0.438132
0.0597222 0.420834
0.0604167 0.403185
0.0611111 0.385345
0.0618056 0.367477
0.0625 0.349727
0.0631944 0.332212
0.0638889 0.315013
0.0645833 0.298163
0.0652778 0.281666
0.0659722 0.265511
0.0666667 0.249679
0.0673611 0.234171
0.0680556 0.219015
0.06875 0.204276
0.0694444 0.190057
0.0701389 0.176514
0.0708333 0.163861
0.0715278 0.152383
0.0722222 0.14246
0.0729167 0.134576
0.0736111 0.129289
0.0743056 0.127158
0.075 0.12862
0.0756944 0.133857
0.0763889 0.142757
0.0770833 0.15499
0.0777778 0.17012
0.0784722 0.187714
0.0791667 0.2074
0.0798611 0.228879
0.0805556 0.251918
0.08125 0.276336
0.0819444 0.301993
0.0826389 0.328765
0.0833333 0.356547
0.0840278 0.385241
0.0847222 0.41475
0.0854167 0.444978
0.0861111 0.475835
0.0868056 0.507227
0.0875 0.539065
0.0881944 0.571263
0.0888889 0.603737
0.0895833 0.636408
0.0902778 0.669203
0.0909722 0.702052
0.0916667 0.734883
0.0923611 0.767624
0.0930556 0.800196
0.09375 0.832507
0.0944444 0.864458
0.0951389 0.895945
0.0958333 0.926862
0.0965278 0.957113
0.0972222 0.986627
0.0979167 1.01536
0.0986111 1.04328
0.0993056 1.07041
0.1 1.09676
0.100694 1.12233
0.101389 1.1471
0.102083 1.17098
0.102778 1.19382
0.103472 1.21542
0.104167 1.23549
0.104861 1.25374
0.105556 1.26986
0.10625 1.28358
0.106944 1.29469
0.107639 1.30306
0.108333 1.30865
0.109028 1.3115
0.109722 1.3117
0.110417 1.30939
0.111111 1.30473
0.111806 1.29785
0.1125 1.28887
0.113194 1.27786
0.113889 1.26488
0.114583 1.24997
0.115278 1.23319
0.115972 1.21458
0.116667 1.19423
0.117361 1.17222
0.118056 1.14866
0.11875 1.12365
0.119444 1.09728
0.120139 1.06961
0.120833 1.04073
0.121528 1.01067
0.122222 0.979512
0.122917 0.947343
0.123611 0.914288
0.124306 0.880512
0.125 0.846211
0.125694 0.811603
0.126389 0.776911
0.127083 0.74234
0.127778 0.708063
0.128472 0.674219
0.129167 0.640904
0.129861 0.608182
0.130556 0.576106
0.13125 0.544731
0.131944 0.514127
0.132639 0.484399
0.133333 0.455693
0.134028 0.428197
0.134722 0.402156
0.135417 0.377872
0.136111 0.355712
0.136806 0.336122
0.1375 0.319627
0.138194 0.306817
0.138889 0.298298
0.139583 0.294626
0.140278 0.296201
0.140972 0.303193
0.141667 0.315517
0.142361 0.332868
0.143056 0.354802
0.14375 0.380821
0.144444 0.410441
0.145139 0.443219
0.145833 0.478775
0.146528 0.51678
0.147222 0.55695
0.147917 0.599035
0.148611 0.642817
0.149306 0.688091
0.15 0.734668
0.150694 0.782373
0.151389 0.831037
0.152083 0.880495
0.152778 0.930596
0.153472 0.98119
0.154167 1.03213
0.154861 1.08329
0.155556 1.13452
0.15625 1.1857
0.156944 1.23668
0.157639 1.28732
0.158333 1.33747
0.159028 1.38697
0.159722 1.43565
0.160417 1.48334
0.161111 1.5299
0.161806 1.5752
0.1625 1.61914
0.163194 1.66164
0.163889 1.70267
0.164583 1.74218
0.165278 1.78013
0.165972 1.81642
0.166667 1.85094
0.167361 1.88348
0.168056 1.91378
0.16875 1.94154
0.169444 1.96643
0.170139 1.98811
0.170833 2.00632
0.171528 2.02084
0.172222 2.03153
0.172917 2.03836
0.173611 2.04137
0.174306 2.04067
0.175 2.03642
0.175694 2.02876
0.176389 2.01785
0.177083 2.00381
0.177778 1.98674
0.178472 1.96671
0.179167 1.9438
0.179861 1.91808
0.180556 1.88966
0.18125 1.85864
0.181944 1.82516
0.182639 1.78938
0.183333 1.75143
0.184028 1.71147
0.184722 1.66963
0.185417 1.62601
0.186111 1.58074
0.186806 1.53395
0.1875 1.48578
0.188194 1.43644
0.188889 1.38614
0.189583 1.33515
0.190278 1.28375
0.190972 1.23222
0.191667 1.18082
0.192361 1.1298
0.193056 1.07935
0.19375 1.02964
0.194444 0.980798
0.195139 0.932949
0.195833 0.886226
0.196528 0.840781
0.197222 0.796804
0.197917 0.754535
0.198611 0.714258
0.199306 0.676317
0.2 0.641114
0.200694 0.609113
0.201389 0.58084
0.202083 0.556887
0.202778 0.53788
0.203472 0.524444
0.204167 0.517151
0.204861 0.516442
0.205556 0.52256
0.20625 0.535522
0.206944 0.555128
0.207639 0.580998
0.208333 0.612644
0.209028 0.649532
0.209722 0.691122
0.210417 0.736905
0.211111 0.786416
0.211806 0.839231
0.2125 0.894966
0.213194 0.953277
0.213889 1.01385
0.214583 1.07638
0.215278 1.14061
0.215972 1.20627
0.216667 1.27312
0.217361 1.34094
0.218056 1.4095
0.21875 1.47857
0.219444 1.54796
0.220139 1.61747
0.220833 1.68689
0.221528 1.75601
0.222222 1.82462
0.222917 1.89252
0.223611 1.95946
0.224306 2.02522
0.225 2.08959
0.225694 2.15235
0.226389 2.21332
0.227083 2.27235
0.227778 2.32931
0.228472 2.3841
0.229167 2.43665
0.229861 2.48683
0.230556 2.53452
0.23125 2.57953
0.231944 2.62163
0.232639 2.66051
0.233333 2.69584
0.234028 2.72725
0.234722 2.7544
0.235417 2.77699
0.236111 2.79482
0.236806 2.80774
0.2375 2.81572
0.238194 2.81882
0.238889 2.81714
0.239583 2.81084
0.240278 2.8001
0.240972 2.78507
0.241667 2.76588
0.242361 2.74266
0.243056 2.7155
0.24375 2.6845
0.244444 2.64977
0.245139 2.61145
0.245833 2.56969
0.246528 2.52468
0.247222 2.47662
0.247917 2.4257
0.248611 2.37212
0.249306 2.31607
0.25 2.2577
0.250694 2.19721
0.251389 2.13478
0.252083 2.07064
0.252778 2.00502
0.253472 1.93823
0.254167 1.87058
0.254861 1.80244
0.255556 1.73413
0.25625 1.666
0.256944 1.59834
0.257639 1.53142
0.258333 1.46548
0.259028 1.40071
0.259722 1.33733
0.260417 1.27555
0.261111 1.2156
0.261806 1.15777
0.2625 1.10239
0.263194 1.04985
0.263889 1.00057
0.264583 0.955072
0.265278 0.913892
0.265972 0.877634
0.266667 0.846939
0.267361 0.822468
0.268056 0.804855
0.26875 0.794671
0.269444 0.792361
0.270139 0.798188
0.270833 0.812215
0.271528 0.834296
0.272222 0.864102
0.272917 0.901169
0.273611 0.944954
0.274306 0.994875
0.275 1.05035
0.275694 1.1108
0.276389 1.17572
0.277083 1.24459
0.277778 1.31695
0.278472 1.39239
0.279167 1.47051
0.279861 1.55093
0.280556 1.6333
0.28125 1.71731
0.281944 1.80262
0.282639 1.88894
0.283333 1.97597
0.284028 2.06345
0.284722 2.15108
0.285417 2.2386
0.286111 2.32573
0.286806 2.41219
0.2875 2.4977
0.288194 2.58197
0.288889 2.6647
0.289583 2.74561
0.290278 2.82445
0.290972 2.90096
0.291667 2.97494
0.292361 3.04622
0.293056 3.11465
0.29375 3.18008
0.294444 3.24235
0.295139 3.30129
0.295833 3.35667
0.296528 3.40819
0.297222 3.45551
0.297917 3.49827
0.298611 3.53607
0.299306 3.56856
0.3 3.59543
0.300694 3.61646
0.301389 3.6315
0.302083 3.64054
0.302778 3.64362
0.303472 3.64087
0.304167 3.63245
0.304861 3.61854
0.305556 3.59931
0.30625 3.5749
0.306944 3.54545
0.307639 3.51109
0.308333 3.47194
0.309028 3.42815
0.309722 3.37989
0.310417 3.32737
0.311111 3.2708
0.311806 3.21045
0.3125 3.14655
0.313194 3.07935
0.313889 3.0091
0.314583 2.93601
0.315278 2.86033
0.315972 2.78231
0.316667 2.70223
0.317361 2.6204
0.318056 2.53719
0.31875 2.45299
0.319444 2.36821
0.320139 2.28325
0.320833 2.19853
0.321528 2.11441
0.322222 2.03122
0.322917 1.94928
0.323611 1.86886
0.324306 1.79025
0.325 1.71375
0.325694 1.63968
0.326389 1.56842
0.327083 1.5004
0.327778 1.43609
0.328472 1.37602
0.329167 1.32077
0.329861 1.27098
0.330556 1.22731
0.33125 1.19043
0.331944 1.16103
0.332639 1.13974
0.333333 1.12714
0.334028 1.12367
0.334722 1.12958
0.335417 1.14496
0.336111 1.1697
0.336806 1.2035
0.3375 1.24592
0.338194 1.29641
0.338889 1.35438
0.339583 1.41918
0.340278 1.49019
0.340972 1.56678
0.341667 1.64837
0.342361 1.73439
0.343056 1.82432
0.34375 1.91765
0.344444 2.01394
0.345139 2.11273
0.345833 2.2136
0.346528 2.31616
0.347222 2.42001
0.347917 2.5248
0.348611 2.63015
0.349306 2.73573
0.35 2.84117
0.350694 2.94614
0.351389 3.05029
0.352083 3.15326
0.352778 3.25469
0.353472 3.35423
0.354167 3.45154
0.354861 3.5463
0.355556 3.6382
0.35625 3.72699
0.356944 3.81244
0.357639 3.89434
0.358333 3.9725
0.359028 4.04671
0.359722 4.11675
0.360417 4.18232
0.361111 4.24311
0.361806 4.29873
0.3625 4.34878
0.363194 4.39284
0.363889 4.43054
0.364583 4.46156
0.365278 4.48567
0.365972 4.50273
0.366667 4.51271
0.367361 4.51569
0.368056 4.51177
0.36875 4.50114
0.369444 4.48398
0.370139 4.46047
0.370833 4.43077
0.371528 4.39504
0.372222 4.35343
0.372917 4.30609
0.373611 4.25321
0.374306 4.19499
0.375 4.13169
0.375694 4.06357
0.376389 3.99093
0.377083 3.91408
0.377778 3.83329
0.378472 3.74888
0.379167 3.66113
0.379861 3.57032
0.380556 3.47678
0.38125 3.38086
0.381944 3.28293
0.382639 3.18342
0.383333 3.0828
0.384028 2.98153
0.384722 2.88011
0.385417 2.77899
0.386111 2.67863
0.386806 2.57942
0.3875 2.48174
0.388194 2.38598
0.388889 2.29247
0.389583 2.20162
0.390278 2.11384
0.390972 2.02959
0.391667 1.94938
0.392361 1.87379
0.393056 1.80342
0.39375 1.73894
0.394444 1.68104
0.395139 1.63043
0.395833 1.58783
0.396528 1.55393
0.397222 1.52937
0.397917 1.51471
0.398611 1.51039
0.399306 1.51666
0.4 1.53362
0.400694 1.56117
0.401389 1.59902
0.402083 1.64677
0.402778 1.70387
0.403472 1.76969
0.404167 1.84357
0.404861 1.92483
0.405556 2.01277
0.40625 2.10672
0.406944 2.20604
0.407639 2.31011
0.408333 2.41833
0.409028 2.53016
0.409722 2.64506
0.410417 2.76251
0.411111 2.88205
0.411806 3.00318
0.4125 3.12548
0.413194 3.24849
0.413889 3.37178
0.414583 3.49495
0.415278 3.61756
0.415972 3.7392
0.416667 3.85943
0.417361 3.97785
0.418056 4.09402
0.41875 4.20755
0.419444 4.31804
0.420139 4.42516
0.420833 4.52857
0.421528 4.62801
0.422222 4.72321
0.422917 4.81393
0.423611 4.89992
0.424306 4.98088
0.425 5.0565
0.425694 5.12639
0.426389 5.19015
0.427083 5.24734
0.427778 5.29752
0.428472 5.34029
0.429167 5.37533
0.429861 5.40239
0.430556 5.42135
0.43125 5.43217
0.431944 5.43494
0.432639 5.42977
0.433333 5.41685
0.434028 5.39636
0.434722 5.36851
0.435417 5.33346
0.436111 5.29141
0.436806 5.24251
0.4375 5.18695
0.438194 5.12496
0.438889 5.05678
0.439583 4.9827
0.440278 4.90305
0.440972 4.81816
0.441667 4.72838
0.442361 4.63407
0.443056 4.53557
0.44375 4.43322
0.444444 4.32739
0.445139 4.21844
0.445833 4.1068
0.446528 3.9929
0.447222 3.87725
0.447917 3.76037
0.448611 3.64282
0.449306 3.52513
0.45 3.40786
0.450694 3.2915
0.451389 3.17655
0.452083 3.06346
0.452778 2.95267
0.453472 2.84463
0.454167 2.73982
0.454861 2.63873
0.455556 2.54192
0.45625 2.44998
0.456944 2.36357
0.457639 2.28337
0.458333 2.21011
0.459028 2.14455
0.459722 2.08743
0.460417 2.0395
0.461111 2.00147
0.461806 1.97396
0.4625 1.95755
0.463194 1.95263
0.463889 1.95949
0.464583 1.9782
0.465278 2.00867
0.465972 2.05065
0.466667 2.10373
0.467361 2.16735
0.468056 2.2409
0.46875 2.32367
0.469444 2.41494
0.470139 2.51395
0.470833 2.61997
0.471528 2.73228
0.472222 2.85016
0.472917 2.97296
0.473611 3.10002
0.474306 3.23072
0.475 3.36446
0.475694 3.50069
0.476389 3.63884
0.477083 3.77838
0.477778 3.91879
0.478472 4.05957
0.479167 4.20023
0.479861 4.34025
0.480556 4.47915
0.48125 4.61645
0.481944 4.75163
0.482639 4.88423
0.483333 5.01376
0.484028 5.1398
0.484722 5.26193
0.485417 5.37978
0.486111 5.49302
0.486806 5.60133
0.4875 5.70442
0.488194 5.80199
0.488889 5.8937
0.489583 5.97918
0.490278 6.05802
0.490972 6.12976
0.491667 6.19392
0.492361 6.25006
0.493056 6.29776
0.49375 6.33668
0.494444 6.36657
0.495139 6.38731
0.495833 6.39887
0.496528 6.40133
0.497222 6.39481
0.497917 6.37952
0.498611 6.35564
0.499306 6.32338
0.5 6.28295
0.500694 6.23452
0.501389 6.1783
0.502083 6.11452
0.502778 6.04341
0.503472 5.96528
0.504167 5.88045
0.504861 5.78929
0.505556 5.6922
0.50625 5.58957
0.506944 5.4818
0.507639 5.3693
0.508333 5.25247
0.509028 5.13173
0.509722 5.00751
0.510417 4.88029
0.511111 4.75059
0.511806 4.61898
0.5125 4.48605
0.513194 4.35242
0.513889 4.21872
0.514583 4.08554
0.515278 3.95348
0.515972 3.82308
0.516667 3.6949
0.517361 3.56944
0.518056 3.44725
0.51875 3.32886
0.519444 3.21488
0.520139 3.10593
0.520833 3.00269
0.521528 2.9059
0.522222 2.81631
0.522917 2.73471
0.523611 2.66189
0.524306 2.59865
0.525 2.54574
0.525694 2.50389
0.526389 2.47373
0.527083 2.45581
0.527778 2.45053
0.528472 2.45815
0.529167 2.47876
0.529861 2.51227
0.530556 2.55844
0.53125 2.61684
0.531944 2.68695
0.532639 2.76812
0.533333 2.85963
0.534028 2.9607
0.534722 3.07055
0.535417 3.18838
0.536111 3.31339
0.536806 3.4448
0.5375 3.58186
0.538194 3.72385
0.538889 3.87005
0.539583 4.0198
0.540278 4.17242
0.540972 4.3273
0.541667 4.48382
0.542361 4.64137
0.543056 4.79937
0.54375 4.95726
0.544444 5.11445
0.545139 5.27038
0.545833 5.42449
0.546528 5.57621
0.547222 5.725
0.547917 5.87033
0.548611 6.01169
0.549306 6.14862
0.55 6.28069
0.550694 6.40752
0.551389 6.52874
0.552083 6.64401
0.552778 6.75297
0.553472 6.85524
0.554167 6.9504
0.554861 7.03799
0.555556 7.11753
0.55625 7.18851
0.556944 7.25045
0.557639 7.30293
0.558333 7.34559
0.559028 7.37818
0.559722 7.40059
0.560417 7.41277
0.561111 7.41482
0.561806 7.40688
0.5625 7.38913
0.563194 7.36179
0.563889 7.32508
0.564583 7.2792
0.565278 7.22438
0.565972 7.16083
0.566667 7.08881
0.567361 7.0086
0.568056 6.92053
0.56875 6.82499
0.569444 6.72238
0.570139 6.61315
0.570833 6.49774
0.571528 6.37661
0.572222 6.25022
0.572917 6.11903
0.573611 5.98352
0.574306 5.84418
0.575 5.70156
0.575694 5.55625
0.576389 5.40889
0.577083 5.26013
0.577778 5.11067
0.578472 4.9612
0.579167 4.81241
0.579861 4.66494
0.580556 4.51943
0.58125 4.37649
0.581944 4.23673
0.582639 4.10075
0.583333 3.96919
0.584028 3.84272
0.584722 3.72205
0.585417 3.60794
0.586111 3.50119
0.586806 3.40262
0.5875 3.31307
0.588194 3.23337
0.588889 3.16436
0.589583 3.1068
0.590278 3.06142
0.590972 3.02886
0.591667 3.00966
0.592361 3.0042
0.593056 3.01275
0.59375 3.0354
0.594444 3.07204
0.595139 3.12245
0.595833 3.1862
0.596528 3.26275
0.597222 3.35145
0.597917 3.45157
0.598611 3.56228
0.599306 3.68276
0.6 3.81216
0.600694 3.94961
0.601389 4.09427
0.602083 4.24532
0.602778 4.40194
0.603472 4.56335
0.604167 4.72879
0.604861 4.89753
0.605556 5.06885
0.60625 5.24205
0.606944 5.41646
0.607639 5.59141
0.608333 5.76626
0.609028 5.94035
0.609722 6.11305
0.610417 6.28372
0.611111 6.45174
0.611806 6.61648
0.6125 6.77735
0.613194 6.9338
0.613889 7.0853
0.614583 7.23137
0.615278 7.37157
0.615972 7.50548
0.616667 7.63271
0.617361 7.75286
0.618056 7.86549
0.61875 7.97013
0.619444 8.0663
0.620139 8.15346
0.620833 8.23108
0.621528 8.29867
0.622222 8.35577
0.622917 8.40203
0.623611 8.43719
0.624306 8.46114
0.625 8.47384
0.625694 8.47539
0.626389 8.46593
0.627083 8.44566
0.627778 8.4148
0.628472 8.37359
0.629167 8.32224
0.629861 8.26099
0.630556 8.1901
0.63125 8.10984
0.631944 8.02055
0.632639 7.92259
0.633333 7.81638
0.634028 7.70239
0.634722 7.58109
0.635417 7.45301
0.636111 7.31863
0.636806 7.17848
0.6375 7.03307
0.638194 6.88294
0.638889 6.72865
0.639583 6.57083
0.640278 6.41012
0.640972 6.24722
0.641667 6.08288
0.642361 5.91786
0.643056 5.75291
0.64375 5.58879
0.644444 5.42623
0.645139 5.26594
0.645833 5.10861
0.646528 4.9549
0.647222 4.80553
0.647917 4.66119
0.648611 4.52263
0.649306 4.39065
0.65 4.26608
0.650694 4.14977
0.651389 4.0426
0.652083 3.94548
0.652778 3.85926
0.653472 3.78479
0.654167 3.72288
0.654861 3.67424
0.655556 3.63952
0.65625 3.61924
0.656944 3.6138
0.657639 3.62343
0.658333 3.64822
0.659028 3.68809
0.659722 3.74278
0.660417 3.81188
0.661111 3.89485
0.661806 3.99101
0.6625 4.09961
0.663194 4.21982
0.663889 4.35075
0.664583 4.49149
0.665278 4.64115
0.665972 4.7988
0.666667 4.96355
0.667361 5.13452
0.668056 5.31085
0.66875 5.4917
0.669444 5.67625
0.670139 5.86371
0.670833 6.05331
0.671528 6.24428
0.672222 6.4359
0.672917 6.62742
0.673611 6.81814
0.674306 7.00733
0.675 7.1943
0.675694 7.37834
0.676389 7.55877
0.677083 7.73494
0.677778 7.90623
0.678472 8.07206
0.679167 8.23189
0.679861 8.38522
0.680556 8.5316
0.68125 8.67058
0.681944 8.80169
0.682639 8.92447
0.683333 9.0384
0.684028 9.14294
0.684722 9.23754
0.685417 9.32163
0.686111 9.39469
0.686806 9.45626
0.6875 9.50598
0.688194 9.54359
0.688889 9.56895
0.689583 9.58207
0.690278 9.58302
0.690972 9.57196
0.691667 9.5491
0.692361 9.51467
0.693056 9.4689
0.69375 9.41205
0.694444 9.34437
0.695139 9.26613
0.695833 9.17766
0.696528 9.07931
0.697222 8.97149
0.697917 8.85469
0.698611 8.72938
0.699306 8.59613
0.7 8.45547
0.700694 8.30797
0.701389 8.15419
0.702083 7.99472
0.702778 7.83015
0.703472 7.66112
0.704167 7.48829
0.704861 7.3124
0.705556 7.13422
0.70625 6.95456
0.706944 6.77425
0.707639 6.59411
0.708333 6.41499
0.709028 6.23767
0.709722 6.06295
0.710417 5.89157
0.711111 5.72431
0.711806 5.56192
0.7125 5.40519
0.713194 5.25494
0.713889 5.11205
0.714583 4.9774
0.715278 4.85192
0.715972 4.73654
0.716667 4.63219
0.717361 4.53978
0.718056 4.46018
0.71875 4.39419
0.719444 4.34255
0.720139 4.30589
0.720833 4.28473
0.721528 4.27945
0.722222 4.2903
0.722917 4.31736
0.723611 4.36052
0.724306 4.41954
0.725 4.494
0.725694 4.58335
0.726389 4.68691
0.727083 4.80389
0.727778 4.93344
0.728472 5.07464
0.729167 5.22654
0.729861 5.38817
0.730556 5.55857
0.73125 5.73676
0.731944 5.9218
0.732639 6.11275
0.733333 6.30871
0.734028 6.50878
0.734722 6.71209
0.735417 6.91778
0.736111 7.12502
0.736806 7.333
0.7375 7.54092
0.738194 7.74797
0.738889 7.95338
0.739583 8.15635
0.740278 8.35615
0.740972 8.552
0.741667 8.7432
0.742361 8.92907
0.743056 9.10897
0.74375 9.2823
0.744444 9.44854
0.745139 9.60715
0.745833 9.75763
0.746528 9.89949
0.747222 10.0322
0.747917 10.1552
0.748611 10.2679
0.749306 10.3698
0.75 10.4602
0.750694 10.5385
0.751389 10.6044
0.752083 10.6574
0.752778 10.6974
0.753472 10.724
0.754167 10.7374
0.754861 10.7377
0.755556 10.725
0.75625 10.6995
0.756944 10.6614
0.757639 10.611
0.758333 10.5487
0.759028 10.4745
0.759722 10.389
0.760417 10.2923
0.761111 10.1849
0.761806 10.0673
0.7625 9.93998
0.763194 9.80346
0.763889 9.65835
0.764583 9.50524
0.765278 9.34476
0.765972 9.17752
0.766667 9.00416
0.767361 8.82534
0.768056 8.64176
0.76875 8.45416
0.769444 8.26333
0.770139 8.07012
0.770833 7.87541
0.771528 7.6801
0.772222 7.4851
0.772917 7.29129
0.773611 7.09956
0.774306 6.91075
0.775 6.7257
0.775694 6.54524
0.776389 6.37022
0.777083 6.20149
0.777778 6.03995
0.778472 5.88654
0.779167 5.7422
0.779861 5.60792
0.780556 5.48468
0.78125 5.37345
0.781944 5.27517
0.782639 5.19072
0.783333 5.12092
0.784028 5.06651
0.784722 5.02811
0.785417 5.00625
0.786111 5.00131
0.786806 5.0135
0.7875 5.04291
0.788194 5.08944
0.788889 5.15283
0.789583 5.23266
0.790278 5.32836
0.790972 5.43925
0.791667 5.56452
0.792361 5.70329
0.793056 5.85459
0.79375 6.01744
0.794444 6.19083
0.795139 6.37372
0.795833 6.56509
0.796528 6.76393
0.797222 6.96923
0.797917 7.18
0.798611 7.39529
0.799306 7.61414
0.8 7.83562
0.800694 8.05884
0.801389 8.28288
0.802083 8.50688
0.802778 8.72997
0.803472 8.95129
0.804167 9.16999
0.804861 9.38525
0.805556 9.59624
0.80625 9.8022
0.806944 10.0024
0.807639 10.1961
0.808333 10.3827
0.809028 10.5615
0.809722 10.7321
0.810417 10.8939
0.811111 11.0463
0.811806 11.1887
0.8125 11.3206
0.813194 11.4413
0.813889 11.5502
0.814583 11.6466
0.815278 11.7301
0.815972 11.8002
0.816667 11.8564
0.817361 11.8985
0.818056 11.9263
0.81875 11.94
0.819444 11.9394
0.820139 11.9249
0.820833 11.8967
0.821528 11.855
0.822222 11.8
0.822917 11.7321
0.823611 11.6515
0.824306 11.5586
0.825 11.4538
0.825694 11.3375
0.826389 11.2101
0.827083 11.0723
0.827778 10.9247
0.828472 10.7678
0.829167 10.6024
0.829861 10.4291
0.830556 10.2486
0.83125 10.0615
0.831944 9.86865
0.832639 9.67074
0.833333 9.4686
0.834028 9.2631
0.834722 9.05513
0.835417 8.84567
0.836111 8.63566
0.836806 8.4261
0.8375 8.21794
0.838194 8.01214
0.838889 7.80961
0.839583 7.61125
0.840278 7.41799
0.840972 7.23071
0.841667 7.05037
0.842361 6.87793
0.843056 6.71437
0.84375 6.56072
0.844444 6.41801
0.845139 6.28725
0.845833 6.16947
0.846528 6.06562
0.847222 5.9766
0.847917 5.90324
0.848611 5.84628
0.849306 5.80635
0.85 5.78397
0.850694 5.77949
0.851389 5.79315
0.852083 5.82501
0.852778 5.87496
0.853472 5.94275
0.854167 6.02796
0.854861 6.12999
0.855556 6.24815
0.85625 6.38161
0.856944 6.52946
0.857639 6.69071
0.858333 6.86433
0.859028 7.04926
0.859722 7.24441
0.860417 7.44871
0.861111 7.66108
0.861806 7.88044
0.8625 8.10574
0.863194 8.33595
0.863889 8.57004
0.864583 8.807
0.865278 9.04587
0.865972 9.28567
0.866667 9.52545
0.867361 9.76427
0.868056 10.0012
0.86875 10.2353
0.869444 10.4658
0.870139 10.6916
0.870833 10.912
0.871528 11.1262
0.872222 11.3335
0.872917 11.533
0.873611 11.7243
0.874306 11.9066
0.875 12.0794
0.875694 12.2421
0.876389 12.394
0.877083 12.5345
0.877778 12.6629
0.878472 12.7787
0.879167 12.8811
0.879861 12.9696
0.880556 13.0436
0.88125 13.1028
0.881944 13.147
0.882639 13.1759
0.883333 13.1896
0.884028 13.1882
0.884722 13.1719
0.885417 13.1409
0.886111 13.0954
0.886806 13.0358
0.8875 12.9624
0.888194 12.8753
0.888889 12.7752
0.889583 12.6622
0.890278 12.537
0.890972 12.4
0.891667 12.2518
0.892361 12.0932
0.893056 11.9247
0.89375 11.7471
0.894444 11.5612
0.895139 11.3675
0.895833 11.1669
0.896528 10.9602
0.897222 10.7483
0.897917 10.5318
0.898611 10.3119
0.899306 10.0895
0.9 9.86554
0.900694 9.64116
0.901389 9.41737
0.902083 9.19521
0.902778 8.97568
0.903472 8.75979
0.904167 8.54851
0.904861 8.3428
0.905556 8.14367
0.90625 7.9521
0.906944 7.76912
0.907639 7.5958
0.908333 7.4332
0.909028 7.28241
0.909722 7.14448
0.910417 7.02045
0.911111 6.91132
0.911806 6.818
0.9125 6.74133
0.913194 6.68204
0.913889 6.64077
0.914583 6.61802
0.915278 6.61415
0.915972 6.62938
0.916667 6.66378
0.917361 6.71722
0.918056 6.78945
0.91875 6.88002
0.919444 6.98835
0.920139 7.11371
0.920833 7.25527
0.921528 7.41208
0.922222 7.58312
0.922917 7.76732
0.923611 7.96359
0.924306 8.17077
0.925 8.38775
0.925694 8.61338
0.926389 8.84652
0.927083 9.08606
0.927778 9.33089
0.928472 9.57991
0.929167 9.83205
0.929861 10.0863
0.930556 10.3415
0.93125 10.5968
0.931944 10.851
0.932639 11.1032
0.933333 11.3525
0.934028 11.5978
0.934722 11.8381
0.935417 12.0727
0.936111 12.3007
0.936806 12.5212
0.9375 12.7335
0.938194 12.9368
0.938889 13.1306
0.939583 13.3142
0.940278 13.4869
0.940972 13.6481
0.941667 13.797
0.942361 13.933
0.943056 14.0554
0.94375 14.1636
0.944444 14.2568
0.945139 14.3347
0.945833 14.3968
0.946528 14.4428
0.947222 14.4727
0.947917 14.4864
0.948611 14.4841
0.949306 14.4659
0.95 14.432
0.950694 14.3828
0.951389 14.3185
0.952083 14.2395
0.952778 14.1461
0.953472 14.0386
0.954167 13.9176
0.954861 13.7835
0.955556 13.637
0.95625 13.4786
0.956944 13.3091
0.957639 13.1291
0.958333 12.9395
0.959028 12.741
0.959722 12.5345
0.960417 12.3206
0.961111 12.1003
0.961806 11.8745
0.9625 11.644
0.963194 11.41
0.963889 11.1733
0.964583 10.9353
0.965278 10.6968
0.965972 10.4591
0.966667 10.2233
0.967361 9.99044
0.968056 9.76155
0.96875 9.53771
0.969444 9.31995
0.970139 9.10933
0.970833 8.90691
0.971528 8.71378
0.972222 8.53107
0.972917 8.35988
0.973611 8.20134
0.974306 8.05656
0.975 7.9266
0.975694 7.81248
0.976389 7.71511
0.977083 7.63536
0.977778 7.57395
0.978472 7.53152
0.979167 7.50856
0.979861 7.50543
0.980556 7.52234
0.98125 7.55935
0.981944 7.61634
0.982639 7.69302
0.983333 7.78896
0.984028 7.90355
0.984722 8.03606
0.985417 8.18562
0.986111 8.35126
0.986806 8.53194
0.9875 8.72655
0.988194 8.93394
0.988889 9.15293
0.989583 9.38234
0.990278 9.62097
0.990972 9.86762
0.991667 10.1211
0.992361 10.3802
0.993056 10.6439
0.99375 10.9109
0.994444 11.1801
0.995139 11.4505
0.995833 11.7209
0.996528 11.9902
0.997222 12.2574
0.997917 12.5215
0.998611 12.7813
0.999306 13.036
1 13.2844
1.00069 13.5258
1.00139 13.7593
1.00208 13.984
1.00278 14.1992
1.00347 14.4042
1.00417 14.5983
1.00486 14.7808
1.00556 14.951
1.00625 15.1081
1.00694 15.2515
1.00764 15.3803
1.00833 15.494
1.00903 15.5919
1.00972 15.6734
1.01042 15.7383
1.01111 15.7861
1.01181 15.8168
1.0125 15.8304
1.01319 15.827
1.01389 15.8069
1.01458 15.7701
1.01528 15.7172
1.01597 15.6482
1.01667 15.5636
1.01736 15.4638
1.01806 15.3491
1.01875 15.2201
1.01944 15.0772
1.02014 14.9212
1.02083 14.7526
1.02153 14.5724
1.02222 14.3811
1.02292 14.1797
1.02361 13.9689
1.02431 13.7496
1.025 13.5227
1.02569 13.289
1.02639 13.0496
1.02708 12.8054
1.02778 12.5575
1.02847 12.307
1.02917 12.055
1.02986 11.8029
1.03056 11.5517
1.03125 11.3025
1.03194 11.0566
1.03264 10.8151
1.03333 10.5791
1.03403 10.3497
1.03472 10.1279
1.03542 9.91505
1.03611 9.71214
1.03681 9.52039
1.0375 9.34096
1.03819 9.17502
1.03889 9.0237
1.03958 8.88811
1.04028 8.76927
1.04097 8.66811
1.04167 8.5855
1.04236 8.52217
1.04306 8.47875
1.04375 8.45574
1.04444 8.45347
1.04514 8.47217
1.04583 8.51186
1.04653 8.57244
1.04722 8.6536
1.04792 8.7549
1.04861 8.87572
1.04931 9.0153
1.05 9.17276
1.05069 9.34711
1.05139 9.53728
1.05208 9.74212
1.05278 9.96043
1.05347 10.191
1.05417 10.4326
1.05486 10.684
1.05556 10.9438
1.05625 11.211
1.05694 11.4841
1.05764 11.7621
1.05833 12.0437
1.05903 12.3276
1.05972 12.6128
1.06042 12.898
1.06111 13.1821
1.06181 13.464
1.0625 13.7425
1.06319 14.0166
1.06389 14.2851
1.06458 14.5472
1.06528 14.8017
1.06597 15.0478
1.06667 15.2847
1.06736 15.5115
1.06806 15.7274
1.06875 15.9318
1.06944 16.1238
1.07014 16.3028
1.07083 16.4679
1.07153 16.6184
1.07222 16.7535
1.07292 16.8725
1.07361 16.9748
1.07431 17.0599
1.075 17.1273
1.07569 17.1768
1.07639 17.2082
1.07708 17.2216
1.07778 17.2171
1.07847 17.1949
1.07917 17.1553
1.07986 17.0985
1.08056 17.0248
1.08125 16.9347
1.08194 16.8285
1.08264 16.7066
1.08333 16.5696
1.08403 16.4181
1.08472 16.2527
1.08542 16.0742
1.08611 15.8833
1.08681 15.6808
1.0875 15.4677
1.08819 15.2448
1.08889 15.013
1.08958 14.7733
1.09028 14.5265
1.09097 14.2737
1.09167 14.016
1.09236 13.7546
1.09306 13.4905
1.09375 13.2251
1.09444 12.9595
1.09514 12.6951
1.09583 12.433
1.09653 12.1745
1.09722 11.9207
1.09792 11.6729
1.09861 11.4322
1.09931 11.1997
1.1 10.9767
1.10069 10.7644
1.10139 10.564
1.10208 10.3767
1.10278 10.2036
1.10347 10.0461
1.10417 9.90517
1.10486 9.78187
1.10556 9.67717
1.10625 9.59193
1.10694 9.52687
1.10764 9.48264
1.10833 9.4597
1.10903 9.45843
1.10972 9.47899
1.11042 9.52145
1.11111 9.58565
1.11181 9.67131
1.1125 9.77795
1.11319 9.90496
1.11389 10.0515
1.11458 10.2168
1.11528 10.3998
1.11597 10.5993
1.11667 10.8141
1.11736 11.0432
1.11806 11.2851
1.11875 11.5387
1.11944 11.8025
1.12014 12.0753
1.12083 12.3558
1.12153 12.6427
1.12222 12.9346
1.12292 13.2304
1.12361 13.5288
1.12431 13.8284
1.125 14.1281
1.12569 14.4267
1.12639 14.7229
1.12708 15.0156
1.12778 15.3035
1.12847 15.5857
1.12917 15.861
1.12986 16.1284
1.13056 16.3869
1.13125 16.6356
1.13194 16.8737
1.13264 17.1003
1.13333 17.3147
1.13403 17.516
1.13472 17.7035
1.13542 17.8763
1.13611 18.0337
1.13681 18.1749
1.1375 18.299
1.13819 18.4056
1.13889 18.494
1.13958 18.5639
1.14028 18.6149
1.14097 18.6469
1.14167 18.6601
1.14236 18.6544
1.14306 18.6301
1.14375 18.5875
1.14444 18.5269
1.14514 18.4485
1.14583 18.3528
1.14653 18.2403
1.14722 18.1113
1.14792 17.9664
1.14861 17.8063
1.14931 17.6316
1.15 17.4432
1.15069 17.2418
1.15139 17.0284
1.15208 16.8038
1.15278 16.569
1.15347 16.3249
1.15417 16.0726
1.15486 15.8129
1.15556 15.5471
1.15625 15.2762
1.15694 15.0015
1.15764 14.7242
1.15833 14.4456
1.15903 14.167
1.15972 13.8897
1.16042 13.6151
1.16111 13.3443
1.16181 13.0787
1.1625 12.8194
1.16319 12.5677
1.16389 12.3249
1.16458 12.0922
1.16528 11.8708
1.16597 11.6621
1.16667 11.4672
1.16736 11.2874
1.16806 11.124
1.16875 10.978
1.16944 10.8505
1.17014 10.7425
1.17083 10.6548
1.17153 10.5882
1.17222 10.5433
1.17292 10.5206
1.17361 10.5204
1.17431 10.543
1.175 10.5882
1.17569 10.6561
1.17639 10.7463
1.17708 10.8582
1.17778 10.9914
1.17847 11.1449
1.17917 11.3179
1.17986 11.5093
1.18056 11.718
1.18125 11.9427
1.18194 12.1823
1.18264 12.4354
1.18333 12.7006
1.18403 12.9766
1.18472 13.2621
1.18542 13.5557
1.18611 13.856
1.18681 14.1616
1.1875 14.4713
1.18819 14.7837
1.18889 15.0975
1.18958 15.4114
1.19028 15.724
1.19097 16.0343
1.19167 16.3408
1.19236 16.6423
1.19306 16.9378
1.19375 17.2261
1.19444 17.506
1.19514 17.7766
1.19583 18.0368
1.19653 18.2859
1.19722 18.5229
1.19792 18.747
1.19861 18.9574
1.19931 19.1531
1.2 19.3335
1.20069 19.4975
1.20139 19.6445
1.20208 19.7737
1.20278 19.8843
1.20347 19.9759
1.20417 20.0481
1.20486 20.1005
1.20556 20.1331
1.20625 20.1458
1.20694 20.1389
1.20764 20.1125
1.20833 20.0668
1.20903 20.0023
1.20972 19.9193
1.21042 19.8181
1.21111 19.6992
1.21181 19.5632
1.2125 19.4105
1.21319 19.2419
1.21389 19.0581
1.21458 18.8599
1.21528 18.6482
1.21597 18.424
1.21667 18.1881
1.21736 17.9416
1.21806 17.6855
1.21875 17.4207
1.21944 17.1485
1.22014 16.8699
1.22083 16.5862
1.22153 16.2985
1.22222 16.0083
1.22292 15.7168
1.22361 15.4255
1.22431 15.1358
1.225 14.8489
1.22569 14.5662
1.22639 14.2891
1.22708 14.0187
1.22778 13.7565
1.22847 13.5037
1.22917 13.2617
1.22986 13.0316
1.23056 12.8149
1.23125 12.6128
1.23194 12.4266
1.23264 12.2575
1.23333 12.1067
1.23403 11.9753
1.23472 11.8642
1.23542 11.7743
1.23611 11.7064
1.23681 11.661
1.2375 11.6386
1.23819 11.6396
1.23889 11.6642
1.23958 11.7124
1.24028 11.7839
1.24097 11.8786
1.24167 11.9959
1.24236 12.1352
1.24306 12.2955
1.24375 12.4761
1.24444 12.6759
1.24514 12.8936
1.24583 13.128
1.24653 13.3779
1.24722 13.6419
1.24792 13.9185
1.24861 14.2065
1.24931 14.5044
1.25 14.8108
1.25069 15.1242
1.25139 15.4432
1.25208 15.7665
1.25278 16.0926
1.25347 16.4202
1.25417 16.7479
1.25486 17.0743
1.25556 17.3982
1.25625 17.7182
1.25694 18.0331
1.25764 18.3415
1.25833 18.6424
1.25903 18.9345
1.25972 19.2168
1.26042 19.4884
1.26111 19.7482
1.26181 19.9953
1.2625 20.2288
1.26319 20.448
1.26389 20.6518
1.26458 20.8394
1.26528 21.0099
1.26597 21.1625
1.26667 21.2965
1.26736 21.411
1.26806 21.5057
1.26875 21.58
1.26944 21.6336
1.27014 21.6666
1.27083 21.6789
1.27153 21.6706
1.27222 21.642
1.27292 21.5934
1.27361 21.525
1.27431 21.4373
1.275 21.3306
1.27569 21.2055
1.27639 21.0624
1.27708 20.902
1.27778 20.725
1.27847 20.5322
1.27917 20.3244
1.27986 20.1026
1.28056 19.8677
1.28125 19.6207
1.28194 19.3627
1.28264 19.0948
1.28333 18.818
1.28403 18.5334
1.28472 18.2423
1.28542 17.946
1.28611 17.6457
1.28681 17.3429
1.2875 17.039
1.28819 16.7353
1.28889 16.4334
1.28958 16.1347
1.29028 15.8405
1.29097 15.5522
1.29167 15.2712
1.29236 14.9988
1.29306 14.7364
1.29375 14.4853
1.29444 14.2469
1.29514 14.0226
1.29583 13.8136
1.29653 13.6212
1.29722 13.4468
1.29792 13.2915
1.29861 13.1564
1.29931 13.0425
1.3 12.9506
1.30069 12.8815
1.30139 12.8357
1.30208 12.8139
1.30278 12.8162
1.30347 12.8429
1.30417 12.894
1.30486 12.9693
1.30556 13.0685
1.30625 13.1911
1.30694 13.3364
1.30764 13.5035
1.30833 13.6916
1.30903 13.8996
1.30972 14.1261
1.31042 14.3701
1.31111 14.6301
1.31181 14.9047
1.3125 15.1926
1.31319 15.4923
1.31389 15.8023
1.31458 16.1211
1.31528 16.4473
1.31597 16.7794
1.31667 17.1159
1.31736 17.4554
1.31806 17.7965
1.31875 18.1377
1.31944 18.4776
1.32014 18.8148
1.32083 19.148
1.32153 19.4757
1.32222 19.7968
1.32292 20.11
1.32361 20.414
1.32431 20.7078
1.325 20.9903
1.32569 21.2605
1.32639 21.5175
1.32708 21.7602
1.32778 21.9879
1.32847 22.1994
1.32917 22.3941
1.32986 22.5709
1.33056 22.7289
1.33125 22.8674
1.33194 22.9857
1.33264 23.0832
1.33333 23.1595
1.33403 23.2144
1.33472 23.2476
1.33542 23.2594
1.33611 23.2497
1.33681 23.2189
1.3375 23.1672
1.33819 23.0949
1.33889 23.0025
1.33958 22.8904
1.34028 22.759
1.34097 22.609
1.34167 22.441
1.34236 22.2557
1.34306 22.054
1.34375 21.8368
1.34444 21.605
1.34514 21.3596
1.34583 21.1018
1.34653 20.8326
1.34722 20.5531
1.34792 20.2644
1.34861 19.9678
1.34931 19.6645
1.35 19.3559
1.35069 19.0434
1.35139 18.7283
1.35208 18.4122
1.35278 18.0966
1.35347 17.7829
1.35417 17.4727
1.35486 17.1673
1.35556 16.8683
1.35625 16.577
1.35694 16.2948
1.35764 16.0232
1.35833 15.7634
1.35903 15.517
1.35972 15.2854
1.36042 15.0698
1.36111 14.8717
1.36181 14.6922
1.3625 14.5327
1.36319 14.3941
1.36389 14.2776
1.36458 14.1838
1.36528 14.1137
1.36597 14.0678
1.36667 14.0465
1.36736 14.0503
1.36806 14.0792
1.36875 14.1332
1.36944 14.2123
1.37014 14.316
1.37083 14.4438
1.37153 14.5951
1.37222 14.769
1.37292 14.9645
1.37361 15.1805
1.37431 15.4158
1.375 15.6691
1.37569 15.939
1.37639 16.2241
1.37708 16.5229
1.37778 16.834
1.37847 17.1558
1.37917 17.4868
1.37986 17.8255
1.38056 18.1704
1.38125 18.5198
1.38194 18.8724
1.38264 19.2266
1.38333 19.5809
1.38403 19.9339
1.38472 20.2841
1.38542 20.6301
1.38611 20.9705
1.38681 21.3039
1.3875 21.629
1.38819 21.9446
