0 0
0.000694444 0.00073859
0.00138889 0.00147421
0.00208333 0.00220674
0.00277778 0.00293603
0.00347222 0.00366195
0.00416667 0.00438438
0.00486111 0.00510319
0.00555556 0.00581917
0.00625 0.00652907
0.00694444 0.00723623
0.00763889 0.00794013
0.00833333 0.0086377
0.00902778 0.00933208
0.00972222 0.0100228
0.0104167 0.0107069
0.0111111 0.0113874
0.0118056 0.012063
0.0125 0.0127337
0.0131944 0.0133992
0.0138889 0.0140595
0.0145833 0.0147145
0.0152778 0.0153641
0.0159722 0.0160081
0.0166667 0.016647
0.0173611 0.0172788
0.0180556 0.0179054
0.01875 0.0185267
0.0194444 0.0191406
0.0201389 0.019749
0.0208333 0.0203512
0.0215278 0.020947
0.0222222 0.0215363
0.0229167 0.022119
0.0236111 0.0226951
0.0243056 0.0232644
0.025 0.0238269
0.0256944 0.0243824
0.0263889 0.0249309
0.0270833 0.0254723
0.0277778 0.0260067
0.0284722 0.0265334
0.0291667 0.027053
0.0298611 0.0275653
0.0305556 0.0280699
0.03125 0.028567
0.0319444 0.0290566
0.0326389 0.0295384
0.0333333 0.0300124
0.0340278 0.0304786
0.0347222 0.0309369
0.0354167 0.0313873
0.0361111 0.0318296
0.0368056 0.0322637
0.0375 0.0326901
0.0381944 0.0331081
0.0388889 0.0335176
0.0395833 0.0339195
0.0402778 0.0343127
0.0409722 0.0346971
0.0416667 0.0350741
0.0423611 0.0354422
0.0430556 0.0358017
0.04375 0.0361528
0.0444444 0.0364954
0.0451389 0.0368294
0.0458333 0.0371549
0.0465278 0.0374717
0.0472222 0.03778
0.0479167 0.0380789
0.0486111 0.0383709
0.0493056 0.0386533
0.05 0.0389263
0.0506944 0.0391925
0.0513889 0.039449
0.0520833 0.0396969
0.0527778 0.0399362
0.0534722 0.0401669
0.0541667 0.040389
0.0548611 0.0406025
0.0555556 0.0408075
0.05625 0.041004
0.0569444 0.0411921
0.0576389 0.0413718
0.0583333 0.0415431
0.0590278 0.0417048
0.0597222 0.0418614
0.0604167 0.042008
0.0611111 0.042145
0.0618056 0.0422775
0.0625 0.0424
0.0631944 0.0425147
0.0638889 0.0426217
0.0645833 0.042721
0.0652778 0.0428128
0.0659722 0.0428973
0.0666667 0.0429744
0.0673611 0.0430445
0.0680556 0.0431058
0.06875 0.0431646
0.0694444 0.0432143
0.0701389 0.0432556
0.0708333 0.0432952
0.0715278 0.0433263
0.0722222 0.0433494
0.0729167 0.0433718
0.0736111 0.0433862
0.0743056 0.0433954
0.075 0.0433999
0.0756944 0.0433999
0.0763889 0.0433958
0.0770833 0.0433877
0.0777778 0.0433762
0.0784722 0.0433616
0.0791667 0.0433418
0.0798611 0.0433252
0.0805556 0.0433035
0.08125 0.0432779
0.0819444 0.043257
0.0826389 0.0432322
0.0833333 0.0432073
0.0840278 0.043183
0.0847222 0.0431596
0.0854167 0.0431379
0.0861111 0.0431184
0.0868056 0.0431016
0.0875 0.0430884
0.0881944 0.0430792
0.0888889 0.0430749
0.0895833 0.043076
0.0902778 0.0430808
0.0909722 0.0430989
0.0916667 0.0431211
0.0923611 0.0431492
0.0930556 0.043193
0.09375 0.0432434
0.0944444 0.0433049
0.0951389 0.0433783
0.0958333 0.0434645
0.0965278 0.0435643
0.0972222 0.0436787
0.0979167 0.0438085
0.0986111 0.0439546
0.0993056 0.0441155
0.1 0.0443003
0.100694 0.0445007
0.101389 0.0447185
0.102083 0.0449626
0.102778 0.0452249
0.103472 0.0455073
0.104167 0.0458181
0.104861 0.0461496
0.105556 0.0465056
0.10625 0.0468869
0.106944 0.0472941
0.107639 0.0477278
0.108333 0.0481886
0.109028 0.0486769
0.109722 0.0491935
0.110417 0.0497368
0.111111 0.0503133
0.111806 0.0509167
0.1125 0.0515482
0.113194 0.0522133
0.113889 0.0529066
0.114583 0.0536302
0.115278 0.0543845
0.115972 0.0551694
0.116667 0.0559851
0.117361 0.0568317
0.118056 0.0577091
0.11875 0.0586174
0.119444 0.0595566
0.120139 0.0605265
0.120833 0.0615272
0.121528 0.0625579
0.122222 0.0636202
0.122917 0.0647122
0.123611 0.0658341
0.124306 0.0669866
0.125 0.0681685
0.125694 0.0693799
0.126389 0.0706208
0.127083 0.0718909
0.127778 0.0731899
0.128472 0.0745176
0.129167 0.0758738
0.129861 0.0772582
0.130556 0.0786711
0.13125 0.0801106
0.131944 0.0815781
0.132639 0.0830736
0.133333 0.0845945
0.134028 0.086143
0.134722 0.0877188
0.135417 0.0893187
0.136111 0.0909458
0.136806 0.0925986
0.1375 0.0942767
0.138194 0.0959801
0.138889 0.0977084
0.139583 0.0994613
0.140278 0.101239
0.140972 0.10304
0.141667 0.104867
0.142361 0.106714
0.143056 0.108587
0.14375 0.110484
0.144444 0.1124
0.145139 0.114341
0.145833 0.116304
0.146528 0.11829
0.147222 0.120298
0.147917 0.122327
0.148611 0.124377
0.149306 0.126449
0.15 0.128541
0.150694 0.130655
0.151389 0.132788
0.152083 0.134942
0.152778 0.137117
0.153472 0.139307
0.154167 0.14152
0.154861 0.143754
0.155556 0.146001
0.15625 0.14827
0.156944 0.150557
0.157639 0.152862
0.158333 0.155185
0.159028 0.157526
0.159722 0.159884
0.160417 0.162258
0.161111 0.16465
0.161806 0.16706
0.1625 0.169481
0.163194 0.17192
0.163889 0.174379
0.164583 0.176845
0.165278 0.179331
0.165972 0.181834
0.166667 0.184345
0.167361 0.186874
0.168056 0.189417
0.16875 0.191973
0.169444 0.194542
0.170139 0.197125
0.170833 0.19972
0.171528 0.202327
0.172222 0.204947
0.172917 0.207581
0.173611 0.210219
0.174306 0.212872
0.175 0.21554
0.175694 0.21821
0.176389 0.220894
0.177083 0.223588
0.177778 0.226292
0.178472 0.229005
0.179167 0.231726
0.179861 0.234456
0.180556 0.237194
0.18125 0.23994
0.181944 0.242693
0.182639 0.245453
0.183333 0.24822
0.184028 0.250996
0.184722 0.25377
0.185417 0.256555
0.186111 0.259348
0.186806 0.262137
0.1875 0.264936
0.188194 0.26774
0.188889 0.270546
0.189583 0.273357
0.190278 0.27617
0.190972 0.278986
0.191667 0.281804
0.192361 0.284624
0.193056 0.287449
0.19375 0.290266
0.194444 0.29309
0.195139 0.295917
0.195833 0.298735
0.196528 0.301558
0.197222 0.304385
0.197917 0.3072
0.198611 0.31002
0.199306 0.312837
0.2 0.315652
0.200694 0.318464
0.201389 0.321273
0.202083 0.324078
0.202778 0.326879
0.203472 0.329676
0.204167 0.332472
0.204861 0.335253
0.205556 0.338034
0.20625 0.340813
0.206944 0.343576
0.207639 0.346338
0.208333 0.349093
0.209028 0.351839
0.209722 0.354578
0.210417 0.357308
0.211111 0.36003
0.211806 0.362742
0.2125 0.365444
0.213194 0.368137
0.213889 0.370819
0.214583 0.37349
0.215278 0.376154
0.215972 0.378796
0.216667 0.381431
0.217361 0.384059
0.218056 0.386663
0.21875 0.38926
0.219444 0.391843
0.220139 0.394413
0.220833 0.396967
0.221528 0.399507
0.222222 0.402031
0.222917 0.40454
0.223611 0.407032
0.224306 0.409513
0.225 0.411966
0.225694 0.414408
0.226389 0.416836
0.227083 0.419236
0.227778 0.421624
0.228472 0.423997
0.229167 0.426341
0.229861 0.428671
0.230556 0.430981
0.23125 0.433271
0.231944 0.43554
0.232639 0.437788
0.233333 0.440014
0.234028 0.442219
0.234722 0.444402
0.235417 0.446566
0.236111 0.448697
0.236806 0.450811
0.2375 0.452906
0.238194 0.454966
0.238889 0.457009
0.239583 0.459026
0.240278 0.461019
0.240972 0.462986
0.241667 0.464928
0.242361 0.466844
0.243056 0.468734
0.24375 0.470597
0.244444 0.472433
0.245139 0.474242
0.245833 0.476023
0.246528 0.477781
0.247222 0.4795
0.247917 0.481198
0.248611 0.482871
0.249306 0.484504
0.25 0.486114
0.250694 0.487694
0.251389 0.489245
0.252083 0.490766
0.252778 0.492256
0.253472 0.493716
0.254167 0.495144
0.254861 0.496542
0.255556 0.497913
0.25625 0.499241
0.256944 0.500544
0.257639 0.501819
0.258333 0.503051
0.259028 0.504257
0.259722 0.505435
0.260417 0.506568
0.261111 0.507675
0.261806 0.508749
0.2625 0.509788
0.263194 0.510795
0.263889 0.511767
0.264583 0.512705
0.265278 0.513608
0.265972 0.514478
0.266667 0.515317
0.267361 0.51611
0.268056 0.516875
0.26875 0.51761
0.269444 0.518297
0.270139 0.518956
0.270833 0.51958
0.271528 0.520168
0.272222 0.52072
0.272917 0.521237
0.273611 0.521717
0.274306 0.522161
0.275 0.522569
0.275694 0.522941
0.276389 0.523277
0.277083 0.523576
0.277778 0.523844
0.278472 0.524064
0.279167 0.524253
0.279861 0.524411
0.280556 0.524521
0.28125 0.524601
0.281944 0.524644
0.282639 0.52465
0.283333 0.524619
0.284028 0.524552
0.284722 0.524448
0.285417 0.524307
0.286111 0.52413
0.286806 0.523921
0.2875 0.523663
0.288194 0.523375
0.288889 0.523056
0.289583 0.522688
0.290278 0.522291
0.290972 0.521862
0.291667 0.521385
0.292361 0.520878
0.293056 0.520335
0.29375 0.519756
0.294444 0.519141
0.295139 0.51849
0.295833 0.517804
0.296528 0.517081
0.297222 0.516323
0.297917 0.515534
0.298611 0.514699
0.299306 0.513834
0.3 0.51294
0.300694 0.512
0.301389 0.511031
0.302083 0.510028
0.302778 0.50899
0.303472 0.507919
0.304167 0.506813
0.304861 0.505674
0.305556 0.504501
0.30625 0.503295
0.306944 0.502056
0.307639 0.500785
0.308333 0.49948
0.309028 0.498149
0.309722 0.496773
0.310417 0.495373
0.311111 0.493946
0.311806 0.492476
0.3125 0.490983
0.313194 0.489458
0.313889 0.487904
0.314583 0.486319
0.315278 0.484705
0.315972 0.483062
0.316667 0.481389
0.317361 0.479689
0.318056 0.477965
0.31875 0.476201
0.319444 0.474417
0.320139 0.472612
0.320833 0.470767
0.321528 0.468903
0.322222 0.467019
0.322917 0.465097
0.323611 0.463158
0.324306 0.461194
0.325 0.459206
0.325694 0.457195
0.326389 0.455161
0.327083 0.453104
0.327778 0.451025
0.328472 0.448926
0.329167 0.44681
0.329861 0.444662
0.330556 0.442501
0.33125 0.440326
0.331944 0.43812
0.332639 0.435903
0.333333 0.433669
0.334028 0.431418
0.334722 0.429151
0.335417 0.426869
0.336111 0.424571
0.336806 0.422259
0.3375 0.419934
0.338194 0.417596
0.338889 0.415246
0.339583 0.412884
0.340278 0.410518
0.340972 0.408128
0.341667 0.405737
0.342361 0.403343
0.343056 0.400928
0.34375 0.398515
0.344444 0.396095
0.345139 0.39367
0.345833 0.391241
0.346528 0.388809
0.347222 0.386374
0.347917 0.383938
0.348611 0.381502
0.349306 0.379071
0.35 0.376628
0.350694 0.374196
0.351389 0.371772
0.352083 0.36934
0.352778 0.366921
0.353472 0.364513
0.354167 0.3621
0.354861 0.359704
0.355556 0.357317
0.35625 0.354941
0.356944 0.352577
0.357639 0.350226
0.358333 0.34789
0.359028 0.345569
0.359722 0.343265
0.360417 0.340985
0.361111 0.338711
0.361806 0.336465
0.3625 0.334247
0.363194 0.332039
0.363889 0.329863
0.364583 0.327712
0.365278 0.32559
0.365972 0.323495
0.366667 0.321431
0.367361 0.319398
0.368056 0.317398
0.36875 0.315432
0.369444 0.313502
0.370139 0.311609
0.370833 0.309754
0.371528 0.307945
0.372222 0.306163
0.372917 0.304432
0.373611 0.302751
0.374306 0.301102
0.375 0.299507
0.375694 0.297961
0.376389 0.296465
0.377083 0.295019
0.377778 0.293626
0.378472 0.292286
0.379167 0.291001
0.379861 0.289773
0.380556 0.288607
0.38125 0.287486
0.381944 0.286433
0.382639 0.285446
0.383333 0.284508
0.384028 0.28364
0.384722 0.282841
0.385417 0.282094
0.386111 0.281419
0.386806 0.280811
0.3875 0.280269
0.388194 0.279795
0.388889 0.279389
0.389583 0.279051
0.390278 0.278783
0.390972 0.278583
0.391667 0.278458
0.392361 0.278391
0.393056 0.2784
0.39375 0.278485
0.394444 0.278627
0.395139 0.278846
0.395833 0.279134
0.396528 0.279491
0.397222 0.279917
0.397917 0.280412
0.398611 0.280974
0.399306 0.281604
0.4 0.282301
0.400694 0.283063
0.401389 0.283891
0.402083 0.284784
0.402778 0.285744
0.403472 0.286757
0.404167 0.287837
0.404861 0.288982
0.405556 0.290177
0.40625 0.291436
0.406944 0.292752
0.407639 0.294124
0.408333 0.295552
0.409028 0.297033
0.409722 0.298566
0.410417 0.30015
0.411111 0.301785
0.411806 0.303471
0.4125 0.305195
0.413194 0.306971
0.413889 0.308794
0.414583 0.310652
0.415278 0.312556
0.415972 0.314505
0.416667 0.316483
0.417361 0.318504
0.418056 0.320561
0.41875 0.322653
0.419444 0.324778
0.420139 0.326935
0.420833 0.329123
0.421528 0.33134
0.422222 0.333586
0.422917 0.335861
0.423611 0.338154
0.424306 0.340476
0.425 0.342823
0.425694 0.345185
0.426389 0.347572
0.427083 0.349978
0.427778 0.352402
0.428472 0.354842
0.429167 0.357299
0.429861 0.35977
0.430556 0.362254
0.43125 0.364751
0.431944 0.367259
0.432639 0.369777
0.433333 0.372304
0.434028 0.374842
0.434722 0.37738
0.435417 0.379929
0.436111 0.382485
0.436806 0.385038
0.4375 0.387599
0.438194 0.390162
0.438889 0.392726
0.439583 0.395291
0.440278 0.397855
0.440972 0.400418
0.441667 0.402978
0.442361 0.405536
0.443056 0.408092
0.44375 0.410638
0.444444 0.413182
0.445139 0.415722
0.445833 0.418249
0.446528 0.420772
0.447222 0.423289
0.447917 0.425791
0.448611 0.428286
0.449306 0.430771
0.45 0.433244
0.450694 0.435706
0.451389 0.438155
0.452083 0.440591
0.452778 0.443013
0.453472 0.445421
0.454167 0.447815
0.454861 0.450189
0.455556 0.452549
0.45625 0.454895
0.456944 0.457218
0.457639 0.459526
0.458333 0.461816
0.459028 0.464086
0.459722 0.466337
0.460417 0.468567
0.461111 0.470777
0.461806 0.472966
0.4625 0.475133
0.463194 0.477278
0.463889 0.4794
0.464583 0.481499
0.465278 0.483577
0.465972 0.485625
0.466667 0.487652
0.467361 0.489656
0.468056 0.49163
0.46875 0.49358
0.469444 0.495505
0.470139 0.497403
0.470833 0.499273
0.471528 0.501116
0.472222 0.502932
0.472917 0.504719
0.473611 0.506477
0.474306 0.508209
0.475 0.509906
0.475694 0.511576
0.476389 0.513219
0.477083 0.514826
0.477778 0.516405
0.478472 0.517955
0.479167 0.519468
0.479861 0.520953
0.480556 0.522406
0.48125 0.523826
0.481944 0.525213
0.482639 0.526568
0.483333 0.527889
0.484028 0.529176
0.484722 0.53043
0.485417 0.531651
0.486111 0.532833
0.486806 0.533983
0.4875 0.535101
0.488194 0.536178
0.488889 0.537222
0.489583 0.538231
0.490278 0.539204
0.490972 0.54014
0.491667 0.54104
0.492361 0.541903
0.493056 0.54273
0.49375 0.543519
0.494444 0.544271
0.495139 0.544985
0.495833 0.545662
0.496528 0.546303
0.497222 0.546901
0.497917 0.547463
0.498611 0.547989
0.499306 0.548471
0.5 0.548917
0.500694 0.549324
0.501389 0.549692
0.502083 0.550021
0.502778 0.55031
0.503472 0.55056
0.504167 0.55077
0.504861 0.55094
0.505556 0.551072
0.50625 0.551159
0.506944 0.551209
0.507639 0.55122
0.508333 0.551186
0.509028 0.551114
0.509722 0.551003
0.510417 0.550847
0.511111 0.550653
0.511806 0.550418
0.5125 0.550142
0.513194 0.549824
0.513889 0.549466
0.514583 0.549066
0.515278 0.548625
0.515972 0.548143
0.516667 0.547621
0.517361 0.547053
0.518056 0.546447
0.51875 0.545801
0.519444 0.545109
0.520139 0.544378
0.520833 0.543605
0.521528 0.542791
0.522222 0.541935
0.522917 0.541038
0.523611 0.5401
0.524306 0.539119
0.525 0.538098
0.525694 0.537035
0.526389 0.53593
0.527083 0.534785
0.527778 0.5336
0.528472 0.532368
0.529167 0.531099
0.529861 0.52979
0.530556 0.528435
0.53125 0.527042
0.531944 0.525609
0.532639 0.524134
0.533333 0.522619
0.534028 0.521063
0.534722 0.519466
0.535417 0.51783
0.536111 0.516153
0.536806 0.514438
0.5375 0.512678
0.538194 0.510881
0.538889 0.509046
0.539583 0.507167
0.540278 0.505251
0.540972 0.503299
0.541667 0.501302
0.542361 0.499269
0.543056 0.497198
0.54375 0.495089
0.544444 0.492941
0.545139 0.490755
0.545833 0.488532
0.546528 0.486271
0.547222 0.483973
0.547917 0.48164
0.548611 0.479266
0.549306 0.476857
0.55 0.474416
0.550694 0.471932
0.551389 0.469417
0.552083 0.466866
0.552778 0.46428
0.553472 0.46166
0.554167 0.459006
0.554861 0.456318
0.555556 0.453597
0.55625 0.450843
0.556944 0.448056
0.557639 0.445237
0.558333 0.442386
0.559028 0.439507
0.559722 0.43659
0.560417 0.433647
0.561111 0.430677
0.561806 0.427671
0.5625 0.42464
0.563194 0.421581
0.563889 0.418495
0.564583 0.415381
0.565278 0.412241
0.565972 0.409075
0.566667 0.405883
0.567361 0.402668
0.568056 0.399431
0.56875 0.396165
0.569444 0.392881
0.570139 0.389577
0.570833 0.386247
0.571528 0.3829
0.572222 0.379537
0.572917 0.37615
0.573611 0.372749
0.574306 0.369332
0.575 0.3659
0.575694 0.362454
0.576389 0.358995
0.577083 0.355524
0.577778 0.352042
0.578472 0.348551
0.579167 0.345055
0.579861 0.341545
0.580556 0.338033
0.58125 0.334521
0.581944 0.330999
0.582639 0.32748
0.583333 0.323962
0.584028 0.320447
0.584722 0.316935
0.585417 0.31343
0.586111 0.309933
0.586806 0.306445
0.5875 0.30297
0.588194 0.299509
0.588889 0.296065
0.589583 0.29264
0.590278 0.28924
0.590972 0.285855
0.591667 0.282502
0.592361 0.279183
0.593056 0.275887
0.59375 0.272632
0.594444 0.269415
0.595139 0.266241
0.595833 0.263112
0.596528 0.260033
0.597222 0.257006
0.597917 0.254036
0.598611 0.251126
0.599306 0.248285
0.6 0.245503
0.600694 0.2428
0.601389 0.240179
0.602083 0.237629
0.602778 0.235173
0.603472 0.232812
0.604167 0.230537
0.604861 0.228369
0.605556 0.226307
0.60625 0.224355
0.606944 0.22252
0.607639 0.220804
0.608333 0.219214
0.609028 0.217754
0.609722 0.216427
0.610417 0.215245
0.611111 0.214193
0.611806 0.213295
0.6125 0.212552
0.613194 0.21195
0.613889 0.211513
0.614583 0.211234
0.615278 0.211118
0.615972 0.211165
0.616667 0.211376
0.617361 0.211754
0.618056 0.212299
0.61875 0.21301
0.619444 0.213889
0.620139 0.214933
0.620833 0.216142
0.621528 0.21752
0.622222 0.219047
0.622917 0.22074
0.623611 0.222597
0.624306 0.224594
0.625 0.22675
0.625694 0.229054
0.626389 0.231503
0.627083 0.234092
0.627778 0.236818
0.628472 0.239678
0.629167 0.242666
0.629861 0.24578
0.630556 0.249021
0.63125 0.252366
0.631944 0.255831
0.632639 0.25941
0.633333 0.263104
0.634028 0.266884
0.634722 0.270766
0.635417 0.27473
0.636111 0.278791
0.636806 0.282939
0.6375 0.287168
0.638194 0.291478
0.638889 0.295863
0.639583 0.300321
0.640278 0.304848
0.640972 0.309442
0.641667 0.314105
0.642361 0.318817
0.643056 0.323594
0.64375 0.32843
0.644444 0.333309
0.645139 0.338245
0.645833 0.343229
0.646528 0.348258
0.647222 0.353331
0.647917 0.358446
0.648611 0.363599
0.649306 0.368791
0.65 0.374017
0.650694 0.379277
0.651389 0.38457
0.652083 0.389892
0.652778 0.395246
0.653472 0.400618
0.654167 0.40602
0.654861 0.41145
0.655556 0.416893
0.65625 0.422362
0.656944 0.42785
0.657639 0.433357
0.658333 0.43888
0.659028 0.444418
0.659722 0.449971
0.660417 0.455536
0.661111 0.461114
0.661806 0.466705
0.6625 0.472298
0.663194 0.477904
0.663889 0.483521
0.664583 0.489135
0.665278 0.49476
0.665972 0.500393
0.666667 0.506021
0.667361 0.511655
0.668056 0.517292
0.66875 0.522929
0.669444 0.528565
0.670139 0.534201
0.670833 0.539834
0.671528 0.545464
0.672222 0.55109
0.672917 0.556716
0.673611 0.562327
0.674306 0.567937
0.675 0.573543
0.675694 0.579134
0.676389 0.58472
0.677083 0.590297
0.677778 0.595865
0.678472 0.601421
0.679167 0.606966
0.679861 0.612498
0.680556 0.618018
0.68125 0.623523
0.681944 0.629015
0.682639 0.634491
0.683333 0.639952
0.684028 0.6454
0.684722 0.650822
0.685417 0.656231
0.686111 0.661626
0.686806 0.666993
0.6875 0.672345
0.688194 0.677677
0.688889 0.682988
0.689583 0.688278
0.690278 0.693545
0.690972 0.69879
0.691667 0.704011
0.692361 0.709208
0.693056 0.714383
0.69375 0.719526
0.694444 0.724647
0.695139 0.729746
0.695833 0.734809
0.696528 0.739849
0.697222 0.744865
0.697917 0.749844
0.698611 0.754798
0.699306 0.759723
0.7 0.764617
0.700694 0.76948
0.701389 0.774311
0.702083 0.779111
0.702778 0.783878
0.703472 0.788612
0.704167 0.793315
0.704861 0.797976
0.705556 0.802607
0.70625 0.807207
0.706944 0.811762
0.707639 0.816286
0.708333 0.820773
0.709028 0.825223
0.709722 0.829634
0.710417 0.834008
0.711111 0.838342
0.711806 0.842638
0.7125 0.846893
0.713194 0.851108
0.713889 0.855283
0.714583 0.859416
0.715278 0.86351
0.715972 0.867555
0.716667 0.871561
0.717361 0.875528
0.718056 0.879442
0.71875 0.883318
0.719444 0.887149
0.720139 0.890935
0.720833 0.894675
0.721528 0.89837
0.722222 0.902018
0.722917 0.905619
0.723611 0.909174
0.724306 0.912684
0.725 0.916138
0.725694 0.919548
0.726389 0.922913
0.727083 0.92622
0.727778 0.929482
0.728472 0.932698
0.729167 0.935855
0.729861 0.938967
0.730556 0.942026
0.73125 0.945035
0.731944 0.947991
0.732639 0.950895
0.733333 0.953746
0.734028 0.956544
0.734722 0.959289
0.735417 0.961983
0.736111 0.964615
0.736806 0.967198
0.7375 0.969729
0.738194 0.972197
0.738889 0.974614
0.739583 0.976975
0.740278 0.97928
0.740972 0.981529
0.741667 0.983721
0.742361 0.985857
0.743056 0.987935
0.74375 0.989955
0.744444 0.991918
0.745139 0.993823
0.745833 0.995669
0.746528 0.99746
0.747222 0.999184
0.747917 1.00085
0.748611 1.00247
0.749306 1.00401
0.75 1.00551
0.750694 1.00694
0.751389 1.00831
0.752083 1.00962
0.752778 1.01087
0.753472 1.01206
0.754167 1.01319
0.754861 1.01425
0.755556 1.01526
0.75625 1.0162
0.756944 1.01709
0.757639 1.01791
0.758333 1.01866
0.759028 1.01936
0.759722 1.02
0.760417 1.02057
0.761111 1.02108
0.761806 1.02152
0.7625 1.02191
0.763194 1.02223
0.763889 1.02249
0.764583 1.02269
0.765278 1.02282
0.765972 1.02289
0.766667 1.0229
0.767361 1.02284
0.768056 1.02273
0.76875 1.02255
0.769444 1.0223
0.770139 1.02199
0.770833 1.02162
0.771528 1.02119
0.772222 1.02069
0.772917 1.02013
0.773611 1.01951
0.774306 1.01882
0.775 1.01807
0.775694 1.01726
0.776389 1.01639
0.777083 1.01545
0.777778 1.01446
0.778472 1.01339
0.779167 1.01227
0.779861 1.01108
0.780556 1.00983
0.78125 1.00852
0.781944 1.00715
0.782639 1.00571
0.783333 1.00422
0.784028 1.00266
0.784722 1.00105
0.785417 0.999368
0.786111 0.997629
0.786806 0.995834
0.7875 0.993969
0.788194 0.99205
0.788889 0.990075
0.789583 0.988031
0.790278 0.985934
0.790972 0.983782
0.791667 0.981561
0.792361 0.979289
0.793056 0.976958
0.79375 0.97457
0.794444 0.972124
0.795139 0.969622
0.795833 0.967063
0.796528 0.964449
0.797222 0.961778
0.797917 0.959057
0.798611 0.956271
0.799306 0.953436
0.8 0.950552
0.800694 0.947604
0.801389 0.944609
0.802083 0.941561
0.802778 0.938462
0.803472 0.935311
0.804167 0.932109
0.804861 0.928857
0.805556 0.925555
0.80625 0.922203
0.806944 0.918804
0.807639 0.915356
0.808333 0.91186
0.809028 0.908323
0.809722 0.904728
0.810417 0.901095
0.811111 0.897421
0.811806 0.893692
0.8125 0.889926
0.813194 0.886118
0.813889 0.882268
0.814583 0.878377
0.815278 0.874445
0.815972 0.870474
0.816667 0.866465
0.817361 0.862417
0.818056 0.858337
0.81875 0.854211
0.819444 0.850055
0.820139 0.84587
0.820833 0.841641
0.821528 0.837386
0.822222 0.833104
0.822917 0.828781
0.823611 0.824435
0.824306 0.820061
0.825 0.81566
0.825694 0.811233
0.826389 0.806781
0.827083 0.802305
0.827778 0.797807
0.828472 0.793288
0.829167 0.788753
0.829861 0.784189
0.830556 0.779613
0.83125 0.775026
0.831944 0.770413
0.832639 0.765792
0.833333 0.76116
0.834028 0.756517
0.834722 0.751866
0.835417 0.747206
0.836111 0.74254
0.836806 0.73787
0.8375 0.733197
0.838194 0.728523
0.838889 0.723849
0.839583 0.719177
0.840278 0.714514
0.840972 0.709845
0.841667 0.705189
0.842361 0.700549
0.843056 0.695907
0.84375 0.691285
0.844444 0.686679
0.845139 0.682089
0.845833 0.677518
0.846528 0.672969
0.847222 0.668442
0.847917 0.663941
0.848611 0.659468
0.849306 0.65503
0.85 0.650611
0.850694 0.646234
0.851389 0.641899
0.852083 0.63759
0.852778 0.633331
0.853472 0.62912
0.854167 0.624944
0.854861 0.620823
0.855556 0.616754
0.85625 0.61274
0.856944 0.608782
0.857639 0.604883
0.858333 0.601046
0.859028 0.597274
0.859722 0.593569
0.860417 0.58994
0.861111 0.586371
0.861806 0.582885
0.8625 0.579482
0.863194 0.576148
0.863889 0.572905
0.864583 0.569748
0.865278 0.56668
0.865972 0.563705
0.866667 0.560824
0.867361 0.55804
0.868056 0.555356
0.86875 0.552775
0.869444 0.550299
0.870139 0.54793
0.870833 0.54567
0.871528 0.543529
0.872222 0.541489
0.872917 0.539573
0.873611 0.537782
0.874306 0.536099
0.875 0.534546
0.875694 0.533117
0.876389 0.531815
0.877083 0.530641
0.877778 0.529596
0.878472 0.528682
0.879167 0.5279
0.879861 0.527252
0.880556 0.526743
0.88125 0.526355
0.881944 0.526111
0.882639 0.526008
0.883333 0.526029
0.884028 0.526194
0.884722 0.526501
0.885417 0.526932
0.886111 0.527506
0.886806 0.528217
0.8875 0.529063
0.888194 0.530044
0.888889 0.531158
0.889583 0.532406
0.890278 0.533785
0.890972 0.535295
0.891667 0.53694
0.892361 0.5387
0.893056 0.540593
0.89375 0.542616
0.894444 0.544749
0.895139 0.54701
0.895833 0.54939
0.896528 0.551886
0.897222 0.554497
0.897917 0.55722
0.898611 0.560053
0.899306 0.562994
0.9 0.566039
0.900694 0.569187
0.901389 0.572436
0.902083 0.575782
0.902778 0.579227
0.903472 0.582754
0.904167 0.586377
0.904861 0.590092
0.905556 0.59388
0.90625 0.597757
0.906944 0.601712
0.907639 0.605745
0.908333 0.609851
0.909028 0.614028
0.909722 0.618274
0.910417 0.622586
0.911111 0.626961
0.911806 0.631401
0.9125 0.63589
0.913194 0.64044
0.913889 0.645048
0.914583 0.649696
0.915278 0.654399
0.915972 0.659152
0.916667 0.663938
0.917361 0.668772
0.918056 0.673644
0.91875 0.678553
0.919444 0.683496
0.920139 0.688472
0.920833 0.693477
0.921528 0.69851
0.922222 0.703569
0.922917 0.708656
0.923611 0.713755
0.924306 0.718879
0.925 0.724025
0.925694 0.729177
0.926389 0.734349
0.927083 0.739532
0.927778 0.744726
0.928472 0.749927
0.929167 0.755136
0.929861 0.760349
0.930556 0.765566
0.93125 0.770784
0.931944 0.776002
0.932639 0.781219
0.933333 0.786432
0.934028 0.791643
0.934722 0.796841
0.935417 0.802035
0.936111 0.807222
0.936806 0.812392
0.9375 0.817554
0.938194 0.822702
0.938889 0.827836
0.939583 0.832953
0.940278 0.838052
0.940972 0.843133
0.941667 0.848194
0.942361 0.853233
0.943056 0.858253
0.94375 0.863242
0.944444 0.868211
0.945139 0.873156
0.945833 0.878067
0.946528 0.882954
0.947222 0.887814
0.947917 0.892637
0.948611 0.897433
0.949306 0.902196
0.95 0.906925
0.950694 0.91162
0.951389 0.91628
0.952083 0.920903
0.952778 0.925488
0.953472 0.930036
0.954167 0.934546
0.954861 0.93901
0.955556 0.943437
0.95625 0.947825
0.956944 0.952163
0.957639 0.956462
0.958333 0.960716
0.959028 0.964925
0.959722 0.969088
0.960417 0.973204
0.961111 0.977273
0.961806 0.981293
0.9625 0.985264
0.963194 0.989186
0.963889 0.993057
0.964583 0.996877
0.965278 1.00065
0.965972 1.00436
0.966667 1.00802
0.967361 1.01163
0.968056 1.01518
0.96875 1.01868
0.969444 1.02213
0.970139 1.02551
0.970833 1.02884
0.971528 1.03212
0.972222 1.03533
0.972917 1.03849
0.973611 1.04158
0.974306 1.04462
0.975 1.0476
0.975694 1.05051
0.976389 1.05337
0.977083 1.05616
0.977778 1.05889
0.978472 1.06156
0.979167 1.06417
0.979861 1.06671
0.980556 1.06919
0.98125 1.0716
0.981944 1.07395
0.982639 1.07623
0.983333 1.07845
0.984028 1.0806
0.984722 1.08268
0.985417 1.0847
0.986111 1.08665
0.986806 1.08853
0.9875 1.09035
0.988194 1.0921
0.988889 1.09377
0.989583 1.09538
0.990278 1.09692
0.990972 1.09839
0.991667 1.0998
0.992361 1.10113
0.993056 1.10239
0.99375 1.10358
0.994444 1.1047
0.995139 1.10574
0.995833 1.10672
0.996528 1.10763
0.997222 1.10846
0.997917 1.10922
0.998611 1.10991
0.999306 1.11053
1 1.11107
1.00069 1.11154
1.00139 1.11194
1.00208 1.11227
1.00278 1.11252
1.00347 1.1127
1.00417 1.11281
1.00486 1.11284
1.00556 1.1128
1.00625 1.11268
1.00694 1.11249
1.00764 1.11223
1.00833 1.11189
1.00903 1.11148
1.00972 1.111
1.01042 1.11044
1.01111 1.10981
1.01181 1.1091
1.0125 1.10832
1.01319 1.10747
1.01389 1.10654
1.01458 1.10554
1.01528 1.10446
1.01597 1.10331
1.01667 1.10209
1.01736 1.10078
1.01806 1.09941
1.01875 1.09797
1.01944 1.09645
1.02014 1.09485
1.02083 1.09319
1.02153 1.09145
1.02222 1.08963
1.02292 1.08775
1.02361 1.08579
1.02431 1.08376
1.025 1.08165
1.02569 1.07948
1.02639 1.07723
1.02708 1.07491
1.02778 1.07252
1.02847 1.07005
1.02917 1.06752
1.02986 1.06491
1.03056 1.06223
1.03125 1.05949
1.03194 1.05667
1.03264 1.05378
1.03333 1.05083
1.03403 1.0478
1.03472 1.04471
1.03542 1.04154
1.03611 1.03831
1.03681 1.03501
1.0375 1.03164
1.03819 1.02821
1.03889 1.02471
1.03958 1.02114
1.04028 1.01751
1.04097 1.01381
1.04167 1.01005
1.04236 1.00622
1.04306 1.00233
1.04375 0.998377
1.04444 0.99436
1.04514 0.990281
1.04583 0.98614
1.04653 0.981939
1.04722 0.977676
1.04792 0.973356
1.04861 0.968971
1.04931 0.96453
1.05 0.960035
1.05069 0.955475
1.05139 0.950863
1.05208 0.946194
1.05278 0.941471
1.05347 0.936692
1.05417 0.931861
1.05486 0.926976
1.05556 0.922039
1.05625 0.917052
1.05694 0.912013
1.05764 0.906926
1.05833 0.901789
1.05903 0.896608
1.05972 0.891374
1.06042 0.886098
1.06111 0.88078
1.06181 0.875411
1.0625 0.870004
1.06319 0.864555
1.06389 0.859066
1.06458 0.853538
1.06528 0.847972
1.06597 0.842369
1.06667 0.836731
1.06736 0.831058
1.06806 0.825356
1.06875 0.819614
1.06944 0.813847
1.07014 0.808054
1.07083 0.802227
1.07153 0.796378
1.07222 0.790508
1.07292 0.784609
1.07361 0.778692
1.07431 0.772757
1.075 0.766805
1.07569 0.760837
1.07639 0.754855
1.07708 0.748861
1.07778 0.742858
1.07847 0.736848
1.07917 0.730835
1.07986 0.72481
1.08056 0.718789
1.08125 0.712773
1.08194 0.706752
1.08264 0.700742
1.08333 0.69474
1.08403 0.68875
1.08472 0.682773
1.08542 0.676813
1.08611 0.670872
1.08681 0.664954
1.0875 0.659061
1.08819 0.653196
1.08889 0.647364
1.08958 0.641566
1.09028 0.635811
1.09097 0.630087
1.09167 0.624415
1.09236 0.618797
1.09306 0.613221
1.09375 0.607708
1.09444 0.602256
1.09514 0.596869
1.09583 0.591551
1.09653 0.586307
1.09722 0.581141
1.09792 0.576057
1.09861 0.57106
1.09931 0.56616
1.1 0.561346
1.10069 0.556639
1.10139 0.552043
1.10208 0.547548
1.10278 0.543176
1.10347 0.53893
1.10417 0.5348
1.10486 0.530808
1.10556 0.526954
1.10625 0.523243
1.10694 0.519679
1.10764 0.516269
1.10833 0.513017
1.10903 0.509928
1.10972 0.507008
1.11042 0.504266
1.11111 0.501691
1.11181 0.499305
1.1125 0.497113
1.11319 0.495099
1.11389 0.493289
1.11458 0.49168
1.11528 0.490273
1.11597 0.489074
1.11667 0.488086
1.11736 0.48731
1.11806 0.486751
1.11875 0.486409
1.11944 0.486287
1.12014 0.486386
1.12083 0.486708
1.12153 0.487259
1.12222 0.48802
1.12292 0.489012
1.12361 0.490234
1.12431 0.491665
1.125 0.493326
1.12569 0.495207
1.12639 0.497306
1.12708 0.499623
1.12778 0.502153
1.12847 0.504895
1.12917 0.507846
1.12986 0.511003
1.13056 0.514368
1.13125 0.517918
1.13194 0.52167
1.13264 0.52562
1.13333 0.529742
1.13403 0.534056
1.13472 0.538552
1.13542 0.54321
1.13611 0.548045
1.13681 0.553044
1.1375 0.558203
1.13819 0.563518
1.13889 0.568984
1.13958 0.574595
1.14028 0.580349
1.14097 0.586239
1.14167 0.592267
1.14236 0.59841
1.14306 0.604683
1.14375 0.611081
1.14444 0.617581
1.14514 0.624197
1.14583 0.63092
1.14653 0.637744
1.14722 0.644666
1.14792 0.651682
1.14861 0.658787
1.14931 0.665977
1.15 0.67325
1.15069 0.680601
1.15139 0.688027
1.15208 0.695524
1.15278 0.703093
1.15347 0.710716
1.15417 0.718406
1.15486 0.726159
1.15556 0.733955
1.15625 0.74181
1.15694 0.749713
1.15764 0.757662
1.15833 0.765655
1.15903 0.773687
1.15972 0.781758
1.16042 0.789863
1.16111 0.798001
1.16181 0.806173
1.1625 0.814362
1.16319 0.822583
1.16389 0.83083
1.16458 0.839089
1.16528 0.847371
1.16597 0.855674
1.16667 0.863981
1.16736 0.872306
1.16806 0.880641
1.16875 0.888984
1.16944 0.897333
1.17014 0.905687
1.17083 0.914043
1.17153 0.922399
1.17222 0.930755
1.17292 0.939112
1.17361 0.947455
1.17431 0.955797
1.175 0.964136
1.17569 0.972456
1.17639 0.98077
1.17708 0.989072
1.17778 0.99736
1.17847 1.00563
1.17917 1.01389
1.17986 1.02213
1.18056 1.03034
1.18125 1.03854
1.18194 1.04671
1.18264 1.05486
1.18333 1.06299
1.18403 1.07109
1.18472 1.07916
1.18542 1.0872
1.18611 1.09522
1.18681 1.10319
1.1875 1.11114
1.18819 1.11906
1.18889 1.12694
1.18958 1.13478
1.19028 1.14259
1.19097 1.15036
1.19167 1.15809
1.19236 1.16578
1.19306 1.17344
1.19375 1.18104
1.19444 1.1886
1.19514 1.19612
1.19583 1.20359
1.19653 1.21102
1.19722 1.2184
1.19792 1.22573
1.19861 1.23301
1.19931 1.24025
1.2 1.24743
1.20069 1.25456
1.20139 1.26163
1.20208 1.26866
1.20278 1.27563
1.20347 1.28254
1.20417 1.2894
1.20486 1.29619
1.20556 1.30293
1.20625 1.30962
1.20694 1.31624
1.20764 1.3228
1.20833 1.3293
1.20903 1.33574
1.20972 1.34212
1.21042 1.34843
1.21111 1.35468
1.21181 1.36086
1.2125 1.36698
1.21319 1.37303
1.21389 1.37901
1.21458 1.38493
1.21528 1.39078
1.21597 1.39655
1.21667 1.40226
1.21736 1.4079
1.21806 1.41346
1.21875 1.41896
1.21944 1.42438
1.22014 1.42973
1.22083 1.435
1.22153 1.4402
1.22222 1.44533
1.22292 1.45037
1.22361 1.45535
1.22431 1.46025
1.225 1.46506
1.22569 1.4698
1.22639 1.47447
1.22708 1.47905
1.22778 1.48355
1.22847 1.48798
1.22917 1.49232
1.22986 1.49658
1.23056 1.50076
1.23125 1.50486
1.23194 1.50888
1.23264 1.51281
1.23333 1.51666
1.23403 1.52043
1.23472 1.52411
1.23542 1.52771
1.23611 1.53122
1.23681 1.53464
1.2375 1.53798
1.23819 1.54123
1.23889 1.5444
1.23958 1.54748
1.24028 1.55047
1.24097 1.55338
1.24167 1.55619
1.24236 1.55892
1.24306 1.56156
1.24375 1.56411
1.24444 1.56657
1.24514 1.56894
1.24583 1.57122
1.24653 1.57342
1.24722 1.57551
1.24792 1.57752
1.24861 1.57944
1.24931 1.58126
1.25 1.583
1.25069 1.58464
1.25139 1.58619
1.25208 1.58765
1.25278 1.58902
1.25347 1.59029
1.25417 1.59147
1.25486 1.59256
1.25556 1.59356
1.25625 1.59446
1.25694 1.59527
1.25764 1.59599
1.25833 1.59661
1.25903 1.59714
1.25972 1.59758
1.26042 1.59792
1.26111 1.59817
1.26181 1.59832
1.2625 1.59838
1.26319 1.59835
1.26389 1.59822
1.26458 1.598
1.26528 1.59769
1.26597 1.59728
1.26667 1.59679
1.26736 1.59619
1.26806 1.5955
1.26875 1.59472
1.26944 1.59384
1.27014 1.59288
1.27083 1.59182
1.27153 1.59066
1.27222 1.58942
1.27292 1.58808
1.27361 1.58664
1.27431 1.58512
1.275 1.5835
1.27569 1.5818
1.27639 1.58
1.27708 1.57811
1.27778 1.57613
1.27847 1.57405
1.27917 1.57189
1.27986 1.56964
1.28056 1.56729
1.28125 1.56485
1.28194 1.56233
1.28264 1.55972
1.28333 1.55701
1.28403 1.55422
1.28472 1.55135
1.28542 1.54838
1.28611 1.54533
1.28681 1.54219
1.2875 1.53896
1.28819 1.53565
1.28889 1.53226
1.28958 1.52877
1.29028 1.52521
1.29097 1.52156
1.29167 1.51783
1.29236 1.51401
1.29306 1.51011
1.29375 1.50613
1.29444 1.50208
1.29514 1.49794
1.29583 1.49372
1.29653 1.48942
1.29722 1.48504
1.29792 1.48059
1.29861 1.47605
1.29931 1.47145
1.3 1.46677
1.30069 1.46201
1.30139 1.45718
1.30208 1.45227
1.30278 1.4473
1.30347 1.44225
1.30417 1.43713
1.30486 1.43194
1.30556 1.42669
1.30625 1.42136
1.30694 1.41597
1.30764 1.41052
1.30833 1.405
1.30903 1.39942
1.30972 1.39376
1.31042 1.38805
1.31111 1.38229
1.31181 1.37645
1.3125 1.37057
1.31319 1.36462
1.31389 1.35862
1.31458 1.35257
1.31528 1.34646
1.31597 1.3403
1.31667 1.33409
1.31736 1.32783
1.31806 1.32152
1.31875 1.31516
1.31944 1.30876
1.32014 1.30232
1.32083 1.29583
1.32153 1.2893
1.32222 1.28273
1.32292 1.27612
1.32361 1.26948
1.32431 1.2628
1.325 1.25609
1.32569 1.24935
1.32639 1.24258
1.32708 1.23578
1.32778 1.22896
1.32847 1.22211
1.32917 1.21524
1.32986 1.20834
1.33056 1.20143
1.33125 1.19451
1.33194 1.18757
1.33264 1.18061
1.33333 1.17365
1.33403 1.16668
1.33472 1.1597
1.33542 1.15272
1.33611 1.14574
1.33681 1.13876
1.3375 1.13179
1.33819 1.12482
1.33889 1.11785
1.33958 1.1109
1.34028 1.10397
1.34097 1.09704
1.34167 1.09014
1.34236 1.08326
1.34306 1.0764
1.34375 1.06957
1.34444 1.06277
1.34514 1.056
1.34583 1.04927
1.34653 1.04258
1.34722 1.03593
1.34792 1.02933
1.34861 1.02277
1.34931 1.01627
1.35 1.00982
1.35069 1.00343
1.35139 0.997101
1.35208 0.990829
1.35278 0.984632
1.35347 0.978512
1.35417 0.972455
1.35486 0.966485
1.35556 0.960596
1.35625 0.954794
1.35694 0.949081
1.35764 0.943462
1.35833 0.93794
1.35903 0.932519
1.35972 0.927202
1.36042 0.921999
1.36111 0.916895
1.36181 0.911914
1.3625 0.907058
1.36319 0.902312
1.36389 0.897701
1.36458 0.89322
1.36528 0.888874
1.36597 0.884665
1.36667 0.880597
1.36736 0.876675
1.36806 0.8729
1.36875 0.869278
1.36944 0.86581
1.37014 0.862501
1.37083 0.859352
1.37153 0.856375
1.37222 0.85355
1.37292 0.850904
1.37361 0.848436
1.37431 0.84613
1.375 0.84401
1.37569 0.84207
1.37639 0.840312
1.37708 0.838738
1.37778 0.83735
1.37847 0.836149
1.37917 0.835138
1.37986 0.834317
1.38056 0.833693
1.38125 0.833248
1.38194 0.833003
1.38264 0.832958
1.38333 0.833093
1.38403 0.833429
1.38472 0.833965
1.38542 0.834681
1.38611 0.835598
1.38681 0.836708
1.3875 0.838008
1.38819 0.839499
