0 0
0.000694444 0.00074051
0.00138889 0.00148187
0.00208333 0.00222393
0.00277778 0.00296653
0.00347222 0.0037095
0.00416667 0.00445269
0.00486111 0.00519593
0.00555556 0.00594012
0.00625 0.00668154
0.00694444 0.00742399
0.00763889 0.00816691
0.00833333 0.00890658
0.00902778 0.00964679
0.00972222 0.010387
0.0104167 0.0111235
0.0111111 0.01186
0.0118056 0.012595
0.0125 0.0133283
0.0131944 0.0140597
0.0138889 0.0147892
0.0145833 0.0155164
0.0152778 0.0162413
0.0159722 0.0169637
0.0166667 0.0176846
0.0173611 0.0184001
0.0180556 0.0191141
0.01875 0.019826
0.0194444 0.0205321
0.0201389 0.0212363
0.0208333 0.0219369
0.0215278 0.0226337
0.0222222 0.0233266
0.0229167 0.0240155
0.0236111 0.0247002
0.0243056 0.0253805
0.025 0.0260563
0.0256944 0.0267275
0.0263889 0.0273938
0.0270833 0.0280552
0.0277778 0.0287125
0.0284722 0.029362
0.0291667 0.0300076
0.0298611 0.0306487
0.0305556 0.0312814
0.03125 0.0319098
0.0319444 0.0325323
0.0326389 0.0331485
0.0333333 0.0337585
0.0340278 0.034362
0.0347222 0.0349589
0.0354167 0.0355491
0.0361111 0.0361324
0.0368056 0.0367098
0.0375 0.0372774
0.0381944 0.0378393
0.0388889 0.0383948
0.0395833 0.0389401
0.0402778 0.0394792
0.0409722 0.0400116
0.0416667 0.0405333
0.0423611 0.0410485
0.0430556 0.0415554
0.04375 0.0420539
0.0444444 0.0425439
0.0451389 0.0430252
0.0458333 0.0434978
0.0465278 0.0439614
0.0472222 0.044416
0.0479167 0.0448626
0.0486111 0.0452972
0.0493056 0.0457239
0.05 0.0461423
0.0506944 0.0465482
0.0513889 0.0469459
0.0520833 0.0473337
0.0527778 0.0477116
0.0534722 0.0480792
0.0541667 0.0484366
0.0548611 0.0487837
0.0555556 0.0491202
0.05625 0.0494462
0.0569444 0.0497614
0.0576389 0.0500659
0.0583333 0.0503594
0.0590278 0.0506431
0.0597222 0.0509127
0.0604167 0.0511727
0.0611111 0.0514227
0.0618056 0.0516582
0.0625 0.051884
0.0631944 0.052098
0.0638889 0.0523003
0.0645833 0.0524908
0.0652778 0.0526694
0.0659722 0.0528359
0.0666667 0.0529903
0.0673611 0.0531325
0.0680556 0.0532637
0.06875 0.0533794
0.0694444 0.0534845
0.0701389 0.0535784
0.0708333 0.0536564
0.0715278 0.0537236
0.0722222 0.0537794
0.0729167 0.0538191
0.0736111 0.0538477
0.0743056 0.0538634
0.075 0.053866
0.0756944 0.0538555
0.0763889 0.0538318
0.0770833 0.0537948
0.0777778 0.0537446
0.0784722 0.0536809
0.0791667 0.0536054
0.0798611 0.0535129
0.0805556 0.0534089
0.08125 0.0532928
0.0819444 0.0531596
0.0826389 0.0530147
0.0833333 0.0528562
0.0840278 0.052684
0.0847222 0.0524981
0.0854167 0.0522983
0.0861111 0.0520848
0.0868056 0.0518575
0.0875 0.0516163
0.0881944 0.0513612
0.0888889 0.0510924
0.0895833 0.0508096
0.0902778 0.0505147
0.0909722 0.0502019
0.0916667 0.0498775
0.0923611 0.0495411
0.0930556 0.0491867
0.09375 0.0488209
0.0944444 0.0484413
0.0951389 0.048048
0.0958333 0.047641
0.0965278 0.0472204
0.0972222 0.0467862
0.0979167 0.0463384
0.0986111 0.0458773
0.0993056 0.0454048
0.1 0.0449142
0.100694 0.0444132
0.101389 0.0439014
0.102083 0.0433715
0.102778 0.0428318
0.103472 0.0422817
0.104167 0.0417139
0.104861 0.0411369
0.105556 0.0405478
0.10625 0.0399469
0.106944 0.0393345
0.107639 0.0387107
0.108333 0.0380761
0.109028 0.0374308
0.109722 0.0367752
0.110417 0.0361125
0.111111 0.0354341
0.111806 0.0347505
0.1125 0.0340614
0.113194 0.0333579
0.113889 0.0326513
0.114583 0.0319385
0.115278 0.0312204
0.115972 0.030498
0.116667 0.0297722
0.117361 0.0290444
0.118056 0.0283158
0.11875 0.027588
0.119444 0.0268627
0.120139 0.0261419
0.120833 0.0254276
0.121528 0.0247263
0.122222 0.0240271
0.122917 0.0233483
0.123611 0.022692
0.124306 0.0220472
0.125 0.0214347
0.125694 0.020853
0.126389 0.0203073
0.127083 0.019803
0.127778 0.019346
0.128472 0.0189423
0.129167 0.0185983
0.129861 0.0183199
0.130556 0.0181188
0.13125 0.0179812
0.131944 0.0179329
0.132639 0.0179754
0.133333 0.0180919
0.134028 0.0183048
0.134722 0.0186117
0.135417 0.0189925
0.136111 0.0194654
0.136806 0.0200196
0.1375 0.020651
0.138194 0.0213553
0.138889 0.0221281
0.139583 0.0229646
0.140278 0.0238605
0.140972 0.0248115
0.141667 0.0258176
0.142361 0.0268616
0.143056 0.027955
0.14375 0.0290927
0.144444 0.03026
0.145139 0.0314675
0.145833 0.0327082
0.146528 0.0339798
0.147222 0.0352805
0.147917 0.0366086
0.148611 0.0379627
0.149306 0.0393412
0.15 0.040743
0.150694 0.0421669
0.151389 0.043612
0.152083 0.0450772
0.152778 0.0465639
0.153472 0.0480639
0.154167 0.0495847
0.154861 0.0511247
0.155556 0.0526763
0.15625 0.0542467
0.156944 0.0558324
0.157639 0.057433
0.158333 0.059048
0.159028 0.0606769
0.159722 0.0623194
0.160417 0.0639749
0.161111 0.0656432
0.161806 0.0673254
0.1625 0.069016
0.163194 0.0707204
0.163889 0.0724376
0.164583 0.0741624
0.165278 0.0758999
0.165972 0.0776492
0.166667 0.0794055
0.167361 0.0811734
0.168056 0.082951
0.16875 0.0847379
0.169444 0.0865338
0.170139 0.0883386
0.170833 0.0901519
0.171528 0.0919734
0.172222 0.093803
0.172917 0.0956415
0.173611 0.097485
0.174306 0.0993373
0.175 0.101198
0.175694 0.103062
0.176389 0.104935
0.177083 0.106814
0.177778 0.1087
0.178472 0.110591
0.179167 0.112487
0.179861 0.11439
0.180556 0.116297
0.18125 0.118209
0.181944 0.120126
0.182639 0.122048
0.183333 0.123974
0.184028 0.125904
0.184722 0.127837
0.185417 0.129774
0.186111 0.131715
0.186806 0.133658
0.1875 0.135604
0.188194 0.137553
0.188889 0.139505
0.189583 0.141458
0.190278 0.143414
0.190972 0.145371
0.191667 0.14733
0.192361 0.14929
0.193056 0.151251
0.19375 0.153212
0.194444 0.155174
0.195139 0.157137
0.195833 0.159099
0.196528 0.161061
0.197222 0.163024
0.197917 0.164984
0.198611 0.166944
0.199306 0.168903
0.2 0.170861
0.200694 0.172817
0.201389 0.174771
0.202083 0.176723
0.202778 0.178673
0.203472 0.180619
0.204167 0.182564
0.204861 0.184504
0.205556 0.186442
0.20625 0.188376
0.206944 0.190306
0.207639 0.192232
0.208333 0.194153
0.209028 0.19607
0.209722 0.197982
0.210417 0.199889
0.211111 0.201791
0.211806 0.203687
0.2125 0.205577
0.213194 0.207462
0.213889 0.209339
0.214583 0.211211
0.215278 0.213075
0.215972 0.214932
0.216667 0.216782
0.217361 0.218624
0.218056 0.220458
0.21875 0.222284
0.219444 0.224102
0.220139 0.225911
0.220833 0.227712
0.221528 0.229503
0.222222 0.231285
0.222917 0.233057
0.223611 0.234819
0.224306 0.236572
0.225 0.238313
0.225694 0.240044
0.226389 0.241765
0.227083 0.243473
0.227778 0.245171
0.228472 0.246857
0.229167 0.248531
0.229861 0.250193
0.230556 0.251842
0.23125 0.253479
0.231944 0.255103
0.232639 0.256714
0.233333 0.258311
0.234028 0.259895
0.234722 0.261465
0.235417 0.263021
0.236111 0.264562
0.236806 0.266088
0.2375 0.267601
0.238194 0.269097
0.238889 0.270578
0.239583 0.272044
0.240278 0.273493
0.240972 0.274927
0.241667 0.276344
0.242361 0.277745
0.243056 0.279129
0.24375 0.280496
0.244444 0.281845
0.245139 0.283177
0.245833 0.284492
0.246528 0.285788
0.247222 0.287066
0.247917 0.288325
0.248611 0.289566
0.249306 0.290788
0.25 0.29199
0.250694 0.293173
0.251389 0.294337
0.252083 0.295481
0.252778 0.296604
0.253472 0.297708
0.254167 0.298791
0.254861 0.299853
0.255556 0.300894
0.25625 0.301914
0.256944 0.302912
0.257639 0.303889
0.258333 0.304844
0.259028 0.305777
0.259722 0.306688
0.260417 0.307576
0.261111 0.308442
0.261806 0.309285
0.2625 0.310105
0.263194 0.310901
0.263889 0.311674
0.264583 0.312423
0.265278 0.313149
0.265972 0.31385
0.266667 0.314528
0.267361 0.31518
0.268056 0.315808
0.26875 0.316412
0.269444 0.31699
0.270139 0.317543
0.270833 0.31807
0.271528 0.318573
0.272222 0.319049
0.272917 0.319499
0.273611 0.319924
0.274306 0.320322
0.275 0.320694
0.275694 0.321039
0.276389 0.321358
0.277083 0.321649
0.277778 0.321914
0.278472 0.322151
0.279167 0.322361
0.279861 0.322543
0.280556 0.322698
0.28125 0.322825
0.281944 0.322924
0.282639 0.322995
0.283333 0.323037
0.284028 0.323051
0.284722 0.323037
0.285417 0.322994
0.286111 0.322922
0.286806 0.322822
0.2875 0.322692
0.288194 0.322533
0.288889 0.322345
0.289583 0.322128
0.290278 0.321881
0.290972 0.321605
0.291667 0.321298
0.292361 0.320962
0.293056 0.320596
0.29375 0.3202
0.294444 0.319774
0.295139 0.319318
0.295833 0.318831
0.296528 0.318314
0.297222 0.317767
0.297917 0.317189
0.298611 0.31658
0.299306 0.315941
0.3 0.315271
0.300694 0.31457
0.301389 0.313838
0.302083 0.313075
0.302778 0.312281
0.303472 0.311456
0.304167 0.3106
0.304861 0.309713
0.305556 0.308794
0.30625 0.307844
0.306944 0.306863
0.307639 0.305851
0.308333 0.304807
0.309028 0.303731
0.309722 0.302624
0.310417 0.301486
0.311111 0.300316
0.311806 0.299115
0.3125 0.297882
0.313194 0.296618
0.313889 0.295321
0.314583 0.293994
0.315278 0.292635
0.315972 0.291244
0.316667 0.289822
0.317361 0.288368
0.318056 0.286883
0.31875 0.285365
0.319444 0.283817
0.320139 0.282237
0.320833 0.280626
0.321528 0.278983
0.322222 0.277309
0.322917 0.275603
0.323611 0.273866
0.324306 0.272098
0.325 0.270298
0.325694 0.268467
0.326389 0.266605
0.327083 0.264713
0.327778 0.262789
0.328472 0.260834
0.329167 0.258848
0.329861 0.256831
0.330556 0.254783
0.33125 0.252705
0.331944 0.250596
0.332639 0.248457
0.333333 0.246287
0.334028 0.244087
0.334722 0.241857
0.335417 0.239596
0.336111 0.237306
0.336806 0.234985
0.3375 0.232635
0.338194 0.230255
0.338889 0.227845
0.339583 0.225406
0.340278 0.222937
0.340972 0.220439
0.341667 0.217912
0.342361 0.215356
0.343056 0.212772
0.34375 0.210158
0.344444 0.207516
0.345139 0.204845
0.345833 0.202146
0.346528 0.199419
0.347222 0.196664
0.347917 0.193881
0.348611 0.191071
0.349306 0.188233
0.35 0.185367
0.350694 0.182475
0.351389 0.179556
0.352083 0.176609
0.352778 0.173636
0.353472 0.170637
0.354167 0.167612
0.354861 0.16456
0.355556 0.161483
0.35625 0.15838
0.356944 0.155251
0.357639 0.152097
0.358333 0.148919
0.359028 0.145715
0.359722 0.142487
0.360417 0.139235
0.361111 0.135958
0.361806 0.132657
0.3625 0.129333
0.363194 0.125986
0.363889 0.122615
0.364583 0.119221
0.365278 0.115805
0.365972 0.112366
0.366667 0.108905
0.367361 0.105423
0.368056 0.101918
0.36875 0.0983928
0.369444 0.0948461
0.370139 0.0912788
0.370833 0.0876911
0.371528 0.0840834
0.372222 0.080456
0.372917 0.0768092
0.373611 0.0731436
0.374306 0.0694593
0.375 0.0657571
0.375694 0.0620373
0.376389 0.0583005
0.377083 0.0545474
0.377778 0.0507788
0.378472 0.0469956
0.379167 0.0431989
0.379861 0.0393904
0.380556 0.0355721
0.38125 0.0317467
0.381944 0.0279189
0.382639 0.0240958
0.383333 0.0202892
0.384028 0.0165225
0.384722 0.0128456
0.385417 0.00938301
0.386111 0.00651669
0.386806 0.00535045
0.3875 0.0068454
0.388194 0.00987384
0.388889 0.0134479
0.389583 0.0172404
0.390278 0.0211412
0.390972 0.0251056
0.391667 0.0291127
0.392361 0.0331506
0.393056 0.0372131
0.39375 0.0412961
0.394444 0.0453964
0.395139 0.0495123
0.395833 0.053642
0.396528 0.0577845
0.397222 0.0619388
0.397917 0.066104
0.398611 0.0702795
0.399306 0.0744646
0.4 0.0786586
0.400694 0.0828612
0.401389 0.0870718
0.402083 0.0912899
0.402778 0.0955151
0.403472 0.0997468
0.404167 0.103985
0.404861 0.108229
0.405556 0.112478
0.40625 0.116732
0.406944 0.12099
0.407639 0.125253
0.408333 0.129519
0.409028 0.133789
0.409722 0.138062
0.410417 0.142337
0.411111 0.146614
0.411806 0.150894
0.4125 0.155174
0.413194 0.159456
0.413889 0.163738
0.414583 0.168021
0.415278 0.172303
0.415972 0.176585
0.416667 0.180865
0.417361 0.185145
0.418056 0.189423
0.41875 0.193698
0.419444 0.197972
0.420139 0.202242
0.420833 0.206509
0.421528 0.210772
0.422222 0.215032
0.422917 0.219287
0.423611 0.223537
0.424306 0.227782
0.425 0.232021
0.425694 0.236254
0.426389 0.240481
0.427083 0.244701
0.427778 0.248914
0.428472 0.253119
0.429167 0.257317
0.429861 0.261506
0.430556 0.265686
0.43125 0.269857
0.431944 0.274019
0.432639 0.278171
0.433333 0.282312
0.434028 0.286443
0.434722 0.290563
0.435417 0.294672
0.436111 0.298768
0.436806 0.302852
0.4375 0.306924
0.438194 0.310983
0.438889 0.315028
0.439583 0.319059
0.440278 0.323077
0.440972 0.32708
0.441667 0.331068
0.442361 0.33504
0.443056 0.338997
0.44375 0.342938
0.444444 0.346862
0.445139 0.35077
0.445833 0.35466
0.446528 0.358532
0.447222 0.362387
0.447917 0.366223
0.448611 0.370041
0.449306 0.373839
0.45 0.377618
0.450694 0.381377
0.451389 0.385116
0.452083 0.388834
0.452778 0.392532
0.453472 0.396208
0.454167 0.399862
0.454861 0.403494
0.455556 0.407104
0.45625 0.410691
0.456944 0.414254
0.457639 0.417795
0.458333 0.421311
0.459028 0.424803
0.459722 0.42827
0.460417 0.431713
0.461111 0.43513
0.461806 0.438522
0.4625 0.441887
0.463194 0.445226
0.463889 0.448538
0.464583 0.451824
0.465278 0.455082
0.465972 0.458312
0.466667 0.461514
0.467361 0.464688
0.468056 0.467832
0.46875 0.470948
0.469444 0.474035
0.470139 0.477091
0.470833 0.480118
0.471528 0.483114
0.472222 0.486079
0.472917 0.489013
0.473611 0.491916
0.474306 0.494788
0.475 0.497627
0.475694 0.500433
0.476389 0.503208
0.477083 0.505949
0.477778 0.508657
0.478472 0.511331
0.479167 0.513972
0.479861 0.516578
0.480556 0.51915
0.48125 0.521687
0.481944 0.524189
0.482639 0.526656
0.483333 0.529087
0.484028 0.531482
0.484722 0.533841
0.485417 0.536164
0.486111 0.53845
0.486806 0.540698
0.4875 0.54291
0.488194 0.545084
0.488889 0.54722
0.489583 0.549318
0.490278 0.551377
0.490972 0.553398
0.491667 0.55538
0.492361 0.557323
0.493056 0.559227
0.49375 0.561091
0.494444 0.562915
0.495139 0.564699
0.495833 0.566442
0.496528 0.568145
0.497222 0.569807
0.497917 0.571428
0.498611 0.573009
0.499306 0.574547
0.5 0.576043
0.500694 0.577498
0.501389 0.578911
0.502083 0.580281
0.502778 0.581609
0.503472 0.582894
0.504167 0.584136
0.504861 0.585335
0.505556 0.58649
0.50625 0.587602
0.506944 0.58867
0.507639 0.589695
0.508333 0.590675
0.509028 0.591611
0.509722 0.592503
0.510417 0.593349
0.511111 0.594151
0.511806 0.594909
0.5125 0.595621
0.513194 0.596288
0.513889 0.596909
0.514583 0.597485
0.515278 0.598015
0.515972 0.598499
0.516667 0.598938
0.517361 0.59933
0.518056 0.599676
0.51875 0.599975
0.519444 0.600228
0.520139 0.600435
0.520833 0.600594
0.521528 0.600707
0.522222 0.600773
0.522917 0.600792
0.523611 0.600763
0.524306 0.600687
0.525 0.600564
0.525694 0.600394
0.526389 0.600176
0.527083 0.59991
0.527778 0.599597
0.528472 0.599235
0.529167 0.598826
0.529861 0.598369
0.530556 0.597864
0.53125 0.597311
0.531944 0.59671
0.532639 0.59606
0.533333 0.595363
0.534028 0.594617
0.534722 0.593822
0.535417 0.59298
0.536111 0.592089
0.536806 0.59115
0.5375 0.590162
0.538194 0.589126
0.538889 0.588041
0.539583 0.586907
0.540278 0.585726
0.540972 0.584496
0.541667 0.583217
0.542361 0.581889
0.543056 0.580514
0.54375 0.579089
0.544444 0.577617
0.545139 0.576095
0.545833 0.574526
0.546528 0.572908
0.547222 0.571241
0.547917 0.569527
0.548611 0.567763
0.549306 0.565951
0.55 0.564092
0.550694 0.562184
0.551389 0.560228
0.552083 0.558224
0.552778 0.556172
0.553472 0.554072
0.554167 0.551924
0.554861 0.549728
0.555556 0.547484
0.55625 0.545193
0.556944 0.542855
0.557639 0.540468
0.558333 0.538035
0.559028 0.535554
0.559722 0.533026
0.560417 0.530451
0.561111 0.527829
0.561806 0.52516
0.5625 0.522444
0.563194 0.519682
0.563889 0.516874
0.564583 0.514019
0.565278 0.511117
0.565972 0.50817
0.566667 0.505177
0.567361 0.502138
0.568056 0.499054
0.56875 0.495923
0.569444 0.492748
0.570139 0.489528
0.570833 0.486262
0.571528 0.482952
0.572222 0.479598
0.572917 0.476198
0.573611 0.472754
0.574306 0.469267
0.575 0.465736
0.575694 0.462161
0.576389 0.458542
0.577083 0.454881
0.577778 0.451176
0.578472 0.447429
0.579167 0.443639
0.579861 0.439806
0.580556 0.435932
0.58125 0.432016
0.581944 0.428058
0.582639 0.424058
0.583333 0.420018
0.584028 0.415937
0.584722 0.411815
0.585417 0.407653
0.586111 0.403451
0.586806 0.399209
0.5875 0.394928
0.588194 0.390608
0.588889 0.386248
0.589583 0.381851
0.590278 0.377415
0.590972 0.37294
0.591667 0.368429
0.592361 0.36388
0.593056 0.359294
0.59375 0.354671
0.594444 0.350013
0.595139 0.345318
0.595833 0.340588
0.596528 0.335823
0.597222 0.331024
0.597917 0.326189
0.598611 0.321322
0.599306 0.316421
0.6 0.311485
0.600694 0.306518
0.601389 0.30152
0.602083 0.296488
0.602778 0.291426
0.603472 0.286335
0.604167 0.281211
0.604861 0.276059
0.605556 0.270877
0.60625 0.265668
0.606944 0.260431
0.607639 0.255166
0.608333 0.249875
0.609028 0.244558
0.609722 0.239217
0.610417 0.233852
0.611111 0.228462
0.611806 0.22305
0.6125 0.217618
0.613194 0.212163
0.613889 0.20669
0.614583 0.201199
0.615278 0.195691
0.615972 0.190168
0.616667 0.184631
0.617361 0.179081
0.618056 0.173521
0.61875 0.167953
0.619444 0.162379
0.620139 0.156801
0.620833 0.151223
0.621528 0.14565
0.622222 0.140079
0.622917 0.134522
0.623611 0.128983
0.624306 0.123461
0.625 0.117971
0.625694 0.112518
0.626389 0.107112
0.627083 0.101765
0.627778 0.0964913
0.628472 0.0913072
0.629167 0.086234
0.629861 0.0812973
0.630556 0.0765323
0.63125 0.0719648
0.631944 0.0676562
0.632639 0.0636629
0.633333 0.0600691
0.634028 0.0569071
0.634722 0.054293
0.635417 0.052296
0.636111 0.051016
0.636806 0.0505055
0.6375 0.0507931
0.638194 0.0518709
0.638889 0.0536959
0.639583 0.0562
0.640278 0.059301
0.640972 0.0629143
0.641667 0.0669646
0.642361 0.0713664
0.643056 0.0760757
0.64375 0.0810398
0.644444 0.0862048
0.645139 0.0915507
0.645833 0.0970448
0.646528 0.102665
0.647222 0.108391
0.647917 0.11421
0.648611 0.120108
0.649306 0.126075
0.65 0.132102
0.650694 0.138181
0.651389 0.144307
0.652083 0.150473
0.652778 0.156676
0.653472 0.162907
0.654167 0.169169
0.654861 0.175458
0.655556 0.181765
0.65625 0.188093
0.656944 0.194439
0.657639 0.200801
0.658333 0.207176
0.659028 0.213562
0.659722 0.219959
0.660417 0.226364
0.661111 0.232777
0.661806 0.239197
0.6625 0.245619
0.663194 0.252046
0.663889 0.258478
0.664583 0.264907
0.665278 0.27134
0.665972 0.277773
0.666667 0.284202
0.667361 0.290631
0.668056 0.297057
0.66875 0.303479
0.669444 0.309897
0.670139 0.316309
0.670833 0.322716
0.671528 0.329116
0.672222 0.335508
0.672917 0.341894
0.673611 0.348268
0.674306 0.354634
0.675 0.360991
0.675694 0.367335
0.676389 0.373669
0.677083 0.37999
0.677778 0.386299
0.678472 0.392595
0.679167 0.398877
0.679861 0.405144
0.680556 0.411396
0.68125 0.417632
0.681944 0.423852
0.682639 0.430055
0.683333 0.43624
0.684028 0.442408
0.684722 0.448556
0.685417 0.454685
0.686111 0.460796
0.686806 0.466884
0.6875 0.472952
0.688194 0.478998
0.688889 0.485023
0.689583 0.491024
0.690278 0.497003
0.690972 0.502958
0.691667 0.508888
0.692361 0.514794
0.693056 0.520675
0.69375 0.526528
0.694444 0.532356
0.695139 0.538157
0.695833 0.54393
0.696528 0.549675
0.697222 0.555392
0.697917 0.561078
0.698611 0.566736
0.699306 0.572363
0.7 0.577959
0.700694 0.583525
0.701389 0.589058
0.702083 0.59456
0.702778 0.600028
0.703472 0.605463
0.704167 0.610865
0.704861 0.616231
0.705556 0.621563
0.70625 0.62686
0.706944 0.63212
0.707639 0.637344
0.708333 0.642532
0.709028 0.647682
0.709722 0.652794
0.710417 0.657868
0.711111 0.662903
0.711806 0.667899
0.7125 0.672855
0.713194 0.677771
0.713889 0.682646
0.714583 0.687479
0.715278 0.692272
0.715972 0.697021
0.716667 0.701728
0.717361 0.706392
0.718056 0.711012
0.71875 0.715588
0.719444 0.72012
0.720139 0.724606
0.720833 0.729048
0.721528 0.733443
0.722222 0.737792
0.722917 0.742094
0.723611 0.746349
0.724306 0.750557
0.725 0.754716
0.725694 0.758827
0.726389 0.762889
0.727083 0.766901
0.727778 0.770863
0.728472 0.774776
0.729167 0.778637
0.729861 0.782448
0.730556 0.786207
0.73125 0.789914
0.731944 0.793569
0.732639 0.797171
0.733333 0.80072
0.734028 0.804216
0.734722 0.807657
0.735417 0.811045
0.736111 0.814377
0.736806 0.817655
0.7375 0.820878
0.738194 0.824044
0.738889 0.827154
0.739583 0.830208
0.740278 0.833205
0.740972 0.836145
0.741667 0.839027
0.742361 0.841851
0.743056 0.844617
0.74375 0.847324
0.744444 0.849972
0.745139 0.852561
0.745833 0.85509
0.746528 0.85756
0.747222 0.859968
0.747917 0.862317
0.748611 0.864604
0.749306 0.86683
0.75 0.868995
0.750694 0.871098
0.751389 0.873138
0.752083 0.875116
0.752778 0.877032
0.753472 0.878885
0.754167 0.880674
0.754861 0.8824
0.755556 0.884062
0.75625 0.885659
0.756944 0.887192
0.757639 0.888662
0.758333 0.890065
0.759028 0.891404
0.759722 0.892678
0.760417 0.893885
0.761111 0.895028
0.761806 0.896104
0.7625 0.897114
0.763194 0.898057
0.763889 0.898934
0.764583 0.899744
0.765278 0.900487
0.765972 0.901162
0.766667 0.90177
0.767361 0.90231
0.768056 0.902783
0.76875 0.903188
0.769444 0.903524
0.770139 0.903792
0.770833 0.903991
0.771528 0.904122
0.772222 0.904184
0.772917 0.904177
0.773611 0.904101
0.774306 0.903955
0.775 0.903741
0.775694 0.903457
0.776389 0.903103
0.777083 0.90268
0.777778 0.902187
0.778472 0.901623
0.779167 0.90099
0.779861 0.900287
0.780556 0.899513
0.78125 0.89867
0.781944 0.897756
0.782639 0.896771
0.783333 0.895717
0.784028 0.894591
0.784722 0.893396
0.785417 0.892129
0.786111 0.890792
0.786806 0.889385
0.7875 0.887906
0.788194 0.886357
0.788889 0.884738
0.789583 0.883047
0.790278 0.881285
0.790972 0.879454
0.791667 0.877551
0.792361 0.875577
0.793056 0.873534
0.79375 0.871419
0.794444 0.869234
0.795139 0.866978
0.795833 0.864652
0.796528 0.862255
0.797222 0.859788
0.797917 0.857251
0.798611 0.854642
0.799306 0.851965
0.8 0.849217
0.800694 0.846398
0.801389 0.84351
0.802083 0.840553
0.802778 0.837525
0.803472 0.834428
0.804167 0.831262
0.804861 0.828026
0.805556 0.824721
0.80625 0.821347
0.806944 0.817903
0.807639 0.814392
0.808333 0.810811
0.809028 0.807163
0.809722 0.803445
0.810417 0.79966
0.811111 0.795807
0.811806 0.791885
0.8125 0.787897
0.813194 0.783841
0.813889 0.779718
0.814583 0.775529
0.815278 0.771272
0.815972 0.766949
0.816667 0.76256
0.817361 0.758105
0.818056 0.753585
0.81875 0.748998
0.819444 0.744347
0.820139 0.739631
0.820833 0.734849
0.821528 0.730004
0.822222 0.725095
0.822917 0.720121
0.823611 0.715084
0.824306 0.709984
0.825 0.704821
0.825694 0.699596
0.826389 0.694308
0.827083 0.688959
0.827778 0.683548
0.828472 0.678075
0.829167 0.672543
0.829861 0.666948
0.830556 0.661295
0.83125 0.655582
0.831944 0.649808
0.832639 0.643977
0.833333 0.638086
0.834028 0.632138
0.834722 0.626132
0.835417 0.620068
0.836111 0.613948
0.836806 0.607771
0.8375 0.601539
0.838194 0.59525
0.838889 0.588907
0.839583 0.582509
0.840278 0.576057
0.840972 0.569551
0.841667 0.562992
0.842361 0.556381
0.843056 0.549716
0.84375 0.543001
0.844444 0.536234
0.845139 0.529418
0.845833 0.522551
0.846528 0.515634
0.847222 0.508669
0.847917 0.501656
0.848611 0.494595
0.849306 0.487488
0.85 0.480333
0.850694 0.473133
0.851389 0.465889
0.852083 0.458598
0.852778 0.451265
0.853472 0.44389
0.854167 0.436471
0.854861 0.429011
0.855556 0.421511
0.85625 0.413971
0.856944 0.406391
0.857639 0.398774
0.858333 0.39112
0.859028 0.383429
0.859722 0.375703
0.860417 0.367943
0.861111 0.360148
0.861806 0.352322
0.8625 0.344466
0.863194 0.336578
0.863889 0.328662
0.864583 0.32072
0.865278 0.312752
0.865972 0.304761
0.866667 0.296747
0.867361 0.288712
0.868056 0.280659
0.86875 0.272589
0.869444 0.264506
0.870139 0.256411
0.870833 0.248308
0.871528 0.240201
0.872222 0.232088
0.872917 0.223979
0.873611 0.215879
0.874306 0.207786
0.875 0.199713
0.875694 0.191664
0.876389 0.183647
0.877083 0.17567
0.877778 0.167746
0.878472 0.159885
0.879167 0.152103
0.879861 0.144418
0.880556 0.136854
0.88125 0.129428
0.881944 0.122181
0.882639 0.115154
0.883333 0.10838
0.884028 0.101933
0.884722 0.0958814
0.885417 0.0902965
0.886111 0.0852945
0.886806 0.0809826
0.8875 0.0774824
0.888194 0.0749139
0.888889 0.073381
0.889583 0.0729547
0.890278 0.0736594
0.890972 0.0754684
0.891667 0.0783147
0.892361 0.082077
0.893056 0.0866576
0.89375 0.0919355
0.894444 0.0977856
0.895139 0.104129
0.895833 0.110877
0.896528 0.117961
0.897222 0.125326
0.897917 0.132927
0.898611 0.140724
0.899306 0.148688
0.9 0.156793
0.900694 0.165019
0.901389 0.173348
0.902083 0.181765
0.902778 0.190262
0.903472 0.198819
0.904167 0.207436
0.904861 0.216105
0.905556 0.224812
0.90625 0.233559
0.906944 0.242339
0.907639 0.251146
0.908333 0.259976
0.909028 0.268827
0.909722 0.277695
0.910417 0.286576
0.911111 0.295469
0.911806 0.304373
0.9125 0.313279
0.913194 0.322192
0.913889 0.331109
0.914583 0.340024
0.915278 0.348939
0.915972 0.357854
0.916667 0.366761
0.917361 0.375664
0.918056 0.384561
0.91875 0.393449
0.919444 0.402328
0.920139 0.411196
0.920833 0.420052
0.921528 0.428895
0.922222 0.437724
0.922917 0.446538
0.923611 0.455334
0.924306 0.464114
0.925 0.472876
0.925694 0.481617
0.926389 0.490339
0.927083 0.499039
0.927778 0.507717
0.928472 0.516373
0.929167 0.525004
0.929861 0.53361
0.930556 0.542191
0.93125 0.550744
0.931944 0.559271
0.932639 0.567769
0.933333 0.576238
0.934028 0.584677
0.934722 0.593084
0.935417 0.60146
0.936111 0.609805
0.936806 0.618115
0.9375 0.626391
0.938194 0.634633
0.938889 0.642839
0.939583 0.651009
0.940278 0.659142
0.940972 0.667237
0.941667 0.675293
0.942361 0.68331
0.943056 0.691288
0.94375 0.699223
0.944444 0.707118
0.945139 0.71497
0.945833 0.722779
0.946528 0.730544
0.947222 0.738266
0.947917 0.745941
0.948611 0.753571
0.949306 0.761154
0.95 0.768691
0.950694 0.776179
0.951389 0.783619
0.952083 0.791009
0.952778 0.79835
0.953472 0.80564
0.954167 0.812879
0.954861 0.820065
0.955556 0.827199
0.95625 0.83428
0.956944 0.841306
0.957639 0.848279
0.958333 0.855196
0.959028 0.862058
0.959722 0.868863
0.960417 0.875611
0.961111 0.882301
0.961806 0.888933
0.9625 0.895506
0.963194 0.90202
0.963889 0.908474
0.964583 0.914867
0.965278 0.921199
0.965972 0.927468
0.966667 0.933675
0.967361 0.93982
0.968056 0.9459
0.96875 0.951917
0.969444 0.957869
0.970139 0.963756
0.970833 0.969577
0.971528 0.975331
0.972222 0.981019
0.972917 0.986639
0.973611 0.992191
0.974306 0.997676
0.975 1.00309
0.975694 1.00844
0.976389 1.01371
0.977083 1.01892
0.977778 1.02405
0.978472 1.02911
0.979167 1.0341
0.979861 1.03902
0.980556 1.04386
0.98125 1.04864
0.981944 1.05333
0.982639 1.05796
0.983333 1.06251
0.984028 1.06698
0.984722 1.07138
0.985417 1.0757
0.986111 1.07994
0.986806 1.08411
0.9875 1.0882
0.988194 1.09221
0.988889 1.09615
0.989583 1.10001
0.990278 1.10378
0.990972 1.10748
0.991667 1.1111
0.992361 1.11464
0.993056 1.11809
0.99375 1.12147
0.994444 1.12477
0.995139 1.12798
0.995833 1.13111
0.996528 1.13416
0.997222 1.13713
0.997917 1.14001
0.998611 1.14281
0.999306 1.14553
1 1.14816
1.00069 1.15071
1.00139 1.15318
1.00208 1.15556
1.00278 1.15785
1.00347 1.16006
1.00417 1.16219
1.00486 1.16423
1.00556 1.16618
1.00625 1.16804
1.00694 1.16982
1.00764 1.17152
1.00833 1.17312
1.00903 1.17464
1.00972 1.17607
1.01042 1.17742
1.01111 1.17867
1.01181 1.17984
1.0125 1.18092
1.01319 1.18191
1.01389 1.18281
1.01458 1.18363
1.01528 1.18435
1.01597 1.18499
1.01667 1.18553
1.01736 1.18599
1.01806 1.18636
1.01875 1.18664
1.01944 1.18683
1.02014 1.18692
1.02083 1.18693
1.02153 1.18685
1.02222 1.18668
1.02292 1.18642
1.02361 1.18607
1.02431 1.18562
1.025 1.18509
1.02569 1.18447
1.02639 1.18376
1.02708 1.18295
1.02778 1.18206
1.02847 1.18107
1.02917 1.18
1.02986 1.17883
1.03056 1.17757
1.03125 1.17623
1.03194 1.17479
1.03264 1.17326
1.03333 1.17164
1.03403 1.16993
1.03472 1.16813
1.03542 1.16624
1.03611 1.16426
1.03681 1.16219
1.0375 1.16002
1.03819 1.15777
1.03889 1.15543
1.03958 1.153
1.04028 1.15048
1.04097 1.14787
1.04167 1.14517
1.04236 1.14237
1.04306 1.13949
1.04375 1.13653
1.04444 1.13347
1.04514 1.13032
1.04583 1.12708
1.04653 1.12376
1.04722 1.12034
1.04792 1.11684
1.04861 1.11325
1.04931 1.10958
1.05 1.10581
1.05069 1.10196
1.05139 1.09802
1.05208 1.09399
1.05278 1.08987
1.05347 1.08567
1.05417 1.08139
1.05486 1.07701
1.05556 1.07255
1.05625 1.06801
1.05694 1.06338
1.05764 1.05867
1.05833 1.05387
1.05903 1.04898
1.05972 1.04401
1.06042 1.03896
1.06111 1.03383
1.06181 1.02861
1.0625 1.02331
1.06319 1.01793
1.06389 1.01246
1.06458 1.00691
1.06528 1.00128
1.06597 0.995576
1.06667 0.989786
1.06736 0.983916
1.06806 0.977967
1.06875 0.971937
1.06944 0.965829
1.07014 0.959643
1.07083 0.953378
1.07153 0.947036
1.07222 0.940617
1.07292 0.93412
1.07361 0.927548
1.07431 0.920901
1.075 0.914178
1.07569 0.90738
1.07639 0.900508
1.07708 0.893562
1.07778 0.886544
1.07847 0.879452
1.07917 0.87229
1.07986 0.865054
1.08056 0.857748
1.08125 0.850372
1.08194 0.842925
1.08264 0.835409
1.08333 0.827826
1.08403 0.820174
1.08472 0.812455
1.08542 0.804669
1.08611 0.796817
1.08681 0.7889
1.0875 0.780918
1.08819 0.772872
1.08889 0.764763
1.08958 0.756591
1.09028 0.748359
1.09097 0.740063
1.09167 0.731708
1.09236 0.723295
1.09306 0.714821
1.09375 0.70629
1.09444 0.697703
1.09514 0.689059
1.09583 0.68036
1.09653 0.671607
1.09722 0.662801
1.09792 0.653942
1.09861 0.645031
1.09931 0.636072
1.1 0.62706
1.10069 0.618002
1.10139 0.608898
1.10208 0.599745
1.10278 0.590549
1.10347 0.58131
1.10417 0.572027
1.10486 0.562704
1.10556 0.553342
1.10625 0.543942
1.10694 0.534505
1.10764 0.525033
1.10833 0.515528
1.10903 0.505992
1.10972 0.496426
1.11042 0.486834
1.11111 0.477212
1.11181 0.46757
1.1125 0.457908
1.11319 0.448223
1.11389 0.438524
1.11458 0.428813
1.11528 0.419091
1.11597 0.409362
1.11667 0.399631
1.11736 0.389899
1.11806 0.380172
1.11875 0.370455
1.11944 0.360751
1.12014 0.351067
1.12083 0.341408
1.12153 0.331783
1.12222 0.322192
1.12292 0.312651
1.12361 0.303168
1.12431 0.293745
1.125 0.284403
1.12569 0.27515
1.12639 0.266
1.12708 0.256969
1.12778 0.248075
1.12847 0.239337
1.12917 0.230778
1.12986 0.222424
1.13056 0.214307
1.13125 0.206446
1.13194 0.198893
1.13264 0.191687
1.13333 0.184857
1.13403 0.178471
1.13472 0.172579
1.13542 0.167223
1.13611 0.162479
1.13681 0.158399
1.1375 0.155041
1.13819 0.152456
1.13889 0.150687
1.13958 0.149769
1.14028 0.14972
1.14097 0.150544
1.14167 0.152236
1.14236 0.154751
1.14306 0.158073
1.14375 0.162153
1.14444 0.166918
1.14514 0.172333
1.14583 0.178334
1.14653 0.184864
1.14722 0.191869
1.14792 0.199301
1.14861 0.207114
1.14931 0.215266
1.15 0.223721
1.15069 0.232445
1.15139 0.241408
1.15208 0.250585
1.15278 0.259955
1.15347 0.269486
1.15417 0.279174
1.15486 0.289
1.15556 0.298939
1.15625 0.30899
1.15694 0.319137
1.15764 0.32937
1.15833 0.33968
1.15903 0.350059
1.15972 0.360499
1.16042 0.370992
1.16111 0.381534
1.16181 0.39212
1.1625 0.402739
1.16319 0.413392
1.16389 0.424076
1.16458 0.434779
1.16528 0.445506
1.16597 0.456251
1.16667 0.467005
1.16736 0.477772
1.16806 0.488547
1.16875 0.499327
1.16944 0.51011
1.17014 0.520892
1.17083 0.531673
1.17153 0.542449
1.17222 0.553219
1.17292 0.563983
1.17361 0.574732
1.17431 0.585471
1.175 0.596199
1.17569 0.606907
1.17639 0.617601
1.17708 0.628275
1.17778 0.63893
1.17847 0.649564
1.17917 0.660174
1.17986 0.67076
1.18056 0.68132
1.18125 0.691853
1.18194 0.702358
1.18264 0.712834
1.18333 0.723278
1.18403 0.733692
1.18472 0.744069
1.18542 0.754414
1.18611 0.764725
1.18681 0.774996
1.1875 0.785231
1.18819 0.795427
1.18889 0.805583
1.18958 0.815699
1.19028 0.825772
1.19097 0.835802
1.19167 0.845788
1.19236 0.855729
1.19306 0.865625
1.19375 0.875471
1.19444 0.885271
1.19514 0.895023
1.19583 0.904722
1.19653 0.914372
1.19722 0.923971
1.19792 0.933515
1.19861 0.943007
1.19931 0.952444
1.2 0.961825
1.20069 0.97115
1.20139 0.980418
1.20208 0.989628
1.20278 0.998779
1.20347 1.00787
1.20417 1.0169
1.20486 1.02587
1.20556 1.03477
1.20625 1.04362
1.20694 1.0524
1.20764 1.06111
1.20833 1.06976
1.20903 1.07834
1.20972 1.08685
1.21042 1.0953
1.21111 1.10368
1.21181 1.11199
1.2125 1.12022
1.21319 1.12839
1.21389 1.13648
1.21458 1.14451
1.21528 1.15245
1.21597 1.16033
1.21667 1.16813
1.21736 1.17585
1.21806 1.1835
1.21875 1.19107
1.21944 1.19856
1.22014 1.20597
1.22083 1.2133
1.22153 1.22056
1.22222 1.22773
1.22292 1.23482
1.22361 1.24184
1.22431 1.24876
1.225 1.25561
1.22569 1.26237
1.22639 1.26904
1.22708 1.27563
1.22778 1.28214
1.22847 1.28856
1.22917 1.29489
1.22986 1.30113
1.23056 1.30729
1.23125 1.31335
1.23194 1.31933
1.23264 1.32522
1.23333 1.33101
1.23403 1.33672
1.23472 1.34233
1.23542 1.34785
1.23611 1.35328
1.23681 1.35861
1.2375 1.36385
1.23819 1.369
1.23889 1.37405
1.23958 1.379
1.24028 1.38386
1.24097 1.38862
1.24167 1.39328
1.24236 1.39785
1.24306 1.40232
1.24375 1.40669
1.24444 1.41096
1.24514 1.41513
1.24583 1.4192
1.24653 1.42318
1.24722 1.42705
1.24792 1.43082
1.24861 1.43448
1.24931 1.43805
1.25 1.44151
1.25069 1.44487
1.25139 1.44813
1.25208 1.45128
1.25278 1.45433
1.25347 1.45727
1.25417 1.46011
1.25486 1.46285
1.25556 1.46548
1.25625 1.468
1.25694 1.47041
1.25764 1.47272
1.25833 1.47493
1.25903 1.47702
1.25972 1.47901
1.26042 1.48089
1.26111 1.48267
1.26181 1.48433
1.2625 1.48589
1.26319 1.48734
1.26389 1.48867
1.26458 1.4899
1.26528 1.49102
1.26597 1.49203
1.26667 1.49293
1.26736 1.49372
1.26806 1.4944
1.26875 1.49497
1.26944 1.49543
1.27014 1.49578
1.27083 1.49601
1.27153 1.49614
1.27222 1.49615
1.27292 1.49606
1.27361 1.49585
1.27431 1.49553
1.275 1.4951
1.27569 1.49455
1.27639 1.4939
1.27708 1.49313
1.27778 1.49225
1.27847 1.49126
1.27917 1.49015
1.27986 1.48893
1.28056 1.4876
1.28125 1.48616
1.28194 1.48461
1.28264 1.48294
1.28333 1.48116
1.28403 1.47927
1.28472 1.47727
1.28542 1.47515
1.28611 1.47293
1.28681 1.47059
1.2875 1.46814
1.28819 1.46557
1.28889 1.4629
1.28958 1.46011
1.29028 1.45721
1.29097 1.4542
1.29167 1.45107
1.29236 1.44784
1.29306 1.44449
1.29375 1.44103
1.29444 1.43747
1.29514 1.43379
1.29583 1.43
1.29653 1.4261
1.29722 1.42209
1.29792 1.41797
1.29861 1.41374
1.29931 1.4094
1.3 1.40495
1.30069 1.40039
1.30139 1.39572
1.30208 1.39095
1.30278 1.38606
1.30347 1.38107
1.30417 1.37597
1.30486 1.37076
1.30556 1.36545
1.30625 1.36002
1.30694 1.35449
1.30764 1.34886
1.30833 1.34312
1.30903 1.33727
1.30972 1.33132
1.31042 1.32527
1.31111 1.31911
1.31181 1.31284
1.3125 1.30648
1.31319 1.30001
1.31389 1.29343
1.31458 1.28676
1.31528 1.27998
1.31597 1.2731
1.31667 1.26612
1.31736 1.25905
1.31806 1.25187
1.31875 1.24459
1.31944 1.23721
1.32014 1.22974
1.32083 1.22216
1.32153 1.2145
1.32222 1.20673
1.32292 1.19887
1.32361 1.19091
1.32431 1.18286
1.325 1.17471
1.32569 1.16647
1.32639 1.15814
1.32708 1.14972
1.32778 1.1412
1.32847 1.1326
1.32917 1.1239
1.32986 1.11512
1.33056 1.10624
1.33125 1.09728
1.33194 1.08823
1.33264 1.0791
1.33333 1.06988
1.33403 1.06057
1.33472 1.05118
1.33542 1.04171
1.33611 1.03216
1.33681 1.02252
1.3375 1.01281
1.33819 1.00301
1.33889 0.993138
1.33958 0.983187
1.34028 0.973161
1.34097 0.963055
1.34167 0.952877
1.34236 0.942627
1.34306 0.932301
1.34375 0.921905
1.34444 0.911439
1.34514 0.900904
1.34583 0.890301
1.34653 0.879631
1.34722 0.868896
1.34792 0.858097
1.34861 0.847234
1.34931 0.836311
1.35 0.825325
1.35069 0.814282
1.35139 0.803183
1.35208 0.792024
1.35278 0.780814
1.35347 0.769552
1.35417 0.758236
1.35486 0.746873
1.35556 0.735462
1.35625 0.724006
1.35694 0.712507
1.35764 0.700966
1.35833 0.689386
1.35903 0.677769
1.35972 0.666118
1.36042 0.654436
1.36111 0.642721
1.36181 0.630981
1.3625 0.619219
1.36319 0.607432
1.36389 0.59563
1.36458 0.583815
1.36528 0.571988
1.36597 0.560156
1.36667 0.548321
1.36736 0.536489
1.36806 0.524664
1.36875 0.512852
1.36944 0.501057
1.37014 0.489287
1.37083 0.477548
1.37153 0.465849
1.37222 0.454189
1.37292 0.442588
1.37361 0.431053
1.37431 0.419584
1.375 0.408205
1.37569 0.396923
1.37639 0.385751
1.37708 0.374705
1.37778 0.363802
1.37847 0.353058
1.37917 0.342495
1.37986 0.332135
1.38056 0.322007
1.38125 0.312123
1.38194 0.30253
1.38264 0.293259
1.38333 0.284331
1.38403 0.275801
1.38472 0.267712
1.38542 0.260092
1.38611 0.253008
1.38681 0.246503
1.3875 0.240628
1.38819 0.235435
