0 0
0.000694444 0.000739351
0.00138889 0.00147733
0.00208333 0.00221392
0.00277778 0.00294909
0.00347222 0.00368282
0.00416667 0.00441509
0.00486111 0.00514588
0.00555556 0.00587617
0.00625 0.00660258
0.00694444 0.00732881
0.00763889 0.00805447
0.00833333 0.00877622
0.00902778 0.00949772
0.00972222 0.0102186
0.0104167 0.0109355
0.0111111 0.0116521
0.0118056 0.012367
0.0125 0.0130802
0.0131944 0.0137918
0.0138889 0.0145016
0.0145833 0.0152096
0.0152778 0.015916
0.0159722 0.0166205
0.0166667 0.0173242
0.0173611 0.0180239
0.0180556 0.0187231
0.01875 0.0194214
0.0194444 0.0201156
0.0201389 0.0208093
0.0208333 0.0215011
0.0215278 0.022191
0.0222222 0.0228791
0.0229167 0.0235652
0.0236111 0.0242495
0.0243056 0.0249318
0.025 0.0256122
0.0256944 0.0262907
0.0263889 0.0269672
0.0270833 0.0276418
0.0277778 0.0283153
0.0284722 0.0289846
0.0291667 0.0296533
0.0298611 0.030321
0.0305556 0.0309843
0.03125 0.0316469
0.0319444 0.0323076
0.0326389 0.0329663
0.0333333 0.0336229
0.0340278 0.0342776
0.0347222 0.0349302
0.0354167 0.0355808
0.0361111 0.0362294
0.0368056 0.036877
0.0375 0.03752
0.0381944 0.0381624
0.0388889 0.038804
0.0395833 0.0394408
0.0402778 0.0400772
0.0409722 0.0407126
0.0416667 0.0413433
0.0423611 0.0419735
0.0430556 0.0426017
0.04375 0.0432279
0.0444444 0.043852
0.0451389 0.0444741
0.0458333 0.0450941
0.0465278 0.0457121
0.0472222 0.0463281
0.0479167 0.0469434
0.0486111 0.0475536
0.0493056 0.0481635
0.05 0.0487728
0.0506944 0.0493769
0.0513889 0.0499808
0.0520833 0.0505827
0.0527778 0.0511827
0.0534722 0.0517806
0.0541667 0.0523766
0.0548611 0.0529706
0.0555556 0.0535627
0.05625 0.0541528
0.0569444 0.0547409
0.0576389 0.0553271
0.0583333 0.0559113
0.0590278 0.0564953
0.0597222 0.0570734
0.0604167 0.0576519
0.0611111 0.0582301
0.0618056 0.0588024
0.0625 0.0593752
0.0631944 0.059946
0.0638889 0.060515
0.0645833 0.0610821
0.0652778 0.0616473
0.0659722 0.0622106
0.0666667 0.0627721
0.0673611 0.0633318
0.0680556 0.0638916
0.06875 0.0644448
0.0694444 0.0649989
0.0701389 0.0655533
0.0708333 0.0661009
0.0715278 0.0666496
0.0722222 0.0671985
0.0729167 0.0677406
0.0736111 0.0682838
0.0743056 0.0688252
0.075 0.0693648
0.0756944 0.0699026
0.0763889 0.0704385
0.0770833 0.0709727
0.0777778 0.0715051
0.0784722 0.0720357
0.0791667 0.072567
0.0798611 0.0730906
0.0805556 0.0736158
0.08125 0.0741417
0.0819444 0.0746598
0.0826389 0.0751796
0.0833333 0.0756975
0.0840278 0.0762137
0.0847222 0.0767279
0.0854167 0.0772404
0.0861111 0.077751
0.0868056 0.0782598
0.0875 0.0787667
0.0881944 0.0792717
0.0888889 0.0797748
0.0895833 0.0802761
0.0902778 0.0807783
0.0909722 0.0812717
0.0916667 0.0817672
0.0923611 0.0822637
0.0930556 0.082751
0.09375 0.0832406
0.0944444 0.0837281
0.0951389 0.0842136
0.0958333 0.084697
0.0965278 0.0851784
0.0972222 0.0856577
0.0979167 0.0861348
0.0986111 0.0866099
0.0993056 0.0870861
0.1 0.0875521
0.100694 0.0880206
0.101389 0.0884902
0.102083 0.0889494
0.102778 0.089411
0.103472 0.0898738
0.104167 0.0903259
0.104861 0.0907804
0.105556 0.0912325
0.10625 0.0916821
0.106944 0.0921292
0.107639 0.0925738
0.108333 0.0930159
0.109028 0.0934554
0.109722 0.0938922
0.110417 0.0943303
0.111111 0.0947565
0.111806 0.0951853
0.1125 0.0956153
0.113194 0.096033
0.113889 0.0964534
0.114583 0.0968709
0.115278 0.0972855
0.115972 0.0976972
0.116667 0.0981059
0.117361 0.0985116
0.118056 0.0989143
0.11875 0.099314
0.119444 0.0997105
0.120139 0.100104
0.120833 0.100494
0.121528 0.100886
0.122222 0.101264
0.122917 0.101644
0.123611 0.102026
0.124306 0.102394
0.125 0.102765
0.125694 0.103133
0.126389 0.103497
0.127083 0.103858
0.127778 0.104216
0.128472 0.10457
0.129167 0.104921
0.129861 0.105269
0.130556 0.105618
0.13125 0.105952
0.131944 0.10629
0.132639 0.106629
0.133333 0.106954
0.134028 0.107282
0.134722 0.107611
0.135417 0.107926
0.136111 0.108245
0.136806 0.10856
0.1375 0.108872
0.138194 0.109181
0.138889 0.109487
0.139583 0.109791
0.140278 0.110091
0.140972 0.110389
0.141667 0.110689
0.142361 0.110975
0.143056 0.111266
0.14375 0.111559
0.144444 0.111838
0.145139 0.112122
0.145833 0.112403
0.146528 0.112683
0.147222 0.112962
0.147917 0.113239
0.148611 0.113515
0.149306 0.113789
0.15 0.114063
0.150694 0.114336
0.151389 0.114609
0.152083 0.114881
0.152778 0.115158
0.153472 0.115424
0.154167 0.115697
0.154861 0.115976
0.155556 0.116244
0.15625 0.11652
0.156944 0.116798
0.157639 0.117078
0.158333 0.117361
0.159028 0.117646
0.159722 0.117934
0.160417 0.118226
0.161111 0.118521
0.161806 0.118826
0.1625 0.119124
0.163194 0.119433
0.163889 0.119753
0.164583 0.120068
0.165278 0.120396
0.165972 0.120735
0.166667 0.121071
0.167361 0.121421
0.168056 0.12178
0.16875 0.122148
0.169444 0.122526
0.170139 0.122914
0.170833 0.123312
0.171528 0.123723
0.172222 0.124145
0.172917 0.124584
0.173611 0.125026
0.174306 0.125488
0.175 0.125968
0.175694 0.126454
0.176389 0.126962
0.177083 0.127486
0.177778 0.128027
0.178472 0.128586
0.179167 0.129164
0.179861 0.129761
0.180556 0.130377
0.18125 0.131015
0.181944 0.131673
0.182639 0.132354
0.183333 0.133057
0.184028 0.133787
0.184722 0.134533
0.185417 0.135309
0.186111 0.136112
0.186806 0.136935
0.1875 0.137789
0.188194 0.138669
0.188889 0.139578
0.189583 0.140515
0.190278 0.141482
0.190972 0.142478
0.191667 0.143504
0.192361 0.144562
0.193056 0.145653
0.19375 0.146771
0.194444 0.147924
0.195139 0.149113
0.195833 0.15033
0.196528 0.151584
0.197222 0.152874
0.197917 0.154195
0.198611 0.155553
0.199306 0.156947
0.2 0.158377
0.200694 0.159843
0.201389 0.161346
0.202083 0.162885
0.202778 0.164462
0.203472 0.166076
0.204167 0.167729
0.204861 0.169417
0.205556 0.171145
0.20625 0.172911
0.206944 0.174714
0.207639 0.176557
0.208333 0.178438
0.209028 0.180357
0.209722 0.182315
0.210417 0.184312
0.211111 0.186348
0.211806 0.188422
0.2125 0.190535
0.213194 0.192687
0.213889 0.194877
0.214583 0.197105
0.215278 0.199372
0.215972 0.201678
0.216667 0.204022
0.217361 0.206403
0.218056 0.208824
0.21875 0.211282
0.219444 0.213777
0.220139 0.21631
0.220833 0.21888
0.221528 0.221486
0.222222 0.22413
0.222917 0.22681
0.223611 0.229527
0.224306 0.232278
0.225 0.235069
0.225694 0.237893
0.226389 0.24075
0.227083 0.243647
0.227778 0.246576
0.228472 0.249537
0.229167 0.252537
0.229861 0.255568
0.230556 0.258632
0.23125 0.261729
0.231944 0.264859
0.232639 0.268021
0.233333 0.271216
0.234028 0.274442
0.234722 0.277699
0.235417 0.280984
0.236111 0.284306
0.236806 0.287654
0.2375 0.29103
0.238194 0.294441
0.238889 0.297877
0.239583 0.301342
0.240278 0.304835
0.240972 0.308355
0.241667 0.311903
0.242361 0.315478
0.243056 0.319078
0.24375 0.322705
0.244444 0.326357
0.245139 0.330035
0.245833 0.333736
0.246528 0.337459
0.247222 0.341213
0.247917 0.344986
0.248611 0.348779
0.249306 0.352601
0.25 0.356441
0.250694 0.360302
0.251389 0.364184
0.252083 0.368087
0.252778 0.372009
0.253472 0.375951
0.254167 0.379912
0.254861 0.383892
0.255556 0.387885
0.25625 0.391905
0.256944 0.395937
0.257639 0.399982
0.258333 0.404052
0.259028 0.408132
0.259722 0.412223
0.260417 0.416338
0.261111 0.420461
0.261806 0.424598
0.2625 0.428748
0.263194 0.432911
0.263889 0.437085
0.264583 0.441271
0.265278 0.445468
0.265972 0.449675
0.266667 0.453888
0.267361 0.45812
0.268056 0.462355
0.26875 0.466595
0.269444 0.470852
0.270139 0.475111
0.270833 0.479376
0.271528 0.483648
0.272222 0.487925
0.272917 0.492207
0.273611 0.496494
0.274306 0.500785
0.275 0.50508
0.275694 0.509378
0.276389 0.513678
0.277083 0.51798
0.277778 0.522279
0.278472 0.52659
0.279167 0.530895
0.279861 0.535195
0.280556 0.539506
0.28125 0.543809
0.281944 0.54811
0.282639 0.552409
0.283333 0.556705
0.284028 0.560998
0.284722 0.565287
0.285417 0.569571
0.286111 0.573851
0.286806 0.57812
0.2875 0.582395
0.288194 0.586657
0.288889 0.590907
0.289583 0.595161
0.290278 0.5994
0.290972 0.603626
0.291667 0.607855
0.292361 0.612067
0.293056 0.616269
0.29375 0.62046
0.294444 0.624641
0.295139 0.62881
0.295833 0.632967
0.296528 0.637111
0.297222 0.641242
0.297917 0.645354
0.298611 0.649465
0.299306 0.653554
0.3 0.657623
0.300694 0.661688
0.301389 0.665731
0.302083 0.669757
0.302778 0.673766
0.303472 0.677758
0.304167 0.681732
0.304861 0.685687
0.305556 0.689624
0.30625 0.693542
0.306944 0.69744
0.307639 0.701318
0.308333 0.705175
0.309028 0.709006
0.309722 0.712828
0.310417 0.716621
0.311111 0.720387
0.311806 0.724142
0.3125 0.727867
0.313194 0.731569
0.313889 0.735247
0.314583 0.7389
0.315278 0.742529
0.315972 0.746132
0.316667 0.74971
0.317361 0.753263
0.318056 0.756783
0.31875 0.76029
0.319444 0.763763
0.320139 0.767203
0.320833 0.770628
0.321528 0.774017
0.322222 0.777373
0.322917 0.780713
0.323611 0.784017
0.324306 0.787291
0.325 0.790535
0.325694 0.79375
0.326389 0.796934
0.327083 0.800088
0.327778 0.803211
0.328472 0.806303
0.329167 0.809358
0.329861 0.812394
0.330556 0.815391
0.33125 0.81835
0.331944 0.821289
0.332639 0.824189
0.333333 0.827055
0.334028 0.829888
0.334722 0.832688
0.335417 0.835454
0.336111 0.838186
0.336806 0.840884
0.3375 0.843548
0.338194 0.846178
0.338889 0.848772
0.339583 0.851332
0.340278 0.853852
0.340972 0.856349
0.341667 0.858804
0.342361 0.861217
0.343056 0.863608
0.34375 0.865956
0.344444 0.868268
0.345139 0.870544
0.345833 0.872783
0.346528 0.874987
0.347222 0.877154
0.347917 0.879284
0.348611 0.881378
0.349306 0.88343
0.35 0.885459
0.350694 0.887443
0.351389 0.889384
0.352083 0.891303
0.352778 0.893176
0.353472 0.895007
0.354167 0.896815
0.354861 0.898577
0.355556 0.900303
0.35625 0.901991
0.356944 0.903643
0.357639 0.905258
0.358333 0.906835
0.359028 0.908376
0.359722 0.90988
0.360417 0.911341
0.361111 0.912778
0.361806 0.914171
0.3625 0.915522
0.363194 0.916849
0.363889 0.918132
0.364583 0.919379
0.365278 0.920589
0.365972 0.921762
0.366667 0.922899
0.367361 0.924
0.368056 0.925065
0.36875 0.926094
0.369444 0.927087
0.370139 0.928044
0.370833 0.928966
0.371528 0.929846
0.372222 0.930705
0.372917 0.931521
0.373611 0.932296
0.374306 0.93305
0.375 0.933761
0.375694 0.934438
0.376389 0.93508
0.377083 0.935689
0.377778 0.936263
0.378472 0.936804
0.379167 0.937312
0.379861 0.937786
0.380556 0.938221
0.38125 0.938637
0.381944 0.939013
0.382639 0.93935
0.383333 0.939669
0.384028 0.939948
0.384722 0.94019
0.385417 0.940414
0.386111 0.9406
0.386806 0.940754
0.3875 0.940878
0.388194 0.940971
0.388889 0.941035
0.389583 0.941068
0.390278 0.941073
0.390972 0.941048
0.391667 0.940989
0.392361 0.940915
0.393056 0.940804
0.39375 0.94066
0.394444 0.940502
0.395139 0.940309
0.395833 0.940089
0.396528 0.939843
0.397222 0.93957
0.397917 0.939271
0.398611 0.938947
0.399306 0.938597
0.4 0.938223
0.400694 0.937824
0.401389 0.937401
0.402083 0.936953
0.402778 0.936477
0.403472 0.935991
0.404167 0.935475
0.404861 0.93493
0.405556 0.934377
0.40625 0.933795
0.406944 0.933191
0.407639 0.932567
0.408333 0.931921
0.409028 0.931256
0.409722 0.930571
0.410417 0.929867
0.411111 0.929143
0.411806 0.928395
0.4125 0.927643
0.413194 0.926865
0.413889 0.926064
0.414583 0.92526
0.415278 0.924431
0.415972 0.923579
0.416667 0.922726
0.417361 0.92185
0.418056 0.920958
0.41875 0.920052
0.419444 0.919131
0.420139 0.918197
0.420833 0.917249
0.421528 0.916288
0.422222 0.915315
0.422917 0.914323
0.423611 0.913333
0.424306 0.912324
0.425 0.911298
0.425694 0.910275
0.426389 0.909234
0.427083 0.908183
0.427778 0.907122
0.428472 0.906053
0.429167 0.904974
0.429861 0.903888
0.430556 0.902793
0.43125 0.901691
0.431944 0.900582
0.432639 0.899465
0.433333 0.898343
0.434028 0.897209
0.434722 0.896082
0.435417 0.894943
0.436111 0.893793
0.436806 0.892652
0.4375 0.891499
0.438194 0.890342
0.438889 0.889182
0.439583 0.888019
0.440278 0.886853
0.440972 0.885685
0.441667 0.884514
0.442361 0.883342
0.443056 0.882163
0.44375 0.880997
0.444444 0.879822
0.445139 0.878641
0.445833 0.877474
0.446528 0.876299
0.447222 0.875119
0.447917 0.873954
0.448611 0.872782
0.449306 0.871612
0.45 0.870443
0.450694 0.869277
0.451389 0.868114
0.452083 0.866953
0.452778 0.865795
0.453472 0.864641
0.454167 0.863485
0.454861 0.862346
0.455556 0.861204
0.45625 0.86006
0.456944 0.858934
0.457639 0.857806
0.458333 0.856683
0.459028 0.855566
0.459722 0.854454
0.460417 0.853348
0.461111 0.852248
0.461806 0.851155
0.4625 0.850068
0.463194 0.848988
0.463889 0.847915
0.464583 0.84685
0.465278 0.845786
0.465972 0.844743
0.466667 0.8437
0.467361 0.842659
0.468056 0.841641
0.46875 0.840622
0.469444 0.839612
0.470139 0.838611
0.470833 0.837619
0.471528 0.836635
0.472222 0.83566
0.472917 0.834695
0.473611 0.833739
0.474306 0.832787
0.475 0.831857
0.475694 0.83093
0.476389 0.830006
0.477083 0.829106
0.477778 0.828209
0.478472 0.827315
0.479167 0.826445
0.479861 0.825577
0.480556 0.82472
0.48125 0.823872
0.481944 0.823035
0.482639 0.822209
0.483333 0.821393
0.484028 0.820587
0.484722 0.819792
0.485417 0.819001
0.486111 0.818235
0.486806 0.817471
0.4875 0.816712
0.488194 0.815978
0.488889 0.815246
0.489583 0.814524
0.490278 0.813813
0.490972 0.813113
0.491667 0.812422
0.492361 0.811743
0.493056 0.811073
0.49375 0.810414
0.494444 0.809766
0.495139 0.809127
0.495833 0.808499
0.496528 0.807875
0.497222 0.807275
0.497917 0.806676
0.498611 0.806082
0.499306 0.805512
0.5 0.804943
0.500694 0.804384
0.501389 0.803834
0.502083 0.803294
0.502778 0.802763
0.503472 0.802241
0.504167 0.801729
0.504861 0.801225
0.505556 0.800724
0.50625 0.800246
0.506944 0.799769
0.507639 0.799294
0.508333 0.798841
0.509028 0.798389
0.509722 0.797938
0.510417 0.79751
0.511111 0.797081
0.511806 0.796659
0.5125 0.796246
0.513194 0.795839
0.513889 0.795439
0.514583 0.795047
0.515278 0.794661
0.515972 0.794282
0.516667 0.793903
0.517361 0.793545
0.518056 0.793184
0.51875 0.792824
0.519444 0.792483
0.520139 0.79214
0.520833 0.791802
0.521528 0.791469
0.522222 0.791141
0.522917 0.790818
0.523611 0.790499
0.524306 0.790185
0.525 0.789875
0.525694 0.789569
0.526389 0.789266
0.527083 0.788968
0.527778 0.788667
0.528472 0.788382
0.529167 0.788093
0.529861 0.787801
0.530556 0.787525
0.53125 0.787244
0.531944 0.786965
0.532639 0.786688
0.533333 0.786412
0.534028 0.786138
0.534722 0.785866
0.535417 0.785594
0.536111 0.785324
0.536806 0.785049
0.5375 0.784787
0.538194 0.784519
0.538889 0.784244
0.539583 0.783984
0.540278 0.783715
0.540972 0.78344
0.541667 0.783178
0.542361 0.782907
0.543056 0.782636
0.54375 0.782363
0.544444 0.782089
0.545139 0.781813
0.545833 0.781535
0.546528 0.781256
0.547222 0.780974
0.547917 0.780684
0.548611 0.780406
0.549306 0.780117
0.55 0.779819
0.550694 0.779532
0.551389 0.779234
0.552083 0.778932
0.552778 0.778627
0.553472 0.778318
0.554167 0.778006
0.554861 0.777689
0.555556 0.777368
0.55625 0.777043
0.556944 0.776713
0.557639 0.776379
0.558333 0.77604
0.559028 0.775691
0.559722 0.77535
0.560417 0.774996
0.561111 0.774631
0.561806 0.774274
0.5625 0.773904
0.563194 0.773528
0.563889 0.773147
0.564583 0.772759
0.565278 0.772366
0.565972 0.771966
0.566667 0.77156
0.567361 0.771148
0.568056 0.770724
0.56875 0.770307
0.569444 0.769875
0.570139 0.769431
0.570833 0.768994
0.571528 0.768543
0.572222 0.768079
0.572917 0.767621
0.573611 0.767149
0.574306 0.766669
0.575 0.766183
0.575694 0.765689
0.576389 0.765189
0.577083 0.764681
0.577778 0.764166
0.578472 0.763643
0.579167 0.763108
0.579861 0.762579
0.580556 0.762035
0.58125 0.761478
0.581944 0.760927
0.582639 0.760361
0.583333 0.759787
0.584028 0.759207
0.584722 0.758619
0.585417 0.758024
0.586111 0.757422
0.586806 0.756813
0.5875 0.756196
0.588194 0.755573
0.588889 0.754942
0.589583 0.754305
0.590278 0.753655
0.590972 0.753012
0.591667 0.752354
0.592361 0.751684
0.593056 0.751021
0.59375 0.750344
0.594444 0.749661
0.595139 0.748971
0.595833 0.748275
0.596528 0.747573
0.597222 0.746865
0.597917 0.746152
0.598611 0.745432
0.599306 0.744702
0.6 0.74398
0.600694 0.743245
0.601389 0.742499
0.602083 0.741762
0.602778 0.741013
0.603472 0.740253
0.604167 0.739503
0.604861 0.738741
0.605556 0.737975
0.60625 0.737205
0.606944 0.736431
0.607639 0.735655
0.608333 0.734875
0.609028 0.734093
0.609722 0.733308
0.610417 0.732515
0.611111 0.731734
0.611806 0.730943
0.6125 0.730145
0.613194 0.729359
0.613889 0.728565
0.614583 0.727769
0.615278 0.726974
0.615972 0.726178
0.616667 0.725382
0.617361 0.724587
0.618056 0.723793
0.61875 0.723
0.619444 0.722209
0.620139 0.721419
0.620833 0.720631
0.621528 0.719841
0.622222 0.719066
0.622917 0.718288
0.623611 0.717506
0.624306 0.716743
0.625 0.715976
0.625694 0.715214
0.626389 0.714457
0.627083 0.713705
0.627778 0.71296
0.628472 0.712221
0.629167 0.711488
0.629861 0.710763
0.630556 0.710039
0.63125 0.709338
0.631944 0.708636
0.632639 0.707938
0.633333 0.707234
0.634028 0.706561
0.634722 0.705892
0.635417 0.705248
0.636111 0.704608
0.636806 0.703978
0.6375 0.703361
0.638194 0.702757
0.638889 0.702166
0.639583 0.701588
0.640278 0.701025
0.640972 0.700476
0.641667 0.699937
0.642361 0.699427
0.643056 0.698925
0.64375 0.698434
0.644444 0.697973
0.645139 0.697523
0.645833 0.697091
0.646528 0.696677
0.647222 0.696283
0.647917 0.695909
0.648611 0.695554
0.649306 0.695221
0.65 0.694909
0.650694 0.694619
0.651389 0.694352
0.652083 0.694107
0.652778 0.69388
0.653472 0.693691
0.654167 0.693519
0.654861 0.693366
0.655556 0.693252
0.65625 0.693157
0.656944 0.693088
0.657639 0.693047
0.658333 0.693034
0.659028 0.693049
0.659722 0.693092
0.660417 0.693166
0.661111 0.693269
0.661806 0.693397
0.6625 0.693569
0.663194 0.693765
0.663889 0.693988
0.664583 0.694256
0.665278 0.69455
0.665972 0.694871
0.666667 0.69524
0.667361 0.695636
0.668056 0.696066
0.66875 0.696532
0.669444 0.697034
0.670139 0.697573
0.670833 0.698148
0.671528 0.69876
0.672222 0.699411
0.672917 0.700093
0.673611 0.700828
0.674306 0.701594
0.675 0.702394
0.675694 0.703247
0.676389 0.704133
0.677083 0.705059
0.677778 0.706026
0.678472 0.707035
0.679167 0.708085
0.679861 0.709177
0.680556 0.710312
0.68125 0.711489
0.681944 0.71271
0.682639 0.713974
0.683333 0.715281
0.684028 0.716627
0.684722 0.71803
0.685417 0.71947
0.686111 0.720949
0.686806 0.722487
0.6875 0.724062
0.688194 0.725682
0.688889 0.727348
0.689583 0.729059
0.690278 0.730817
0.690972 0.732621
0.691667 0.734471
0.692361 0.736367
0.693056 0.738304
0.69375 0.740301
0.694444 0.742337
0.695139 0.744415
0.695833 0.746552
0.696528 0.748729
0.697222 0.750947
0.697917 0.753226
0.698611 0.755544
0.699306 0.757909
0.7 0.760322
0.700694 0.762781
0.701389 0.765287
0.702083 0.767841
0.702778 0.770441
0.703472 0.773089
0.704167 0.775777
0.704861 0.778526
0.705556 0.781313
0.70625 0.784142
0.706944 0.78703
0.707639 0.789957
0.708333 0.79293
0.709028 0.795949
0.709722 0.799014
0.710417 0.802125
0.711111 0.805281
0.711806 0.808483
0.7125 0.811729
0.713194 0.815021
0.713889 0.818357
0.714583 0.821737
0.715278 0.825157
0.715972 0.828633
0.716667 0.832145
0.717361 0.835695
0.718056 0.839302
0.71875 0.842943
0.719444 0.846627
0.720139 0.850354
0.720833 0.854122
0.721528 0.857931
0.722222 0.861782
0.722917 0.865674
0.723611 0.869606
0.724306 0.873573
0.725 0.877593
0.725694 0.881645
0.726389 0.88573
0.727083 0.889867
0.727778 0.894034
0.728472 0.898234
0.729167 0.902485
0.729861 0.906764
0.730556 0.911081
0.73125 0.915433
0.731944 0.919822
0.732639 0.924245
0.733333 0.928704
0.734028 0.933196
0.734722 0.937723
0.735417 0.942278
0.736111 0.946879
0.736806 0.951504
0.7375 0.956157
0.738194 0.960854
0.738889 0.965574
0.739583 0.970325
0.740278 0.975106
0.740972 0.979916
0.741667 0.984756
0.742361 0.989624
0.743056 0.99452
0.74375 0.999444
0.744444 1.00439
0.745139 1.00937
0.745833 1.01438
0.746528 1.0194
0.747222 1.02446
0.747917 1.02954
0.748611 1.03463
0.749306 1.03976
0.75 1.04491
0.750694 1.05008
0.751389 1.05527
0.752083 1.06048
0.752778 1.06571
0.753472 1.07097
0.754167 1.07624
0.754861 1.08153
0.755556 1.08683
0.75625 1.09216
0.756944 1.09751
0.757639 1.10286
0.758333 1.10824
0.759028 1.11363
0.759722 1.11903
0.760417 1.12445
0.761111 1.12989
0.761806 1.13533
0.7625 1.14079
0.763194 1.14625
0.763889 1.15173
0.764583 1.15722
0.765278 1.16272
0.765972 1.16823
0.766667 1.17374
0.767361 1.17927
0.768056 1.1848
0.76875 1.19034
0.769444 1.19589
0.770139 1.20144
0.770833 1.20699
0.771528 1.21255
0.772222 1.21812
0.772917 1.22368
0.773611 1.22925
0.774306 1.23482
0.775 1.24039
0.775694 1.24596
0.776389 1.25153
0.777083 1.2571
0.777778 1.26267
0.778472 1.26824
0.779167 1.27381
0.779861 1.27936
0.780556 1.28493
0.78125 1.29048
0.781944 1.29603
0.782639 1.30157
0.783333 1.30711
0.784028 1.31264
0.784722 1.31816
0.785417 1.32367
0.786111 1.32918
0.786806 1.33467
0.7875 1.34016
0.788194 1.34563
0.788889 1.35109
0.789583 1.35655
0.790278 1.36199
0.790972 1.36741
0.791667 1.37283
0.792361 1.37823
0.793056 1.38361
0.79375 1.38898
0.794444 1.39433
0.795139 1.39967
0.795833 1.40498
0.796528 1.41028
0.797222 1.41557
0.797917 1.42082
0.798611 1.42607
0.799306 1.4313
0.8 1.43649
0.800694 1.44168
0.801389 1.44684
0.802083 1.45198
0.802778 1.45709
0.803472 1.46218
0.804167 1.46725
0.804861 1.47229
0.805556 1.47731
0.80625 1.4823
0.806944 1.48726
0.807639 1.4922
0.808333 1.49711
0.809028 1.50199
0.809722 1.50685
0.810417 1.51167
0.811111 1.51646
0.811806 1.52124
0.8125 1.52597
0.813194 1.53068
0.813889 1.53535
0.814583 1.53999
0.815278 1.5446
0.815972 1.54918
0.816667 1.55372
0.817361 1.55823
0.818056 1.5627
0.81875 1.56715
0.819444 1.57156
0.820139 1.57592
0.820833 1.58026
0.821528 1.58456
0.822222 1.58882
0.822917 1.59305
0.823611 1.59723
0.824306 1.60138
0.825 1.60549
0.825694 1.60956
0.826389 1.61359
0.827083 1.61759
0.827778 1.62154
0.828472 1.62545
0.829167 1.62932
0.829861 1.63315
0.830556 1.63694
0.83125 1.64068
0.831944 1.6444
0.832639 1.64806
0.833333 1.65168
0.834028 1.65526
0.834722 1.65879
0.835417 1.66228
0.836111 1.66573
0.836806 1.66913
0.8375 1.67249
0.838194 1.6758
0.838889 1.67907
0.839583 1.6823
0.840278 1.68547
0.840972 1.68861
0.841667 1.6917
0.842361 1.69473
0.843056 1.69773
0.84375 1.70068
0.844444 1.70358
0.845139 1.70644
0.845833 1.70925
0.846528 1.71201
0.847222 1.71472
0.847917 1.71739
0.848611 1.72001
0.849306 1.72257
0.85 1.72511
0.850694 1.72758
0.851389 1.73
0.852083 1.73239
0.852778 1.73472
0.853472 1.737
0.854167 1.73924
0.854861 1.74143
0.855556 1.74357
0.85625 1.74566
0.856944 1.7477
0.857639 1.74969
0.858333 1.75164
0.859028 1.75353
0.859722 1.75538
0.860417 1.75717
0.861111 1.75893
0.861806 1.76063
0.8625 1.76228
0.863194 1.76389
0.863889 1.76545
0.864583 1.76696
0.865278 1.76842
0.865972 1.76983
0.866667 1.7712
0.867361 1.77251
0.868056 1.77378
0.86875 1.775
0.869444 1.77618
0.870139 1.7773
0.870833 1.77838
0.871528 1.77941
0.872222 1.7804
0.872917 1.78134
0.873611 1.78222
0.874306 1.78307
0.875 1.78387
0.875694 1.78462
0.876389 1.78533
0.877083 1.78599
0.877778 1.78661
0.878472 1.78718
0.879167 1.7877
0.879861 1.78818
0.880556 1.78861
0.88125 1.78901
0.881944 1.78935
0.882639 1.78965
0.883333 1.78992
0.884028 1.79014
0.884722 1.7903
0.885417 1.79044
0.886111 1.79053
0.886806 1.79058
0.8875 1.79058
0.888194 1.79054
0.888889 1.79047
0.889583 1.79035
0.890278 1.79019
0.890972 1.78999
0.891667 1.78975
0.892361 1.78948
0.893056 1.78916
0.89375 1.7888
0.894444 1.78842
0.895139 1.78798
0.895833 1.78752
0.896528 1.78701
0.897222 1.78647
0.897917 1.78589
0.898611 1.78528
0.899306 1.78463
0.9 1.78395
0.900694 1.78323
0.901389 1.78247
0.902083 1.78169
0.902778 1.78086
0.903472 1.78002
0.904167 1.77914
0.904861 1.77821
0.905556 1.77727
0.90625 1.7763
0.906944 1.77529
0.907639 1.77425
0.908333 1.77318
0.909028 1.77208
0.909722 1.77096
0.910417 1.7698
0.911111 1.76862
0.911806 1.76741
0.9125 1.76618
0.913194 1.76492
0.913889 1.76363
0.914583 1.76233
0.915278 1.76099
0.915972 1.75962
0.916667 1.75825
0.917361 1.75684
0.918056 1.75541
0.91875 1.75396
0.919444 1.75249
0.920139 1.751
0.920833 1.74948
0.921528 1.74795
0.922222 1.74639
0.922917 1.74481
0.923611 1.74323
0.924306 1.74162
0.925 1.73999
0.925694 1.73836
0.926389 1.7367
0.927083 1.73502
0.927778 1.73333
0.928472 1.73162
0.929167 1.72991
0.929861 1.72817
0.930556 1.72643
0.93125 1.72467
0.931944 1.72289
0.932639 1.72111
0.933333 1.71932
0.934028 1.71751
0.934722 1.7157
0.935417 1.71387
0.936111 1.71203
0.936806 1.7102
0.9375 1.70835
0.938194 1.70649
0.938889 1.70462
0.939583 1.70275
0.940278 1.70087
0.940972 1.69899
0.941667 1.6971
0.942361 1.69521
0.943056 1.6933
0.94375 1.69141
0.944444 1.6895
0.945139 1.68759
0.945833 1.68569
0.946528 1.68378
0.947222 1.68186
0.947917 1.67995
0.948611 1.67804
0.949306 1.67612
0.95 1.67421
0.950694 1.67229
0.951389 1.67038
0.952083 1.66847
0.952778 1.66656
0.953472 1.66465
0.954167 1.66275
0.954861 1.66085
0.955556 1.65896
0.95625 1.65706
0.956944 1.65518
0.957639 1.6533
0.958333 1.65142
0.959028 1.64955
0.959722 1.64768
0.960417 1.64583
0.961111 1.64397
0.961806 1.64213
0.9625 1.64029
0.963194 1.63846
0.963889 1.63664
0.964583 1.63483
0.965278 1.63302
0.965972 1.63123
0.966667 1.62944
0.967361 1.62766
0.968056 1.6259
0.96875 1.62415
0.969444 1.6224
0.970139 1.62067
0.970833 1.61894
0.971528 1.61723
0.972222 1.61553
0.972917 1.61384
0.973611 1.61217
0.974306 1.6105
0.975 1.60886
0.975694 1.60722
0.976389 1.60559
0.977083 1.60398
0.977778 1.60238
0.978472 1.60079
0.979167 1.59923
0.979861 1.59767
0.980556 1.59613
0.98125 1.5946
0.981944 1.59308
0.982639 1.59158
0.983333 1.5901
0.984028 1.58863
0.984722 1.58717
0.985417 1.58573
0.986111 1.58431
0.986806 1.5829
0.9875 1.5815
0.988194 1.58013
0.988889 1.57876
0.989583 1.57742
0.990278 1.57608
0.990972 1.57477
0.991667 1.57347
0.992361 1.57218
0.993056 1.57091
0.99375 1.56966
0.994444 1.56842
0.995139 1.5672
0.995833 1.56599
0.996528 1.5648
0.997222 1.56363
0.997917 1.56248
0.998611 1.56133
0.999306 1.56021
1 1.5591
1.00069 1.55801
1.00139 1.55693
1.00208 1.55587
1.00278 1.55482
1.00347 1.55379
1.00417 1.55277
1.00486 1.55177
1.00556 1.55078
1.00625 1.54982
1.00694 1.54886
1.00764 1.54792
1.00833 1.547
1.00903 1.54609
1.00972 1.54519
1.01042 1.54432
1.01111 1.54345
1.01181 1.5426
1.0125 1.54176
1.01319 1.54094
1.01389 1.54013
1.01458 1.53933
1.01528 1.53855
1.01597 1.53778
1.01667 1.53702
1.01736 1.53629
1.01806 1.53556
1.01875 1.53484
1.01944 1.53414
1.02014 1.53345
1.02083 1.53277
1.02153 1.5321
1.02222 1.53145
1.02292 1.5308
1.02361 1.53017
1.02431 1.52955
1.025 1.52894
1.02569 1.52834
1.02639 1.52775
1.02708 1.52717
1.02778 1.5266
1.02847 1.52605
1.02917 1.5255
1.02986 1.52495
1.03056 1.52443
1.03125 1.52391
1.03194 1.52339
1.03264 1.52289
1.03333 1.52239
1.03403 1.5219
1.03472 1.52142
1.03542 1.52095
1.03611 1.52049
1.03681 1.52002
1.0375 1.51958
1.03819 1.51913
1.03889 1.51869
1.03958 1.51826
1.04028 1.51783
1.04097 1.51741
1.04167 1.517
1.04236 1.51659
1.04306 1.51618
1.04375 1.51578
1.04444 1.51538
1.04514 1.51499
1.04583 1.5146
1.04653 1.51421
1.04722 1.51383
1.04792 1.51344
1.04861 1.51307
1.04931 1.5127
1.05 1.51232
1.05069 1.51196
1.05139 1.51159
1.05208 1.51122
1.05278 1.51085
1.05347 1.51049
1.05417 1.51013
1.05486 1.50976
1.05556 1.5094
1.05625 1.50904
1.05694 1.50868
1.05764 1.50831
1.05833 1.50795
1.05903 1.50758
1.05972 1.50722
1.06042 1.50686
1.06111 1.50649
1.06181 1.50612
1.0625 1.50575
1.06319 1.50538
1.06389 1.50501
1.06458 1.50463
1.06528 1.50425
1.06597 1.50387
1.06667 1.50348
1.06736 1.5031
1.06806 1.5027
1.06875 1.50231
1.06944 1.50192
1.07014 1.50151
1.07083 1.50111
1.07153 1.5007
1.07222 1.50028
1.07292 1.49987
1.07361 1.49945
1.07431 1.49902
1.075 1.49859
1.07569 1.49815
1.07639 1.49771
1.07708 1.49726
1.07778 1.49681
1.07847 1.49635
1.07917 1.49589
1.07986 1.49543
1.08056 1.49495
1.08125 1.49447
1.08194 1.49399
1.08264 1.4935
1.08333 1.493
1.08403 1.4925
1.08472 1.49199
1.08542 1.49148
1.08611 1.49096
1.08681 1.49043
1.0875 1.4899
1.08819 1.48936
1.08889 1.48881
1.08958 1.48826
1.09028 1.48769
1.09097 1.48714
1.09167 1.48657
1.09236 1.48599
1.09306 1.48541
1.09375 1.48482
1.09444 1.48423
1.09514 1.48362
1.09583 1.48302
1.09653 1.4824
1.09722 1.48178
1.09792 1.48116
1.09861 1.48053
1.09931 1.47988
1.1 1.47925
1.10069 1.4786
1.10139 1.47794
1.10208 1.47729
1.10278 1.47663
1.10347 1.47595
1.10417 1.47528
1.10486 1.4746
1.10556 1.47392
1.10625 1.47323
1.10694 1.47254
1.10764 1.47184
1.10833 1.47114
1.10903 1.47043
1.10972 1.46972
1.11042 1.469
1.11111 1.46829
1.11181 1.46757
1.1125 1.46684
1.11319 1.46612
1.11389 1.4654
1.11458 1.46466
1.11528 1.46393
1.11597 1.4632
1.11667 1.46246
1.11736 1.46172
1.11806 1.46098
1.11875 1.46024
1.11944 1.4595
1.12014 1.45876
1.12083 1.45801
1.12153 1.45727
1.12222 1.45653
1.12292 1.45579
1.12361 1.45505
1.12431 1.45432
1.125 1.45358
1.12569 1.45285
1.12639 1.45212
1.12708 1.45139
1.12778 1.45066
1.12847 1.44994
1.12917 1.44922
1.12986 1.44851
1.13056 1.44779
1.13125 1.4471
1.13194 1.4464
1.13264 1.4457
1.13333 1.44502
1.13403 1.44434
1.13472 1.44366
1.13542 1.443
1.13611 1.44234
1.13681 1.44169
1.1375 1.44105
1.13819 1.44041
1.13889 1.43979
1.13958 1.43917
1.14028 1.43857
1.14097 1.43798
1.14167 1.43739
1.14236 1.43683
1.14306 1.43627
1.14375 1.43572
1.14444 1.4352
1.14514 1.43468
1.14583 1.43417
1.14653 1.43368
1.14722 1.43321
1.14792 1.43275
1.14861 1.4323
1.14931 1.43188
1.15 1.43147
1.15069 1.43108
1.15139 1.4307
1.15208 1.43034
1.15278 1.43
1.15347 1.42969
1.15417 1.42939
1.15486 1.42911
1.15556 1.42886
1.15625 1.42863
1.15694 1.42842
1.15764 1.42823
1.15833 1.42806
1.15903 1.42792
1.15972 1.4278
1.16042 1.42771
1.16111 1.42764
1.16181 1.42759
1.1625 1.42758
1.16319 1.42759
1.16389 1.42762
1.16458 1.42769
1.16528 1.42778
1.16597 1.4279
1.16667 1.42806
1.16736 1.42824
1.16806 1.42845
1.16875 1.42869
1.16944 1.42897
1.17014 1.42927
1.17083 1.42961
1.17153 1.42998
1.17222 1.43038
1.17292 1.43081
1.17361 1.43129
1.17431 1.4318
1.175 1.43234
1.17569 1.43292
1.17639 1.43354
1.17708 1.43419
1.17778 1.43487
1.17847 1.4356
1.17917 1.43636
1.17986 1.43716
1.18056 1.438
1.18125 1.43888
1.18194 1.4398
1.18264 1.44076
1.18333 1.44176
1.18403 1.44279
1.18472 1.44388
1.18542 1.44501
1.18611 1.44617
1.18681 1.44738
1.1875 1.44864
1.18819 1.44993
1.18889 1.45127
1.18958 1.45265
1.19028 1.45408
1.19097 1.45555
1.19167 1.45706
1.19236 1.45862
1.19306 1.46022
1.19375 1.46188
1.19444 1.46358
1.19514 1.46532
1.19583 1.46712
1.19653 1.46895
1.19722 1.47083
1.19792 1.47277
1.19861 1.47475
1.19931 1.47677
1.2 1.47885
1.20069 1.48097
1.20139 1.48314
1.20208 1.48536
1.20278 1.48763
1.20347 1.48994
1.20417 1.4923
1.20486 1.49472
1.20556 1.49719
1.20625 1.49969
1.20694 1.50226
1.20764 1.50487
1.20833 1.50753
1.20903 1.51024
1.20972 1.51299
1.21042 1.5158
1.21111 1.51866
1.21181 1.52156
1.2125 1.52452
1.21319 1.52752
1.21389 1.53058
1.21458 1.53368
1.21528 1.53683
1.21597 1.54004
1.21667 1.54329
1.21736 1.54658
1.21806 1.54994
1.21875 1.55333
1.21944 1.55678
1.22014 1.56027
1.22083 1.56381
1.22153 1.56741
1.22222 1.57104
1.22292 1.57473
1.22361 1.57846
1.22431 1.58224
1.225 1.58607
1.22569 1.58995
1.22639 1.59386
1.22708 1.59784
1.22778 1.60185
1.22847 1.60591
1.22917 1.61002
1.22986 1.61417
1.23056 1.61837
1.23125 1.62261
1.23194 1.62689
1.23264 1.63122
1.23333 1.63559
1.23403 1.64001
1.23472 1.64446
1.23542 1.64896
1.23611 1.65351
1.23681 1.65809
1.2375 1.66271
1.23819 1.66738
1.23889 1.67209
1.23958 1.67684
1.24028 1.68162
1.24097 1.68645
1.24167 1.69131
1.24236 1.69621
1.24306 1.70115
1.24375 1.70612
1.24444 1.71114
1.24514 1.71619
1.24583 1.72127
1.24653 1.72638
1.24722 1.73154
1.24792 1.73673
1.24861 1.74195
1.24931 1.74721
1.25 1.75249
1.25069 1.75781
1.25139 1.76316
1.25208 1.76854
1.25278 1.77395
1.25347 1.77939
1.25417 1.78486
1.25486 1.79035
1.25556 1.79587
1.25625 1.80143
1.25694 1.807
1.25764 1.8126
1.25833 1.81823
1.25903 1.82388
1.25972 1.82955
1.26042 1.83526
1.26111 1.84098
1.26181 1.84672
1.2625 1.85249
1.26319 1.85827
1.26389 1.86407
1.26458 1.86989
1.26528 1.87573
1.26597 1.88159
1.26667 1.88746
1.26736 1.89336
1.26806 1.89927
1.26875 1.90518
1.26944 1.91113
1.27014 1.91708
1.27083 1.92304
1.27153 1.92901
1.27222 1.935
1.27292 1.94099
1.27361 1.947
1.27431 1.95301
1.275 1.95903
1.27569 1.96506
1.27639 1.9711
1.27708 1.97714
1.27778 1.98319
1.27847 1.98925
1.27917 1.9953
1.27986 2.00136
1.28056 2.00743
1.28125 2.01349
1.28194 2.01956
1.28264 2.02562
1.28333 2.03169
1.28403 2.03775
1.28472 2.04381
1.28542 2.04987
1.28611 2.05592
1.28681 2.06197
1.2875 2.06802
1.28819 2.07406
1.28889 2.08009
1.28958 2.08612
1.29028 2.09214
1.29097 2.09814
1.29167 2.10415
1.29236 2.11014
1.29306 2.11612
1.29375 2.12208
1.29444 2.12804
1.29514 2.13398
1.29583 2.1399
1.29653 2.14582
1.29722 2.15171
1.29792 2.15759
1.29861 2.16346
1.29931 2.1693
1.3 2.17513
1.30069 2.18094
1.30139 2.18673
1.30208 2.1925
1.30278 2.19825
1.30347 2.20397
1.30417 2.20968
1.30486 2.21535
1.30556 2.22101
1.30625 2.22664
1.30694 2.23225
1.30764 2.23783
1.30833 2.24338
1.30903 2.2489
1.30972 2.25441
1.31042 2.25987
1.31111 2.26531
1.31181 2.27073
1.3125 2.27611
1.31319 2.28145
1.31389 2.28677
1.31458 2.29205
1.31528 2.2973
1.31597 2.30252
1.31667 2.3077
1.31736 2.31285
1.31806 2.31796
1.31875 2.32304
1.31944 2.32808
1.32014 2.33307
1.32083 2.33805
1.32153 2.34297
1.32222 2.34785
1.32292 2.35271
1.32361 2.35751
1.32431 2.36228
1.325 2.367
1.32569 2.37169
1.32639 2.37633
1.32708 2.38092
1.32778 2.38548
1.32847 2.38999
1.32917 2.39445
1.32986 2.39888
1.33056 2.40325
1.33125 2.40758
1.33194 2.41187
1.33264 2.41611
1.33333 2.4203
1.33403 2.42444
1.33472 2.42854
1.33542 2.43259
1.33611 2.43659
1.33681 2.44054
1.3375 2.44444
1.33819 2.44829
1.33889 2.45209
1.33958 2.45584
1.34028 2.45953
1.34097 2.46318
1.34167 2.46678
1.34236 2.47032
1.34306 2.47382
1.34375 2.47725
1.34444 2.48064
1.34514 2.48397
1.34583 2.48725
1.34653 2.49048
1.34722 2.49365
1.34792 2.49677
1.34861 2.49983
1.34931 2.50283
1.35 2.5058
1.35069 2.50869
1.35139 2.51153
1.35208 2.51433
1.35278 2.51706
1.35347 2.51973
1.35417 2.52236
1.35486 2.52492
1.35556 2.52743
1.35625 2.52988
1.35694 2.53228
1.35764 2.53462
1.35833 2.5369
1.35903 2.53912
1.35972 2.54129
1.36042 2.5434
1.36111 2.54546
1.36181 2.54746
1.3625 2.54939
1.36319 2.55128
1.36389 2.55311
1.36458 2.55488
1.36528 2.55659
1.36597 2.55825
1.36667 2.55984
1.36736 2.56139
1.36806 2.56287
1.36875 2.5643
1.36944 2.56567
1.37014 2.56698
1.37083 2.56824
1.37153 2.56943
1.37222 2.57059
1.37292 2.57167
1.37361 2.5727
1.37431 2.57368
1.375 2.5746
1.37569 2.57547
1.37639 2.57628
1.37708 2.57703
1.37778 2.57773
1.37847 2.57837
1.37917 2.57896
1.37986 2.57949
1.38056 2.57997
1.38125 2.5804
1.38194 2.58077
1.38264 2.58108
1.38333 2.58135
1.38403 2.58157
1.38472 2.58172
1.38542 2.58183
1.38611 2.58189
1.38681 2.58189
1.3875 2.58184
1.38819 2.58174
