0 0
0.000694444 0.000741284
0.00138889 0.0014851
0.00208333 0.00223149
0.00277778 0.00298047
0.00347222 0.00373209
0.00416667 0.00448636
0.00486111 0.00524332
0.00555556 0.00600412
0.00625 0.006765
0.00694444 0.00753017
0.00763889 0.00829929
0.00833333 0.00906847
0.00902778 0.00984205
0.00972222 0.0106197
0.0104167 0.0113973
0.0111111 0.0121795
0.0118056 0.0129645
0.0125 0.0137525
0.0131944 0.0145433
0.0138889 0.0153371
0.0145833 0.0161338
0.0152778 0.0169334
0.0159722 0.017736
0.0166667 0.0185429
0.0173611 0.0193495
0.0180556 0.0201609
0.01875 0.0209767
0.0194444 0.0217921
0.0201389 0.0226123
0.0208333 0.0234355
0.0215278 0.0242616
0.0222222 0.0250906
0.0229167 0.0259225
0.0236111 0.0267574
0.0243056 0.0275951
0.025 0.0284357
0.0256944 0.0292792
0.0263889 0.0301255
0.0270833 0.0309746
0.0277778 0.0318283
0.0284722 0.0326807
0.0291667 0.0335381
0.0298611 0.0344001
0.0305556 0.0352605
0.03125 0.0361261
0.0319444 0.0369943
0.0326389 0.0378651
0.0333333 0.0387385
0.0340278 0.0396145
0.0347222 0.0404929
0.0354167 0.0413738
0.0361111 0.0422571
0.0368056 0.0431449
0.0375 0.0440301
0.0381944 0.0449205
0.0388889 0.0458151
0.0395833 0.046707
0.0402778 0.0476039
0.0409722 0.048505
0.0416667 0.049403
0.0423611 0.050306
0.0430556 0.0512108
0.04375 0.0521175
0.0444444 0.053026
0.0451389 0.0539362
0.0458333 0.054848
0.0465278 0.0557615
0.0472222 0.0566764
0.0479167 0.0575953
0.0486111 0.0585096
0.0493056 0.0594286
0.05 0.0603514
0.0506944 0.0612692
0.0513889 0.0621916
0.0520833 0.0631149
0.0527778 0.0640391
0.0534722 0.0649641
0.0541667 0.0658897
0.0548611 0.066816
0.0555556 0.0677428
0.05625 0.0686699
0.0569444 0.0695974
0.0576389 0.0705251
0.0583333 0.071453
0.0590278 0.0723837
0.0597222 0.0733074
0.0604167 0.074235
0.0611111 0.0751652
0.0618056 0.0760879
0.0625 0.0770142
0.0631944 0.0779399
0.0638889 0.0788648
0.0645833 0.0797889
0.0652778 0.080712
0.0659722 0.081634
0.0666667 0.0825548
0.0673611 0.0834743
0.0680556 0.0843956
0.06875 0.0853077
0.0694444 0.0862225
0.0701389 0.0871389
0.0708333 0.0880455
0.0715278 0.0889546
0.0722222 0.0898649
0.0729167 0.0907649
0.0736111 0.0916672
0.0743056 0.0925669
0.075 0.093464
0.0756944 0.0943584
0.0763889 0.0952498
0.0770833 0.0961383
0.0777778 0.0970236
0.0784722 0.0979057
0.0791667 0.098788
0.0798611 0.0996583
0.0805556 0.10053
0.08125 0.101402
0.0819444 0.102261
0.0826389 0.103121
0.0833333 0.103977
0.0840278 0.104829
0.0847222 0.105676
0.0854167 0.10652
0.0861111 0.107358
0.0868056 0.108193
0.0875 0.109022
0.0881944 0.109847
0.0888889 0.110667
0.0895833 0.111482
0.0902778 0.112296
0.0909722 0.113095
0.0916667 0.113895
0.0923611 0.114693
0.0930556 0.115477
0.09375 0.11626
0.0944444 0.117038
0.0951389 0.117811
0.0958333 0.118578
0.0965278 0.119339
0.0972222 0.120095
0.0979167 0.120845
0.0986111 0.121589
0.0993056 0.122332
0.1 0.123059
0.100694 0.123786
0.101389 0.124512
0.102083 0.125222
0.102778 0.125931
0.103472 0.12664
0.104167 0.127332
0.104861 0.128025
0.105556 0.128712
0.10625 0.129394
0.106944 0.13007
0.107639 0.130741
0.108333 0.131406
0.109028 0.132066
0.109722 0.132722
0.110417 0.133376
0.111111 0.134015
0.111806 0.134656
0.1125 0.135296
0.113194 0.135922
0.113889 0.13655
0.114583 0.137173
0.115278 0.137793
0.115972 0.138409
0.116667 0.139022
0.117361 0.139632
0.118056 0.140238
0.11875 0.140843
0.119444 0.141445
0.120139 0.142045
0.120833 0.142643
0.121528 0.143245
0.122222 0.143836
0.122917 0.144431
0.123611 0.145031
0.124306 0.145621
0.125 0.146218
0.125694 0.146815
0.126389 0.147415
0.127083 0.148016
0.127778 0.14862
0.128472 0.149227
0.129167 0.149837
0.129861 0.150452
0.130556 0.151075
0.13125 0.151694
0.131944 0.152324
0.132639 0.152965
0.133333 0.153604
0.134028 0.154256
0.134722 0.154919
0.135417 0.155584
0.136111 0.156263
0.136806 0.156952
0.1375 0.157653
0.138194 0.158366
0.138889 0.159092
0.139583 0.159831
0.140278 0.160584
0.140972 0.161352
0.141667 0.16214
0.142361 0.162936
0.143056 0.163755
0.14375 0.164595
0.144444 0.165447
0.145139 0.166323
0.145833 0.16722
0.146528 0.168138
0.147222 0.16908
0.147917 0.170045
0.148611 0.171034
0.149306 0.172048
0.15 0.173088
0.150694 0.174156
0.151389 0.175251
0.152083 0.176374
0.152778 0.17753
0.153472 0.17871
0.154167 0.179925
0.154861 0.181174
0.155556 0.18245
0.15625 0.183763
0.156944 0.185111
0.157639 0.186493
0.158333 0.187912
0.159028 0.189367
0.159722 0.190859
0.160417 0.192389
0.161111 0.193958
0.161806 0.195568
0.1625 0.197215
0.163194 0.198904
0.163889 0.200635
0.164583 0.202406
0.165278 0.20422
0.165972 0.206078
0.166667 0.207978
0.167361 0.209922
0.168056 0.211911
0.16875 0.213944
0.169444 0.216023
0.170139 0.218147
0.170833 0.220317
0.171528 0.222532
0.172222 0.224795
0.172917 0.227103
0.173611 0.229459
0.174306 0.231862
0.175 0.234312
0.175694 0.23681
0.176389 0.239356
0.177083 0.241949
0.177778 0.244589
0.178472 0.247278
0.179167 0.250014
0.179861 0.252799
0.180556 0.255631
0.18125 0.258511
0.181944 0.261439
0.182639 0.264415
0.183333 0.267438
0.184028 0.270508
0.184722 0.273629
0.185417 0.276794
0.186111 0.280006
0.186806 0.283268
0.1875 0.286575
0.188194 0.289928
0.188889 0.293327
0.189583 0.296773
0.190278 0.300265
0.190972 0.303802
0.191667 0.307384
0.192361 0.311011
0.193056 0.314681
0.19375 0.3184
0.194444 0.322161
0.195139 0.325962
0.195833 0.329813
0.196528 0.333703
0.197222 0.337633
0.197917 0.341612
0.198611 0.345628
0.199306 0.349686
0.2 0.353785
0.200694 0.357925
0.201389 0.362104
0.202083 0.366323
0.202778 0.370581
0.203472 0.374878
0.204167 0.37921
0.204861 0.383587
0.205556 0.387997
0.20625 0.392441
0.206944 0.396928
0.207639 0.401447
0.208333 0.406002
0.209028 0.410591
0.209722 0.415214
0.210417 0.419871
0.211111 0.424561
0.211806 0.429283
0.2125 0.434038
0.213194 0.438825
0.213889 0.443642
0.214583 0.44849
0.215278 0.453364
0.215972 0.458276
0.216667 0.463211
0.217361 0.468172
0.218056 0.473168
0.21875 0.478187
0.219444 0.483232
0.220139 0.488302
0.220833 0.493398
0.221528 0.498519
0.222222 0.503663
0.222917 0.508831
0.223611 0.514022
0.224306 0.519231
0.225 0.524471
0.225694 0.529727
0.226389 0.534999
0.227083 0.5403
0.227778 0.545615
0.228472 0.550944
0.229167 0.5563
0.229861 0.561669
0.230556 0.567054
0.23125 0.572454
0.231944 0.57787
0.232639 0.583301
0.233333 0.588745
0.234028 0.594203
0.234722 0.599674
0.235417 0.605152
0.236111 0.610653
0.236806 0.616157
0.2375 0.621668
0.238194 0.627198
0.238889 0.632731
0.239583 0.638273
0.240278 0.643821
0.240972 0.649377
0.241667 0.654938
0.242361 0.660505
0.243056 0.666077
0.24375 0.671653
0.244444 0.677232
0.245139 0.682814
0.245833 0.688399
0.246528 0.69398
0.247222 0.699573
0.247917 0.705159
0.248611 0.710741
0.249306 0.716332
0.25 0.721915
0.250694 0.727496
0.251389 0.733073
0.252083 0.738647
0.252778 0.744216
0.253472 0.74978
0.254167 0.755338
0.254861 0.760889
0.255556 0.766429
0.25625 0.771972
0.256944 0.7775
0.257639 0.783014
0.258333 0.78853
0.259028 0.794028
0.259722 0.799511
0.260417 0.804994
0.261111 0.810457
0.261806 0.815908
0.2625 0.821345
0.263194 0.826767
0.263889 0.832175
0.264583 0.837567
0.265278 0.842943
0.265972 0.848302
0.266667 0.853638
0.267361 0.858969
0.268056 0.864274
0.26875 0.869554
0.269444 0.874827
0.270139 0.880072
0.270833 0.885296
0.271528 0.890498
0.272222 0.895678
0.272917 0.900835
0.273611 0.905969
0.274306 0.911078
0.275 0.916163
0.275694 0.921222
0.276389 0.926256
0.277083 0.931264
0.277778 0.936239
0.278472 0.941199
0.279167 0.946124
0.279861 0.951015
0.280556 0.955889
0.28125 0.960727
0.281944 0.965534
0.282639 0.970311
0.283333 0.975056
0.284028 0.97977
0.284722 0.984451
0.285417 0.9891
0.286111 0.993715
0.286806 0.998291
0.2875 1.00285
0.288194 1.00736
0.288889 1.01183
0.289583 1.01628
0.290278 1.02069
0.290972 1.02505
0.291667 1.02939
0.292361 1.03368
0.293056 1.03794
0.29375 1.04216
0.294444 1.04634
0.295139 1.05048
0.295833 1.05458
0.296528 1.05864
0.297222 1.06266
0.297917 1.06663
0.298611 1.07058
0.299306 1.07448
0.3 1.07833
0.300694 1.08215
0.301389 1.08592
0.302083 1.08965
0.302778 1.09333
0.303472 1.09697
0.304167 1.10057
0.304861 1.10413
0.305556 1.10763
0.30625 1.1111
0.306944 1.11452
0.307639 1.11789
0.308333 1.12122
0.309028 1.1245
0.309722 1.12774
0.310417 1.13093
0.311111 1.13407
0.311806 1.13718
0.3125 1.14023
0.313194 1.14323
0.313889 1.14619
0.314583 1.1491
0.315278 1.15196
0.315972 1.15477
0.316667 1.15753
0.317361 1.16025
0.318056 1.16291
0.31875 1.16554
0.319444 1.16811
0.320139 1.17063
0.320833 1.17311
0.321528 1.17554
0.322222 1.17791
0.322917 1.18024
0.323611 1.18252
0.324306 1.18475
0.325 1.18693
0.325694 1.18906
0.326389 1.19114
0.327083 1.19317
0.327778 1.19516
0.328472 1.19709
0.329167 1.19897
0.329861 1.20081
0.330556 1.20259
0.33125 1.20432
0.331944 1.20602
0.332639 1.20766
0.333333 1.20924
0.334028 1.21078
0.334722 1.21227
0.335417 1.21371
0.336111 1.21511
0.336806 1.21645
0.3375 1.21774
0.338194 1.21899
0.338889 1.22019
0.339583 1.22134
0.340278 1.22243
0.340972 1.22349
0.341667 1.2245
0.342361 1.22545
0.343056 1.22637
0.34375 1.22723
0.344444 1.22805
0.345139 1.22882
0.345833 1.22954
0.346528 1.23022
0.347222 1.23085
0.347917 1.23143
0.348611 1.23197
0.349306 1.23245
0.35 1.23291
0.350694 1.23331
0.351389 1.23366
0.352083 1.23398
0.352778 1.23425
0.353472 1.23447
0.354167 1.23466
0.354861 1.23479
0.355556 1.23489
0.35625 1.23494
0.356944 1.23495
0.357639 1.23492
0.358333 1.23484
0.359028 1.23473
0.359722 1.23457
0.360417 1.23437
0.361111 1.23414
0.361806 1.23386
0.3625 1.23354
0.363194 1.23319
0.363889 1.2328
0.364583 1.23237
0.365278 1.2319
0.365972 1.23139
0.366667 1.23084
0.367361 1.23026
0.368056 1.22964
0.36875 1.22899
0.369444 1.2283
0.370139 1.22758
0.370833 1.22682
0.371528 1.22602
0.372222 1.22521
0.372917 1.22435
0.373611 1.22345
0.374306 1.22254
0.375 1.22158
0.375694 1.2206
0.376389 1.21958
0.377083 1.21853
0.377778 1.21746
0.378472 1.21635
0.379167 1.21522
0.379861 1.21406
0.380556 1.21286
0.38125 1.21165
0.381944 1.21041
0.382639 1.20913
0.383333 1.20784
0.384028 1.20652
0.384722 1.20517
0.385417 1.20381
0.386111 1.20242
0.386806 1.20101
0.3875 1.19957
0.388194 1.19811
0.388889 1.19663
0.389583 1.19513
0.390278 1.19361
0.390972 1.19206
0.391667 1.1905
0.392361 1.18893
0.393056 1.18733
0.39375 1.18571
0.394444 1.18408
0.395139 1.18244
0.395833 1.18077
0.396528 1.17909
0.397222 1.1774
0.397917 1.17569
0.398611 1.17397
0.399306 1.17223
0.4 1.17049
0.400694 1.16873
0.401389 1.16696
0.402083 1.16517
0.402778 1.16338
0.403472 1.16158
0.404167 1.15977
0.404861 1.15794
0.405556 1.15612
0.40625 1.15429
0.406944 1.15244
0.407639 1.15059
0.408333 1.14874
0.409028 1.14688
0.409722 1.14501
0.410417 1.14314
0.411111 1.14126
0.411806 1.13938
0.4125 1.1375
0.413194 1.13562
0.413889 1.13373
0.414583 1.13185
0.415278 1.12996
0.415972 1.12806
0.416667 1.12618
0.417361 1.12429
0.418056 1.12241
0.41875 1.12052
0.419444 1.11864
0.420139 1.11675
0.420833 1.11488
0.421528 1.113
0.422222 1.11113
0.422917 1.10925
0.423611 1.1074
0.424306 1.10554
0.425 1.10368
0.425694 1.10185
0.426389 1.10001
0.427083 1.09817
0.427778 1.09635
0.428472 1.09453
0.429167 1.09272
0.429861 1.09092
0.430556 1.08912
0.43125 1.08734
0.431944 1.08556
0.432639 1.0838
0.433333 1.08204
0.434028 1.08029
0.434722 1.07857
0.435417 1.07685
0.436111 1.07513
0.436806 1.07344
0.4375 1.07175
0.438194 1.07008
0.438889 1.06841
0.439583 1.06677
0.440278 1.06513
0.440972 1.06351
0.441667 1.0619
0.442361 1.06031
0.443056 1.05872
0.44375 1.05716
0.444444 1.05561
0.445139 1.05407
0.445833 1.05256
0.446528 1.05105
0.447222 1.04956
0.447917 1.04809
0.448611 1.04663
0.449306 1.04519
0.45 1.04377
0.450694 1.04236
0.451389 1.04096
0.452083 1.03959
0.452778 1.03823
0.453472 1.03689
0.454167 1.03555
0.454861 1.03425
0.455556 1.03296
0.45625 1.03168
0.456944 1.03043
0.457639 1.02919
0.458333 1.02797
0.459028 1.02677
0.459722 1.02558
0.460417 1.02441
0.461111 1.02325
0.461806 1.02212
0.4625 1.021
0.463194 1.0199
0.463889 1.01882
0.464583 1.01775
0.465278 1.0167
0.465972 1.01568
0.466667 1.01466
0.467361 1.01366
0.468056 1.01269
0.46875 1.01173
0.469444 1.01078
0.470139 1.00985
0.470833 1.00894
0.471528 1.00805
0.472222 1.00717
0.472917 1.00631
0.473611 1.00546
0.474306 1.00462
0.475 1.00382
0.475694 1.00302
0.476389 1.00223
0.477083 1.00148
0.477778 1.00073
0.478472 0.999984
0.479167 0.999272
0.479861 0.998566
0.480556 0.997875
0.48125 0.997199
0.481944 0.996537
0.482639 0.995889
0.483333 0.995255
0.484028 0.994634
0.484722 0.994028
0.485417 0.993428
0.486111 0.992855
0.486806 0.992287
0.4875 0.991726
0.488194 0.99119
0.488889 0.990659
0.489583 0.99014
0.490278 0.989632
0.490972 0.989135
0.491667 0.988649
0.492361 0.988174
0.493056 0.98771
0.49375 0.987256
0.494444 0.986811
0.495139 0.986376
0.495833 0.985951
0.496528 0.985529
0.497222 0.98513
0.497917 0.984731
0.498611 0.984334
0.499306 0.983959
0.5 0.983584
0.500694 0.983217
0.501389 0.982856
0.502083 0.982503
0.502778 0.982156
0.503472 0.981815
0.504167 0.98148
0.504861 0.981151
0.505556 0.980821
0.50625 0.98051
0.506944 0.980196
0.507639 0.979881
0.508333 0.979584
0.509028 0.979283
0.509722 0.978979
0.510417 0.978693
0.511111 0.978402
0.511806 0.978113
0.5125 0.977827
0.513194 0.977544
0.513889 0.977262
0.514583 0.976982
0.515278 0.976704
0.515972 0.976426
0.516667 0.976144
0.517361 0.975876
0.518056 0.975601
0.51875 0.97532
0.519444 0.975052
0.520139 0.974776
0.520833 0.974499
0.521528 0.974221
0.522222 0.973943
0.522917 0.973662
0.523611 0.973381
0.524306 0.973097
0.525 0.972811
0.525694 0.972523
0.526389 0.972232
0.527083 0.971938
0.527778 0.971636
0.528472 0.971344
0.529167 0.971041
0.529861 0.970728
0.530556 0.970426
0.53125 0.970111
0.531944 0.969792
0.532639 0.969469
0.533333 0.969141
0.534028 0.968808
0.534722 0.968471
0.535417 0.968128
0.536111 0.96778
0.536806 0.967421
0.5375 0.96707
0.538194 0.966706
0.538889 0.96633
0.539583 0.965962
0.540278 0.965579
0.540972 0.965185
0.541667 0.964798
0.542361 0.964397
0.543056 0.963989
0.54375 0.963575
0.544444 0.963154
0.545139 0.962726
0.545833 0.962291
0.546528 0.961849
0.547222 0.961401
0.547917 0.960939
0.548611 0.960484
0.549306 0.960014
0.55 0.959531
0.550694 0.959054
0.551389 0.958562
0.552083 0.958063
0.552778 0.957557
0.553472 0.957043
0.554167 0.956522
0.554861 0.955993
0.555556 0.955458
0.55625 0.954915
0.556944 0.954364
0.557639 0.953807
0.558333 0.953242
0.559028 0.952664
0.559722 0.952093
0.560417 0.951507
0.561111 0.950909
0.561806 0.950317
0.5625 0.94971
0.563194 0.949097
0.563889 0.948477
0.564583 0.94785
0.565278 0.947217
0.565972 0.946578
0.566667 0.945933
0.567361 0.945282
0.568056 0.944619
0.56875 0.943964
0.569444 0.943295
0.570139 0.942616
0.570833 0.941944
0.571528 0.94126
0.572222 0.940566
0.572917 0.93988
0.573611 0.939181
0.574306 0.938479
0.575 0.937772
0.575694 0.937062
0.576389 0.936348
0.577083 0.935631
0.577778 0.93491
0.578472 0.934187
0.579167 0.933456
0.579861 0.932735
0.580556 0.932005
0.58125 0.931267
0.581944 0.930542
0.582639 0.929807
0.583333 0.929072
0.584028 0.928336
0.584722 0.9276
0.585417 0.926863
0.586111 0.926128
0.586806 0.925393
0.5875 0.924659
0.588194 0.923927
0.588889 0.923197
0.589583 0.922469
0.590278 0.921738
0.590972 0.921023
0.591667 0.920304
0.592361 0.919583
0.593056 0.91888
0.59375 0.918174
0.594444 0.917473
0.595139 0.916777
0.595833 0.916088
0.596528 0.915404
0.597222 0.914728
0.597917 0.914059
0.598611 0.913398
0.599306 0.912739
0.6 0.912103
0.600694 0.911468
0.601389 0.910837
0.602083 0.91023
0.602778 0.909626
0.603472 0.909027
0.604167 0.908454
0.604861 0.907885
0.605556 0.907329
0.60625 0.906787
0.606944 0.906258
0.607639 0.905744
0.608333 0.905245
0.609028 0.904762
0.609722 0.904294
0.610417 0.903838
0.611111 0.903412
0.611806 0.902997
0.6125 0.902594
0.613194 0.902224
0.613889 0.901866
0.614583 0.901528
0.615278 0.901211
0.615972 0.900915
0.616667 0.900641
0.617361 0.90039
0.618056 0.900162
0.61875 0.899958
0.619444 0.899779
0.620139 0.899625
0.620833 0.899496
0.621528 0.899388
0.622222 0.89932
0.622917 0.899273
0.623611 0.899248
0.624306 0.899265
0.625 0.899304
0.625694 0.899372
0.626389 0.899472
0.627083 0.899603
0.627778 0.899766
0.628472 0.899961
0.629167 0.90019
0.629861 0.900453
0.630556 0.900744
0.63125 0.901084
0.631944 0.901452
0.632639 0.90185
0.633333 0.902271
0.634028 0.90275
0.634722 0.903261
0.635417 0.903823
0.636111 0.904418
0.636806 0.905052
0.6375 0.905726
0.638194 0.906442
0.638889 0.907199
0.639583 0.907998
0.640278 0.90884
0.640972 0.909725
0.641667 0.910648
0.642361 0.911629
0.643056 0.912647
0.64375 0.913704
0.644444 0.914821
0.645139 0.915976
0.645833 0.917178
0.646528 0.918427
0.647222 0.919724
0.647917 0.921069
0.648611 0.922462
0.649306 0.923905
0.65 0.925397
0.650694 0.926939
0.651389 0.928531
0.652083 0.930174
0.652778 0.931862
0.653472 0.933616
0.654167 0.935413
0.654861 0.937256
0.655556 0.939166
0.65625 0.94112
0.656944 0.943127
0.657639 0.945188
0.658333 0.947302
0.659028 0.94947
0.659722 0.951692
0.660417 0.953968
0.661111 0.956299
0.661806 0.958679
0.6625 0.961127
0.663194 0.963623
0.663889 0.966168
0.664583 0.968782
0.665278 0.971443
0.665972 0.974155
0.666667 0.976935
0.667361 0.979764
0.668056 0.982649
0.66875 0.985589
0.669444 0.988585
0.670139 0.991637
0.670833 0.994745
0.671528 0.99791
0.672222 1.00113
0.672917 1.0044
0.673611 1.00774
0.674306 1.01113
0.675 1.01456
0.675694 1.01807
0.676389 1.02163
0.677083 1.02523
0.677778 1.0289
0.678472 1.03262
0.679167 1.03639
0.679861 1.04022
0.680556 1.04411
0.68125 1.04805
0.681944 1.05204
0.682639 1.05609
0.683333 1.06019
0.684028 1.06433
0.684722 1.06855
0.685417 1.07281
0.686111 1.07711
0.686806 1.08148
0.6875 1.0859
0.688194 1.09037
0.688889 1.09489
0.689583 1.09946
0.690278 1.10408
0.690972 1.10875
0.691667 1.11347
0.692361 1.11824
0.693056 1.12305
0.69375 1.12792
0.694444 1.13284
0.695139 1.13779
0.695833 1.14281
0.696528 1.14787
0.697222 1.15297
0.697917 1.15812
0.698611 1.16332
0.699306 1.16855
0.7 1.17384
0.700694 1.17916
0.701389 1.18453
0.702083 1.18995
0.702778 1.1954
0.703472 1.2009
0.704167 1.20643
0.704861 1.21202
0.705556 1.21764
0.70625 1.22329
0.706944 1.22899
0.707639 1.23473
0.708333 1.2405
0.709028 1.24631
0.709722 1.25216
0.710417 1.25804
0.711111 1.26396
0.711806 1.26991
0.7125 1.2759
0.713194 1.28192
0.713889 1.28797
0.714583 1.29406
0.715278 1.30017
0.715972 1.30632
0.716667 1.3125
0.717361 1.3187
0.718056 1.32494
0.71875 1.33121
0.719444 1.3375
0.720139 1.34382
0.720833 1.35016
0.721528 1.35654
0.722222 1.36293
0.722917 1.36935
0.723611 1.37579
0.724306 1.38225
0.725 1.38875
0.725694 1.39526
0.726389 1.40178
0.727083 1.40834
0.727778 1.41491
0.728472 1.42149
0.729167 1.4281
0.729861 1.43473
0.730556 1.44137
0.73125 1.44802
0.731944 1.45469
0.732639 1.46137
0.733333 1.46807
0.734028 1.47478
0.734722 1.4815
0.735417 1.48823
0.736111 1.49498
0.736806 1.50174
0.7375 1.50849
0.738194 1.51527
0.738889 1.52205
0.739583 1.52884
0.740278 1.53563
0.740972 1.54243
0.741667 1.54923
0.742361 1.55604
0.743056 1.56285
0.74375 1.56966
0.744444 1.57647
0.745139 1.58329
0.745833 1.5901
0.746528 1.59691
0.747222 1.60373
0.747917 1.61054
0.748611 1.61734
0.749306 1.62416
0.75 1.63096
0.750694 1.63775
0.751389 1.64454
0.752083 1.65133
0.752778 1.65811
0.753472 1.66487
0.754167 1.67163
0.754861 1.67839
0.755556 1.68512
0.75625 1.69186
0.756944 1.69858
0.757639 1.70528
0.758333 1.71198
0.759028 1.71866
0.759722 1.72532
0.760417 1.73198
0.761111 1.73861
0.761806 1.74523
0.7625 1.75183
0.763194 1.75842
0.763889 1.76498
0.764583 1.77152
0.765278 1.77805
0.765972 1.78455
0.766667 1.79103
0.767361 1.7975
0.768056 1.80394
0.76875 1.81035
0.769444 1.81675
0.770139 1.82311
0.770833 1.82945
0.771528 1.83577
0.772222 1.84205
0.772917 1.84831
0.773611 1.85454
0.774306 1.86075
0.775 1.86692
0.775694 1.87306
0.776389 1.87918
0.777083 1.88526
0.777778 1.8913
0.778472 1.89733
0.779167 1.90331
0.779861 1.90925
0.780556 1.91518
0.78125 1.92106
0.781944 1.9269
0.782639 1.93271
0.783333 1.93848
0.784028 1.94422
0.784722 1.94991
0.785417 1.95557
0.786111 1.96119
0.786806 1.96676
0.7875 1.97231
0.788194 1.97781
0.788889 1.98326
0.789583 1.98868
0.790278 1.99405
0.790972 1.99938
0.791667 2.00467
0.792361 2.00991
0.793056 2.01511
0.79375 2.02027
0.794444 2.02537
0.795139 2.03044
0.795833 2.03545
0.796528 2.04042
0.797222 2.04534
0.797917 2.05021
0.798611 2.05504
0.799306 2.05982
0.8 2.06455
0.800694 2.06923
0.801389 2.07386
0.802083 2.07844
0.802778 2.08297
0.803472 2.08745
0.804167 2.09187
0.804861 2.09625
0.805556 2.10057
0.80625 2.10484
0.806944 2.10906
0.807639 2.11322
0.808333 2.11734
0.809028 2.12139
0.809722 2.1254
0.810417 2.12935
0.811111 2.13324
0.811806 2.13708
0.8125 2.14087
0.813194 2.1446
0.813889 2.14827
0.814583 2.15189
0.815278 2.15545
0.815972 2.15895
0.816667 2.1624
0.817361 2.16579
0.818056 2.16912
0.81875 2.1724
0.819444 2.17562
0.820139 2.17878
0.820833 2.18189
0.821528 2.18494
0.822222 2.18792
0.822917 2.19086
0.823611 2.19373
0.824306 2.19654
0.825 2.1993
0.825694 2.20199
0.826389 2.20463
0.827083 2.20721
0.827778 2.20973
0.828472 2.21219
0.829167 2.21459
0.829861 2.21694
0.830556 2.21922
0.83125 2.22144
0.831944 2.22361
0.832639 2.22572
0.833333 2.22777
0.834028 2.22976
0.834722 2.23169
0.835417 2.23356
0.836111 2.23537
0.836806 2.23713
0.8375 2.23882
0.838194 2.24046
0.838889 2.24204
0.839583 2.24356
0.840278 2.24501
0.840972 2.24642
0.841667 2.24777
0.842361 2.24905
0.843056 2.25029
0.84375 2.25146
0.844444 2.25257
0.845139 2.25363
0.845833 2.25463
0.846528 2.25557
0.847222 2.25646
0.847917 2.25729
0.848611 2.25807
0.849306 2.25878
0.85 2.25945
0.850694 2.26005
0.851389 2.2606
0.852083 2.2611
0.852778 2.26155
0.853472 2.26193
0.854167 2.26227
0.854861 2.26255
0.855556 2.26278
0.85625 2.26295
0.856944 2.26307
0.857639 2.26314
0.858333 2.26315
0.859028 2.26312
0.859722 2.26303
0.860417 2.26289
0.861111 2.26271
0.861806 2.26247
0.8625 2.26217
0.863194 2.26184
0.863889 2.26145
0.864583 2.26102
0.865278 2.26054
0.865972 2.26
0.866667 2.25942
0.867361 2.2588
0.868056 2.25813
0.86875 2.25741
0.869444 2.25665
0.870139 2.25584
0.870833 2.25498
0.871528 2.25408
0.872222 2.25315
0.872917 2.25217
0.873611 2.25113
0.874306 2.25007
0.875 2.24897
0.875694 2.24782
0.876389 2.24663
0.877083 2.2454
0.877778 2.24413
0.878472 2.24282
0.879167 2.24147
0.879861 2.24009
0.880556 2.23866
0.88125 2.23721
0.881944 2.23572
0.882639 2.23419
0.883333 2.23263
0.884028 2.23103
0.884722 2.2294
0.885417 2.22774
0.886111 2.22605
0.886806 2.22432
0.8875 2.22256
0.888194 2.22077
0.888889 2.21895
0.889583 2.2171
0.890278 2.21523
0.890972 2.21332
0.891667 2.21138
0.892361 2.20943
0.893056 2.20744
0.89375 2.20543
0.894444 2.2034
0.895139 2.20134
0.895833 2.19926
0.896528 2.19715
0.897222 2.19502
0.897917 2.19287
0.898611 2.1907
0.899306 2.18851
0.9 2.18629
0.900694 2.18406
0.901389 2.18181
0.902083 2.17955
0.902778 2.17726
0.903472 2.17496
0.904167 2.17265
0.904861 2.17031
0.905556 2.16797
0.90625 2.16561
0.906944 2.16323
0.907639 2.16085
0.908333 2.15845
0.909028 2.15604
0.909722 2.15362
0.910417 2.15118
0.911111 2.14874
0.911806 2.14629
0.9125 2.14384
0.913194 2.14137
0.913889 2.13889
0.914583 2.13642
0.915278 2.13394
0.915972 2.13144
0.916667 2.12895
0.917361 2.12645
0.918056 2.12395
0.91875 2.12145
0.919444 2.11894
0.920139 2.11643
0.920833 2.11392
0.921528 2.11141
0.922222 2.1089
0.922917 2.10638
0.923611 2.10388
0.924306 2.10137
0.925 2.09886
0.925694 2.09637
0.926389 2.09387
0.927083 2.09138
0.927778 2.08889
0.928472 2.0864
0.929167 2.08392
0.929861 2.08145
0.930556 2.07898
0.93125 2.07652
0.931944 2.07407
0.932639 2.07162
0.933333 2.06919
0.934028 2.06676
0.934722 2.06435
0.935417 2.06194
0.936111 2.05953
0.936806 2.05715
0.9375 2.05478
0.938194 2.05241
0.938889 2.05006
0.939583 2.04772
0.940278 2.04539
0.940972 2.04308
0.941667 2.04078
0.942361 2.03849
0.943056 2.03621
0.94375 2.03396
0.944444 2.03172
0.945139 2.02948
0.945833 2.02728
0.946528 2.02508
0.947222 2.02289
0.947917 2.02074
0.948611 2.01859
0.949306 2.01646
0.95 2.01435
0.950694 2.01225
0.951389 2.01018
0.952083 2.00812
0.952778 2.00607
0.953472 2.00405
0.954167 2.00204
0.954861 2.00007
0.955556 1.9981
0.95625 1.99615
0.956944 1.99423
0.957639 1.99232
0.958333 1.99043
0.959028 1.98857
0.959722 1.98672
0.960417 1.98489
0.961111 1.98309
0.961806 1.9813
0.9625 1.97953
0.963194 1.97779
0.963889 1.97606
0.964583 1.97436
0.965278 1.97267
0.965972 1.97102
0.966667 1.96938
0.967361 1.96775
0.968056 1.96616
0.96875 1.96458
0.969444 1.96303
0.970139 1.96149
0.970833 1.95997
0.971528 1.95848
0.972222 1.95701
0.972917 1.95555
0.973611 1.95412
0.974306 1.95271
0.975 1.95133
0.975694 1.94996
0.976389 1.9486
0.977083 1.94728
0.977778 1.94597
0.978472 1.94468
0.979167 1.94342
0.979861 1.94217
0.980556 1.94095
0.98125 1.93974
0.981944 1.93855
0.982639 1.93738
0.983333 1.93623
0.984028 1.9351
0.984722 1.93399
0.985417 1.93289
0.986111 1.93183
0.986806 1.93077
0.9875 1.92973
0.988194 1.92872
0.988889 1.92772
0.989583 1.92674
0.990278 1.92577
0.990972 1.92482
0.991667 1.92389
0.992361 1.92298
0.993056 1.92208
0.99375 1.9212
0.994444 1.92033
0.995139 1.91948
0.995833 1.91864
0.996528 1.91782
0.997222 1.91702
0.997917 1.91623
0.998611 1.91545
0.999306 1.9147
1 1.91395
1.00069 1.91321
1.00139 1.91249
1.00208 1.91179
1.00278 1.91109
1.00347 1.91041
1.00417 1.90974
1.00486 1.90908
1.00556 1.90843
1.00625 1.9078
1.00694 1.90718
1.00764 1.90656
1.00833 1.90596
1.00903 1.90537
1.00972 1.90478
1.01042 1.90421
1.01111 1.90364
1.01181 1.90309
1.0125 1.90254
1.01319 1.902
1.01389 1.90147
1.01458 1.90094
1.01528 1.90043
1.01597 1.89992
1.01667 1.89941
1.01736 1.89892
1.01806 1.89843
1.01875 1.89794
1.01944 1.89746
1.02014 1.89699
1.02083 1.89652
1.02153 1.89605
1.02222 1.89559
1.02292 1.89514
1.02361 1.89468
1.02431 1.89423
1.025 1.89379
1.02569 1.89334
1.02639 1.8929
1.02708 1.89246
1.02778 1.89202
1.02847 1.89159
1.02917 1.89116
1.02986 1.89072
1.03056 1.8903
1.03125 1.88987
1.03194 1.88944
1.03264 1.88901
1.03333 1.88858
1.03403 1.88815
1.03472 1.88771
1.03542 1.88728
1.03611 1.88685
1.03681 1.88641
1.0375 1.88598
1.03819 1.88555
1.03889 1.8851
1.03958 1.88467
1.04028 1.88423
1.04097 1.88377
1.04167 1.88333
1.04236 1.88288
1.04306 1.88243
1.04375 1.88197
1.04444 1.88151
1.04514 1.88105
1.04583 1.88058
1.04653 1.88011
1.04722 1.87964
1.04792 1.87915
1.04861 1.87868
1.04931 1.87819
1.05 1.87769
1.05069 1.87721
1.05139 1.87671
1.05208 1.8762
1.05278 1.87569
1.05347 1.87518
1.05417 1.87466
1.05486 1.87413
1.05556 1.8736
1.05625 1.87307
1.05694 1.87253
1.05764 1.87198
1.05833 1.87143
1.05903 1.87087
1.05972 1.87032
1.06042 1.86975
1.06111 1.86918
1.06181 1.86861
1.0625 1.86803
1.06319 1.86744
1.06389 1.86685
1.06458 1.86625
1.06528 1.86565
1.06597 1.86504
1.06667 1.86443
1.06736 1.86381
1.06806 1.86318
1.06875 1.86256
1.06944 1.86193
1.07014 1.86129
1.07083 1.86066
1.07153 1.86001
1.07222 1.85936
1.07292 1.85871
1.07361 1.85805
1.07431 1.85739
1.075 1.85673
1.07569 1.85606
1.07639 1.85538
1.07708 1.85471
1.07778 1.85403
1.07847 1.85335
1.07917 1.85266
1.07986 1.85198
1.08056 1.85129
1.08125 1.8506
1.08194 1.84991
1.08264 1.84922
1.08333 1.84852
1.08403 1.84783
1.08472 1.84713
1.08542 1.84643
1.08611 1.84573
1.08681 1.84503
1.0875 1.84434
1.08819 1.84364
1.08889 1.84294
1.08958 1.84225
1.09028 1.84155
1.09097 1.84087
1.09167 1.84018
1.09236 1.83949
1.09306 1.83881
1.09375 1.83813
1.09444 1.83745
1.09514 1.83678
1.09583 1.83611
1.09653 1.83545
1.09722 1.83479
1.09792 1.83414
1.09861 1.83349
1.09931 1.83285
1.1 1.83222
1.10069 1.83159
1.10139 1.83097
1.10208 1.83037
1.10278 1.82976
1.10347 1.82917
1.10417 1.82859
1.10486 1.82802
1.10556 1.82745
1.10625 1.8269
1.10694 1.82636
1.10764 1.82583
1.10833 1.82531
1.10903 1.82481
1.10972 1.82432
1.11042 1.82384
1.11111 1.82338
1.11181 1.82293
1.1125 1.82249
1.11319 1.82209
1.11389 1.82169
1.11458 1.8213
1.11528 1.82094
1.11597 1.82059
1.11667 1.82026
1.11736 1.81995
1.11806 1.81966
1.11875 1.81939
1.11944 1.81914
1.12014 1.81891
1.12083 1.81871
1.12153 1.81852
1.12222 1.81836
1.12292 1.81823
1.12361 1.81811
1.12431 1.81803
1.125 1.81796
1.12569 1.81793
1.12639 1.81792
1.12708 1.81793
1.12778 1.81798
1.12847 1.81805
1.12917 1.81815
1.12986 1.81828
1.13056 1.81844
1.13125 1.81864
1.13194 1.81886
1.13264 1.81911
1.13333 1.8194
1.13403 1.81972
1.13472 1.82007
1.13542 1.82046
1.13611 1.82088
1.13681 1.82134
1.1375 1.82183
1.13819 1.82236
1.13889 1.82292
1.13958 1.82352
1.14028 1.82416
1.14097 1.82484
1.14167 1.82555
1.14236 1.82632
1.14306 1.82712
1.14375 1.82795
1.14444 1.82883
1.14514 1.82976
1.14583 1.83072
1.14653 1.83172
1.14722 1.83277
1.14792 1.83386
1.14861 1.835
1.14931 1.83618
1.15 1.83741
1.15069 1.83868
1.15139 1.84
1.15208 1.84136
1.15278 1.84277
1.15347 1.84423
1.15417 1.84574
1.15486 1.84729
1.15556 1.8489
1.15625 1.85055
1.15694 1.85226
1.15764 1.85401
1.15833 1.85581
1.15903 1.85766
1.15972 1.85957
1.16042 1.86152
1.16111 1.86353
1.16181 1.86558
1.1625 1.8677
1.16319 1.86987
1.16389 1.87208
1.16458 1.87436
1.16528 1.87668
1.16597 1.87905
1.16667 1.88149
1.16736 1.88397
1.16806 1.88651
1.16875 1.88911
1.16944 1.89176
1.17014 1.89446
1.17083 1.89722
1.17153 1.90004
1.17222 1.90291
1.17292 1.90583
1.17361 1.90882
1.17431 1.91185
1.175 1.91494
1.17569 1.9181
1.17639 1.92131
1.17708 1.92457
1.17778 1.92789
1.17847 1.93126
1.17917 1.93469
1.17986 1.93818
1.18056 1.94172
1.18125 1.94532
1.18194 1.94898
1.18264 1.95269
1.18333 1.95646
1.18403 1.96028
1.18472 1.96417
1.18542 1.9681
1.18611 1.97209
1.18681 1.97614
1.1875 1.98025
1.18819 1.9844
1.18889 1.98862
1.18958 1.99289
1.19028 1.99721
1.19097 2.00159
1.19167 2.00602
1.19236 2.01051
1.19306 2.01504
1.19375 2.01964
1.19444 2.02429
1.19514 2.02898
1.19583 2.03374
1.19653 2.03855
1.19722 2.0434
1.19792 2.04832
1.19861 2.05328
1.19931 2.05829
1.2 2.06335
1.20069 2.06846
1.20139 2.07363
1.20208 2.07884
1.20278 2.0841
1.20347 2.08941
1.20417 2.09476
1.20486 2.10017
1.20556 2.10563
1.20625 2.11112
1.20694 2.11667
1.20764 2.12227
1.20833 2.1279
1.20903 2.13358
1.20972 2.13931
1.21042 2.14508
1.21111 2.15089
1.21181 2.15675
1.2125 2.16265
1.21319 2.16859
1.21389 2.17457
1.21458 2.18059
1.21528 2.18664
1.21597 2.19275
1.21667 2.19889
1.21736 2.20506
1.21806 2.21128
1.21875 2.21753
1.21944 2.22382
1.22014 2.23014
1.22083 2.23649
1.22153 2.24288
1.22222 2.24931
1.22292 2.25576
1.22361 2.26225
1.22431 2.26877
1.225 2.27532
1.22569 2.2819
1.22639 2.28851
1.22708 2.29515
1.22778 2.30182
1.22847 2.3085
1.22917 2.31523
1.22986 2.32197
1.23056 2.32874
1.23125 2.33553
1.23194 2.34235
1.23264 2.34919
1.23333 2.35605
1.23403 2.36293
1.23472 2.36983
1.23542 2.37674
1.23611 2.38369
1.23681 2.39065
1.2375 2.39762
1.23819 2.40461
1.23889 2.41162
1.23958 2.41864
1.24028 2.42567
1.24097 2.43272
1.24167 2.43978
1.24236 2.44685
1.24306 2.45393
1.24375 2.46102
1.24444 2.46812
1.24514 2.47523
1.24583 2.48235
1.24653 2.48946
1.24722 2.4966
1.24792 2.50373
1.24861 2.51086
1.24931 2.51801
1.25 2.52515
1.25069 2.5323
1.25139 2.53944
1.25208 2.54659
1.25278 2.55373
1.25347 2.56088
1.25417 2.56802
1.25486 2.57515
1.25556 2.58228
1.25625 2.58942
1.25694 2.59654
1.25764 2.60365
1.25833 2.61076
1.25903 2.61786
1.25972 2.62495
1.26042 2.63204
1.26111 2.63911
1.26181 2.64617
1.2625 2.65321
1.26319 2.66025
1.26389 2.66727
1.26458 2.67427
1.26528 2.68126
1.26597 2.68823
1.26667 2.69518
1.26736 2.70213
1.26806 2.70905
1.26875 2.71594
1.26944 2.72283
1.27014 2.72969
1.27083 2.73652
1.27153 2.74334
1.27222 2.75013
1.27292 2.75689
1.27361 2.76363
1.27431 2.77035
1.275 2.77704
1.27569 2.7837
1.27639 2.79033
1.27708 2.79694
1.27778 2.80351
1.27847 2.81006
1.27917 2.81658
1.27986 2.82306
1.28056 2.82951
1.28125 2.83593
1.28194 2.84232
1.28264 2.84866
1.28333 2.85498
1.28403 2.86126
1.28472 2.8675
1.28542 2.8737
1.28611 2.87987
1.28681 2.88599
1.2875 2.89209
1.28819 2.89814
1.28889 2.90414
1.28958 2.91012
1.29028 2.91604
1.29097 2.92192
1.29167 2.92777
1.29236 2.93356
1.29306 2.93932
1.29375 2.94502
1.29444 2.95068
1.29514 2.9563
1.29583 2.96187
1.29653 2.96739
1.29722 2.97286
1.29792 2.97828
1.29861 2.98367
1.29931 2.98899
1.3 2.99426
1.30069 2.9995
1.30139 3.00467
1.30208 3.0098
1.30278 3.01487
1.30347 3.01989
1.30417 3.02485
1.30486 3.02977
1.30556 3.03463
1.30625 3.03943
1.30694 3.04418
1.30764 3.04887
1.30833 3.05351
1.30903 3.05809
1.30972 3.06262
1.31042 3.06709
1.31111 3.07149
1.31181 3.07585
1.3125 3.08015
1.31319 3.08439
1.31389 3.08856
1.31458 3.09268
1.31528 3.09674
1.31597 3.10074
1.31667 3.10468
1.31736 3.10856
1.31806 3.11237
1.31875 3.11613
1.31944 3.11983
1.32014 3.12345
1.32083 3.12703
1.32153 3.13054
1.32222 3.13398
1.32292 3.13737
1.32361 3.1407
1.32431 3.14395
1.325 3.14715
1.32569 3.15028
1.32639 3.15335
1.32708 3.15635
1.32778 3.15929
1.32847 3.16217
1.32917 3.16497
1.32986 3.16773
1.33056 3.17041
1.33125 3.17303
1.33194 3.17559
1.33264 3.17808
1.33333 3.1805
1.33403 3.18286
1.33472 3.18516
1.33542 3.18739
1.33611 3.18955
1.33681 3.19165
1.3375 3.19369
1.33819 3.19566
1.33889 3.19757
1.33958 3.19941
1.34028 3.20118
1.34097 3.2029
1.34167 3.20454
1.34236 3.20612
1.34306 3.20764
1.34375 3.2091
1.34444 3.21048
1.34514 3.21181
1.34583 3.21307
1.34653 3.21426
1.34722 3.2154
1.34792 3.21647
1.34861 3.21747
1.34931 3.21841
1.35 3.21929
1.35069 3.22011
1.35139 3.22086
1.35208 3.22156
1.35278 3.22218
1.35347 3.22274
1.35417 3.22326
1.35486 3.2237
1.35556 3.22408
1.35625 3.2244
1.35694 3.22466
1.35764 3.22486
1.35833 3.225
1.35903 3.22508
1.35972 3.22511
1.36042 3.22506
1.36111 3.22497
1.36181 3.22482
1.3625 3.2246
1.36319 3.22434
1.36389 3.22401
1.36458 3.22363
1.36528 3.22318
1.36597 3.22269
1.36667 3.22214
1.36736 3.22153
1.36806 3.22087
1.36875 3.22015
1.36944 3.21938
1.37014 3.21856
1.37083 3.21768
1.37153 3.21675
1.37222 3.21578
1.37292 3.21475
1.37361 3.21366
1.37431 3.21254
1.375 3.21135
1.37569 3.21012
1.37639 3.20884
1.37708 3.20752
1.37778 3.20614
1.37847 3.20472
1.37917 3.20325
1.37986 3.20174
1.38056 3.20017
1.38125 3.19858
1.38194 3.19693
1.38264 3.19523
1.38333 3.1935
1.38403 3.19173
1.38472 3.1899
1.38542 3.18805
1.38611 3.18615
1.38681 3.18421
1.3875 3.18223
1.38819 3.18022
