0 0 0
0.000694444 0.000925516 0.00145342
0.00138889 0.00271695 0.00290685
0.00208333 0.00554558 0.00436027
0.00277778 0.00939994 0.00581369
0.00347222 0.0142185 0.00726712
0.00416667 0.0199243 0.00872054
0.00486111 0.0264344 0.010174
0.00555556 0.0336716 0.0116274
0.00625 0.0415642 0.0130808
0.00694444 0.0500423 0.0145342
0.00763889 0.0590308 0.0159877
0.00833333 0.0684434 0.0174411
0.00902778 0.0781797 0.0188945
0.00972222 0.0881281 0.0203479
0.0104167 0.098173 0.0218014
0.0111111 0.108207 0.0232548
0.0118056 0.118146 0.0247082
0.0125 0.127933 0.0261616
0.0131944 0.137557 0.027615
0.0138889 0.147039 0.0290685
0.0145833 0.156428 0.0305219
0.0152778 0.165785 0.0319753
0.0159722 0.17516 0.0334287
0.0166667 0.184579 0.0348822
0.0173611 0.194035 0.0363356
0.0180556 0.203488 0.037789
0.01875 0.212877 0.0392424
0.0194444 0.222137 0.0406959
0.0201389 0.231217 0.0421493
0.0208333 0.240098 0.0436027
0.0215278 0.248795 0.0450561
0.0222222 0.257362 0.0465095
0.0229167 0.265876 0.047963
0.0236111 0.274422 0.0494164
0.0243056 0.283084 0.0508698
0.025 0.291922 0.0523232
0.0256944 0.300966 0.0537767
0.0263889 0.310228 0.0552301
0.0270833 0.319695 0.0566835
0.0277778 0.329346 0.0581369
0.0284722 0.339164 0.0595904
0.0291667 0.349139 0.0610438
0.0298611 0.359269 0.0624972
0.0305556 0.369557 0.0639506
0.03125 0.380001 0.0654041
0.0319444 0.390583 0.0668575
0.0326389 0.401267 0.0683109
0.0333333 0.411995 0.0697643
0.0340278 0.422689 0.0712177
0.0347222 0.433256 0.0726712
0.0354167 0.44361 0.0741246
0.0361111 0.453665 0.075578
0.0368056 0.463357 0.0770314
0.0375 0.472642 0.0784849
0.0381944 0.481496 0.0799383
0.0388889 0.489916 0.0813917
0.0395833 0.497908 0.0828451
0.0402778 0.505489 0.0842986
0.0409722 0.512673 0.085752
0.0416667 0.519473 0.0872054
0.0423611 0.525897 0.0886588
0.0430556 0.531949 0.0901122
0.04375 0.537625 0.0915657
0.0444444 0.542921 0.0930191
0.0451389 0.547827 0.0944725
0.0458333 0.552327 0.0959259
0.0465278 0.556403 0.0973794
0.0472222 0.560034 0.0988328
0.0479167 0.563195 0.100286
0.0486111 0.565866 0.10174
0.0493056 0.568031 0.103193
0.05 0.569683 0.104646
0.0506944 0.570823 0.1061
0.0513889 0.571457 0.107553
0.0520833 0.571593 0.109007
0.0527778 0.57123 0.11046
0.0534722 0.570361 0.111914
0.0541667 0.568958 0.113367
0.0548611 0.566982 0.11482
0.0555556 0.564389 0.116274
0.05625 0.561142 0.117727
0.0569444 0.557224 0.119181
0.0576389 0.552665 0.120634
0.0583333 0.547538 0.122088
0.0590278 0.541978 0.123541
0.0597222 0.536174 0.124994
0.0604167 0.530352 0.126448
0.0611111 0.52476 0.127901
0.0618056 0.51964 0.129355
0.0625 0.515198 0.130808
0.0631944 0.511589 0.132262
0.0638889 0.508902 0.133715
0.0645833 0.507167 0.135168
0.0652778 0.506361 0.136622
0.0659722 0.506432 0.138075
0.0666667 0.507326 0.139529
0.0673611 0.508998 0.140982
0.0680556 0.511427 0.142435
0.06875 0.514624 0.143889
0.0694444 0.518616 0.145342
0.0701389 0.523443 0.146796
0.0708333 0.529136 0.148249
0.0715278 0.535704 0.149703
0.0722222 0.543125 0.151156
0.0729167 0.551346 0.152609
0.0736111 0.560282 0.154063
0.0743056 0.569833 0.155516
0.075 0.579896 0.15697
0.0756944 0.590384 0.158423
0.0763889 0.601231 0.159877
0.0770833 0.612397 0.16133
0.0777778 0.623876 0.162783
0.0784722 0.635671 0.164237
0.0791667 0.647791 0.16569
0.0798611 0.660234 0.167144
0.0805556 0.672976 0.168597
0.08125 0.685965 0.170051
0.0819444 0.699124 0.171504
0.0826389 0.71236 0.172957
0.0833333 0.725579 0.174411
0.0840278 0.738705 0.175864
0.0847222 0.75169 0.177318
0.0854167 0.764518 0.178771
0.0861111 0.77721 0.180224
0.0868056 0.789813 0.181678
0.0875 0.802386 0.183131
0.0881944 0.814983 0.184585
0.0888889 0.82765 0.186038
0.0895833 0.840402 0.187492
0.0902778 0.853232 0.188945
0.0909722 0.866115 0.190398
0.0916667 0.879013 0.191852
0.0923611 0.891888 0.193305
0.0930556 0.904709 0.194759
0.09375 0.917453 0.196212
0.0944444 0.930106 0.197666
0.0951389 0.942654 0.199119
0.0958333 0.95508 0.200572
0.0965278 0.967346 0.202026
0.0972222 0.979397 0.203479
0.0979167 0.991162 0.204933
0.0986111 1.00255 0.206386
0.0993056 1.01347 0.20784
0.1 1.02383 0.209293
0.100694 1.03356 0.210746
0.101389 1.04259 0.2122
0.102083 1.05089 0.213653
0.102778 1.05846 0.215107
0.103472 1.06529 0.21656
0.104167 1.07139 0.218014
0.104861 1.0768 0.219467
0.105556 1.08151 0.22092
0.10625 1.08556 0.222374
0.106944 1.08896 0.223827
0.107639 1.09171 0.225281
0.108333 1.09383 0.226734
0.109028 1.09532 0.228187
0.109722 1.09617 0.229641
0.110417 1.0964 0.231094
0.111111 1.096 0.232548
0.111806 1.09496 0.234001
0.1125 1.09329 0.235455
0.113194 1.09097 0.236908
0.113889 1.08803 0.238361
0.114583 1.08446 0.239815
0.115278 1.08031 0.241268
0.115972 1.0756 0.242722
0.116667 1.07036 0.244175
0.117361 1.06462 0.245629
0.118056 1.0584 0.247082
0.11875 1.05169 0.248535
0.119444 1.04448 0.249989
0.120139 1.03676 0.251442
0.120833 1.02852 0.252896
0.121528 1.01976 0.254349
0.122222 1.01056 0.255803
0.122917 1.00101 0.257256
0.123611 0.991276 0.258709
0.124306 0.981575 0.260163
0.125 0.972153 0.261616
0.125694 0.96327 0.26307
0.126389 0.955171 0.264523
0.127083 0.948067 0.265976
0.127778 0.942106 0.26743
0.128472 0.937369 0.268883
0.129167 0.933881 0.270337
0.129861 0.931609 0.27179
0.130556 0.930497 0.273244
0.13125 0.930478 0.274697
0.131944 0.9315 0.27615
0.132639 0.93353 0.277604
0.133333 0.936565 0.279057
0.134028 0.940615 0.280511
0.134722 0.945702 0.281964
0.135417 0.951835 0.283418
0.136111 0.959003 0.284871
0.136806 0.967163 0.286324
0.1375 0.976242 0.287778
0.138194 0.986146 0.289231
0.138889 0.996765 0.290685
0.139583 1.00799 0.292138
0.140278 1.01974 0.293592
0.140972 1.03196 0.295045
0.141667 1.0446 0.296498
0.142361 1.05767 0.297952
0.143056 1.07117 0.299405
0.14375 1.0851 0.300859
0.144444 1.09946 0.302312
0.145139 1.1142 0.303765
0.145833 1.12926 0.305219
0.146528 1.14455 0.306672
0.147222 1.15998 0.308126
0.147917 1.17544 0.309579
0.148611 1.19086 0.311033
0.149306 1.20619 0.312486
0.15 1.22142 0.313939
0.150694 1.23657 0.315393
0.151389 1.25167 0.316846
0.152083 1.26677 0.3183
0.152778 1.28193 0.319753
0.153472 1.29715 0.321207
0.154167 1.31244 0.32266
0.154861 1.32776 0.324113
0.155556 1.34307 0.325567
0.15625 1.35831 0.32702
0.156944 1.37344 0.328474
0.157639 1.38839 0.329927
0.158333 1.40314 0.331381
0.159028 1.41765 0.332834
0.159722 1.43188 0.334287
0.160417 1.44581 0.335741
0.161111 1.45936 0.337194
0.161806 1.47246 0.338648
0.1625 1.48503 0.340101
0.163194 1.49695 0.341554
0.163889 1.50813 0.343008
0.164583 1.51845 0.344461
0.165278 1.52785 0.345915
0.165972 1.53625 0.347368
0.166667 1.54364 0.348822
0.167361 1.54998 0.350275
0.168056 1.55529 0.351728
0.16875 1.55958 0.353182
0.169444 1.56287 0.354635
0.170139 1.56518 0.356089
0.170833 1.56653 0.357542
0.171528 1.56695 0.358996
0.172222 1.56644 0.360449
0.172917 1.56503 0.361902
0.173611 1.56274 0.363356
0.174306 1.55957 0.364809
0.175 1.55555 0.366263
0.175694 1.5507 0.367716
0.176389 1.54502 0.36917
0.177083 1.53853 0.370623
0.177778 1.53126 0.372076
0.178472 1.52323 0.37353
0.179167 1.5145 0.374983
0.179861 1.50511 0.376437
0.180556 1.49512 0.37789
0.18125 1.48459 0.379344
0.181944 1.47357 0.380797
0.182639 1.4621 0.38225
0.183333 1.45021 0.383704
0.184028 1.43792 0.385157
0.184722 1.42522 0.386611
0.185417 1.41215 0.388064
0.186111 1.39876 0.389517
0.186806 1.38512 0.390971
0.1875 1.37137 0.392424
0.188194 1.35771 0.393878
0.188889 1.34438 0.395331
0.189583 1.33163 0.396785
0.190278 1.31975 0.398238
0.190972 1.30897 0.399691
0.191667 1.29951 0.401145
0.192361 1.29151 0.402598
0.193056 1.28503 0.404052
0.19375 1.28009 0.405505
0.194444 1.27664 0.406959
0.195139 1.27462 0.408412
0.195833 1.27394 0.409865
0.196528 1.27456 0.411319
0.197222 1.27642 0.412772
0.197917 1.27951 0.414226
0.198611 1.28382 0.415679
0.199306 1.28934 0.417133
0.2 1.29608 0.418586
0.200694 1.30398 0.420039
0.201389 1.31299 0.421493
0.202083 1.32301 0.422946
0.202778 1.33393 0.4244
0.203472 1.34562 0.425853
0.204167 1.35797 0.427306
0.204861 1.37089 0.42876
0.205556 1.38433 0.430213
0.20625 1.39825 0.431667
0.206944 1.41264 0.43312
0.207639 1.42751 0.434574
0.208333 1.44288 0.436027
0.209028 1.45871 0.43748
0.209722 1.47497 0.438934
0.210417 1.49159 0.440387
0.211111 1.50848 0.441841
0.211806 1.52555 0.443294
0.2125 1.54269 0.444748
0.213194 1.55984 0.446201
0.213889 1.57696 0.447654
0.214583 1.59403 0.449108
0.215278 1.61108 0.450561
0.215972 1.62814 0.452015
0.216667 1.64527 0.453468
0.217361 1.66248 0.454922
0.218056 1.6798 0.456375
0.21875 1.69719 0.457828
0.219444 1.71461 0.459282
0.220139 1.732 0.460735
0.220833 1.74929 0.462189
0.221528 1.7664 0.463642
0.222222 1.78327 0.465095
0.222917 1.79985 0.466549
0.223611 1.81608 0.468002
0.224306 1.83191 0.469456
0.225 1.84728 0.470909
0.225694 1.8621 0.472363
0.226389 1.87627 0.473816
0.227083 1.88969 0.475269
0.227778 1.90222 0.476723
0.228472 1.91376 0.478176
0.229167 1.92418 0.47963
0.229861 1.93339 0.481083
0.230556 1.94134 0.482537
0.23125 1.94797 0.48399
0.231944 1.95328 0.485443
0.232639 1.95726 0.486897
0.233333 1.95992 0.48835
0.234028 1.96129 0.489804
0.234722 1.96138 0.491257
0.235417 1.96022 0.492711
0.236111 1.95784 0.494164
0.236806 1.95424 0.495617
0.2375 1.94948 0.497071
0.238194 1.94356 0.498524
0.238889 1.93653 0.499978
0.239583 1.92841 0.501431
0.240278 1.91923 0.502884
0.240972 1.90904 0.504338
0.241667 1.89788 0.505791
0.242361 1.88578 0.507245
0.243056 1.8728 0.508698
0.24375 1.85903 0.510152
0.244444 1.84452 0.511605
0.245139 1.82938 0.513058
0.245833 1.81369 0.514512
0.246528 1.79753 0.515965
0.247222 1.78096 0.517419
0.247917 1.76405 0.518872
0.248611 1.74683 0.520326
0.249306 1.72935 0.521779
0.25 1.71166 0.523232
0.250694 1.69384 0.524686
0.251389 1.676 0.526139
0.252083 1.65832 0.527593
0.252778 1.64101 0.529046
0.253472 1.62434 0.5305
0.254167 1.6086 0.531953
0.254861 1.59404 0.533406
0.255556 1.58094 0.53486
0.25625 1.56947 0.536313
0.256944 1.55978 0.537767
0.257639 1.55192 0.53922
0.258333 1.54588 0.540673
0.259028 1.5416 0.542127
0.259722 1.53901 0.54358
0.260417 1.53801 0.545034
0.261111 1.53852 0.546487
0.261806 1.54048 0.547941
0.2625 1.54387 0.549394
0.263194 1.54864 0.550847
0.263889 1.55478 0.552301
0.264583 1.56224 0.553754
0.265278 1.57097 0.555208
0.265972 1.58085 0.556661
0.266667 1.59178 0.558115
0.267361 1.60363 0.559568
0.268056 1.61625 0.561021
0.26875 1.62953 0.562475
0.269444 1.64337 0.563928
0.270139 1.65772 0.565382
0.270833 1.67255 0.566835
0.271528 1.68785 0.568289
0.272222 1.70365 0.569742
0.272917 1.71993 0.571195
0.273611 1.7367 0.572649
0.274306 1.75392 0.574102
0.275 1.77152 0.575556
0.275694 1.78941 0.577009
0.276389 1.8075 0.578463
0.277083 1.82572 0.579916
0.277778 1.844 0.581369
0.278472 1.86231 0.582823
0.279167 1.88066 0.584276
0.279861 1.89907 0.58573
0.280556 1.91759 0.587183
0.28125 1.93625 0.588636
0.281944 1.95508 0.59009
0.282639 1.97408 0.591543
0.283333 1.99321 0.592997
0.284028 2.01242 0.59445
0.284722 2.03162 0.595904
0.285417 2.05072 0.597357
0.286111 2.06964 0.59881
0.286806 2.0883 0.600264
0.2875 2.10662 0.601717
0.288194 2.12453 0.603171
0.288889 2.14195 0.604624
0.289583 2.15879 0.606078
0.290278 2.17494 0.607531
0.290972 2.19028 0.608984
0.291667 2.20468 0.610438
0.292361 2.21797 0.611891
0.293056 2.23004 0.613345
0.29375 2.24074 0.614798
0.294444 2.24997 0.616252
0.295139 2.25767 0.617705
0.295833 2.26378 0.619158
0.296528 2.26828 0.620612
0.297222 2.27116 0.622065
0.297917 2.27243 0.623519
0.298611 2.2721 0.624972
0.299306 2.27019 0.626425
0.3 2.26673 0.627879
0.300694 2.26174 0.629332
0.301389 2.25525 0.630786
0.302083 2.24731 0.632239
0.302778 2.23793 0.633693
0.303472 2.22719 0.635146
0.304167 2.21511 0.636599
0.304861 2.20176 0.638053
0.305556 2.18719 0.639506
0.30625 2.17145 0.64096
0.306944 2.15463 0.642413
0.307639 2.13681 0.643867
0.308333 2.11808 0.64532
0.309028 2.09856 0.646773
0.309722 2.07836 0.648227
0.310417 2.05761 0.64968
0.311111 2.03641 0.651134
0.311806 2.01486 0.652587
0.3125 1.99305 0.654041
0.313194 1.97106 0.655494
0.313889 1.94895 0.656947
0.314583 1.92681 0.658401
0.315278 1.90477 0.659854
0.315972 1.88297 0.661308
0.316667 1.86162 0.662761
0.317361 1.84096 0.664214
0.318056 1.82128 0.665668
0.31875 1.80288 0.667121
0.319444 1.78604 0.668575
0.320139 1.771 0.670028
0.320833 1.75796 0.671482
0.321528 1.74701 0.672935
0.322222 1.73821 0.674388
0.322917 1.73152 0.675842
0.323611 1.72686 0.677295
0.324306 1.72412 0.678749
0.325 1.7232 0.680202
0.325694 1.724 0.681656
0.326389 1.72644 0.683109
0.327083 1.73044 0.684562
0.327778 1.73596 0.686016
0.328472 1.74294 0.687469
0.329167 1.7513 0.688923
0.329861 1.76094 0.690376
0.330556 1.77173 0.69183
0.33125 1.78354 0.693283
0.331944 1.7962 0.694736
0.332639 1.80957 0.69619
0.333333 1.82352 0.697643
0.334028 1.83796 0.699097
0.334722 1.85283 0.70055
0.335417 1.86812 0.702003
0.336111 1.88383 0.703457
0.336806 1.89998 0.70491
0.3375 1.91659 0.706364
0.338194 1.93366 0.707817
0.338889 1.95115 0.709271
0.339583 1.96903 0.710724
0.340278 1.98721 0.712177
0.340972 2.00563 0.713631
0.341667 2.02422 0.715084
0.342361 2.04294 0.716538
0.343056 2.06179 0.717991
0.34375 2.08078 0.719445
0.344444 2.09996 0.720898
0.345139 2.11937 0.722351
0.345833 2.13906 0.723805
0.346528 2.15904 0.725258
0.347222 2.17932 0.726712
0.347917 2.19984 0.728165
0.348611 2.22053 0.729619
0.349306 2.24129 0.731072
0.35 2.26203 0.732525
0.350694 2.28264 0.733979
0.351389 2.30301 0.735432
0.352083 2.32305 0.736886
0.352778 2.34267 0.738339
0.353472 2.36174 0.739793
0.354167 2.38016 0.741246
0.354861 2.39779 0.742699
0.355556 2.41448 0.744153
0.35625 2.43004 0.745606
0.356944 2.44433 0.74706
0.357639 2.45716 0.748513
0.358333 2.46841 0.749966
0.359028 2.47794 0.75142
0.359722 2.48568 0.752873
0.360417 2.49154 0.754327
0.361111 2.49552 0.75578
0.361806 2.49757 0.757234
0.3625 2.49771 0.758687
0.363194 2.49594 0.76014
0.363889 2.49228 0.761594
0.364583 2.48674 0.763047
0.365278 2.47936 0.764501
0.365972 2.47017 0.765954
0.366667 2.45921 0.767408
0.367361 2.44654 0.768861
0.368056 2.43222 0.770314
0.36875 2.41631 0.771768
0.369444 2.39888 0.773221
0.370139 2.38001 0.774675
0.370833 2.35978 0.776128
0.371528 2.3383 0.777582
0.372222 2.31567 0.779035
0.372917 2.29203 0.780488
0.373611 2.26752 0.781942
0.374306 2.2423 0.783395
0.375 2.21652 0.784849
0.375694 2.19032 0.786302
0.376389 2.16384 0.787755
0.377083 2.1372 0.789209
0.377778 2.11051 0.790662
0.378472 2.08389 0.792116
0.379167 2.05747 0.793569
0.379861 2.03139 0.795023
0.380556 2.00585 0.796476
0.38125 1.9811 0.797929
0.381944 1.95741 0.799383
0.382639 1.93509 0.800836
0.383333 1.91444 0.80229
0.384028 1.89577 0.803743
0.384722 1.87929 0.805197
0.385417 1.86519 0.80665
0.386111 1.85355 0.808103
0.386806 1.84438 0.81083
0.3875 1.83762 0.815813
0.388194 1.83316 0.820796
0.388889 1.83087 0.825778
0.389583 1.8306 0.830761
0.390278 1.83223 0.835744
0.390972 1.83563 0.840727
0.391667 1.84072 0.84571
0.392361 1.84738 0.850692
0.393056 1.85551 0.855675
0.39375 1.86501 0.860658
0.394444 1.87573 0.865641
0.395139 1.8875 0.870623
0.395833 1.90016 0.875606
0.396528 1.91352 0.880589
0.397222 1.92743 0.885572
0.397917 1.94175 0.890555
0.398611 1.95639 0.895537
0.399306 1.97132 0.90052
0.4 1.98651 0.905503
0.400694 2.002 0.910486
0.401389 2.01782 0.915469
0.402083 2.034 0.920451
0.402778 2.05057 0.925434
0.403472 2.06753 0.930417
0.404167 2.08483 0.9354
0.404861 2.10245 0.940383
0.405556 2.12033 0.945365
0.40625 2.13845 0.950348
0.406944 2.1568 0.955331
0.407639 2.17539 0.960314
0.408333 2.19428 0.965296
0.409028 2.21352 0.970279
0.409722 2.23319 0.975262
0.410417 2.25332 0.980245
0.411111 2.27395 0.985228
0.411806 2.29506 0.99021
0.4125 2.3166 0.995193
0.413194 2.33848 1.00018
0.413889 2.3606 1.00516
0.414583 2.38283 1.01014
0.415278 2.40505 1.01512
0.415972 2.42713 1.02011
0.416667 2.44894 1.02509
0.417361 2.47037 1.03007
0.418056 2.49126 1.03506
0.41875 2.51147 1.04004
0.419444 2.53082 1.04502
0.420139 2.54913 1.05
0.420833 2.56618 1.05499
0.421528 2.58178 1.05997
0.422222 2.59574 1.06495
0.422917 2.60788 1.06994
0.423611 2.61807 1.07492
0.424306 2.6262 1.0799
0.425 2.63219 1.08488
0.425694 2.63598 1.08987
0.426389 2.63755 1.09485
0.427083 2.63688 1.09983
0.427778 2.63396 1.10481
0.428472 2.62882 1.1098
0.429167 2.62145 1.11478
0.429861 2.6119 1.11976
0.430556 2.60021 1.12475
0.43125 2.58641 1.12973
0.431944 2.57058 1.13471
0.432639 2.5528 1.13969
0.433333 2.53313 1.14468
0.434028 2.51167 1.14966
0.434722 2.48852 1.15464
0.435417 2.46379 1.15963
0.436111 2.43762 1.16461
0.436806 2.41015 1.16959
0.4375 2.38154 1.17457
0.438194 2.35199 1.17956
0.438889 2.32167 1.18454
0.439583 2.29079 1.18952
0.440278 2.25953 1.1945
0.440972 2.22808 1.19949
0.441667 2.19659 1.20447
0.442361 2.16522 1.20945
0.443056 2.13414 1.21444
0.44375 2.10352 1.21942
0.444444 2.07356 1.2244
0.445139 2.04451 1.22938
0.445833 2.01664 1.23437
0.446528 1.99027 1.23935
0.447222 1.96574 1.24433
0.447917 1.94335 1.24932
0.448611 1.92341 1.2543
0.449306 1.90614 1.25928
0.45 1.89168 1.26426
0.450694 1.8801 1.26925
0.451389 1.87135 1.27423
0.452083 1.86534 1.27921
0.452778 1.86191 1.2842
0.453472 1.86089 1.28918
0.454167 1.86208 1.29416
0.454861 1.86531 1.29914
0.455556 1.87041 1.30413
0.45625 1.87722 1.30911
0.456944 1.88559 1.31409
0.457639 1.89536 1.31907
0.458333 1.90637 1.32406
0.459028 1.91842 1.32904
0.459722 1.9313 1.33402
0.460417 1.94482 1.33901
0.461111 1.95876 1.34399
0.461806 1.97296 1.34897
0.4625 1.98729 1.35395
0.463194 2.00166 1.35894
0.463889 2.01603 1.36392
0.464583 2.03043 1.3689
0.465278 2.04491 1.37389
0.465972 2.05951 1.37887
0.466667 2.07432 1.38385
0.467361 2.08939 1.38883
0.468056 2.10474 1.39382
0.46875 2.12039 1.3988
0.469444 2.13635 1.40378
0.470139 2.15261 1.40876
0.470833 2.16919 1.41375
0.471528 2.18612 1.41873
0.472222 2.20347 1.42371
0.472917 2.22133 1.4287
0.473611 2.23978 1.43368
0.474306 2.25892 1.43866
0.475 2.27881 1.44364
0.475694 2.29949 1.44863
0.476389 2.32094 1.45361
0.477083 2.3431 1.45859
0.477778 2.36588 1.46358
0.478472 2.38915 1.46856
0.479167 2.41278 1.47354
0.479861 2.4366 1.47852
0.480556 2.46047 1.48351
0.48125 2.48423 1.48849
0.481944 2.5077 1.49347
0.482639 2.53071 1.49845
0.483333 2.55306 1.50344
0.484028 2.57453 1.50842
0.484722 2.59488 1.5134
0.485417 2.61387 1.51839
0.486111 2.63127 1.52337
0.486806 2.64683 1.52835
0.4875 2.66037 1.53333
0.488194 2.67171 1.53832
0.488889 2.68072 1.5433
0.489583 2.68729 1.54828
0.490278 2.69135 1.55327
0.490972 2.69285 1.55825
0.491667 2.69176 1.56323
0.492361 2.68806 1.56821
0.493056 2.68176 1.5732
0.49375 2.67285 1.57818
0.494444 2.66137 1.58316
0.495139 2.64736 1.58815
0.495833 2.63088 1.59313
0.496528 2.61199 1.59811
0.497222 2.5908 1.60309
0.497917 2.56739 1.60808
0.498611 2.54187 1.61306
0.499306 2.51438 1.61804
0.5 2.48506 1.62302
0.500694 2.45406 1.62801
0.501389 2.42158 1.63299
0.502083 2.38781 1.63797
0.502778 2.353 1.64296
0.503472 2.31737 1.64794
0.504167 2.28118 1.65292
0.504861 2.24465 1.6579
0.505556 2.20802 1.66289
0.50625 2.17153 1.66787
0.506944 2.13537 1.67285
0.507639 2.09977 1.67784
0.508333 2.06497 1.68282
0.509028 2.03124 1.6878
0.509722 1.99887 1.69278
0.510417 1.9682 1.69777
0.511111 1.93958 1.70275
0.511806 1.91339 1.70773
0.5125 1.88994 1.71271
0.513194 1.86954 1.7177
0.513889 1.85238 1.72268
0.514583 1.83857 1.72766
0.515278 1.82814 1.73265
0.515972 1.82097 1.73763
0.516667 1.81692 1.74261
0.517361 1.81575 1.74759
0.518056 1.81723 1.75258
0.51875 1.82108 1.75756
0.519444 1.82707 1.76254
0.520139 1.83493 1.76753
0.520833 1.84445 1.77251
0.521528 1.8554 1.77749
0.522222 1.86753 1.78247
0.522917 1.88061 1.78746
0.523611 1.89439 1.79244
0.524306 1.90862 1.79742
0.525 1.92304 1.80241
0.525694 1.93745 1.80739
0.526389 1.95165 1.81237
0.527083 1.96551 1.81735
0.527778 1.97897 1.82234
0.528472 1.99202 1.82732
0.529167 2.0047 1.8323
0.529861 2.0171 1.83728
0.530556 2.02932 1.84227
0.53125 2.04147 1.84725
0.531944 2.05367 1.85223
0.532639 2.066 1.85722
0.533333 2.07854 1.8622
0.534028 2.09136 1.86718
0.534722 2.10452 1.87216
0.535417 2.11812 1.87715
0.536111 2.13224 1.88213
0.536806 2.14703 1.88711
0.5375 2.16261 1.8921
0.538194 2.17913 1.89708
0.538889 2.19673 1.90206
0.539583 2.21549 1.90704
0.540278 2.23547 1.91203
0.540972 2.25666 1.91701
0.541667 2.279 1.92199
0.542361 2.30238 1.92697
0.543056 2.32665 1.93196
0.54375 2.35165 1.93694
0.544444 2.37719 1.94192
0.545139 2.40308 1.94691
0.545833 2.42911 1.95189
0.546528 2.45506 1.95687
0.547222 2.48069 1.96185
0.547917 2.50575 1.96684
0.548611 2.52996 1.97182
0.549306 2.55302 1.9768
0.55 2.57463 1.98179
0.550694 2.59452 1.98677
0.551389 2.6124 1.99175
0.552083 2.62803 1.99673
0.552778 2.6412 2.00172
0.553472 2.65175 2.0067
0.554167 2.65954 2.01168
0.554861 2.66447 2.01667
0.555556 2.66645 2.02165
0.55625 2.66545 2.02663
0.556944 2.66141 2.03161
0.557639 2.65433 2.0366
0.558333 2.64421 2.04158
0.559028 2.63106 2.04656
0.559722 2.61494 2.05154
0.560417 2.5959 2.05653
0.561111 2.57403 2.06151
0.561806 2.54942 2.06649
0.5625 2.5222 2.07148
0.563194 2.4925 2.07646
0.563889 2.46047 2.08144
0.564583 2.42629 2.08642
0.565278 2.39016 2.09141
0.565972 2.35231 2.09639
0.566667 2.31299 2.10137
0.567361 2.27249 2.10636
0.568056 2.2311 2.11134
0.56875 2.18913 2.11632
0.569444 2.14688 2.1213
0.570139 2.10465 2.12629
0.570833 2.06276 2.13127
0.571528 2.02149 2.13625
0.572222 1.98114 2.14123
0.572917 1.94205 2.14622
0.573611 1.90457 2.1512
0.574306 1.86907 2.15618
0.575 1.83597 2.16117
0.575694 1.80568 2.16615
0.576389 1.7786 2.17113
0.577083 1.7551 2.17611
0.577778 1.73544 2.1811
0.578472 1.7198 2.18608
0.579167 1.70824 2.19106
0.579861 1.70069 2.19605
0.580556 1.69695 2.20103
0.58125 1.69677 2.20601
0.581944 1.69982 2.21099
0.582639 1.70574 2.21598
0.583333 1.71414 2.22096
0.584028 1.72467 2.22594
0.584722 1.73698 2.23092
0.585417 1.75071 2.23591
0.586111 1.76553 2.24089
0.586806 1.78112 2.24587
0.5875 1.79713 2.25086
0.588194 1.81326 2.25584
0.588889 1.82919 2.26082
0.589583 1.84463 2.2658
0.590278 1.85935 2.27079
0.590972 1.87316 2.27577
0.591667 1.88593 2.28075
0.592361 1.89763 2.28574
0.593056 1.90827 2.29072
0.59375 1.91794 2.2957
0.594444 1.92677 2.30068
0.595139 1.93494 2.30567
0.595833 1.94263 2.31065
0.596528 1.95002 2.31563
0.597222 1.9573 2.32062
0.597917 1.96463 2.3256
0.598611 1.97218 2.33058
0.599306 1.98012 2.33556
0.6 1.98863 2.34055
0.600694 1.99792 2.34553
0.601389 2.0082 2.35051
0.602083 2.01972 2.35549
0.602778 2.03268 2.36048
0.603472 2.04728 2.36546
0.604167 2.06367 2.37044
0.604861 2.08193 2.37543
0.605556 2.10206 2.38041
0.60625 2.12402 2.38539
0.606944 2.14767 2.39037
0.607639 2.17285 2.39536
0.608333 2.19933 2.40034
0.609028 2.22689 2.40532
0.609722 2.25527 2.41031
0.610417 2.2842 2.41529
0.611111 2.31337 2.42027
0.611806 2.34248 2.42525
0.6125 2.37117 2.43024
0.613194 2.39911 2.43522
0.613889 2.42591 2.4402
0.614583 2.4512 2.44518
0.615278 2.47463 2.45017
0.615972 2.49587 2.45515
0.616667 2.51462 2.46013
0.617361 2.53061 2.46512
0.618056 2.54364 2.4701
0.61875 2.55353 2.47508
0.619444 2.56014 2.48006
0.620139 2.56336 2.48505
0.620833 2.56311 2.49003
0.621528 2.55932 2.49501
0.622222 2.55197 2.5
0.622917 2.54103 2.50498
0.623611 2.52654 2.50996
0.624306 2.50852 2.51494
0.625 2.48704 2.51993
0.625694 2.4622 2.52491
0.626389 2.43411 2.52989
0.627083 2.4029 2.53488
0.627778 2.36873 2.53986
0.628472 2.33179 2.54484
0.629167 2.29229 2.54982
0.629861 2.25047 2.55481
0.630556 2.20661 2.55979
0.63125 2.16102 2.56477
0.631944 2.11405 2.56975
0.632639 2.06607 2.57474
0.633333 2.01746 2.57972
0.634028 1.96862 2.5847
0.634722 1.91996 2.58969
0.635417 1.87188 2.59467
0.636111 1.82481 2.59965
0.636806 1.77918 2.60463
0.6375 1.73544 2.60962
0.638194 1.69409 2.6146
0.638889 1.65564 2.61958
0.639583 1.62061 2.62457
0.640278 1.58953 2.62955
0.640972 1.56286 2.63453
0.641667 1.54098 2.63951
0.642361 1.52416 2.6445
0.643056 1.5125 2.64948
0.64375 1.50595 2.65446
0.644444 1.50429 2.65976
0.645139 1.50718 2.66586
0.645833 1.51416 2.67196
0.646528 1.52471 2.67806
0.647222 1.53828 2.68416
0.647917 1.55431 2.69026
0.648611 1.57226 2.69636
0.649306 1.59162 2.70246
0.65 1.61187 2.70856
0.650694 1.63256 2.71465
0.651389 1.65322 2.72075
0.652083 1.67342 2.72685
0.652778 1.69278 2.73295
0.653472 1.71091 2.73905
0.654167 1.72752 2.74515
0.654861 1.74234 2.75125
0.655556 1.75518 2.75735
0.65625 1.76596 2.76345
0.656944 1.77466 2.76955
0.657639 1.78133 2.77565
0.658333 1.78612 2.78175
0.659028 1.78924 2.78785
0.659722 1.79094 2.79395
0.660417 1.7915 2.80005
0.661111 1.7912 2.80615
0.661806 1.79036 2.81224
0.6625 1.78928 2.81834
0.663194 1.78828 2.82444
0.663889 1.78767 2.83054
0.664583 1.7878 2.83664
0.665278 1.78903 2.84274
0.665972 1.79174 2.84884
0.666667 1.7963 2.85494
0.667361 1.80307 2.86104
0.668056 1.81236 2.86714
0.66875 1.8244 2.87324
0.669444 1.83935 2.87934
0.670139 1.85725 2.88544
0.670833 1.87804 2.89154
0.671528 1.90159 2.89764
0.672222 1.92766 2.90374
0.672917 1.95598 2.90983
0.673611 1.98622 2.91593
0.674306 2.01803 2.92203
0.675 2.05101 2.92813
0.675694 2.08475 2.93423
0.676389 2.11881 2.94033
0.677083 2.15272 2.94643
0.677778 2.18602 2.95253
0.678472 2.21823 2.95863
0.679167 2.24887 2.96473
0.679861 2.27749 2.97083
0.680556 2.30369 2.97693
0.68125 2.32709 2.98303
0.681944 2.34737 2.98913
0.682639 2.36426 2.99523
0.683333 2.37754 3.00133
0.684028 2.387 3.00742
0.684722 2.39252 3.01352
0.685417 2.39396 3.01962
0.686111 2.39124 3.02572
0.686806 2.3843 3.03182
0.6875 2.37311 3.03792
0.688194 2.35768 3.04402
0.688889 2.33804 3.05012
0.689583 2.31426 3.05622
0.690278 2.28644 3.06232
0.690972 2.25471 3.06842
0.691667 2.21921 3.07452
0.692361 2.18012 3.08062
0.693056 2.13767 3.08672
0.69375 2.09209 3.09282
0.694444 2.04367 3.09891
0.695139 1.99274 3.10501
0.695833 1.93969 3.11111
0.696528 1.88492 3.11721
0.697222 1.8289 3.12331
0.697917 1.77213 3.12941
0.698611 1.71512 3.13551
0.699306 1.65843 3.14161
0.7 1.60264 3.14771
0.700694 1.54836 3.15381
0.701389 1.49626 3.15991
0.702083 1.44703 3.16601
0.702778 1.40141 3.17211
0.703472 1.36019 3.17821
0.704167 1.32411 3.18431
0.704861 1.2939 3.19041
0.705556 1.27015 3.1965
0.70625 1.25329 3.2026
0.706944 1.2435 3.2087
0.707639 1.24074 3.2148
0.708333 1.24466 3.2209
0.709028 1.25473 3.227
0.709722 1.27022 3.2331
0.710417 1.2903 3.2392
0.711111 1.31409 3.2453
0.711806 1.34072 3.2514
0.7125 1.36933 3.2575
0.713194 1.39915 3.2636
0.713889 1.42943 3.2697
0.714583 1.4595 3.2758
0.715278 1.48875 3.2819
0.715972 1.51661 3.288
0.716667 1.54257 3.29409
0.717361 1.56618 3.30019
0.718056 1.58704 3.30629
0.71875 1.60484 3.31239
0.719444 1.61933 3.31849
0.720139 1.63035 3.32459
0.720833 1.63782 3.33069
0.721528 1.64176 3.33679
0.722222 1.64229 3.34289
0.722917 1.6396 3.34899
0.723611 1.63397 3.35509
0.724306 1.62571 3.36119
0.725 1.61523 3.36729
0.725694 1.60294 3.37339
0.726389 1.58931 3.37949
0.727083 1.57481 3.38558
0.727778 1.55997 3.39168
0.728472 1.54534 3.39778
0.729167 1.53151 3.40388
0.729861 1.51911 3.40998
0.730556 1.50878 3.41608
0.73125 1.50119 3.42218
0.731944 1.49696 3.42828
0.732639 1.49664 3.43438
0.733333 1.50069 3.44048
0.734028 1.50941 3.44658
0.734722 1.52293 3.45268
0.735417 1.54124 3.45878
0.736111 1.56415 3.46488
0.736806 1.59134 3.47098
0.7375 1.62237 3.47708
0.738194 1.65675 3.48317
0.738889 1.69391 3.48927
0.739583 1.73323 3.49537
0.740278 1.77408 3.50147
0.740972 1.81581 3.50757
0.741667 1.85777 3.51367
0.742361 1.89928 3.51977
0.743056 1.93971 3.52587
0.74375 1.97845 3.53197
0.744444 2.01492 3.53807
0.745139 2.0486 3.54417
0.745833 2.07905 3.55027
0.746528 2.10585 3.55637
0.747222 2.12867 3.56247
0.747917 2.14723 3.56857
0.748611 2.16129 3.57467
0.749306 2.17065 3.58076
0.75 2.17515 3.58686
0.750694 2.17469 3.59296
0.751389 2.16916 3.59906
0.752083 2.15855 3.60516
0.752778 2.14282 3.61126
0.753472 2.12202 3.61736
0.754167 2.09621 3.62346
0.754861 2.06549 3.62956
0.755556 2.02998 3.63566
0.75625 1.98986 3.64176
0.756944 1.94531 3.64786
0.757639 1.89656 3.65396
0.758333 1.84388 3.66006
0.759028 1.7876 3.66616
0.759722 1.72809 3.67225
0.760417 1.66577 3.67835
0.761111 1.60113 3.68445
0.761806 1.53473 3.69055
0.7625 1.46718 3.69665
0.763194 1.39917 3.70275
0.763889 1.33147 3.70885
0.764583 1.26493 3.71495
0.765278 1.20053 3.72105
0.765972 1.13936 3.72715
0.766667 1.08265 3.73325
0.767361 1.03177 3.73935
0.768056 0.988127 3.74545
0.76875 0.953137 3.75155
0.769444 0.928021 3.75765
0.770139 0.913648 3.76375
0.770833 0.91037 3.76984
0.771528 0.91794 3.77594
0.772222 0.93554 3.78204
0.772917 0.961903 3.78814
0.773611 0.995502 3.79424
0.774306 1.03473 3.80034
0.775 1.07803 3.80644
0.775694 1.12396 3.81254
0.776389 1.17127 3.81864
0.777083 1.21884 3.82474
0.777778 1.26572 3.83084
0.778472 1.31106 3.83694
0.779167 1.35414 3.84304
0.779861 1.3943 3.84914
0.780556 1.43099 3.85524
0.78125 1.46371 3.86134
0.781944 1.49204 3.86743
0.782639 1.51561 3.87353
0.783333 1.53417 3.87963
0.784028 1.54749 3.88573
0.784722 1.55545 3.89183
0.785417 1.558 3.89793
0.786111 1.55519 3.90403
0.786806 1.54713 3.91013
0.7875 1.53402 3.91623
0.788194 1.51615 3.92233
0.788889 1.49387 3.92843
0.789583 1.46762 3.93453
0.790278 1.4379 3.94063
0.790972 1.40525 3.94673
0.791667 1.37032 3.95283
0.792361 1.33381 3.95893
0.793056 1.29652 3.96502
0.79375 1.25936 3.97112
0.794444 1.22336 3.97722
0.795139 1.18964 3.98332
0.795833 1.15943 3.98942
0.796528 1.13399 3.99552
0.797222 1.11456 4.00162
0.797917 1.10225 4.00772
0.798611 1.09791 4.01382
0.799306 1.10209 4.01992
0.8 1.11493 4.02602
0.800694 1.1362 4.03212
0.801389 1.16532 4.03822
0.802083 1.20144 4.04432
0.802778 1.24354 4.05042
0.803472 1.29052 4.05651
0.804167 1.34122 4.06261
0.804861 1.39452 4.06871
0.805556 1.44935 4.07481
0.80625 1.50467 4.08091
0.806944 1.55954 4.08701
0.807639 1.61308 4.09311
0.808333 1.66448 4.09921
0.809028 1.71305 4.10531
0.809722 1.75815 4.11141
0.810417 1.79924 4.11751
0.811111 1.83585 4.12361
0.811806 1.86761 4.12971
0.8125 1.89417 4.13581
0.813194 1.91526 4.14191
0.813889 1.93067 4.14801
0.814583 1.9402 4.1541
0.815278 1.94374 4.1602
0.815972 1.94117 4.1663
0.816667 1.93245 4.1724
0.817361 1.91757 4.1785
0.818056 1.89656 4.1846
0.81875 1.86947 4.1907
0.819444 1.83641 4.1968
0.820139 1.7975 4.2029
0.820833 1.75291 4.209
0.821528 1.70282 4.2151
0.822222 1.64746 4.2212
0.822917 1.5871 4.2273
0.823611 1.52205 4.2334
0.824306 1.45267 4.2395
0.825 1.37939 4.2456
0.825694 1.30271 4.25169
0.826389 1.22319 4.25779
0.827083 1.14152 4.26389
0.827778 1.05849 4.26999
0.828472 0.975078 4.27609
0.829167 0.892492 4.28219
0.829861 0.812299 4.28829
0.830556 0.736555 4.29439
0.83125 0.66797 4.30049
0.831944 0.610012 4.30659
0.832639 0.56677 4.31269
0.833333 0.542261 4.31879
0.834028 0.539135 4.32489
0.834722 0.55744 4.33099
0.835417 0.594535 4.33709
0.836111 0.646262 4.34318
0.836806 0.708314 4.34928
0.8375 0.777008 4.35538
0.838194 0.849477 4.36148
0.838889 0.923569 4.36758
0.839583 0.99767 4.37368
0.840278 1.07055 4.37978
0.840972 1.14125 4.38588
0.841667 1.20897 4.39198
0.842361 1.27303 4.39808
0.843056 1.33284 4.40418
0.84375 1.38787 4.41028
0.844444 1.43764 4.41638
0.845139 1.48171 4.42248
0.845833 1.51971 4.42858
0.846528 1.55131 4.43468
0.847222 1.57626 4.44077
0.847917 1.59432 4.44687
0.848611 1.60534 4.45297
0.849306 1.60922 4.45907
0.85 1.6059 4.46517
0.850694 1.59541 4.47127
0.851389 1.57781 4.47737
0.852083 1.55324 4.48347
0.852778 1.5219 4.48957
0.853472 1.48406 4.49567
0.854167 1.44005 4.50177
0.854861 1.39026 4.50787
0.855556 1.33512 4.51397
0.85625 1.27516 4.52007
0.856944 1.21096 4.52617
0.857639 1.14321 4.53227
0.858333 1.07273 4.53836
0.859028 1.00056 4.54446
0.859722 0.92796 4.55056
0.860417 0.856575 4.55666
0.861111 0.788506 4.56276
0.861806 0.726433 4.56886
0.8625 0.673651 4.57496
0.863194 0.633902 4.58106
0.863889 0.610835 4.58716
0.864583 0.607053 4.59326
0.865278 0.623185 4.59936
0.865972 0.657657 4.60546
0.866667 0.707355 4.61156
0.867361 0.768633 4.61766
0.868056 0.838064 4.62376
0.86875 0.912748 4.62986
0.869444 0.990343 4.63595
0.870139 1.06899 4.64205
0.870833 1.14718 4.64815
0.871528 1.22371 4.65425
0.872222 1.29755 4.66035
0.872917 1.36785 4.66645
0.873611 1.43392 4.67255
0.874306 1.49513 4.67865
0.875 1.55099 4.68475
0.875694 1.60106 4.69085
0.876389 1.64499 4.69695
0.877083 1.68247 4.70305
0.877778 1.71326 4.70915
0.878472 1.73715 4.71525
0.879167 1.75401 4.72135
0.879861 1.76371 4.72744
0.880556 1.76619 4.73354
0.88125 1.76142 4.73964
0.881944 1.74941 4.74574
0.882639 1.73022 4.75184
0.883333 1.70394 4.75794
0.884028 1.67068 4.76404
0.884722 1.63061 4.77014
0.885417 1.5839 4.77624
0.886111 1.53076 4.78234
0.886806 1.47145 4.78844
0.8875 1.40625 4.79454
0.888194 1.33547 4.80064
0.888889 1.25952 4.80674
0.889583 1.17881 4.81284
0.890278 1.09388 4.81894
0.890972 1.00534 4.82503
0.891667 0.913937 4.83113
0.892361 0.820637 4.83723
0.893056 0.726734 4.84333
0.89375 0.634092 4.84943
0.894444 0.545563 4.85553
0.895139 0.465732 4.86163
0.895833 0.401927 4.86773
0.896528 0.364389 4.87383
0.897222 0.362403 4.87993
0.897917 0.396751 4.88603
0.898611 0.45897 4.89213
0.899306 0.538676 4.89823
0.9 0.628155 4.90433
0.900694 0.722531 4.91043
0.901389 0.818784 4.91653
0.902083 0.914974 4.92262
0.902778 1.00979 4.92872
0.903472 1.10228 4.93482
0.904167 1.19173 4.94092
0.904861 1.27753 4.94702
0.905556 1.35915 4.95312
0.90625 1.43609 4.95922
0.906944 1.50787 4.96532
0.907639 1.57403 4.97142
0.908333 1.63411 4.97752
0.909028 1.6877 4.98362
0.909722 1.73442 4.98972
0.910417 1.77392 4.99582
0.911111 1.80591 5.00192
0.911806 1.83015 5.00802
0.9125 1.84645 5.01411
0.913194 1.85466 5.02021
0.913889 1.85469 5.02631
0.914583 1.84647 5.03241
0.915278 1.82999 5.03851
0.915972 1.80529 5.04461
0.916667 1.77245 5.05071
0.917361 1.73162 5.05681
0.918056 1.68299 5.06291
0.91875 1.62682 5.06901
0.919444 1.5634 5.07511
0.920139 1.49307 5.08121
0.920833 1.41619 5.08731
0.921528 1.33316 5.09341
0.922222 1.2444 5.09951
0.922917 1.15035 5.10561
0.923611 1.05148 5.1117
0.924306 0.948323 5.1178
0.925 0.84148 5.1239
0.925694 0.731678 5.13
0.926389 0.619857 5.1361
0.927083 0.507371 5.1422
0.927778 0.396523 5.1483
0.928472 0.292209 5.1544
0.929167 0.207562 5.1605
0.929861 0.175829 5.1666
0.930556 0.221119 5.1727
0.93125 0.310546 5.1788
0.931944 0.415235 5.1849
0.932639 0.524576 5.191
0.933333 0.634488 5.1971
0.934028 0.742979 5.2032
0.934722 0.848834 5.20929
0.935417 0.951179 5.21539
0.936111 1.04932 5.22149
0.936806 1.14265 5.22759
0.9375 1.23066 5.23369
0.938194 1.31288 5.23979
0.938889 1.38889 5.24589
0.939583 1.45834 5.25199
0.940278 1.52091 5.25809
0.940972 1.57631 5.26419
0.941667 1.62433 5.27029
0.942361 1.66477 5.27639
0.943056 1.69748 5.28249
0.94375 1.72237 5.28859
0.944444 1.73937 5.29469
0.945139 1.74849 5.30078
0.945833 1.74975 5.30688
0.946528 1.74325 5.31298
0.947222 1.72912 5.31908
0.947917 1.70754 5.32518
0.948611 1.67875 5.33128
0.949306 1.64302 5.33738
0.95 1.60068 5.34348
0.950694 1.55214 5.34958
0.951389 1.49784 5.35568
0.952083 1.43834 5.36178
0.952778 1.37428 5.36788
0.953472 1.30645 5.37398
0.954167 1.2358 5.38008
0.954861 1.16349 5.38618
0.955556 1.09094 5.39228
0.95625 1.01996 5.39837
0.956944 0.952779 5.40447
0.957639 0.892137 5.41057
0.958333 0.841273 5.41667
0.959028 0.803726 5.42277
0.959722 0.782852 5.42887
0.960417 0.781091 5.43497
0.961111 0.799271 5.44107
0.961806 0.836367 5.44717
0.9625 0.889895 5.45327
0.963194 0.956636 5.45937
0.963889 1.0333 5.46547
0.964583 1.11692 5.47157
0.965278 1.20501 5.47767
0.965972 1.29555 5.48377
0.966667 1.38696 5.48987
0.967361 1.47795 5.49596
0.968056 1.56749 5.50206
0.96875 1.65474 5.50816
0.969444 1.73893 5.51426
0.970139 1.81939 5.52036
0.970833 1.89549 5.52646
0.971528 1.96661 5.53256
0.972222 2.03217 5.53866
0.972917 2.09164 5.54476
0.973611 2.14449 5.55086
0.974306 2.19029 5.55696
0.975 2.22865 5.56306
0.975694 2.25926 5.56916
0.976389 2.28185 5.57526
0.977083 2.29624 5.58136
0.977778 2.30227 5.58746
0.978472 2.29985 5.59355
0.979167 2.28893 5.59965
0.979861 2.26952 5.60575
0.980556 2.24167 5.61185
0.98125 2.2055 5.61795
0.981944 2.16119 5.62405
0.982639 2.10902 5.63015
0.983333 2.04932 5.63625
0.984028 1.98252 5.64235
0.984722 1.9091 5.64845
0.985417 1.82962 5.65455
0.986111 1.74471 5.66065
0.986806 1.65507 5.66675
0.9875 1.5615 5.67285
0.988194 1.46489 5.67895
0.988889 1.36633 5.68504
0.989583 1.26709 5.69114
0.990278 1.16878 5.69724
0.990972 1.07341 5.70334
0.991667 0.983523 5.70944
0.992361 0.902326 5.71554
0.993056 0.833695 5.72164
0.99375 0.781959 5.72774
0.994444 0.751204 5.73384
0.995139 0.744149 5.73994
0.995833 0.761106 5.74604
0.996528 0.799801 5.75214
0.997222 0.856228 5.75824
0.997917 0.925858 5.76434
0.998611 1.0045 5.77044
0.999306 1.08866 5.77654
1 1.17556 5.78263
1.00069 1.26302 5.78873
1.00139 1.34934 5.79483
1.00208 1.43315 5.80093
1.00278 1.51335 5.80703
1.00347 1.58907 5.81313
1.00417 1.65956 5.81923
1.00486 1.72421 5.82533
1.00556 1.78253 5.83143
1.00625 1.83412 5.83753
1.00694 1.87866 5.84363
1.00764 1.91592 5.84973
1.00833 1.94575 5.85583
1.00903 1.96808 5.86193
1.00972 1.98289 5.86803
1.01042 1.99026 5.87413
1.01111 1.99034 5.88022
1.01181 1.98334 5.88632
1.0125 1.96956 5.89242
1.01319 1.94936 5.89852
1.01389 1.92318 5.90462
1.01458 1.89155 5.91072
1.01528 1.85509 5.91682
1.01597 1.81451 5.92292
1.01667 1.77066 5.92902
1.01736 1.72449 5.93512
1.01806 1.6771 5.94122
1.01875 1.62972 5.94732
1.01944 1.58376 5.95342
1.02014 1.54077 5.95952
1.02083 1.50241 5.96562
1.02153 1.47043 5.97171
1.02222 1.44658 5.97781
1.02292 1.43247 5.98391
1.02361 1.42943 5.99001
1.02431 1.43836 5.99611
1.025 1.45964 6.00221
1.02569 1.49307 6.00831
1.02639 1.53788 6.01441
1.02708 1.5929 6.02051
1.02778 1.65664 6.02661
1.02847 1.7275 6.03271
1.02917 1.80384 6.03881
1.02986 1.88414 6.04491
1.03056 1.967 6.05101
1.03125 2.05119 6.05711
1.03194 2.13561 6.06321
1.03264 2.21931 6.0693
1.03333 2.30145 6.0754
1.03403 2.38122 6.0815
1.03472 2.45788 6.0876
1.03542 2.53072 6.0937
1.03611 2.59903 6.0998
1.03681 2.66216 6.1059
1.0375 2.71948 6.112
1.03819 2.77042 6.1181
1.03889 2.81449 6.1242
1.03958 2.85126 6.1303
1.04028 2.88041 6.1364
1.04097 2.90165 6.1425
1.04167 2.91481 6.1486
1.04236 2.91973 6.1547
1.04306 2.91635 6.1608
1.04375 2.90464 6.16689
1.04444 2.88463 6.17299
1.04514 2.85642 6.17909
1.04583 2.8202 6.18519
1.04653 2.77623 6.19129
1.04722 2.72488 6.19739
1.04792 2.66661 6.20349
1.04861 2.60198 6.20959
1.04931 2.53165 6.21569
1.05 2.45637 6.22179
1.05069 2.37697 6.22789
1.05139 2.29436 6.23399
1.05208 2.20956 6.24009
1.05278 2.12366 6.24619
1.05347 2.03791 6.25229
1.05417 1.95366 6.25839
1.05486 1.87244 6.26448
1.05556 1.79588 6.27058
1.05625 1.72579 6.27668
1.05694 1.664 6.28278
1.05764 1.61231 6.28888
1.05833 1.57236 6.29498
1.05903 1.54543 6.30108
1.05972 1.53233 6.30718
1.06042 1.53325 6.31328
1.06111 1.54775 6.31938
1.06181 1.57481 6.32548
1.0625 1.61297 6.33158
1.06319 1.66047 6.33768
1.06389 1.71544 6.34378
1.06458 1.776 6.34988
1.06528 1.84036 6.35597
1.06597 1.90687 6.36207
1.06667 1.97402 6.36817
1.06736 2.04049 6.37427
1.06806 2.10511 6.38037
1.06875 2.16686 6.38647
1.06944 2.22486 6.39257
1.07014 2.27837 6.39867
1.07083 2.32678 6.40477
1.07153 2.3696 6.41087
1.07222 2.40646 6.41697
1.07292 2.4371 6.42307
1.07361 2.46135 6.42917
1.07431 2.47918 6.43527
1.075 2.49062 6.44137
1.07569 2.49581 6.44747
1.07639 2.495 6.45356
1.07708 2.48852 6.45966
1.07778 2.47676 6.46576
1.07847 2.46025 6.47186
1.07917 2.43958 6.47796
1.07986 2.41543 6.48406
1.08056 2.38858 6.49016
1.08125 2.3599 6.49626
1.08194 2.33034 6.50236
1.08264 2.30092 6.50846
1.08333 2.27276 6.51456
1.08403 2.24701 6.52066
1.08472 2.22488 6.52676
1.08542 2.20756 6.53286
1.08611 2.19623 6.53896
1.08681 2.19195 6.54506
1.0875 2.19565 6.55115
1.08819 2.20804 6.55725
1.08889 2.22954 6.56335
1.08958 2.26028 6.56945
1.09028 2.30003 6.57555
1.09097 2.34827 6.58165
1.09167 2.40423 6.58775
1.09236 2.46692 6.59385
1.09306 2.53524 6.59995
1.09375 2.60804 6.60605
1.09444 2.6842 6.61215
1.09514 2.76265 6.61825
1.09583 2.84239 6.62435
1.09653 2.92251 6.63045
1.09722 3.00217 6.63655
1.09792 3.08059 6.64264
1.09861 3.15701 6.64874
1.09931 3.23068 6.65484
1.1 3.30087 6.66094
1.10069 3.36687 6.66704
1.10139 3.42797 6.67314
1.10208 3.48354 6.67924
1.10278 3.53298 6.68534
1.10347 3.57577 6.69144
1.10417 3.61149 6.69754
1.10486 3.63979 6.70364
1.10556 3.66041 6.70974
1.10625 3.67317 6.71584
1.10694 3.67795 6.72194
1.10764 3.67468 6.72804
1.10833 3.66337 6.73414
1.10903 3.64409 6.74023
1.10972 3.61697 6.74633
1.11042 3.58224 6.75243
1.11111 3.54025 6.75853
1.11181 3.49141 6.76463
1.1125 3.43627 6.77073
1.11319 3.37549 6.77683
1.11389 3.3098 6.78293
1.11458 3.24004 6.78903
1.11528 3.1671 6.79513
1.11597 3.09193 6.80123
1.11667 3.01557 6.80733
1.11736 2.93909 6.81343
1.11806 2.8636 6.81953
1.11875 2.79031 6.82563
1.11944 2.72043 6.83173
1.12014 2.65524 6.83782
1.12083 2.596 6.84392
1.12153 2.54391 6.85002
1.12222 2.5001 6.85612
1.12292 2.46549 6.86222
1.12361 2.44078 6.86832
1.12431 2.42638 6.87442
1.125 2.42238 6.88052
1.12569 2.42853 6.88662
1.12639 2.44431 6.89272
1.12708 2.46892 6.89882
1.12778 2.50137 6.90492
1.12847 2.54052 6.91102
1.12917 2.58515 6.91712
1.12986 2.63404 6.92322
1.13056 2.68593 6.92931
1.13125 2.73961 6.93541
1.13194 2.79396 6.94151
1.13264 2.84788 6.94761
1.13333 2.90039 6.95371
1.13403 2.95062 6.95981
1.13472 2.99777 6.96591
1.13542 3.04118 6.97201
1.13611 3.0803 6.97811
1.13681 3.11469 6.98421
1.1375 3.14404 6.99031
1.13819 3.16814 6.99641
1.13889 3.18691 7.00251
1.13958 3.20035 7.00861
1.14028 3.20859 7.01471
1.14097 3.21184 7.02081
1.14167 3.21043 7.0269
1.14236 3.20475 7.033
1.14306 3.1953 7.0391
1.14375 3.18266 7.0452
1.14444 3.16749 7.0513
1.14514 3.15051 7.0574
1.14583 3.13253 7.0635
1.14653 3.11439 7.0696
1.14722 3.09699 7.0757
1.14792 3.08127 7.0818
1.14861 3.06817 7.0879
1.14931 3.05864 7.094
1.15 3.05361 7.1001
1.15069 3.05397 7.1062
1.15139 3.0605 7.1123
1.15208 3.07387 7.1184
1.15278 3.09457 7.12449
1.15347 3.12289 7.13059
1.15417 3.15887 7.13669
1.15486 3.20234 7.14279
1.15556 3.25286 7.14889
1.15625 3.30981 7.15499
1.15694 3.37241 7.16109
1.15764 3.43978 7.16719
1.15833 3.511 7.17329
1.15903 3.58512 7.17939
1.15972 3.66127 7.18549
1.16042 3.73859 7.19159
1.16111 3.81629 7.19769
1.16181 3.89363 7.20379
1.1625 3.96987 7.20989
1.16319 4.04429 7.21599
1.16389 4.11617 7.22208
1.16458 4.18479 7.22818
1.16528 4.24942 7.23428
1.16597 4.30936 7.24038
1.16667 4.36397 7.24648
1.16736 4.41265 7.25258
1.16806 4.45489 7.25868
1.16875 4.49026 7.26478
1.16944 4.51842 7.27088
1.17014 4.53914 7.27698
1.17083 4.55223 7.28308
1.17153 4.55758 7.28918
1.17222 4.55516 7.29528
1.17292 4.54499 7.30138
1.17361 4.52716 7.30748
1.17431 4.50184 7.31357
1.175 4.46929 7.31967
1.17569 4.42989 7.32577
1.17639 4.38411 7.33187
1.17708 4.33253 7.33797
1.17778 4.27586 7.34407
1.17847 4.21486 7.35017
1.17917 4.15037 7.35627
1.17986 4.08331 7.36237
1.18056 4.01461 7.36847
1.18125 3.94523 7.37457
1.18194 3.87617 7.38067
1.18264 3.80843 7.38677
1.18333 3.74304 7.39287
1.18403 3.68102 7.39897
1.18472 3.62339 7.40507
1.18542 3.57114 7.41116
1.18611 3.52518 7.41726
1.18681 3.48632 7.42336
1.1875 3.45522 7.42946
1.18819 3.43235 7.43556
1.18889 3.41797 7.44166
1.18958 3.41213 7.44776
1.19028 3.41464 7.45386
1.19097 3.42511 7.45996
1.19167 3.44299 7.46606
1.19236 3.46757 7.47216
1.19306 3.49804 7.47826
1.19375 3.5335 7.48436
1.19444 3.57301 7.49046
1.19514 3.6156 7.49656
1.19583 3.66031 7.50266
1.19653 3.70616 7.50875
1.19722 3.75224 7.51485
1.19792 3.79765 7.52095
1.19861 3.84159 7.52705
1.19931 3.88332 7.53315
1.2 3.92218 7.53925
1.20069 3.95765 7.54535
1.20139 3.98928 7.55145
1.20208 4.01674 7.55755
1.20278 4.03983 7.56365
1.20347 4.05843 7.56975
1.20417 4.07255 7.57585
1.20486 4.08229 7.58195
1.20556 4.08785 7.58805
1.20625 4.08951 7.59415
1.20694 4.08767 7.60024
1.20764 4.08278 7.60634
1.20833 4.07539 7.61244
1.20903 4.0661 7.61854
1.20972 4.0556 7.62464
1.21042 4.04459 7.63074
1.21111 4.03385 7.63684
1.21181 4.02415 7.64294
1.2125 4.01631 7.64904
1.21319 4.01113 7.65514
1.21389 4.00942 7.66124
1.21458 4.01196 7.66734
1.21528 4.01947 7.67344
1.21597 4.03261 7.67954
1.21667 4.05191 7.68564
1.21736 4.07777 7.69174
1.21806 4.11041 7.69783
1.21875 4.14984 7.70393
1.21944 4.19589 7.71003
1.22014 4.24817 7.71613
1.22083 4.30614 7.72223
1.22153 4.36911 7.72833
1.22222 4.43632 7.73443
1.22292 4.50696 7.74053
1.22361 4.58021 7.74663
1.22431 4.6553 7.75273
1.225 4.73147 7.75883
1.22569 4.80801 7.76493
1.22639 4.88422 7.77103
1.22708 4.95941 7.77713
1.22778 5.0329 7.78323
1.22847 5.10398 7.78933
1.22917 5.17193 7.79542
1.22986 5.23604 7.80152
1.23056 5.29562 7.80762
1.23125 5.35001 7.81372
1.23194 5.39864 7.81982
1.23264 5.44099 7.82592
1.23333 5.47665 7.83202
1.23403 5.5053 7.83812
1.23472 5.5267 7.84422
1.23542 5.54069 7.85032
1.23611 5.54718 7.85642
1.23681 5.54613 7.86252
1.2375 5.53759 7.86862
1.23819 5.52166 7.87472
1.23889 5.49854 7.88082
1.23958 5.46851 7.88691
1.24028 5.43196 7.89301
1.24097 5.3894 7.89911
1.24167 5.34145 7.90521
1.24236 5.28879 7.91131
1.24306 5.23222 7.91741
1.24375 5.17258 7.92351
1.24444 5.11074 7.92961
1.24514 5.0476 7.93571
1.24583 4.98408 7.94181
1.24653 4.92107 7.94791
1.24722 4.85949 7.95401
1.24792 4.80024 7.96011
1.24861 4.74421 7.96621
1.24931 4.69226 7.97231
1.25 4.64521 7.97841
1.25069 4.60381 7.9845
1.25139 4.56871 7.9906
1.25208 4.54042 7.9967
1.25278 4.51931 8.0028
1.25347 4.50557 8.0089
1.25417 4.4992 8.015
1.25486 4.50005 8.0211
1.25556 4.5078 8.0272
1.25625 4.52199 8.0333
1.25694 4.54208 8.0394
1.25764 4.5674 8.0455
1.25833 4.59725 8.0516
1.25903 4.63084 8.0577
1.25972 4.66739 8.0638
1.26042 4.70606 8.0699
1.26111 4.74604 8.076
1.26181 4.78651 8.08209
1.2625 4.82669 8.08819
1.26319 4.86582 8.09429
1.26389 4.90325 8.10039
1.26458 4.93835 8.10649
1.26528 4.97064 8.11259
1.26597 4.99968 8.11869
1.26667 5.02516 8.12479
1.26736 5.04689 8.13089
1.26806 5.06476 8.13699
1.26875 5.07875 8.14309
1.26944 5.08897 8.14919
1.27014 5.09561 8.15529
1.27083 5.09893 8.16139
1.27153 5.09929 8.16749
1.27222 5.09715 8.17359
1.27292 5.093 8.17968
1.27361 5.08742 8.18578
1.27431 5.08102 8.19188
1.275 5.07447 8.19798
1.27569 5.06846 8.20408
1.27639 5.06371 8.21018
1.27708 5.06093 8.21628
1.27778 5.06085 8.22238
1.27847 5.06418 8.22848
1.27917 5.07161 8.23458
1.27986 5.08378 8.24068
1.28056 5.10124 8.24678
1.28125 5.12448 8.25288
1.28194 5.15382 8.25898
1.28264 5.18945 8.26508
1.28333 5.23135 8.27117
1.28403 5.27935 8.27727
1.28472 5.33309 8.28337
1.28542 5.39205 8.28947
1.28611 5.45562 8.29557
1.28681 5.52309 8.30167
1.2875 5.59374 8.30777
1.28819 5.66682 8.31387
1.28889 5.74161 8.31997
1.28958 5.81744 8.32607
1.29028 5.89363 8.33217
1.29097 5.96953 8.33827
1.29167 6.04448 8.34437
1.29236 6.11781 8.35047
1.29306 6.18883 8.35657
1.29375 6.25684 8.36267
1.29444 6.32111 8.36876
1.29514 6.38096 8.37486
1.29583 6.43575 8.38096
1.29653 6.48491 8.38706
1.29722 6.52793 8.39316
1.29792 6.56442 8.39926
1.29861 6.59407 8.40536
1.29931 6.61665 8.41146
1.3 6.63201 8.41756
1.30069 6.64007 8.42366
1.30139 6.6408 8.42976
1.30208 6.63425 8.43586
1.30278 6.62055 8.44196
1.30347 6.5999 8.44806
1.30417 6.5726 8.45416
1.30486 6.53906 8.46026
1.30556 6.4998 8.46635
1.30625 6.45545 8.47245
1.30694 6.4067 8.47855
1.30764 6.35434 8.48465
1.30833 6.29919 8.49075
1.30903 6.2421 8.49685
1.30972 6.18392 8.50295
1.31042 6.12552 8.50905
1.31111 6.06772 8.51515
1.31181 6.01136 8.52125
1.3125 5.95724 8.52735
1.31319 5.90617 8.53345
1.31389 5.8589 8.53955
1.31458 5.81614 8.54565
1.31528 5.77855 8.55175
1.31597 5.74665 8.55784
1.31667 5.7209 8.56394
1.31736 5.70158 8.57004
1.31806 5.68883 8.57614
1.31875 5.68264 8.58224
1.31944 5.68288 8.58834
1.32014 5.68925 8.59444
1.32083 5.70137 8.60054
1.32153 5.71877 8.60664
1.32222 5.74087 8.61274
1.32292 5.76709 8.61884
1.32361 5.79675 8.62494
1.32431 5.82917 8.63104
1.325 5.86362 8.63714
1.32569 5.89938 8.64324
1.32639 5.93572 8.64934
1.32708 5.97192 8.65543
1.32778 6.00732 8.66153
1.32847 6.04128 8.66763
1.32917 6.07325 8.67373
1.32986 6.10275 8.67983
1.33056 6.12941 8.68593
1.33125 6.15293 8.69203
1.33194 6.17312 8.69813
1.33264 6.18988 8.70423
1.33333 6.20322 8.71033
1.33403 6.21322 8.71643
1.33472 6.22008 8.72253
1.33542 6.22405 8.72863
1.33611 6.22548 8.73473
1.33681 6.2248 8.74083
1.3375 6.22249 8.74693
1.33819 6.21909 8.75302
1.33889 6.21518 8.75912
1.33958 6.21139 8.76522
1.34028 6.20836 8.77132
1.34097 6.20675 8.77742
1.34167 6.20722 8.78352
1.34236 6.21045 8.78962
1.34306 6.21708 8.79572
1.34375 6.22774 8.80182
1.34444 6.24302 8.80792
1.34514 6.26343 8.81402
1.34583 6.28939 8.82012
1.34653 6.32119 8.82622
1.34722 6.35898 8.83232
1.34792 6.40274 8.83842
1.34861 6.45229 8.84452
1.34931 6.50726 8.85061
1.35 6.56719 8.85671
1.35069 6.63147 8.86281
1.35139 6.69945 8.86891
1.35208 6.77045 8.87501
1.35278 6.84378 8.88111
1.35347 6.91878 8.88952
1.35417 6.9948 8.89827
1.35486 7.07121 8.90702
1.35556 7.14737 8.91577
1.35625 7.22267 8.92452
1.35694 7.29642 8.93327
1.35764 7.36795 8.94201
1.35833 7.43655 8.95076
1.35903 7.50151 8.95951
1.35972 7.56216 8.96826
1.36042 7.61785 8.97701
1.36111 7.66801 8.98576
1.36181 7.71218 8.99451
1.3625 7.74996 9.00326
1.36319 7.78104 9.012
1.36389 7.80521 9.02075
1.36458 7.82232 9.0295
1.36528 7.83231 9.03825
1.36597 7.83515 9.047
1.36667 7.8309 9.05575
1.36736 7.81969 9.0645
1.36806 7.80173 9.07325
1.36875 7.77734 9.08199
1.36944 7.74695 9.09074
1.37014 7.71106 9.09949
1.37083 7.67031 9.10824
1.37153 7.62541 9.11699
1.37222 7.57713 9.12574
1.37292 7.52625 9.13449
1.37361 7.47362 9.14324
1.37431 7.42003 9.15198
1.375 7.36629 9.16073
1.37569 7.31319 9.16948
1.37639 7.26149 9.17823
1.37708 7.21194 9.18698
1.37778 7.16525 9.19573
1.37847 7.12212 9.20448
1.37917 7.08317 9.21322
1.37986 7.04899 9.22197
1.38056 7.02005 9.23072
1.38125 6.99672 9.23947
1.38194 6.97925 9.24822
1.38264 6.96775 9.25697
1.38333 6.9622 9.26572
1.38403 6.96245 9.27447
1.38472 6.96824 9.28321
1.38542 6.97924 9.29196
1.38611 6.995 9.30071
1.38681 7.01504 9.30946
1.3875 7.03882 9.31821
1.38819 7.06576 9.32696
1.38889 7.09523 9.33571
1.38958 7.12659 9.34446
1.39028 7.15917 9.3532
1.39097 7.19232 9.36195
1.39167 7.22538 9.3707
1.39236 7.25773 9.37945
1.39306 7.28878 9.3882
1.39375 7.31803 9.39695
1.39444 7.34503 9.4057
1.39514 7.36944 9.41445
1.39583 7.39098 9.42319
1.39653 7.40948 9.43194
1.39722 7.42487 9.44069
1.39792 7.43715 9.44944
1.39861 7.44642 9.45819
1.39931 7.45286 9.46694
1.4 7.45674 9.47569
1.40069 7.4584 9.48444
1.40139 7.45825 9.49318
1.40208 7.45676 9.50193
1.40278 7.45445 9.51068
1.40347 7.45189 9.51943
1.40417 7.44965 9.52818
1.40486 7.44837 9.53693
1.40556 7.44866 9.54568
1.40625 7.45115 9.55442
1.40694 7.45646 9.56317
1.40764 7.46522 9.57192
1.40833 7.478 9.58067
1.40903 7.49537 9.58942
1.40972 7.51779 9.59817
1.41042 7.54565 9.60692
1.41111 7.57922 9.61567
1.41181 7.61862 9.62441
1.4125 7.66382 9.63316
1.41319 7.71462 9.64191
1.41389 7.77067 9.65066
1.41458 7.8315 9.65941
1.41528 7.89655 9.66816
1.41597 7.96519 9.67691
1.41667 8.03677 9.68566
1.41736 8.11065 9.6944
1.41806 8.18619 9.70315
1.41875 8.26278 9.7119
1.41944 8.33981 9.72065
1.42014 8.41667 9.7294
1.42083 8.49274 9.73815
1.42153 8.56735 9.7469
1.42222 8.63982 9.75565
1.42292 8.70945 9.76439
1.42361 8.77553 9.77314
1.42431 8.83739 9.78189
1.425 8.89439 9.79064
1.42569 8.94597 9.79939
1.42639 8.99168 9.80814
1.42708 9.03111 9.81689
1.42778 9.064 9.82564
1.42847 9.09011 9.83438
1.42917 9.10932 9.84313
1.42986 9.12155 9.85188
1.43056 9.1268 9.86063
1.43125 9.12511 9.86938
1.43194 9.11663 9.87813
1.43264 9.10158 9.88688
1.43333 9.08027 9.89562
1.43403 9.05314 9.90437
1.43472 9.02072 9.91312
1.43542 8.98363 9.92187
1.43611 8.94258 9.93062
1.43681 8.8983 9.93937
1.4375 8.8516 9.94812
1.43819 8.80325 9.95687
1.43889 8.75403 9.96561
1.43958 8.70471 9.97436
1.44028 8.65601 9.98311
1.44097 8.60866 9.99186
1.44167 8.56335 10.0006
1.44236 8.52072 10.0094
1.44306 8.48143 10.0181
1.44375 8.44604 10.0269
1.44444 8.41508 10.0356
1.44514 8.38898 10.0444
1.44583 8.36806 10.0531
1.44653 8.35252 10.0619
1.44722 8.34247 10.0706
1.44792 8.33785 10.0793
1.44861 8.33854 10.0881
1.44931 8.34428 10.0968
1.45 8.35475 10.1056
1.45069 8.36955 10.1143
1.45139 8.38825 10.1231
1.45208 8.41036 10.1318
1.45278 8.43533 10.1406
1.45347 8.4626 10.1493
1.45417 8.49159 10.1581
1.45486 8.52167 10.1668
1.45556 8.55224 10.1756
1.45625 8.58269 10.1843
1.45694 8.61242 10.1931
1.45764 8.64092 10.2018
1.45833 8.6677 10.2106
1.45903 8.69236 10.2193
1.45972 8.71456 10.2281
1.46042 8.73408 10.2368
1.46111 8.75076 10.2456
1.46181 8.76453 10.2543
1.4625 8.77542 10.2631
1.46319 8.78353 10.2718
1.46389 8.78906 10.2806
1.46458 8.79227 10.2893
1.46528 8.79351 10.2981
1.46597 8.79318 10.3068
1.46667 8.79173 10.3156
1.46736 8.7897 10.3243
1.46806 8.78761 10.3331
1.46875 8.78605 10.3418
1.46944 8.78561 10.3506
1.47014 8.78688 10.3593
1.47083 8.79048 10.3681
1.47153 8.797 10.3768
1.47222 8.80703 10.3856
1.47292 8.82115 10.3943
1.47361 8.83986 10.4031
1.47431 8.86362 10.4118
1.475 8.8928 10.4205
1.47569 8.92764 10.4293
1.47639 8.96825 10.438
1.47708 9.01457 10.4468
1.47778 9.06639 10.4555
1.47847 9.12338 10.4643
1.47917 9.18507 10.473
1.47986 9.2509 10.4818
1.48056 9.32029 10.4905
1.48125 9.3926 10.4993
1.48194 9.46723 10.508
1.48264 9.54355 10.5168
1.48333 9.62099 10.5255
1.48403 9.69895 10.5343
1.48472 9.77683 10.543
1.48542 9.85401 10.5518
1.48611 9.92983 10.5605
1.48681 10.0036 10.5693
1.4875 10.0746 10.578
1.48819 10.1422 10.5868
1.48889 10.2056 10.5955
1.48958 10.2642 10.6043
1.49028 10.3176 10.613
1.49097 10.3652 10.6218
1.49167 10.4066 10.6305
1.49236 10.4416 10.6393
1.49306 10.47 10.648
1.49375 10.4916 10.6568
1.49444 10.5063 10.6655
1.49514 10.5143 10.6743
1.49583 10.5154 10.683
1.49653 10.5099 10.6918
1.49722 10.4979 10.7005
1.49792 10.4799 10.7093
1.49861 10.4561 10.718
1.49931 10.4273 10.7268
1.5 10.394 10.7355
1.50069 10.3568 10.7443
1.50139 10.3165 10.753
1.50208 10.274 10.7617
1.50278 10.2298 10.7705
1.50347 10.1849 10.7792
1.50417 10.1399 10.788
1.50486 10.0954 10.7967
1.50556 10.0522 10.8055
1.50625 10.011 10.8142
1.50694 9.97226 10.823
1.50764 9.93665 10.8317
1.50833 9.90471 10.8405
1.50903 9.87689 10.8492
1.50972 9.85359 10.858
1.51042 9.83509 10.8667
1.51111 9.82159 10.8755
1.51181 9.81314 10.8842
1.5125 9.80969 10.893
1.51319 9.8111 10.9017
1.51389 9.81713 10.9105
1.51458 9.82749 10.9192
1.51528 9.84179 10.928
1.51597 9.85964 10.9367
1.51667 9.88056 10.9455
1.51736 9.90407 10.9542
1.51806 9.92965 10.963
1.51875 9.95673 10.9717
1.51944 9.98475 10.9805
1.52014 10.0131 10.9892
1.52083 10.0413 10.998
1.52153 10.0687 11.0067
1.52222 10.0948 11.0155
1.52292 10.1193 11.0242
1.52361 10.1417 11.033
1.52431 10.1617 11.0417
1.525 10.1791 11.0505
1.52569 10.1938 11.0592
1.52639 10.2057 11.068
1.52708 10.2149 11.0767
1.52778 10.2215 11.0855
1.52847 10.2257 11.0942
1.52917 10.2278 11.1029
1.52986 10.2281 11.1117
1.53056 10.227 11.1204
1.53125 10.225 11.1292
1.53194 10.2225 11.1379
1.53264 10.2203 11.1467
1.53333 10.2187 11.1554
1.53403 10.2184 11.1642
1.53472 10.2199 11.1729
1.53542 10.224 11.1817
1.53611 10.231 11.1904
1.53681 10.2417 11.1992
1.5375 10.2565 11.2079
1.53819 10.276 11.2167
1.53889 10.3006 11.2254
1.53958 10.3307 11.2342
1.54028 10.3664 11.2429
1.54097 10.4079 11.2517
1.54167 10.4551 11.2604
1.54236 10.5077 11.2692
1.54306 10.5655 11.2779
1.54375 10.628 11.2867
1.54444 10.6947 11.2954
1.54514 10.7649 11.3042
1.54583 10.838 11.3129
1.54653 10.9135 11.3217
1.54722 10.9908 11.3304
1.54792 11.0693 11.3392
1.54861 11.1485 11.3479
1.54931 11.2276 11.3567
1.55 11.3062 11.3654
1.55069 11.3835 11.3742
1.55139 11.4588 11.3829
1.55208 11.5315 11.3917
1.55278 11.6009 11.4004
1.55347 11.6661 11.4092
1.55417 11.7268 11.4179
1.55486 11.7822 11.4267
1.55556 11.8319 11.4354
1.55625 11.8757 11.4441
1.55694 11.9131 11.4529
1.55764 11.944 11.4616
1.55833 11.9683 11.4704
1.55903 11.9858 11.4791
1.55972 11.9967 11.4879
1.56042 12.0008 11.4966
1.56111 11.9985 11.5054
1.56181 11.9898 11.5141
1.5625 11.9752 11.5229
1.56319 11.9551 11.5316
1.56389 11.93 11.5404
1.56458 11.9005 11.5491
1.56528 11.8673 11.5579
1.56597 11.8311 11.5666
1.56667 11.7927 11.5754
1.56736 11.7528 11.5841
1.56806 11.7121 11.5929
1.56875 11.6713 11.6016
1.56944 11.631 11.6104
1.57014 11.592 11.6191
1.57083 11.5547 11.6279
1.57153 11.5198 11.6366
1.57222 11.4878 11.6454
1.57292 11.4592 11.6541
1.57361 11.4345 11.6629
1.57431 11.4141 11.6716
1.575 11.3981 11.6804
1.57569 11.3867 11.6891
1.57639 11.3799 11.6979
1.57708 11.3778 11.7066
1.57778 11.3802 11.7154
1.57847 11.3868 11.7241
1.57917 11.3973 11.7329
1.57986 11.4114 11.7416
1.58056 11.4287 11.7504
1.58125 11.4488 11.7591
1.58194 11.4712 11.7679
1.58264 11.4954 11.7766
1.58333 11.5209 11.7853
1.58403 11.5471 11.7941
1.58472 11.5736 11.8028
1.58542 11.5996 11.8116
1.58611 11.6249 11.8203
1.58681 11.6488 11.8291
1.5875 11.671 11.8378
1.58819 11.6911 11.8466
1.58889 11.7088 11.8553
1.58958 11.724 11.8641
1.59028 11.7365 11.8728
1.59097 11.7464 11.8816
1.59167 11.7536 11.8903
1.59236 11.7584 11.8991
1.59306 11.7609 11.9078
1.59375 11.7614 11.9166
1.59444 11.7603 11.9253
1.59514 11.758 11.9341
1.59583 11.7549 11.9428
1.59653 11.7516 11.9516
1.59722 11.7486 11.9603
1.59792 11.7464 11.9691
1.59861 11.7457 11.9778
1.59931 11.7469 11.9866
1.6 11.7508 11.9953
1.60069 11.7579 12.0041
1.60139 11.7687 12.0128
1.60208 11.7837 12.0216
1.60278 11.8036 12.0303
1.60347 11.8286 12.0391
1.60417 11.8592 12.0478
1.60486 11.8955 12.0566
1.60556 11.9376 12.0653
1.60625 11.9855 12.0741
1.60694 12.0388 12.0828
1.60764 12.0973 12.0916
1.60833 12.1606 12.1003
1.60903 12.228 12.1091
1.60972 12.2991 12.1178
1.61042 12.3731 12.1265
1.61111 12.4497 12.1353
1.61181 12.5281 12.144
1.6125 12.6078 12.1528
1.61319 12.6883 12.1615
1.61389 12.769 12.1703
1.61458 12.8492 12.179
1.61528 12.9282 12.1878
1.61597 13.0054 12.1965
1.61667 13.08 12.2053
1.61736 13.1513 12.214
1.61806 13.2187 12.2228
1.61875 13.2816 12.2315
1.61944 13.3394 12.2403
1.62014 13.3916 12.249
1.62083 13.4379 12.2578
1.62153 13.478 12.2665
1.62222 13.5117 12.2753
1.62292 13.5389 12.284
1.62361 13.5595 12.2928
1.62431 13.5735 12.3015
1.625 13.5809 12.3103
1.62569 13.582 12.319
1.62639 13.5768 12.3278
1.62708 13.5659 12.3365
1.62778 13.5495 12.3453
1.62847 13.5282 12.354
1.62917 13.5027 12.3628
1.62986 13.4736 12.3715
1.63056 13.4416 12.3803
1.63125 13.4074 12.389
1.63194 13.3718 12.3978
1.63264 13.3353 12.4065
1.63333 13.2988 12.4153
1.63403 13.2627 12.424
1.63472 13.2277 12.4328
1.63542 13.1944 12.4415
1.63611 13.1633 12.4503
1.63681 13.135 12.459
1.6375 13.1098 12.4677
1.63819 13.0882 12.4765
1.63889 13.0706 12.4852
1.63958 13.0571 12.494
1.64028 13.048 12.5027
1.64097 13.0431 12.5115
1.64167 13.0425 12.5202
1.64236 13.0459 12.529
1.64306 13.0533 12.5377
1.64375 13.0642 12.5465
1.64444 13.0783 12.5552
1.64514 13.0953 12.564
1.64583 13.1148 12.5727
1.64653 13.1363 12.5815
1.64722 13.1593 12.5902
1.64792 13.1834 12.599
1.64861 13.208 12.6077
1.64931 13.2327 12.6165
1.65 13.2568 12.6252
1.65069 13.2799 12.634
1.65139 13.3016 12.6427
1.65208 13.3215 12.6515
1.65278 13.3393 12.6602
1.65347 13.3547 12.669
1.65417 13.3675 12.6777
1.65486 13.3777 12.6865
1.65556 13.3853 12.6952
1.65625 13.3904 12.704
1.65694 13.393 12.7127
1.65764 13.3935 12.7215
1.65833 13.3921 12.7302
1.65903 13.3892 12.739
1.65972 13.3852 12.7477
1.66042 13.3806 12.7565
1.66111 13.3759 12.7652
1.66181 13.3717 12.774
1.6625 13.3685 12.7827
1.66319 13.3668 12.7915
1.66389 13.3674 12.8002
1.66458 13.3706 12.8089
1.66528 13.3772 12.8177
1.66597 13.3877 12.8264
1.66667 13.4027 12.8352
1.66736 13.4225 12.8439
1.66806 13.4476 12.8527
1.66875 13.4784 12.8614
1.66944 13.5151 12.8702
1.67014 13.5576 12.8789
1.67083 13.6059 12.8877
1.67153 13.6599 12.8964
1.67222 13.719 12.9052
1.67292 13.783 12.9139
1.67361 13.8512 12.9227
1.67431 13.9231 12.9314
1.675 13.9982 12.9402
1.67569 14.0758 12.9489
1.67639 14.1555 12.9577
1.67708 14.2366 12.9664
1.67778 14.3186 12.9752
1.67847 14.401 12.9839
1.67917 14.4829 12.9927
1.67986 14.5639 13.0014
1.68056 14.6431 13.0102
1.68125 14.7199 13.0189
1.68194 14.7935 13.0277
1.68264 14.8633 13.0364
1.68333 14.9286 13.0452
1.68403 14.989 13.0539
1.68472 15.0439 13.0627
1.68542 15.093 13.0714
1.68611 15.136 13.0802
1.68681 15.1728 13.0889
1.6875 15.2032 13.0977
1.68819 15.2271 13.1064
1.68889 15.2445 13.1152
1.68958 15.2554 13.1239
1.69028 15.2601 13.1327
1.69097 15.2586 13.1414
1.69167 15.2515 13.1501
1.69236 15.239 13.1589
1.69306 15.2218 13.1676
1.69375 15.2004 13.1764
1.69444 15.1755 13.1851
1.69514 15.1477 13.1939
1.69583 15.1179 13.2026
1.69653 15.0866 13.2114
1.69722 15.0545 13.2201
1.69792 15.0223 13.2289
1.69861 14.9904 13.2376
1.69931 14.9596 13.2464
1.7 14.9302 13.2551
1.70069 14.903 13.2639
1.70139 14.8783 13.2726
1.70208 14.8565 13.2814
1.70278 14.8382 13.2901
1.70347 14.8234 13.2989
1.70417 14.8126 13.3076
1.70486 14.8057 13.3164
1.70556 14.8028 13.3251
1.70625 14.8037 13.3339
1.70694 14.8084 13.3426
1.70764 14.8166 13.3514
1.70833 14.8281 13.3601
1.70903 14.8424 13.3689
1.70972 14.8593 13.3776
1.71042 14.8783 13.3864
1.71111 14.8991 13.3951
1.71181 14.9211 13.4039
1.7125 14.9439 13.4126
1.71319 14.967 13.4214
1.71389 14.9899 13.4301
1.71458 15.0121 13.4389
1.71528 15.0332 13.4476
1.71597 15.0526 13.4564
1.71667 15.0702 13.4651
1.71736 15.0855 13.4739
1.71806 15.0985 13.4826
1.71875 15.1088 13.4913
1.71944 15.1165 13.5001
1.72014 15.1216 13.5088
1.72083 15.1242 13.5176
1.72153 15.1244 13.5263
1.72222 15.1225 13.5351
1.72292 15.1189 13.5438
1.72361 15.1138 13.5526
1.72431 15.1078 13.5613
1.725 15.1013 13.5701
1.72569 15.0949 13.5788
1.72639 15.0891 13.5876
1.72708 15.0844 13.5963
1.72778 15.0815 13.6051
1.72847 15.0808 13.6138
1.72917 15.0831 13.6226
1.72986 15.0889 13.6313
1.73056 15.0988 13.6401
1.73125 15.1132 13.6488
1.73194 15.1327 13.6576
1.73264 15.1577 13.6663
1.73333 15.1884 13.6751
1.73403 15.2252 13.6838
1.73472 15.268 13.6926
1.73542 15.3166 13.7013
1.73611 15.371 13.7101
1.73681 15.4307 13.7188
1.7375 15.4953 13.7276
1.73819 15.5643 13.7363
1.73889 15.6372 13.7451
1.73958 15.7133 13.7538
1.74028 15.7921 13.7626
1.74097 15.8731 13.7713
1.74167 15.9558 13.7801
1.74236 16.0395 13.7888
1.74306 16.1237 13.7976
1.74375 16.2076 13.8063
1.74444 16.2907 13.8151
1.74514 16.3722 13.8238
1.74583 16.4513 13.8325
1.74653 16.5274 13.8413
1.74722 16.5998 13.85
1.74792 16.6678 13.8588
1.74861 16.731 13.8675
1.74931 16.7888 13.8763
1.75 16.841 13.885
1.75069 16.8872 13.8938
1.75139 16.9273 13.9025
1.75208 16.9611 13.9113
1.75278 16.9885 13.92
1.75347 17.0095 13.9288
1.75417 17.0241 13.9375
1.75486 17.0326 13.9463
1.75556 17.0351 13.955
1.75625 17.0319 13.9638
1.75694 17.0236 13.9725
1.75764 17.0105 13.9813
1.75833 16.9934 13.99
1.75903 16.9729 13.9988
1.75972 16.9496 14.0075
1.76042 16.9242 14.0163
1.76111 16.8973 14.025
1.76181 16.8697 14.0338
1.7625 16.8418 14.0425
1.76319 16.8142 14.0513
1.76389 16.7876 14.06
1.76458 16.7623 14.0688
1.76528 16.7389 14.0775
1.76597 16.7179 14.0863
1.76667 16.6996 14.095
1.76736 16.6845 14.1038
1.76806 16.6728 14.1125
1.76875 16.6646 14.1213
1.76944 16.66 14.13
1.77014 16.6591 14.1388
1.77083 16.6618 14.1475
1.77153 16.6678 14.1563
1.77222 16.677 14.165
1.77292 16.6891 14.1737
1.77361 16.7037 14.1825
1.77431 16.7206 14.1912
1.775 16.7392 14.2
1.77569 16.7593 14.2087
1.77639 16.7804 14.2175
1.77708 16.802 14.2262
1.77778 16.8237 14.235
1.77847 16.8448 14.2437
1.77917 16.8651 14.2525
1.77986 16.8841 14.2612
1.78056 16.9013 14.27
1.78125 16.9164 14.2787
1.78194 16.9293 14.2875
1.78264 16.9396 14.2962
1.78333 16.9473 14.305
1.78403 16.9523 14.3137
1.78472 16.9546 14.3225
1.78542 16.9545 14.3312
1.78611 16.9521 14.34
1.78681 16.9476 14.3487
1.7875 16.9414 14.3575
1.78819 16.9339 14.3662
1.78889 16.9255 14.375
1.78958 16.9168 14.3837
1.79028 16.9082 14.3925
1.79097 16.9004 14.4012
1.79167 16.8939 14.41
1.79236 16.8893 14.4187
1.79306 16.8872 14.4275
1.79375 16.8882 14.4362
1.79444 16.8929 14.445
1.79514 16.9017 14.4537
1.79583 16.9154 14.4625
1.79653 16.9343 14.4712
1.79722 16.9589 14.48
1.79792 16.9894 14.4887
1.79861 17.0261 14.4975
1.79931 17.0689 14.5062
1.8 17.1178 14.5149
1.80069 17.1726 14.5237
1.80139 17.2328 14.5324
1.80208 17.298 14.5412
1.80278 17.3678 14.5499
1.80347 17.4415 14.5587
1.80417 17.5187 14.5674
1.80486 17.5989 14.5762
1.80556 17.6813 14.5849
1.80625 17.7656 14.5937
1.80694 17.8512 14.6024
1.80764 17.9373 14.6112
1.80833 18.0234 14.6199
1.80903 18.1088 14.6287
1.80972 18.1927 14.6374
1.81042 18.2744 14.6462
1.81111 18.3531 14.6549
1.81181 18.4283 14.6637
1.8125 18.4992 14.6724
1.81319 18.5654 14.6812
1.81389 18.6264 14.6899
1.81458 18.6819 14.6987
1.81528 18.7315 14.7074
1.81597 18.7751 14.7162
1.81667 18.8125 14.7249
1.81736 18.8437 14.7337
1.81806 18.8685 14.7424
1.81875 18.8871 14.7512
1.81944 18.8996 14.7599
1.82014 18.9062 14.7687
1.82083 18.9072 14.7774
1.82153 18.9032 14.7862
1.82222 18.8945 14.7949
1.82292 18.8819 14.8037
1.82361 18.8658 14.8124
1.82431 18.8471 14.8212
1.825 18.8263 14.8299
