0 0
0.000694444 0.000923742
0.00138889 0.00271105
0.00208333 0.0055347
0.00277778 0.009384
0.00347222 0.0141979
0.00416667 0.0198997
0.00486111 0.0264066
0.00555556 0.0336414
0.00625 0.0415325
0.00694444 0.0500103
0.00763889 0.0589998
0.00833333 0.068415
0.00902778 0.0781563
0.00972222 0.0881124
0.0104167 0.0981685
0.0111111 0.108218
0.0118056 0.118175
0.0125 0.127987
0.0131944 0.13764
0.0138889 0.147157
0.0145833 0.156587
0.0152778 0.165993
0.0159722 0.175425
0.0166667 0.184912
0.0173611 0.194446
0.0180556 0.203989
0.01875 0.213482
0.0194444 0.22286
0.0201389 0.232074
0.0208333 0.241103
0.0215278 0.249963
0.0222222 0.25871
0.0229167 0.267419
0.0236111 0.276177
0.0243056 0.285068
0.025 0.294151
0.0256944 0.303459
0.0263889 0.313002
0.0270833 0.322766
0.0277778 0.332734
0.0284722 0.342885
0.0291667 0.353211
0.0298611 0.36371
0.0305556 0.374384
0.03125 0.385232
0.0319444 0.396237
0.0326389 0.407361
0.0333333 0.418548
0.0340278 0.42972
0.0347222 0.440785
0.0354167 0.451653
0.0361111 0.462242
0.0368056 0.472483
0.0375 0.482334
0.0381944 0.491768
0.0388889 0.500782
0.0395833 0.509382
0.0402778 0.517583
0.0409722 0.525399
0.0416667 0.532844
0.0423611 0.539924
0.0430556 0.546644
0.04375 0.553001
0.0444444 0.558992
0.0451389 0.564606
0.0458333 0.569827
0.0465278 0.574642
0.0472222 0.579026
0.0479167 0.58296
0.0486111 0.586422
0.0493056 0.589399
0.05 0.591885
0.0506944 0.593882
0.0513889 0.5954
0.0520833 0.596447
0.0527778 0.597027
0.0534722 0.597135
0.0541667 0.596745
0.0548611 0.59582
0.0555556 0.594319
0.05625 0.592204
0.0569444 0.589458
0.0576389 0.586108
0.0583333 0.582227
0.0590278 0.577944
0.0597222 0.573444
0.0604167 0.568954
0.0611111 0.564719
0.0618056 0.560983
0.0625 0.557954
0.0631944 0.555791
0.0638889 0.554588
0.0645833 0.554378
0.0652778 0.555141
0.0659722 0.556823
0.0666667 0.559368
0.0673611 0.562723
0.0680556 0.566862
0.06875 0.571786
0.0694444 0.57752
0.0701389 0.584097
0.0708333 0.591547
0.0715278 0.599881
0.0722222 0.609079
0.0729167 0.619092
0.0736111 0.629839
0.0743056 0.641223
0.075 0.653144
0.0756944 0.665518
0.0763889 0.67828
0.0770833 0.691392
0.0777778 0.704847
0.0784722 0.718649
0.0791667 0.732807
0.0798611 0.747317
0.0805556 0.762151
0.08125 0.777255
0.0819444 0.792546
0.0826389 0.807927
0.0833333 0.8233
0.0840278 0.838582
0.0847222 0.85372
0.0854167 0.868695
0.0861111 0.883522
0.0868056 0.898244
0.0875 0.912916
0.0881944 0.927588
0.0888889 0.942301
0.0895833 0.957067
0.0902778 0.971878
0.0909722 0.986705
0.0916667 1.00151
0.0923611 1.01626
0.0930556 1.03091
0.09375 1.04545
0.0944444 1.05987
0.0951389 1.07415
0.0958333 1.08827
0.0965278 1.10222
0.0972222 1.11592
0.0979167 1.12931
0.0986111 1.14231
0.0993056 1.15483
0.1 1.16677
0.100694 1.17807
0.101389 1.18866
0.102083 1.19851
0.102778 1.20762
0.103472 1.21599
0.104167 1.22363
0.104861 1.23057
0.105556 1.23682
0.10625 1.24241
0.106944 1.24734
0.107639 1.25164
0.108333 1.25531
0.109028 1.25835
0.109722 1.26079
0.110417 1.2626
0.111111 1.26381
0.111806 1.2644
0.1125 1.26438
0.113194 1.26375
0.113889 1.26252
0.114583 1.26071
0.115278 1.25835
0.115972 1.25548
0.116667 1.25214
0.117361 1.24835
0.118056 1.24413
0.11875 1.2395
0.119444 1.23443
0.120139 1.22891
0.120833 1.22294
0.121528 1.21653
0.122222 1.20973
0.122917 1.20264
0.123611 1.19543
0.124306 1.1883
0.125 1.18149
0.125694 1.17527
0.126389 1.16989
0.127083 1.16555
0.127778 1.16241
0.128472 1.16055
0.129167 1.15999
0.129861 1.16072
0.130556 1.16267
0.13125 1.16576
0.131944 1.16994
0.132639 1.17517
0.133333 1.18143
0.134028 1.18875
0.134722 1.19714
0.135417 1.20661
0.136111 1.21717
0.136806 1.22877
0.1375 1.24135
0.138194 1.25482
0.138889 1.26909
0.139583 1.28405
0.140278 1.29961
0.140972 1.31573
0.141667 1.33235
0.142361 1.34948
0.143056 1.36712
0.14375 1.38525
0.144444 1.40387
0.145139 1.42293
0.145833 1.44234
0.146528 1.46201
0.147222 1.48182
0.147917 1.50166
0.148611 1.52143
0.149306 1.54109
0.15 1.56061
0.150694 1.57999
0.151389 1.59926
0.152083 1.61847
0.152778 1.63764
0.153472 1.65678
0.154167 1.67589
0.154861 1.69493
0.155556 1.71385
0.15625 1.7326
0.156944 1.75112
0.157639 1.76936
0.158333 1.7873
0.159028 1.80489
0.159722 1.82212
0.160417 1.83895
0.161111 1.85533
0.161806 1.87119
0.1625 1.88645
0.163194 1.90101
0.163889 1.91476
0.164583 1.92763
0.165278 1.93952
0.165972 1.9504
0.166667 1.96022
0.167361 1.96898
0.168056 1.97669
0.16875 1.98337
0.169444 1.98905
0.170139 1.99375
0.170833 1.99749
0.171528 2.0003
0.172222 2.0022
0.172917 2.00322
0.173611 2.00337
0.174306 2.00267
0.175 2.00115
0.175694 1.99883
0.176389 1.99573
0.177083 1.99186
0.177778 1.98725
0.178472 1.98196
0.179167 1.97601
0.179861 1.96947
0.180556 1.96239
0.18125 1.95486
0.181944 1.94691
0.182639 1.9386
0.183333 1.92995
0.184028 1.92098
0.184722 1.91169
0.185417 1.90212
0.186111 1.89229
0.186806 1.88229
0.1875 1.87225
0.188194 1.86235
0.188889 1.85282
0.189583 1.84394
0.190278 1.83596
0.190972 1.82913
0.191667 1.82367
0.192361 1.81972
0.193056 1.81735
0.19375 1.81659
0.194444 1.81738
0.195139 1.81966
0.195833 1.82336
0.196528 1.82841
0.197222 1.83475
0.197917 1.84238
0.198611 1.8513
0.199306 1.86151
0.2 1.87302
0.200694 1.88581
0.201389 1.89982
0.202083 1.91498
0.202778 1.93119
0.203472 1.94833
0.204167 1.9663
0.204861 1.98501
0.205556 2.00441
0.20625 2.02444
0.206944 2.04511
0.207639 2.06641
0.208333 2.08831
0.209028 2.11079
0.209722 2.13378
0.210417 2.15719
0.211111 2.1809
0.211806 2.20479
0.2125 2.22873
0.213194 2.25264
0.213889 2.27644
0.214583 2.30011
0.215278 2.32365
0.215972 2.34708
0.216667 2.37041
0.217361 2.39368
0.218056 2.41686
0.21875 2.43993
0.219444 2.46283
0.220139 2.48549
0.220833 2.50786
0.221528 2.52984
0.222222 2.55139
0.222917 2.57246
0.223611 2.593
0.224306 2.61297
0.225 2.63232
0.225694 2.65098
0.226389 2.66887
0.227083 2.68589
0.227778 2.70193
0.228472 2.71687
0.229167 2.73063
0.229861 2.74313
0.230556 2.75431
0.23125 2.76414
0.231944 2.77262
0.232639 2.77975
0.233333 2.78557
0.234028 2.7901
0.234722 2.79336
0.235417 2.7954
0.236111 2.79624
0.236806 2.79591
0.2375 2.79444
0.238194 2.79189
0.238889 2.78827
0.239583 2.78362
0.240278 2.778
0.240972 2.77142
0.241667 2.76395
0.242361 2.75563
0.243056 2.74653
0.24375 2.73671
0.244444 2.72626
0.245139 2.71528
0.245833 2.70384
0.246528 2.69203
0.247222 2.67992
0.247917 2.66756
0.248611 2.65498
0.249306 2.64223
0.25 2.62934
0.250694 2.61638
0.251389 2.60347
0.252083 2.59075
0.252778 2.57843
0.253472 2.56677
0.254167 2.55605
0.254861 2.54653
0.255556 2.53847
0.25625 2.53207
0.256944 2.52748
0.257639 2.52475
0.258333 2.52389
0.259028 2.52485
0.259722 2.52754
0.260417 2.53189
0.261111 2.53782
0.261806 2.54529
0.2625 2.55427
0.263194 2.56476
0.263889 2.57675
0.264583 2.59023
0.265278 2.60517
0.265972 2.6215
0.266667 2.63912
0.267361 2.65793
0.268056 2.67781
0.26875 2.69863
0.269444 2.72031
0.270139 2.74279
0.270833 2.76602
0.271528 2.78999
0.272222 2.81469
0.272917 2.84009
0.273611 2.86614
0.274306 2.89277
0.275 2.91986
0.275694 2.94729
0.276389 2.97492
0.277083 3.00263
0.277778 3.03032
0.278472 3.05792
0.279167 3.08541
0.279861 3.11276
0.280556 3.14001
0.28125 3.16714
0.281944 3.19418
0.282639 3.22107
0.283333 3.24779
0.284028 3.27426
0.284722 3.3004
0.285417 3.32611
0.286111 3.35132
0.286806 3.37595
0.2875 3.39995
0.288194 3.42325
0.288889 3.4458
0.289583 3.46753
0.290278 3.48836
0.290972 3.50818
0.291667 3.52688
0.292361 3.54434
0.293056 3.56045
0.29375 3.5751
0.294444 3.58821
0.295139 3.59973
0.295833 3.60962
0.296528 3.61789
0.297222 3.62454
0.297917 3.6296
0.298611 3.6331
0.299306 3.63508
0.3 3.63556
0.300694 3.6346
0.301389 3.63222
0.302083 3.62848
0.302778 3.62342
0.303472 3.6171
0.304167 3.60957
0.304861 3.60088
0.305556 3.5911
0.30625 3.58029
0.306944 3.56853
0.307639 3.5559
0.308333 3.54251
0.309028 3.52845
0.309722 3.51385
0.310417 3.49882
0.311111 3.48346
0.311806 3.46786
0.3125 3.45209
0.313194 3.43622
0.313889 3.4203
0.314583 3.40439
0.315278 3.3886
0.315972 3.37305
0.316667 3.35793
0.317361 3.34346
0.318056 3.32992
0.31875 3.31759
0.319444 3.30676
0.320139 3.29767
0.320833 3.29052
0.321528 3.28544
0.322222 3.28248
0.322917 3.28163
0.323611 3.28284
0.324306 3.28601
0.325 3.29105
0.325694 3.2979
0.326389 3.30649
0.327083 3.31679
0.327778 3.3288
0.328472 3.34251
0.329167 3.35787
0.329861 3.37486
0.330556 3.39338
0.33125 3.41332
0.331944 3.43457
0.332639 3.45699
0.333333 3.48047
0.334028 3.5049
0.334722 3.53024
0.335417 3.55642
0.336111 3.58344
0.336806 3.61127
0.3375 3.63988
0.338194 3.6692
0.338889 3.69914
0.339583 3.72959
0.340278 3.76041
0.340972 3.79145
0.341667 3.8226
0.342361 3.85374
0.343056 3.88481
0.34375 3.91577
0.344444 3.94662
0.345139 3.97736
0.345833 4.00799
0.346528 4.03848
0.347222 4.0688
0.347917 4.09889
0.348611 4.12866
0.349306 4.158
0.35 4.18683
0.350694 4.21504
0.351389 4.24256
0.352083 4.2693
0.352778 4.2952
0.353472 4.32018
0.354167 4.34417
0.354861 4.36705
0.355556 4.38872
0.35625 4.40904
0.356944 4.42789
0.357639 4.44514
0.358333 4.46067
0.359028 4.47442
0.359722 4.48632
0.360417 4.49634
0.361111 4.50448
0.361806 4.51074
0.3625 4.51516
0.363194 4.51777
0.363889 4.5186
0.364583 4.5177
0.365278 4.51511
0.365972 4.51087
0.366667 4.50506
0.367361 4.49772
0.368056 4.48893
0.36875 4.47875
0.369444 4.46726
0.370139 4.45454
0.370833 4.44067
0.371528 4.42575
0.372222 4.40989
0.372917 4.39321
0.373611 4.37585
0.374306 4.35794
0.375 4.33962
0.375694 4.32101
0.376389 4.30223
0.377083 4.28336
0.377778 4.2645
0.378472 4.24571
0.379167 4.22708
0.379861 4.20874
0.380556 4.19084
0.38125 4.17359
0.381944 4.15723
0.382639 4.14205
0.383333 4.12835
0.384028 4.11641
0.384722 4.10648
0.385417 4.09875
0.386111 4.09334
0.386806 4.09028
0.3875 4.08955
0.388194 4.09108
0.388889 4.09478
0.389583 4.10055
0.390278 4.10832
0.390972 4.11802
0.391667 4.12962
0.392361 4.14311
0.393056 4.15844
0.39375 4.1756
0.394444 4.19451
0.395139 4.21508
0.395833 4.23719
0.396528 4.26069
0.397222 4.28547
0.397917 4.31139
0.398611 4.33835
0.399306 4.3663
0.4 4.39518
0.400694 4.42497
0.401389 4.45565
0.402083 4.48717
0.402778 4.51945
0.403472 4.5524
0.404167 4.58588
0.404861 4.61976
0.405556 4.65388
0.40625 4.68812
0.406944 4.72238
0.407639 4.75659
0.408333 4.79072
0.409028 4.82475
0.409722 4.85867
0.410417 4.89248
0.411111 4.92614
0.411806 4.95961
0.4125 4.99279
0.413194 5.0256
0.413889 5.05791
0.414583 5.08963
0.415278 5.12063
0.415972 5.15084
0.416667 5.18016
0.417361 5.2085
0.418056 5.23579
0.41875 5.26191
0.419444 5.28676
0.420139 5.3102
0.420833 5.33209
0.421528 5.35229
0.422222 5.37067
0.422917 5.38711
0.423611 5.40152
0.424306 5.41385
0.425 5.42406
0.425694 5.43216
0.426389 5.43814
0.427083 5.44204
0.427778 5.44389
0.428472 5.44373
0.429167 5.44161
0.429861 5.43757
0.430556 5.43168
0.43125 5.42401
0.431944 5.41461
0.432639 5.40359
0.433333 5.39101
0.434028 5.37697
0.434722 5.36157
0.435417 5.34491
0.436111 5.32711
0.436806 5.30831
0.4375 5.28865
0.438194 5.26828
0.438889 5.24737
0.439583 5.22607
0.440278 5.20452
0.440972 5.18287
0.441667 5.16121
0.442361 5.13965
0.443056 5.11829
0.44375 5.09723
0.444444 5.07663
0.445139 5.05665
0.445833 5.03753
0.446528 5.01953
0.447222 5.00295
0.447917 4.9881
0.448611 4.97527
0.449306 4.96468
0.45 4.95654
0.450694 4.95093
0.451389 4.94788
0.452083 4.94736
0.452778 4.9493
0.453472 4.95358
0.454167 4.96011
0.454861 4.9688
0.455556 4.97959
0.45625 4.99245
0.456944 5.00734
0.457639 5.02423
0.458333 5.04307
0.459028 5.06378
0.459722 5.08625
0.460417 5.11035
0.461111 5.13593
0.461806 5.16285
0.4625 5.19099
0.463194 5.22024
0.463889 5.25055
0.464583 5.28187
0.465278 5.31416
0.465972 5.3474
0.466667 5.38152
0.467361 5.41646
0.468056 5.45209
0.46875 5.48828
0.469444 5.52489
0.470139 5.56176
0.470833 5.59878
0.471528 5.63583
0.472222 5.67286
0.472917 5.70983
0.473611 5.74672
0.474306 5.78353
0.475 5.82023
0.475694 5.85677
0.476389 5.89311
0.477083 5.92913
0.477778 5.96473
0.478472 5.99978
0.479167 6.03417
0.479861 6.06777
0.480556 6.10049
0.48125 6.13222
0.481944 6.16287
0.482639 6.19234
0.483333 6.2205
0.484028 6.24723
0.484722 6.27238
0.485417 6.2958
0.486111 6.31732
0.486806 6.33682
0.4875 6.35418
0.488194 6.36929
0.488889 6.38211
0.489583 6.39259
0.490278 6.40073
0.490972 6.40654
0.491667 6.41005
0.492361 6.41129
0.493056 6.4103
0.49375 6.40713
0.494444 6.40184
0.495139 6.39449
0.495833 6.38516
0.496528 6.37394
0.497222 6.36092
0.497917 6.34619
0.498611 6.32986
0.499306 6.31205
0.5 6.29288
0.500694 6.27249
0.501389 6.25103
0.502083 6.22868
0.502778 6.20561
0.503472 6.18199
0.504167 6.15802
0.504861 6.13384
0.505556 6.10961
0.50625 6.08546
0.506944 6.0615
0.507639 6.03786
0.508333 6.01466
0.509028 5.99206
0.509722 5.97028
0.510417 5.94955
0.511111 5.93015
0.511806 5.91241
0.5125 5.89662
0.513194 5.88308
0.513889 5.87203
0.514583 5.86362
0.515278 5.85795
0.515972 5.85503
0.516667 5.85481
0.517361 5.85721
0.518056 5.86211
0.51875 5.86941
0.519444 5.87902
0.520139 5.89088
0.520833 5.90495
0.521528 5.92118
0.522222 5.93953
0.522917 5.95994
0.523611 5.98231
0.524306 6.00653
0.525 6.03245
0.525694 6.05991
0.526389 6.08877
0.527083 6.1189
0.527778 6.1502
0.528472 6.18262
0.529167 6.2161
0.529861 6.25061
0.530556 6.28611
0.53125 6.32254
0.531944 6.35982
0.532639 6.39781
0.533333 6.43639
0.534028 6.47541
0.534722 6.5147
0.535417 6.55416
0.536111 6.59369
0.536806 6.63322
0.5375 6.67272
0.538194 6.71217
0.538889 6.75157
0.539583 6.79087
0.540278 6.83003
0.540972 6.86896
0.541667 6.90757
0.542361 6.94572
0.543056 6.98329
0.54375 7.02015
0.544444 7.05616
0.545139 7.09122
0.545833 7.12522
0.546528 7.15804
0.547222 7.18957
0.547917 7.21968
0.548611 7.24822
0.549306 7.27502
0.55 7.29993
0.550694 7.32277
0.551389 7.34339
0.552083 7.36169
0.552778 7.37754
0.553472 7.39091
0.554167 7.40174
0.554861 7.41003
0.555556 7.41578
0.55625 7.41903
0.556944 7.4198
0.557639 7.41814
0.558333 7.4141
0.559028 7.40775
0.559722 7.39915
0.560417 7.38839
0.561111 7.37557
0.561806 7.36078
0.5625 7.34415
0.563194 7.32579
0.563889 7.30584
0.564583 7.28443
0.565278 7.26174
0.565972 7.23792
0.566667 7.21317
0.567361 7.18769
0.568056 7.16168
0.56875 7.13533
0.569444 7.10882
0.570139 7.08231
0.570833 7.05596
0.571528 7.02989
0.572222 7.00425
0.572917 6.97918
0.573611 6.95487
0.574306 6.93154
0.575 6.90944
0.575694 6.88889
0.576389 6.87021
0.577083 6.85369
0.577778 6.83964
0.578472 6.82828
0.579167 6.81975
0.579861 6.81414
0.580556 6.81145
0.58125 6.81161
0.581944 6.81453
0.582639 6.82008
0.583333 6.82817
0.584028 6.83869
0.584722 6.85159
0.585417 6.86681
0.586111 6.8843
0.586806 6.90402
0.5875 6.92588
0.588194 6.94978
0.588889 6.97558
0.589583 7.00313
0.590278 7.03227
0.590972 7.06285
0.591667 7.09474
0.592361 7.12785
0.593056 7.16211
0.59375 7.19749
0.594444 7.23393
0.595139 7.2714
0.595833 7.30983
0.596528 7.34913
0.597222 7.38918
0.597917 7.42982
0.598611 7.47092
0.599306 7.51232
0.6 7.5539
0.600694 7.59558
0.601389 7.6373
0.602083 7.67903
0.602778 7.72075
0.603472 7.76244
0.604167 7.80406
0.604861 7.84556
0.605556 7.88684
0.60625 7.92779
0.606944 7.96827
0.607639 8.00815
0.608333 8.04727
0.609028 8.08552
0.609722 8.12277
0.610417 8.15889
0.611111 8.19376
0.611806 8.22726
0.6125 8.25922
0.613194 8.2895
0.613889 8.31791
0.614583 8.34428
0.615278 8.36842
0.615972 8.39019
0.616667 8.40945
0.617361 8.4261
0.618056 8.44008
0.61875 8.45135
0.619444 8.45989
0.620139 8.46571
0.620833 8.46883
0.621528 8.46929
0.622222 8.46713
0.622917 8.4624
0.623611 8.45517
0.624306 8.44552
0.625 8.43355
0.625694 8.41936
0.626389 8.40306
0.627083 8.38477
0.627778 8.36465
0.628472 8.34282
0.629167 8.31946
0.629861 8.29473
0.630556 8.26884
0.63125 8.24199
0.631944 8.21439
0.632639 8.18628
0.633333 8.15785
0.634028 8.1293
0.634722 8.10081
0.635417 8.07255
0.636111 8.04466
0.636806 8.0173
0.6375 7.99063
0.638194 7.96486
0.638889 7.94023
0.639583 7.91702
0.640278 7.89555
0.640972 7.87613
0.641667 7.85909
0.642361 7.84471
0.643056 7.83319
0.64375 7.82469
0.644444 7.81926
0.645139 7.81689
0.645833 7.8175
0.646528 7.82098
0.647222 7.82721
0.647917 7.83609
0.648611 7.84751
0.649306 7.8614
0.65 7.87771
0.650694 7.89639
0.651389 7.91736
0.652083 7.94055
0.652778 7.96582
0.653472 7.99304
0.654167 8.02203
0.654861 8.05265
0.655556 8.08473
0.65625 8.11815
0.656944 8.15281
0.657639 8.18866
0.658333 8.22565
0.659028 8.26374
0.659722 8.30288
0.660417 8.34302
0.661111 8.38403
0.661806 8.42581
0.6625 8.4682
0.663194 8.51105
0.663889 8.55423
0.664583 8.59762
0.665278 8.64115
0.665972 8.68475
0.666667 8.72841
0.667361 8.7721
0.668056 8.81581
0.66875 8.85948
0.669444 8.90306
0.670139 8.94644
0.670833 8.98949
0.671528 9.03208
0.672222 9.07406
0.672917 9.11527
0.673611 9.15559
0.674306 9.19487
0.675 9.23298
0.675694 9.26979
0.676389 9.30516
0.677083 9.33891
0.677778 9.37087
0.678472 9.40085
0.679167 9.42865
0.679861 9.4541
0.680556 9.47703
0.68125 9.4973
0.681944 9.5148
0.682639 9.52947
0.683333 9.54127
0.684028 9.55017
0.684722 9.55618
0.685417 9.55932
0.686111 9.55962
0.686806 9.55712
0.6875 9.55189
0.688194 9.54398
0.688889 9.5335
0.689583 9.52053
0.690278 9.5052
0.690972 9.48762
0.691667 9.46794
0.692361 9.4463
0.693056 9.42287
0.69375 9.39782
0.694444 9.37135
0.695139 9.34366
0.695833 9.315
0.696528 9.28558
0.697222 9.25565
0.697917 9.22543
0.698611 9.19514
0.699306 9.16496
0.7 9.13507
0.700694 9.10563
0.701389 9.07682
0.702083 9.04882
0.702778 9.02186
0.703472 8.99618
0.704167 8.97209
0.704861 8.94991
0.705556 8.92998
0.70625 8.9126
0.706944 8.89805
0.707639 8.88654
0.708333 8.87819
0.709028 8.87305
0.709722 8.87108
0.710417 8.87219
0.711111 8.87628
0.711806 8.88321
0.7125 8.89287
0.713194 8.90516
0.713889 8.92001
0.714583 8.93734
0.715278 8.95711
0.715972 8.97923
0.716667 9.00361
0.717361 9.0301
0.718056 9.05856
0.71875 9.08881
0.719444 9.12069
0.720139 9.15405
0.720833 9.18875
0.721528 9.22472
0.722222 9.26189
0.722917 9.30021
0.723611 9.33967
0.724306 9.38019
0.725 9.42172
0.725694 9.46414
0.726389 9.50733
0.727083 9.55115
0.727778 9.59545
0.728472 9.64009
0.729167 9.68498
0.729861 9.73004
0.730556 9.77522
0.73125 9.82052
0.731944 9.8659
0.732639 9.91135
0.733333 9.95681
0.734028 10.0022
0.734722 10.0475
0.735417 10.0924
0.736111 10.1369
0.736806 10.1808
0.7375 10.2239
0.738194 10.2661
0.738889 10.3073
0.739583 10.3473
0.740278 10.3859
0.740972 10.4231
0.741667 10.4585
0.742361 10.4921
0.743056 10.5236
0.74375 10.5529
0.744444 10.5796
0.745139 10.6037
0.745833 10.6251
0.746528 10.6435
0.747222 10.6589
0.747917 10.6714
0.748611 10.6807
0.749306 10.6871
0.75 10.6904
0.750694 10.6907
0.751389 10.688
0.752083 10.6824
0.752778 10.6741
0.753472 10.6629
0.754167 10.6492
0.754861 10.633
0.755556 10.6144
0.75625 10.5935
0.756944 10.5706
0.757639 10.5459
0.758333 10.5194
0.759028 10.4915
0.759722 10.4623
0.760417 10.4321
0.761111 10.4011
0.761806 10.3697
0.7625 10.338
0.763194 10.3062
0.763889 10.2746
0.764583 10.2434
0.765278 10.2127
0.765972 10.1827
0.766667 10.1536
0.767361 10.1257
0.768056 10.0992
0.76875 10.0745
0.769444 10.0518
0.770139 10.0315
0.770833 10.014
0.771528 9.99945
0.772222 9.98808
0.772917 9.98
0.773611 9.97524
0.774306 9.97375
0.775 9.97543
0.775694 9.98016
0.776389 9.9878
0.777083 9.99823
0.777778 10.0114
0.778472 10.0271
0.779167 10.0454
0.779861 10.0662
0.780556 10.0893
0.78125 10.1147
0.781944 10.1423
0.782639 10.1718
0.783333 10.2031
0.784028 10.236
0.784722 10.2704
0.785417 10.3062
0.786111 10.3432
0.786806 10.3814
0.7875 10.4208
0.788194 10.4613
0.788889 10.503
0.789583 10.5456
0.790278 10.5891
0.790972 10.6334
0.791667 10.6783
0.792361 10.7237
0.793056 10.7695
0.79375 10.8156
0.794444 10.8619
0.795139 10.9084
0.795833 10.955
0.796528 11.0018
0.797222 11.0487
0.797917 11.0957
0.798611 11.1427
0.799306 11.1896
0.8 11.2362
0.800694 11.2824
0.801389 11.328
0.802083 11.3728
0.802778 11.4168
0.803472 11.4598
0.804167 11.5015
0.804861 11.5419
0.805556 11.5807
0.80625 11.6179
0.806944 11.653
0.807639 11.6861
0.808333 11.7167
0.809028 11.7448
0.809722 11.7702
0.810417 11.7926
0.811111 11.812
0.811806 11.8283
0.8125 11.8415
0.813194 11.8514
0.813889 11.8582
0.814583 11.8618
0.815278 11.8623
0.815972 11.8596
0.816667 11.8539
0.817361 11.8453
0.818056 11.8338
0.81875 11.8195
0.819444 11.8026
0.820139 11.7832
0.820833 11.7614
0.821528 11.7375
0.822222 11.7117
0.822917 11.6841
0.823611 11.655
0.824306 11.6245
0.825 11.5931
0.825694 11.5609
0.826389 11.5282
0.827083 11.4953
0.827778 11.4623
0.828472 11.4296
0.829167 11.3973
0.829861 11.3656
0.830556 11.3347
0.83125 11.3048
0.831944 11.2761
0.832639 11.2491
0.833333 11.2239
0.834028 11.201
0.834722 11.1806
0.835417 11.1631
0.836111 11.1487
0.836806 11.1376
0.8375 11.1299
0.838194 11.1256
0.838889 11.1246
0.839583 11.1269
0.840278 11.1323
0.840972 11.1407
0.841667 11.1519
0.842361 11.1658
0.843056 11.1824
0.84375 11.2015
0.844444 11.2232
0.845139 11.2472
0.845833 11.2736
0.846528 11.302
0.847222 11.3324
0.847917 11.3646
0.848611 11.3984
0.849306 11.4336
0.85 11.4701
0.850694 11.5079
0.851389 11.5469
0.852083 11.5871
0.852778 11.6284
0.853472 11.6708
0.854167 11.7142
0.854861 11.7585
0.855556 11.8036
0.85625 11.8493
0.856944 11.8956
0.857639 11.9422
0.858333 11.9892
0.859028 12.0364
0.859722 12.0839
0.860417 12.1316
0.861111 12.1795
0.861806 12.2277
0.8625 12.276
0.863194 12.3243
0.863889 12.3726
0.864583 12.4206
0.865278 12.4683
0.865972 12.5155
0.866667 12.5619
0.867361 12.6075
0.868056 12.6521
0.86875 12.6955
0.869444 12.7375
0.870139 12.778
0.870833 12.8168
0.871528 12.8535
0.872222 12.888
0.872917 12.9201
0.873611 12.9496
0.874306 12.9762
0.875 12.9998
0.875694 13.0202
0.876389 13.0375
0.877083 13.0515
0.877778 13.0622
0.878472 13.0695
0.879167 13.0736
0.879861 13.0744
0.880556 13.0719
0.88125 13.0663
0.881944 13.0576
0.882639 13.0458
0.883333 13.0312
0.884028 13.0139
0.884722 12.9939
0.885417 12.9715
0.886111 12.9469
0.886806 12.9203
0.8875 12.8918
0.888194 12.8617
0.888889 12.8304
0.889583 12.7979
0.890278 12.7648
0.890972 12.7311
0.891667 12.6973
0.892361 12.6634
0.893056 12.6298
0.89375 12.5967
0.894444 12.5642
0.895139 12.5326
0.895833 12.5022
0.896528 12.4731
0.897222 12.4457
0.897917 12.4203
0.898611 12.3972
0.899306 12.3769
0.9 12.3596
0.900694 12.3455
0.901389 12.3348
0.902083 12.3276
0.902778 12.3239
0.903472 12.3235
0.904167 12.3265
0.904861 12.3325
0.905556 12.3416
0.90625 12.3535
0.906944 12.3682
0.907639 12.3855
0.908333 12.4055
0.909028 12.4279
0.909722 12.4527
0.910417 12.4798
0.911111 12.509
0.911806 12.5401
0.9125 12.5729
0.913194 12.6073
0.913889 12.6431
0.914583 12.6802
0.915278 12.7185
0.915972 12.758
0.916667 12.7987
0.917361 12.8405
0.918056 12.8834
0.91875 12.9273
0.919444 12.9721
0.920139 13.0176
0.920833 13.0639
0.921528 13.1106
0.922222 13.1578
0.922917 13.2054
0.923611 13.2532
0.924306 13.3014
0.925 13.35
0.925694 13.3988
0.926389 13.4479
0.927083 13.4972
0.927778 13.5467
0.928472 13.5961
0.929167 13.6454
0.929861 13.6944
0.930556 13.743
0.93125 13.7909
0.931944 13.838
0.932639 13.8841
0.933333 13.929
0.934028 13.9726
0.934722 14.0147
0.935417 14.055
0.936111 14.0933
0.936806 14.1293
0.9375 14.1629
0.938194 14.1937
0.938889 14.2216
0.939583 14.2464
0.940278 14.268
0.940972 14.2863
0.941667 14.3013
0.942361 14.3128
0.943056 14.3209
0.94375 14.3256
0.944444 14.3269
0.945139 14.3248
0.945833 14.3194
0.946528 14.3108
0.947222 14.2991
0.947917 14.2844
0.948611 14.2668
0.949306 14.2465
0.95 14.2238
0.950694 14.1987
0.951389 14.1714
0.952083 14.1424
0.952778 14.1117
0.953472 14.0796
0.954167 14.0465
0.954861 14.0126
0.955556 13.9783
0.95625 13.9438
0.956944 13.9093
0.957639 13.8751
0.958333 13.8414
0.959028 13.8085
0.959722 13.7764
0.960417 13.7456
0.961111 13.7163
0.961806 13.6888
0.9625 13.6634
0.963194 13.6404
0.963889 13.6203
0.964583 13.6033
0.965278 13.5897
0.965972 13.5795
0.966667 13.5729
0.967361 13.5698
0.968056 13.5701
0.96875 13.5737
0.969444 13.5805
0.970139 13.5902
0.970833 13.6028
0.971528 13.6182
0.972222 13.6362
0.972917 13.6569
0.973611 13.68
0.974306 13.7054
0.975 13.7331
0.975694 13.7629
0.976389 13.7944
0.977083 13.8277
0.977778 13.8625
0.978472 13.8986
0.979167 13.936
0.979861 13.9746
0.980556 14.0143
0.98125 14.0553
0.981944 14.0973
0.982639 14.1404
0.983333 14.1844
0.984028 14.2294
0.984722 14.2751
0.985417 14.3216
0.986111 14.3685
0.986806 14.416
0.9875 14.4638
0.988194 14.5121
0.988889 14.5607
0.989583 14.6098
0.990278 14.6592
0.990972 14.709
0.991667 14.7592
0.992361 14.8095
0.993056 14.86
0.99375 14.9104
0.994444 14.9605
0.995139 15.0103
0.995833 15.0595
0.996528 15.1079
0.997222 15.1555
0.997917 15.2019
0.998611 15.247
0.999306 15.2906
1 15.3325
1.00069 15.3723
1.00139 15.4098
1.00208 15.4448
1.00278 15.477
1.00347 15.5063
1.00417 15.5324
1.00486 15.5553
1.00556 15.5747
1.00625 15.5907
1.00694 15.6032
1.00764 15.6122
1.00833 15.6177
1.00903 15.6196
1.00972 15.6181
1.01042 15.6132
1.01111 15.6049
1.01181 15.5934
1.0125 15.5788
1.01319 15.5613
1.01389 15.5409
1.01458 15.518
1.01528 15.4927
1.01597 15.4652
1.01667 15.4357
1.01736 15.4046
1.01806 15.3722
1.01875 15.3387
1.01944 15.3044
1.02014 15.2696
1.02083 15.2347
1.02153 15.1998
1.02222 15.1653
1.02292 15.1313
1.02361 15.0981
1.02431 15.0659
1.025 15.035
1.02569 15.0056
1.02639 14.9782
1.02708 14.953
1.02778 14.9303
1.02847 14.9106
1.02917 14.8941
1.02986 14.881
1.03056 14.8715
1.03125 14.8655
1.03194 14.8631
1.03264 14.8641
1.03333 14.8684
1.03403 14.8759
1.03472 14.8863
1.03542 14.8996
1.03611 14.9156
1.03681 14.9342
1.0375 14.9554
1.03819 14.9791
1.03889 15.0051
1.03958 15.0332
1.04028 15.0633
1.04097 15.0952
1.04167 15.1286
1.04236 15.1636
1.04306 15.1998
1.04375 15.2372
1.04444 15.2758
1.04514 15.3156
1.04583 15.3564
1.04653 15.3984
1.04722 15.4413
1.04792 15.4853
1.04861 15.5302
1.04931 15.5758
1.05 15.6221
1.05069 15.669
1.05139 15.7164
1.05208 15.7642
1.05278 15.8126
1.05347 15.8614
1.05417 15.9107
1.05486 15.9606
1.05556 16.0109
1.05625 16.0616
1.05694 16.1127
1.05764 16.1639
1.05833 16.2152
1.05903 16.2663
1.05972 16.3172
1.06042 16.3675
1.06111 16.4173
1.06181 16.4661
1.0625 16.5139
1.06319 16.5605
1.06389 16.6056
1.06458 16.6489
1.06528 16.6903
1.06597 16.7293
1.06667 16.7658
1.06736 16.7995
1.06806 16.8302
1.06875 16.8577
1.06944 16.8818
1.07014 16.9026
1.07083 16.9198
1.07153 16.9334
1.07222 16.9434
1.07292 16.9498
1.07361 16.9526
1.07431 16.9518
1.075 16.9475
1.07569 16.9398
1.07639 16.9287
1.07708 16.9145
1.07778 16.8972
1.07847 16.877
1.07917 16.8542
1.07986 16.8288
1.08056 16.8013
1.08125 16.7718
1.08194 16.7406
1.08264 16.708
1.08333 16.6743
1.08403 16.6399
1.08472 16.605
1.08542 16.5699
1.08611 16.5349
1.08681 16.5003
1.0875 16.4663
1.08819 16.4331
1.08889 16.4009
1.08958 16.3701
1.09028 16.341
1.09097 16.3138
1.09167 16.2889
1.09236 16.2668
1.09306 16.2476
1.09375 16.2317
1.09444 16.2193
1.09514 16.2105
1.09583 16.2053
1.09653 16.2036
1.09722 16.2053
1.09792 16.2104
1.09861 16.2185
1.09931 16.2295
1.1 16.2434
1.10069 16.26
1.10139 16.2792
1.10208 16.3009
1.10278 16.3249
1.10347 16.3513
1.10417 16.3796
1.10486 16.4099
1.10556 16.4419
1.10625 16.4754
1.10694 16.5102
1.10764 16.5463
1.10833 16.5836
1.10903 16.6219
1.10972 16.6613
1.11042 16.7019
1.11111 16.7434
1.11181 16.786
1.1125 16.8296
1.11319 16.874
1.11389 16.9192
1.11458 16.9651
1.11528 17.0116
1.11597 17.0587
1.11667 17.1063
1.11736 17.1545
1.11806 17.2032
1.11875 17.2526
1.11944 17.3026
1.12014 17.3531
1.12083 17.4042
1.12153 17.4558
1.12222 17.5076
1.12292 17.5596
1.12361 17.6116
1.12431 17.6634
1.125 17.7148
1.12569 17.7657
1.12639 17.8158
1.12708 17.865
1.12778 17.913
1.12847 17.9595
1.12917 18.0043
1.12986 18.0472
1.13056 18.0877
1.13125 18.1257
1.13194 18.1609
1.13264 18.1931
1.13333 18.2221
1.13403 18.2477
1.13472 18.2698
1.13542 18.2883
1.13611 18.3032
1.13681 18.3144
1.1375 18.3219
1.13819 18.3257
1.13889 18.3258
1.13958 18.3223
1.14028 18.3153
1.14097 18.3049
1.14167 18.2913
1.14236 18.2744
1.14306 18.2547
1.14375 18.2322
1.14444 18.2071
1.14514 18.1798
1.14583 18.1505
1.14653 18.1194
1.14722 18.0869
1.14792 18.0534
1.14861 18.019
1.14931 17.9842
1.15 17.9493
1.15069 17.9144
1.15139 17.88
1.15208 17.8461
1.15278 17.8131
1.15347 17.7813
1.15417 17.7508
1.15486 17.722
1.15556 17.6953
1.15625 17.6711
1.15694 17.6495
1.15764 17.6311
1.15833 17.616
1.15903 17.6043
1.15972 17.5963
1.16042 17.5919
1.16111 17.591
1.16181 17.5935
1.1625 17.5992
1.16319 17.608
1.16389 17.6197
1.16458 17.6341
1.16528 17.6512
1.16597 17.6708
1.16667 17.6929
1.16736 17.7172
1.16806 17.7437
1.16875 17.7722
1.16944 17.8025
1.17014 17.8343
1.17083 17.8676
1.17153 17.9022
1.17222 17.9379
1.17292 17.9746
1.17361 18.0125
1.17431 18.0513
1.175 18.0912
1.17569 18.1322
1.17639 18.1741
1.17708 18.2169
1.17778 18.2606
1.17847 18.3051
1.17917 18.3503
1.17986 18.3962
1.18056 18.4426
1.18125 18.4897
1.18194 18.5375
1.18264 18.5859
1.18333 18.635
1.18403 18.6849
1.18472 18.7356
1.18542 18.7868
1.18611 18.8387
1.18681 18.891
1.1875 18.9435
1.18819 18.9962
1.18889 19.0488
1.18958 19.1012
1.19028 19.1531
1.19097 19.2044
1.19167 19.2548
1.19236 19.3042
1.19306 19.3521
1.19375 19.3984
1.19444 19.4428
1.19514 19.4849
1.19583 19.5245
1.19653 19.5613
1.19722 19.595
1.19792 19.6255
1.19861 19.6526
1.19931 19.6762
1.2 19.6962
1.20069 19.7125
1.20139 19.725
1.20208 19.7337
1.20278 19.7387
1.20347 19.74
1.20417 19.7376
1.20486 19.7315
1.20556 19.722
1.20625 19.7091
1.20694 19.693
1.20764 19.6739
1.20833 19.6519
1.20903 19.6274
1.20972 19.6005
1.21042 19.5716
1.21111 19.541
1.21181 19.5089
1.2125 19.4757
1.21319 19.4417
1.21389 19.4073
1.21458 19.3727
1.21528 19.3382
1.21597 19.3042
1.21667 19.2708
1.21736 19.2382
1.21806 19.2068
1.21875 19.1769
1.21944 19.1488
1.22014 19.1227
1.22083 19.0992
1.22153 19.0784
1.22222 19.0608
1.22292 19.0466
1.22361 19.0359
1.22431 19.0287
1.225 19.0252
1.22569 19.0251
1.22639 19.0284
1.22708 19.0348
1.22778 19.0442
1.22847 19.0565
1.22917 19.0714
1.22986 19.0889
1.23056 19.1088
1.23125 19.1311
1.23194 19.1556
1.23264 19.1821
1.23333 19.2105
1.23403 19.2406
1.23472 19.2722
1.23542 19.305
1.23611 19.339
1.23681 19.3741
1.2375 19.4101
1.23819 19.4472
1.23889 19.4852
1.23958 19.5242
1.24028 19.5642
1.24097 19.6051
1.24167 19.647
1.24236 19.6897
1.24306 19.7332
1.24375 19.7774
1.24444 19.8223
1.24514 19.8679
1.24583 19.9142
1.24653 19.9613
1.24722 20.0091
1.24792 20.0578
1.24861 20.1074
1.24931 20.1579
1.25 20.2091
1.25069 20.2611
1.25139 20.3137
1.25208 20.3666
1.25278 20.4199
1.25347 20.4732
1.25417 20.5264
1.25486 20.5793
1.25556 20.6317
1.25625 20.6834
1.25694 20.734
1.25764 20.7834
1.25833 20.8312
1.25903 20.8771
1.25972 20.9208
1.26042 20.962
1.26111 21.0004
1.26181 21.0357
1.2625 21.0679
1.26319 21.0966
1.26389 21.1218
1.26458 21.1434
1.26528 21.1612
1.26597 21.1752
1.26667 21.1854
1.26736 21.1918
1.26806 21.1943
1.26875 21.1931
1.26944 21.1882
1.27014 21.1798
1.27083 21.1679
1.27153 21.1527
1.27222 21.1345
1.27292 21.1134
1.27361 21.0896
1.27431 21.0635
1.275 21.0352
1.27569 21.0052
1.27639 20.9738
1.27708 20.9412
1.27778 20.9078
1.27847 20.874
1.27917 20.84
1.27986 20.8062
1.28056 20.7728
1.28125 20.74
1.28194 20.7081
1.28264 20.6775
1.28333 20.6483
1.28403 20.6209
1.28472 20.5957
1.28542 20.5731
1.28611 20.5533
1.28681 20.5366
1.2875 20.5234
1.28819 20.5137
1.28889 20.5075
1.28958 20.5049
1.29028 20.5056
1.29097 20.5097
1.29167 20.5168
1.29236 20.5268
1.29306 20.5396
1.29375 20.555
1.29444 20.5728
1.29514 20.5929
1.29583 20.6153
1.29653 20.6398
1.29722 20.6662
1.29792 20.6944
1.29861 20.724
1.29931 20.755
1.3 20.7872
1.30069 20.8204
1.30139 20.8546
1.30208 20.8897
1.30278 20.9257
1.30347 20.9626
1.30417 21.0004
1.30486 21.0392
1.30556 21.0789
1.30625 21.1195
1.30694 21.1609
1.30764 21.2031
1.30833 21.2461
1.30903 21.2898
1.30972 21.3342
1.31042 21.3795
1.31111 21.4256
1.31181 21.4727
1.3125 21.5207
1.31319 21.5698
1.31389 21.6199
1.31458 21.6709
1.31528 21.7228
1.31597 21.7755
1.31667 21.8287
1.31736 21.8824
1.31806 21.9363
1.31875 21.9903
1.31944 22.0441
1.32014 22.0976
1.32083 22.1504
1.32153 22.2024
1.32222 22.2531
1.32292 22.3024
1.32361 22.3499
1.32431 22.3952
1.325 22.438
1.32569 22.4781
1.32639 22.5153
1.32708 22.5491
1.32778 22.5796
1.32847 22.6066
1.32917 22.6298
1.32986 22.6493
1.33056 22.665
1.33125 22.6768
1.33194 22.6847
1.33264 22.6888
1.33333 22.689
1.33403 22.6855
1.33472 22.6783
1.33542 22.6676
1.33611 22.6536
1.33681 22.6365
1.3375 22.6164
1.33819 22.5937
1.33889 22.5685
1.33958 22.5412
1.34028 22.5121
1.34097 22.4815
1.34167 22.4498
1.34236 22.4173
1.34306 22.3843
1.34375 22.3512
1.34444 22.3183
1.34514 22.2857
1.34583 22.2538
1.34653 22.2228
1.34722 22.193
1.34792 22.1648
1.34861 22.1384
1.34931 22.1142
1.35 22.0926
1.35069 22.0739
1.35139 22.0584
1.35208 22.0462
1.35278 22.0375
1.35347 22.0324
1.35417 22.0307
1.35486 22.0324
1.35556 22.0372
1.35625 22.045
1.35694 22.0556
1.35764 22.0688
1.35833 22.0845
1.35903 22.1026
1.35972 22.1229
1.36042 22.1452
1.36111 22.1696
1.36181 22.1957
1.3625 22.2233
1.36319 22.2524
1.36389 22.2826
1.36458 22.3139
1.36528 22.3461
1.36597 22.3792
1.36667 22.413
1.36736 22.4477
1.36806 22.4832
1.36875 22.5196
1.36944 22.5569
1.37014 22.5951
1.37083 22.6341
1.37153 22.674
1.37222 22.7146
1.37292 22.756
1.37361 22.7983
1.37431 22.8413
1.375 22.8853
1.37569 22.9302
1.37639 22.9762
1.37708 23.0234
1.37778 23.0718
1.37847 23.1213
1.37917 23.172
1.37986 23.2237
1.38056 23.2763
1.38125 23.3297
1.38194 23.3837
1.38264 23.4381
1.38333 23.4927
1.38403 23.5474
1.38472 23.6019
1.38542 23.6558
1.38611 23.7091
1.38681 23.7613
1.3875 23.8121
1.38819 23.8611
1.38889 23.9081
1.38958 23.9527
1.39028 23.9945
1.39097 24.0335
1.39167 24.0692
1.39236 24.1015
1.39306 24.1303
1.39375 24.1555
1.39444 24.1768
1.39514 24.1943
1.39583 24.2079
1.39653 24.2175
1.39722 24.2232
1.39792 24.2251
1.39861 24.2231
1.39931 24.2174
1.4 24.2082
1.40069 24.1956
1.40139 24.1798
1.40208 24.161
1.40278 24.1395
1.40347 24.1155
1.40417 24.0894
1.40486 24.0614
1.40556 24.032
1.40625 24.0014
1.40694 23.97
1.40764 23.9381
1.40833 23.9061
1.40903 23.8742
1.40972 23.8427
1.41042 23.8119
1.41111 23.782
1.41181 23.7534
1.4125 23.7263
1.41319 23.701
1.41389 23.678
1.41458 23.6576
1.41528 23.6401
1.41597 23.6258
1.41667 23.6148
1.41736 23.6073
1.41806 23.6033
1.41875 23.6026
1.41944 23.6051
1.42014 23.6107
1.42083 23.6192
1.42153 23.6303
1.42222 23.6439
1.42292 23.6599
1.42361 23.678
1.42431 23.6983
1.425 23.7205
1.42569 23.7445
1.42639 23.7701
1.42708 23.7972
1.42778 23.8254
1.42847 23.8547
1.42917 23.8849
1.42986 23.9158
1.43056 23.9475
1.43125 23.9798
1.43194 24.0129
1.43264 24.0468
1.43333 24.0815
1.43403 24.117
1.43472 24.1533
1.43542 24.1905
1.43611 24.2285
1.43681 24.2673
1.4375 24.307
1.43819 24.3475
1.43889 24.3889
1.43958 24.4313
1.44028 24.4748
1.44097 24.5196
1.44167 24.5657
1.44236 24.6131
1.44306 24.6619
1.44375 24.7121
1.44444 24.7634
1.44514 24.8159
1.44583 24.8693
1.44653 24.9235
1.44722 24.9783
1.44792 25.0336
1.44861 25.089
1.44931 25.1444
1.45 25.1996
1.45069 25.2541
1.45139 25.3077
1.45208 25.36
1.45278 25.4107
1.45347 25.4594
1.45417 25.5057
1.45486 25.5495
1.45556 25.5903
1.45625 25.628
1.45694 25.6623
1.45764 25.6931
1.45833 25.7202
1.45903 25.7436
1.45972 25.763
1.46042 25.7785
1.46111 25.7901
1.46181 25.7977
1.4625 25.8013
1.46319 25.8011
1.46389 25.7972
1.46458 25.7896
1.46528 25.7787
1.46597 25.7644
1.46667 25.7471
1.46736 25.7271
1.46806 25.7046
1.46875 25.6798
1.46944 25.6532
1.47014 25.6252
1.47083 25.5959
1.47153 25.5659
1.47222 25.5353
1.47292 25.5046
1.47361 25.4741
1.47431 25.4439
1.475 25.4143
1.47569 25.3857
1.47639 25.3584
1.47708 25.3326
1.47778 25.3087
1.47847 25.287
1.47917 25.2679
1.47986 25.2518
1.48056 25.2388
1.48125 25.2291
1.48194 25.2228
1.48264 25.2198
1.48333 25.2201
1.48403 25.2236
1.48472 25.2299
1.48542 25.239
1.48611 25.2506
1.48681 25.2645
1.4875 25.2807
1.48819 25.2989
1.48889 25.319
1.48958 25.3409
1.49028 25.3644
1.49097 25.3894
1.49167 25.4156
1.49236 25.4428
1.49306 25.4709
1.49375 25.4997
1.49444 25.5291
1.49514 25.5592
1.49583 25.5898
1.49653 25.6211
1.49722 25.653
1.49792 25.6857
1.49861 25.7191
1.49931 25.7534
1.5 25.7885
1.50069 25.8244
1.50139 25.8611
1.50208 25.8986
1.50278 25.9371
1.50347 25.9767
1.50417 26.0173
1.50486 26.0592
1.50556 26.1026
1.50625 26.1474
1.50694 26.1937
1.50764 26.2416
1.50833 26.291
1.50903 26.3419
1.50972 26.394
1.51042 26.4474
1.51111 26.5017
1.51181 26.5569
1.5125 26.6127
1.51319 26.6688
1.51389 26.7252
1.51458 26.7814
1.51528 26.8372
1.51597 26.8922
1.51667 26.9461
1.51736 26.9985
1.51806 27.0489
1.51875 27.0972
1.51944 27.1428
1.52014 27.1857
1.52083 27.2254
1.52153 27.2619
1.52222 27.2948
1.52292 27.3241
1.52361 27.3495
1.52431 27.3711
1.525 27.3888
1.52569 27.4024
1.52639 27.412
1.52708 27.4177
1.52778 27.4195
1.52847 27.4175
1.52917 27.4118
1.52986 27.4027
1.53056 27.3902
1.53125 27.3747
1.53194 27.3563
1.53264 27.3355
1.53333 27.3124
1.53403 27.2874
1.53472 27.2609
1.53542 27.2333
1.53611 27.2048
1.53681 27.1758
1.5375 27.1467
1.53819 27.1176
1.53889 27.0889
1.53958 27.0609
1.54028 27.0338
1.54097 27.0079
1.54167 26.9836
1.54236 26.9611
1.54306 26.941
1.54375 26.9234
1.54444 26.9087
1.54514 26.8971
1.54583 26.8887
1.54653 26.8837
1.54722 26.8819
1.54792 26.8833
1.54861 26.8876
1.54931 26.8947
1.55 26.9043
1.55069 26.9163
1.55139 26.9305
1.55208 26.9467
1.55278 26.9648
1.55347 26.9847
1.55417 27.0061
1.55486 27.029
1.55556 27.0531
1.55625 27.0782
1.55694 27.1042
1.55764 27.1309
1.55833 27.1581
1.55903 27.1858
1.55972 27.214
1.56042 27.2426
1.56111 27.2717
1.56181 27.3015
1.5625 27.3319
1.56319 27.3631
1.56389 27.395
1.56458 27.4276
1.56528 27.4611
1.56597 27.4955
1.56667 27.5307
1.56736 27.567
1.56806 27.6044
1.56875 27.6431
1.56944 27.6832
1.57014 27.7249
1.57083 27.7682
1.57153 27.8133
1.57222 27.8601
1.57292 27.9087
1.57361 27.9589
1.57431 28.0106
1.575 28.0638
1.57569 28.1181
1.57639 28.1736
1.57708 28.2299
1.57778 28.2868
1.57847 28.344
1.57917 28.4014
1.57986 28.4585
1.58056 28.5149
1.58125 28.5704
1.58194 28.6244
1.58264 28.6767
1.58333 28.7269
1.58403 28.7746
1.58472 28.8196
1.58542 28.8615
1.58611 28.9002
1.58681 28.9354
1.5875 28.9669
1.58819 28.9947
1.58889 29.0186
1.58958 29.0385
1.59028 29.0544
1.59097 29.0663
1.59167 29.0742
1.59236 29.0782
1.59306 29.0783
1.59375 29.0747
1.59444 29.0676
1.59514 29.0572
1.59583 29.0436
1.59653 29.0272
1.59722 29.0082
1.59792 28.987
1.59861 28.9639
1.59931 28.9393
1.6 28.9134
1.60069 28.8868
1.60139 28.8596
1.60208 28.8322
1.60278 28.8048
1.60347 28.7778
1.60417 28.7515
1.60486 28.726
1.60556 28.7018
1.60625 28.6791
1.60694 28.6583
1.60764 28.6398
1.60833 28.6238
1.60903 28.6106
1.60972 28.6005
1.61042 28.5936
1.61111 28.5899
1.61181 28.5893
1.6125 28.5917
1.61319 28.5969
1.61389 28.6047
1.61458 28.6148
1.61528 28.6272
1.61597 28.6415
1.61667 28.6577
1.61736 28.6756
1.61806 28.695
1.61875 28.7159
1.61944 28.7379
1.62014 28.761
1.62083 28.7849
1.62153 28.8094
1.62222 28.8345
1.62292 28.8599
1.62361 28.8856
1.62431 28.9116
1.625 28.9379
1.62569 28.9647
1.62639 28.992
1.62708 29.0199
1.62778 29.0485
1.62847 29.0777
1.62917 29.1078
1.62986 29.1386
1.63056 29.1703
1.63125 29.2031
1.63194 29.2369
1.63264 29.2719
1.63333 29.3084
1.63403 29.3465
1.63472 29.3863
1.63542 29.428
1.63611 29.4716
1.63681 29.5172
1.6375 29.5648
1.63819 29.6143
1.63889 29.6655
1.63958 29.7183
1.64028 29.7727
1.64097 29.8283
1.64167 29.8851
1.64236 29.9427
1.64306 30.0008
1.64375 30.0593
1.64444 30.1177
1.64514 30.1756
1.64583 30.2327
1.64653 30.2885
1.64722 30.3428
1.64792 30.395
1.64861 30.4448
1.64931 30.492
1.65 30.5362
1.65069 30.5772
1.65139 30.6148
1.65208 30.6488
1.65278 30.679
1.65347 30.7054
1.65417 30.7278
1.65486 30.7462
1.65556 30.7605
1.65625 30.7708
1.65694 30.7771
1.65764 30.7796
1.65833 30.7783
1.65903 30.7735
1.65972 30.7653
1.66042 30.7539
1.66111 30.7397
1.66181 30.7228
1.6625 30.7037
1.66319 30.6827
1.66389 30.6601
1.66458 30.6363
1.66528 30.6116
1.66597 30.5864
1.66667 30.561
1.66736 30.5356
1.66806 30.5105
1.66875 30.486
1.66944 30.4624
1.67014 30.44
1.67083 30.4191
1.67153 30.4001
1.67222 30.3833
1.67292 30.369
1.67361 30.3576
1.67431 30.349
1.675 30.3436
1.67569 30.3412
1.67639 30.3418
1.67708 30.3452
1.67778 30.3513
1.67847 30.3597
1.67917 30.3704
1.67986 30.383
1.68056 30.3974
1.68125 30.4134
1.68194 30.431
1.68264 30.4499
1.68333 30.4699
1.68403 30.491
1.68472 30.5128
1.68542 30.5353
1.68611 30.5581
1.68681 30.5813
1.6875 30.6046
1.68819 30.6281
1.68889 30.6517
1.68958 30.6756
1.69028 30.6997
1.69097 30.7243
1.69167 30.7494
1.69236 30.7751
1.69306 30.8015
1.69375 30.8286
1.69444 30.8565
1.69514 30.8854
1.69583 30.9153
1.69653 30.9464
1.69722 30.9789
1.69792 31.013
1.69861 31.0488
1.69931 31.0866
1.7 31.1265
1.70069 31.1686
1.70139 31.2128
1.70208 31.2593
1.70278 31.3079
1.70347 31.3585
1.70417 31.411
1.70486 31.4652
1.70556 31.521
1.70625 31.5782
1.70694 31.6364
1.70764 31.6955
1.70833 31.7551
1.70903 31.8148
1.70972 31.8742
1.71042 31.933
1.71111 31.9907
1.71181 32.0469
1.7125 32.1012
1.71319 32.1533
1.71389 32.2028
1.71458 32.2494
1.71528 32.2929
1.71597 32.3331
1.71667 32.3697
1.71736 32.4025
1.71806 32.4315
1.71875 32.4566
1.71944 32.4776
1.72014 32.4945
1.72083 32.5074
1.72153 32.5163
1.72222 32.5213
1.72292 32.5226
1.72361 32.5202
1.72431 32.5144
1.725 32.5055
1.72569 32.4936
1.72639 32.4791
1.72708 32.4624
1.72778 32.4437
1.72847 32.4233
1.72917 32.4018
1.72986 32.3793
1.73056 32.3563
1.73125 32.333
1.73194 32.3098
1.73264 32.2868
1.73333 32.2644
1.73403 32.2428
1.73472 32.2224
1.73542 32.2034
1.73611 32.1864
1.73681 32.1714
1.7375 32.159
1.73819 32.1492
1.73889 32.1424
1.73958 32.1384
1.74028 32.1374
1.74097 32.1393
1.74167 32.1437
1.74236 32.1506
1.74306 32.1597
1.74375 32.1707
1.74444 32.1835
1.74514 32.1979
1.74583 32.2137
1.74653 32.2307
1.74722 32.2489
1.74792 32.268
1.74861 32.2879
1.74931 32.3083
1.75 32.3291
1.75069 32.35
1.75139 32.3711
1.75208 32.3921
1.75278 32.4131
1.75347 32.4341
1.75417 32.4552
1.75486 32.4765
1.75556 32.4981
1.75625 32.5201
1.75694 32.5427
1.75764 32.5659
1.75833 32.5899
1.75903 32.6147
1.75972 32.6404
1.76042 32.6673
1.76111 32.6955
1.76181 32.7252
1.7625 32.7567
1.76319 32.7901
1.76389 32.8257
1.76458 32.8636
1.76528 32.9039
1.76597 32.9467
1.76667 32.9919
1.76736 33.0396
1.76806 33.0895
1.76875 33.1416
1.76944 33.1956
1.77014 33.2516
1.77083 33.3091
1.77153 33.368
1.77222 33.428
1.77292 33.4887
1.77361 33.5498
1.77431 33.6108
1.775 33.6713
1.77569 33.7309
1.77639 33.7891
1.77708 33.8457
1.77778 33.9001
1.77847 33.952
1.77917 34.0012
1.77986 34.0473
1.78056 34.0902
1.78125 34.1295
1.78194 34.1652
1.78264 34.197
1.78333 34.2248
1.78403 34.2486
1.78472 34.2683
1.78542 34.284
1.78611 34.2957
1.78681 34.3035
1.7875 34.3074
1.78819 34.3078
1.78889 34.3047
1.78958 34.2984
1.79028 34.2891
1.79097 34.2772
1.79167 34.263
1.79236 34.2468
1.79306 34.2289
1.79375 34.2099
1.79444 34.1899
1.79514 34.1692
1.79583 34.1483
1.79653 34.1274
1.79722 34.1066
1.79792 34.0864
1.79861 34.067
1.79931 34.0488
1.8 34.0319
1.80069 34.0169
1.80139 34.004
1.80208 33.9934
1.80278 33.9855
1.80347 33.9803
1.80417 33.978
1.80486 33.9784
1.80556 33.9814
1.80625 33.9869
1.80694 33.9946
1.80764 34.0042
1.80833 34.0155
1.80903 34.0284
1.80972 34.0427
1.81042 34.0581
1.81111 34.0746
1.81181 34.0919
1.8125 34.1099
1.81319 34.1284
1.81389 34.1471
1.81458 34.166
1.81528 34.1849
1.81597 34.2036
1.81667 34.2221
1.81736 34.2403
1.81806 34.2584
1.81875 34.2765
1.81944 34.2946
1.82014 34.313
1.82083 34.3317
1.82153 34.3509
1.82222 34.3708
1.82292 34.3913
1.82361 34.4127
1.82431 34.4351
1.825 34.4588
1.82569 34.4838
1.82639 34.5106
1.82708 34.5393
1.82778 34.5701
1.82847 34.6034
1.82917 34.6391
1.82986 34.6776
1.83056 34.7188
1.83125 34.7627
1.83194 34.8092
1.83264 34.8583
1.83333 34.9099
1.83403 34.9638
1.83472 35.0199
1.83542 35.0778
1.83611 35.1373
1.83681 35.1982
1.8375 35.2601
1.83819 35.3225
1.83889 35.3852
1.83958 35.4475
1.84028 35.5091
1.84097 35.5695
1.84167 35.6283
1.84236 35.6852
1.84306 35.7397
1.84375 35.7915
1.84444 35.8404
1.84514 35.8861
1.84583 35.9283
1.84653 35.9669
1.84722 36.0017
1.84792 36.0325
1.84861 36.0593
1.84931 36.082
1.85 36.1007
1.85069 36.1154
1.85139 36.1261
1.85208 36.133
1.85278 36.1362
1.85347 36.136
1.85417 36.1325
1.85486 36.1261
1.85556 36.1169
1.85625 36.1055
1.85694 36.092
1.85764 36.0769
1.85833 36.0605
1.85903 36.0431
1.85972 36.0251
1.86042 36.0067
1.86111 35.9882
1.86181 35.97
1.8625 35.9522
1.86319 35.9351
1.86389 35.9191
1.86458 35.9045
1.86528 35.8916
1.86597 35.8808
1.86667 35.8723
1.86736 35.8663
1.86806 35.8629
1.86875 35.8621
1.86944 35.8639
1.87014 35.8682
1.87083 35.8746
1.87153 35.883
1.87222 35.8931
1.87292 35.9047
1.87361 35.9176
1.87431 35.9316
1.875 35.9466
1.87569 35.9623
1.87639 35.9785
1.87708 35.9952
1.87778 36.0122
1.87847 36.0291
1.87917 36.0459
1.87986 36.0624
1.88056 36.0785
1.88125 36.0942
1.88194 36.1095
1.88264 36.1245
1.88333 36.1393
1.88403 36.154
1.88472 36.1689
1.88542 36.1841
1.88611 36.1997
1.88681 36.2158
1.8875 36.2327
1.88819 36.2505
1.88889 36.2694
1.88958 36.2895
1.89028 36.3113
1.89097 36.3349
1.89167 36.3606
1.89236 36.3887
1.89306 36.4194
1.89375 36.4529
1.89444 36.4894
1.89514 36.5288
1.89583 36.5713
1.89653 36.6167
1.89722 36.665
1.89792 36.7161
1.89861 36.7697
1.89931 36.8258
1.9 36.8841
1.90069 36.9443
1.90139 37.0062
1.90208 37.0692
1.90278 37.1331
1.90347 37.1974
1.90417 37.2616
1.90486 37.3252
1.90556 37.3879
1.90625 37.4491
1.90694 37.5085
1.90764 37.5657
1.90833 37.6204
1.90903 37.6722
1.90972 37.7208
1.91042 37.7661
1.91111 37.8078
1.91181 37.8457
1.9125 37.8797
1.91319 37.9097
1.91389 37.9356
1.91458 37.9574
1.91528 37.9752
1.91597 37.9891
1.91667 37.9991
1.91736 38.0055
1.91806 38.0083
1.91875 38.0079
1.91944 38.0044
1.92014 37.9983
1.92083 37.9898
1.92153 37.9793
1.92222 37.9671
1.92292 37.9536
1.92361 37.939
1.92431 37.9238
1.925 37.9081
1.92569 37.8923
1.92639 37.8767
1.92708 37.8614
1.92778 37.8469
1.92847 37.8333
1.92917 37.8211
1.92986 37.8105
1.93056 37.8018
1.93125 37.7954
1.93194 37.7913
1.93264 37.7897
1.93333 37.7906
1.93403 37.7938
1.93472 37.7993
1.93542 37.8067
1.93611 37.8158
1.93681 37.8263
1.9375 37.8381
1.93819 37.8509
1.93889 37.8645
1.93958 37.8788
1.94028 37.8936
1.94097 37.9087
1.94167 37.9239
1.94236 37.939
1.94306 37.954
1.94375 37.9685
1.94444 37.9824
1.94514 37.9957
1.94583 38.0084
1.94653 38.0204
1.94722 38.032
1.94792 38.0433
1.94861 38.0544
1.94931 38.0656
1.95 38.0769
1.95069 38.0886
1.95139 38.1009
1.95208 38.1139
1.95278 38.1278
1.95347 38.1429
1.95417 38.1594
1.95486 38.1776
1.95556 38.1978
1.95625 38.2204
1.95694 38.2456
1.95764 38.2737
1.95833 38.3048
1.95903 38.3392
1.95972 38.3768
1.96042 38.4177
1.96111 38.4619
1.96181 38.5093
1.9625 38.5598
1.96319 38.6132
1.96389 38.6694
1.96458 38.728
1.96528 38.7889
1.96597 38.8517
1.96667 38.916
1.96736 38.9814
1.96806 39.0474
1.96875 39.1135
1.96944 39.1793
1.97014 39.2443
1.97083 39.3081
1.97153 39.3702
1.97222 39.4302
1.97292 39.4878
1.97361 39.5426
1.97431 39.5944
1.975 39.6429
1.97569 39.6878
1.97639 39.729
1.97708 39.7664
1.97778 39.7997
1.97847 39.829
1.97917 39.8542
1.97986 39.8753
1.98056 39.8925
1.98125 39.9059
1.98194 39.9155
1.98264 39.9216
1.98333 39.9245
1.98403 39.9243
1.98472 39.9214
1.98542 39.916
1.98611 39.9086
1.98681 39.8996
1.9875 39.8891
1.98819 39.8776
1.98889 39.8653
1.98958 39.8526
1.99028 39.8396
1.99097 39.8267
1.99167 39.8142
1.99236 39.8022
1.99306 39.7912
1.99375 39.7815
1.99444 39.7733
1.99514 39.7669
1.99583 39.7626
1.99653 39.7606
1.99722 39.7608
1.99792 39.7633
1.99861 39.768
1.99931 39.7746
2 39.7829
2.00069 39.7926
2.00139 39.8035
2.00208 39.8154
2.00278 39.8279
2.00347 39.8411
2.00417 39.8546
2.00486 39.8683
2.00556 39.882
2.00625 39.8956
2.00694 39.9088
2.00764 39.9214
2.00833 39.9334
2.00903 39.9445
2.00972 39.9548
2.01042 39.9642
2.01111 39.9728
2.01181 39.9808
2.0125 39.9883
2.01319 39.9955
2.01389 40.0026
2.01458 40.0099
2.01528 40.0175
2.01597 40.0257
2.01667 40.0345
2.01736 40.0444
2.01806 40.0555
2.01875 40.0681
2.01944 40.0826
2.02014 40.0994
2.02083 40.1186
2.02153 40.1408
2.02222 40.1661
2.02292 40.1947
2.02361 40.2268
2.02431 40.2625
2.025 40.3019
2.02569 40.3448
2.02639 40.3913
2.02708 40.4411
2.02778 40.4943
2.02847 40.5505
2.02917 40.6095
2.02986 40.6711
2.03056 40.7349
2.03125 40.8005
2.03194 40.8674
2.03264 40.9352
2.03333 41.0034
2.03403 41.0714
2.03472 41.1388
2.03542 41.2052
2.03611 41.2701
2.03681 41.333
2.0375 41.3937
2.03819 41.4517
2.03889 41.5068
2.03958 41.5587
2.04028 41.607
2.04097 41.6517
2.04167 41.6925
2.04236 41.7294
2.04306 41.7622
2.04375 41.7909
2.04444 41.8157
2.04514 41.8364
2.04583 41.8533
2.04653 41.8664
2.04722 41.876
2.04792 41.8823
2.04861 41.8855
2.04931 41.886
2.05 41.8841
2.05069 41.88
2.05139 41.8742
2.05208 41.867
2.05278 41.8587
2.05347 41.8496
2.05417 41.8399
2.05486 41.83
2.05556 41.82
2.05625 41.8103
2.05694 41.8011
2.05764 41.7928
2.05833 41.7856
2.05903 41.7799
2.05972 41.7759
2.06042 41.7739
2.06111 41.7739
2.06181 41.776
2.0625 41.7802
2.06319 41.7862
2.06389 41.7939
2.06458 41.8031
2.06528 41.8134
2.06597 41.8245
2.06667 41.8364
2.06736 41.8486
2.06806 41.8611
2.06875 41.8737
2.06944 41.8862
2.07014 41.8984
2.07083 41.9101
2.07153 41.9211
2.07222 41.9313
2.07292 41.9405
2.07361 41.9486
2.07431 41.9556
2.075 41.9615
2.07569 41.9664
2.07639 41.9705
2.07708 41.974
2.07778 41.9771
2.07847 41.98
2.07917 41.983
2.07986 41.9862
2.08056 41.99
2.08125 41.9945
2.08194 42.0001
2.08264 42.007
2.08333 42.0156
2.08403 42.0262
2.08472 42.0392
2.08542 42.0551
2.08611 42.074
2.08681 42.0964
2.0875 42.1224
2.08819 42.1522
2.08889 42.186
2.08958 42.2236
2.09028 42.2653
2.09097 42.3107
2.09167 42.36
2.09236 42.4128
2.09306 42.4691
2.09375 42.5286
2.09444 42.5909
2.09514 42.6557
2.09583 42.7226
2.09653 42.7911
2.09722 42.8608
2.09792 42.9311
2.09861 43.0014
2.09931 43.0714
2.1 43.1405
2.10069 43.2083
2.10139 43.2743
2.10208 43.3382
2.10278 43.3996
2.10347 43.4581
2.10417 43.5135
2.10486 43.5654
2.10556 43.6137
2.10625 43.6582
2.10694 43.6988
2.10764 43.7353
2.10833 43.7678
2.10903 43.7962
2.10972 43.8207
2.11042 43.8413
2.11111 43.8581
2.11181 43.8714
2.1125 43.8814
2.11319 43.8882
2.11389 43.8923
2.11458 43.8939
2.11528 43.8934
2.11597 43.8911
2.11667 43.8873
2.11736 43.8824
2.11806 43.8766
2.11875 43.8702
2.11944 43.8634
2.12014 43.8565
2.12083 43.8498
2.12153 43.8435
2.12222 43.838
2.12292 43.8335
2.12361 43.8303
2.12431 43.8288
2.125 43.829
2.12569 43.8311
2.12639 43.8351
2.12708 43.8409
2.12778 43.8483
2.12847 43.8571
2.12917 43.8671
2.12986 43.8779
2.13056 43.8892
2.13125 43.9009
2.13194 43.9127
2.13264 43.9245
2.13333 43.936
2.13403 43.9471
2.13472 43.9575
2.13542 43.9672
2.13611 43.9758
2.13681 43.9833
2.1375 43.9896
2.13819 43.9944
2.13889 43.9979
2.13958 44
2.14028 44.001
2.14097 44.001
2.14167 44.0002
2.14236 43.9989
2.14306 43.9974
2.14375 43.9958
2.14444 43.9945
2.14514 43.9937
2.14583 43.9936
2.14653 43.9947
2.14722 43.9972
2.14792 44.0016
2.14861 44.0081
2.14931 44.0174
2.15 44.0296
2.15069 44.0452
2.15139 44.0646
2.15208 44.0879
2.15278 44.1153
2.15347 44.147
2.15417 44.183
2.15486 44.2232
2.15556 44.2677
2.15625 44.3163
2.15694 44.3688
2.15764 44.4252
2.15833 44.4851
2.15903 44.5482
2.15972 44.6141
2.16042 44.6824
2.16111 44.7526
2.16181 44.8242
2.1625 44.8967
2.16319 44.9695
2.16389 45.0421
2.16458 45.1141
2.16528 45.1849
2.16597 45.2541
2.16667 45.3213
2.16736 45.3862
2.16806 45.4483
2.16875 45.5073
2.16944 45.563
2.17014 45.6151
2.17083 45.6635
2.17153 45.7079
2.17222 45.7483
2.17292 45.7847
2.17361 45.8171
2.17431 45.8455
2.175 45.87
2.17569 45.8907
2.17639 45.9079
2.17708 45.9216
2.17778 45.9323
2.17847 45.9402
2.17917 45.9456
2.17986 45.9488
2.18056 45.9502
2.18125 45.95
2.18194 45.9486
2.18264 45.9463
2.18333 45.9433
2.18403 45.9398
2.18472 45.9361
2.18542 45.9325
2.18611 45.9292
2.18681 45.9266
2.1875 45.9249
2.18819 45.9244
2.18889 45.9254
2.18958 45.9279
2.19028 45.9322
2.19097 45.938
2.19167 45.9455
2.19236 45.9542
2.19306 45.9641
2.19375 45.9748
2.19444 45.9859
2.19514 45.9974
2.19583 46.0088
2.19653 46.0201
2.19722 46.0309
2.19792 46.0412
2.19861 46.0507
2.19931 46.0592
2.2 46.0666
2.20069 46.0727
2.20139 46.0773
2.20208 46.0803
2.20278 46.0817
2.20347 46.0814
2.20417 46.0796
2.20486 46.0764
2.20556 46.072
2.20625 46.0668
2.20694 46.0608
2.20764 46.0546
2.20833 46.0482
2.20903 46.0421
2.20972 46.0365
2.21042 46.0317
2.21111 46.0281
2.21181 46.026
2.2125 46.026
2.21319 46.0283
2.21389 46.0336
2.21458 46.0421
2.21528 46.0543
2.21597 46.0705
2.21667 46.091
2.21736 46.116
2.21806 46.1455
2.21875 46.1797
2.21944 46.2186
2.22014 46.262
2.22083 46.31
2.22153 46.3623
2.22222 46.4187
2.22292 46.4791
2.22361 46.543
2.22431 46.61
2.225 46.6798
2.22569 46.7518
2.22639 46.8254
2.22708 46.9002
2.22778 46.9755
2.22847 47.0509
2.22917 47.1259
2.22986 47.1998
2.23056 47.2724
2.23125 47.3431
2.23194 47.4116
2.23264 47.4774
2.23333 47.5403
2.23403 47.5999
2.23472 47.6559
2.23542 47.7083
2.23611 47.7568
2.23681 47.8013
2.2375 47.8418
2.23819 47.8783
2.23889 47.9108
2.23958 47.9394
2.24028 47.9642
2.24097 47.9854
2.24167 48.0032
2.24236 48.0179
2.24306 48.0297
2.24375 48.039
2.24444 48.0461
2.24514 48.0514
2.24583 48.055
2.24653 48.0574
2.24722 48.0587
2.24792 48.0592
2.24861 48.0591
2.24931 48.0588
2.25 48.0584
2.25069 48.0583
2.25139 48.0587
2.25208 48.0598
2.25278 48.0621
2.25347 48.0656
2.25417 48.0705
2.25486 48.0769
2.25556 48.0846
2.25625 48.0937
2.25694 48.1038
2.25764 48.1146
2.25833 48.1259
2.25903 48.1374
2.25972 48.1488
2.26042 48.1599
2.26111 48.1705
2.26181 48.1803
2.2625 48.1891
2.26319 48.1969
2.26389 48.2033
2.26458 48.2083
2.26528 48.2116
2.26597 48.2131
2.26667 48.2126
2.26736 48.2103
2.26806 48.206
2.26875 48.2
2.26944 48.1923
2.27014 48.1834
2.27083 48.1734
2.27153 48.1626
2.27222 48.1514
2.27292 48.1401
2.27361 48.1289
2.27431 48.1183
2.275 48.1085
2.27569 48.1
2.27639 48.0932
2.27708 48.0886
2.27778 48.0866
2.27847 48.0878
2.27917 48.0925
2.27986 48.1011
2.28056 48.1141
2.28125 48.1318
2.28194 48.1542
2.28264 48.1816
2.28333 48.2139
2.28403 48.2514
2.28472 48.2938
2.28542 48.3411
2.28611 48.3932
2.28681 48.4497
2.2875 48.5106
2.28819 48.5754
2.28889 48.6436
2.28958 48.7149
2.29028 48.7887
2.29097 48.8645
2.29167 48.9416
2.29236 49.0196
2.29306 49.0979
2.29375 49.1759
2.29444 49.2532
2.29514 49.3293
2.29583 49.4036
2.29653 49.4758
2.29722 49.5455
2.29792 49.6124
2.29861 49.676
2.29931 49.7363
2.3 49.7928
2.30069 49.8455
2.30139 49.8943
2.30208 49.9391
2.30278 49.9798
2.30347 50.0166
2.30417 50.0494
2.30486 50.0785
2.30556 50.1039
2.30625 50.126
2.30694 50.1449
2.30764 50.1609
2.30833 50.1743
2.30903 50.1855
2.30972 50.1948
2.31042 50.2023
2.31111 50.2086
2.31181 50.2137
2.3125 50.2179
2.31319 50.2214
2.31389 50.2246
2.31458 50.2275
2.31528 50.2306
2.31597 50.2341
2.31667 50.2382
2.31736 50.2432
2.31806 50.2494
2.31875 50.2567
2.31944 50.2652
2.32014 50.2748
2.32083 50.2854
2.32153 50.2968
2.32222 50.3085
2.32292 50.3204
2.32361 50.3322
2.32431 50.3435
2.325 50.3541
2.32569 50.3637
2.32639 50.3723
2.32708 50.3796
2.32778 50.3854
2.32847 50.3896
2.32917 50.3919
2.32986 50.3922
2.33056 50.3903
2.33125 50.3862
2.33194 50.3799
2.33264 50.3714
2.33333 50.3609
2.33403 50.3487
2.33472 50.3349
2.33542 50.3199
2.33611 50.3041
2.33681 50.2877
2.3375 50.2712
2.33819 50.2548
2.33889 50.2389
2.33958 50.224
2.34028 50.2104
2.34097 50.1987
2.34167 50.1894
2.34236 50.1829
2.34306 50.1798
2.34375 50.1806
2.34444 50.1856
2.34514 50.1953
2.34583 50.21
2.34653 50.2298
2.34722 50.255
2.34792 50.2855
2.34861 50.3215
2.34931 50.3629
2.35 50.4096
2.35069 50.4614
2.35139 50.5182
2.35208 50.5796
2.35278 50.6453
2.35347 50.7148
2.35417 50.7877
2.35486 50.8634
2.35556 50.9414
2.35625 51.0211
2.35694 51.1018
2.35764 51.1831
2.35833 51.2644
2.35903 51.3451
2.35972 51.4247
2.36042 51.5028
2.36111 51.579
2.36181 51.6527
2.3625 51.7237
2.36319 51.7916
2.36389 51.8561
2.36458 51.917
2.36528 51.9741
2.36597 52.0273
2.36667 52.0765
2.36736 52.1217
2.36806 52.163
2.36875 52.2003
2.36944 52.2338
2.37014 52.2637
2.37083 52.2901
2.37153 52.3133
2.37222 52.3337
2.37292 52.3514
2.37361 52.3669
2.37431 52.3803
2.375 52.392
2.37569 52.4023
2.37639 52.4113
2.37708 52.4193
2.37778 52.4266
2.37847 52.4333
2.37917 52.4397
2.37986 52.4461
2.38056 52.4528
2.38125 52.46
2.38194 52.4678
2.38264 52.4766
2.38333 52.4863
2.38403 52.497
2.38472 52.5085
2.38542 52.5206
2.38611 52.5332
2.38681 52.5458
2.3875 52.5582
2.38819 52.57
2.38889 52.581
2.38958 52.591
2.39028 52.5997
2.39097 52.6069
2.39167 52.6125
2.39236 52.6162
2.39306 52.6179
2.39375 52.6173
2.39444 52.6144
2.39514 52.6089
2.39583 52.6009
2.39653 52.5904
2.39722 52.5775
2.39792 52.5623
2.39861 52.5452
2.39931 52.5264
2.4 52.5062
2.40069 52.485
2.40139 52.4633
2.40208 52.4413
2.40278 52.4195
2.40347 52.3982
2.40417 52.3779
2.40486 52.3592
2.40556 52.3424
2.40625 52.3282
2.40694 52.3171
2.40764 52.3096
2.40833 52.3063
2.40903 52.3077
2.40972 52.314
2.41042 52.3257
2.41111 52.3429
2.41181 52.3658
2.4125 52.3945
2.41319 52.4291
2.41389 52.4694
2.41458 52.5155
2.41528 52.5672
2.41597 52.6241
2.41667 52.6862
2.41736 52.7528
2.41806 52.8237
2.41875 52.8983
2.41944 52.976
2.42014 53.0563
2.42083 53.1386
2.42153 53.2222
2.42222 53.3066
2.42292 53.3912
2.42361 53.4755
2.42431 53.5589
2.425 53.6409
2.42569 53.7211
2.42639 53.799
2.42708 53.8743
2.42778 53.9466
2.42847 54.0155
2.42917 54.081
2.42986 54.1426
2.43056 54.2004
2.43125 54.2543
2.43194 54.3041
2.43264 54.35
2.43333 54.3919
2.43403 54.43
2.43472 54.4645
2.43542 54.4955
2.43611 54.5233
2.43681 54.5482
2.4375 54.5704
2.43819 54.5903
2.43889 54.608
2.43958 54.624
2.44028 54.6384
2.44097 54.6515
2.44167 54.6635
2.44236 54.6746
2.44306 54.685
2.44375 54.695
2.44444 54.7048
2.44514 54.7148
2.44583 54.725
2.44653 54.7358
2.44722 54.7472
2.44792 54.7593
2.44861 54.7721
2.44931 54.7855
2.45 54.7991
2.45069 54.8128
2.45139 54.8262
2.45208 54.839
2.45278 54.8508
2.45347 54.8615
2.45417 54.8707
2.45486 54.8782
2.45556 54.8839
2.45625 54.8876
2.45694 54.889
2.45764 54.8879
2.45833 54.8843
2.45903 54.8779
2.45972 54.8687
2.46042 54.8566
2.46111 54.8416
2.46181 54.824
2.4625 54.804
2.46319 54.7817
2.46389 54.7576
2.46458 54.732
2.46528 54.7053
2.46597 54.678
2.46667 54.6504
2.46736 54.6229
2.46806 54.596
2.46875 54.5702
2.46944 54.5461
2.47014 54.5241
2.47083 54.5049
2.47153 54.489
2.47222 54.4771
2.47292 54.4697
2.47361 54.4672
2.47431 54.4701
2.475 54.4787
2.47569 54.4933
2.47639 54.5139
2.47708 54.5408
2.47778 54.5739
2.47847 54.6133
2.47917 54.6588
2.47986 54.7103
2.48056 54.7676
2.48125 54.8303
2.48194 54.898
2.48264 54.9703
2.48333 55.0467
2.48403 55.1265
2.48472 55.2092
2.48542 55.2942
2.48611 55.3808
2.48681 55.4685
2.4875 55.5566
2.48819 55.6445
2.48889 55.7318
2.48958 55.8179
2.49028 55.9023
2.49097 55.9846
2.49167 56.0643
2.49236 56.1411
2.49306 56.2147
2.49375 56.2848
2.49444 56.3512
2.49514 56.4137
2.49583 56.4724
2.49653 56.527
2.49722 56.5777
2.49792 56.6244
2.49861 56.6673
2.49931 56.7066
2.5 56.7424
2.50069 56.7749
2.50139 56.8044
2.50208 56.8313
2.50278 56.8557
2.50347 56.878
2.50417 56.8983
2.50486 56.9171
2.50556 56.9344
2.50625 56.9504
2.50694 56.9655
2.50764 56.9797
2.50833 56.9933
2.50903 57.0067
2.50972 57.0199
2.51042 57.0333
2.51111 57.047
2.51181 57.0611
2.5125 57.0757
2.51319 57.0906
2.51389 57.1057
2.51458 57.1208
2.51528 57.1355
2.51597 57.1496
2.51667 57.1627
2.51736 57.1744
2.51806 57.1846
2.51875 57.1929
2.51944 57.1992
2.52014 57.2032
2.52083 57.2047
2.52153 57.2036
2.52222 57.1997
2.52292 57.1927
2.52361 57.1827
2.52431 57.1694
2.525 57.153
2.52569 57.1334
2.52639 57.1109
2.52708 57.0857
2.52778 57.0581
2.52847 57.0284
2.52917 56.9972
2.52986 56.9648
2.53056 56.9316
2.53125 56.8982
2.53194 56.8649
2.53264 56.8322
2.53333 56.8008
2.53403 56.7711
2.53472 56.7437
2.53542 56.7194
2.53611 56.6987
2.53681 56.6823
2.5375 56.6706
2.53819 56.6643
2.53889 56.6637
2.53958 56.6692
2.54028 56.681
2.54097 56.6994
2.54167 56.7244
2.54236 56.7562
2.54306 56.7946
2.54375 56.8396
2.54444 56.891
2.54514 56.9485
2.54583 57.012
2.54653 57.0808
2.54722 57.1547
2.54792 57.2329
2.54861 57.315
2.54931 57.4002
2.55 57.488
2.55069 57.5777
2.55139 57.6688
2.55208 57.7605
2.55278 57.8522
2.55347 57.9436
2.55417 58.0338
2.55486 58.1226
2.55556 58.2094
2.55625 58.2937
2.55694 58.3752
2.55764 58.4535
2.55833 58.5285
2.55903 58.5998
2.55972 58.6673
2.56042 58.7309
2.56111 58.7905
2.56181 58.8461
2.5625 58.8979
2.56319 58.9457
2.56389 58.9899
2.56458 59.0306
2.56528 59.068
2.56597 59.1024
2.56667 59.134
2.56736 59.1632
2.56806 59.1901
2.56875 59.215
2.56944 59.2382
2.57014 59.2598
2.57083 59.2801
2.57153 59.2992
2.57222 59.3173
2.57292 59.3347
2.57361 59.3516
2.57431 59.3682
2.575 59.3848
2.57569 59.4014
2.57639 59.4182
2.57708 59.4352
2.57778 59.4522
2.57847 59.4691
2.57917 59.4856
2.57986 59.5013
2.58056 59.516
2.58125 59.5293
2.58194 59.5408
2.58264 59.5503
2.58333 59.5576
2.58403 59.5623
2.58472 59.5645
2.58542 59.5637
2.58611 59.5599
2.58681 59.5528
2.5875 59.5424
2.58819 59.5285
2.58889 59.511
2.58958 59.49
2.59028 59.4655
2.59097 59.4378
2.59167 59.4073
2.59236 59.3741
2.59306 59.3388
2.59375 59.3017
2.59444 59.2633
2.59514 59.2242
2.59583 59.1847
2.59653 59.1453
2.59722 59.1067
2.59792 59.0694
2.59861 59.034
2.59931 59.0012
2.6 58.9717
2.60069 58.946
2.60139 58.925
2.60208 58.909
2.60278 58.8988
2.60347 58.8947
2.60417 58.897
2.60486 58.9062
2.60556 58.9223
2.60625 58.9455
2.60694 58.9758
2.60764 59.0133
2.60833 59.0578
2.60903 59.1091
2.60972 59.1671
2.61042 59.2314
2.61111 59.3014
2.61181 59.3769
2.6125 59.4571
2.61319 59.5415
2.61389 59.6293
2.61458 59.7201
2.61528 59.8131
2.61597 59.9076
2.61667 60.003
2.61736 60.0988
2.61806 60.1943
2.61875 60.2889
2.61944 60.3822
2.62014 60.4735
2.62083 60.5626
2.62153 60.649
2.62222 60.7323
2.62292 60.8122
2.62361 60.8886
2.62431 60.9612
2.625 61.0299
2.62569 61.0946
2.62639 61.1554
2.62708 61.2123
2.62778 61.2653
2.62847 61.3146
2.62917 61.3604
2.62986 61.4028
2.63056 61.4422
2.63125 61.4788
2.63194 61.5128
2.63264 61.5445
2.63333 61.5741
2.63403 61.6019
2.63472 61.6279
2.63542 61.6525
2.63611 61.6757
2.63681 61.6978
2.6375 61.7191
2.63819 61.7396
2.63889 61.7597
2.63958 61.7794
2.64028 61.7991
2.64097 61.8186
2.64167 61.838
2.64236 61.857
2.64306 61.8756
2.64375 61.8934
2.64444 61.91
2.64514 61.9252
2.64583 61.9385
2.64653 61.9497
2.64722 61.9584
2.64792 61.9645
2.64861 61.9676
2.64931 61.9677
2.65 61.9645
2.65069 61.9577
2.65139 61.9474
2.65208 61.9332
2.65278 61.9152
2.65347 61.8932
2.65417 61.8674
2.65486 61.8378
2.65556 61.8048
2.65625 61.7686
2.65694 61.7297
2.65764 61.6884
2.65833 61.6453
2.65903 61.6008
2.65972 61.5554
2.66042 61.5096
2.66111 61.4641
2.66181 61.4194
2.6625 61.3761
2.66319 61.3349
2.66389 61.2965
2.66458 61.2616
2.66528 61.231
2.66597 61.2052
2.66667 61.1849
2.66736 61.1707
2.66806 61.163
2.66875 61.1622
2.66944 61.1686
2.67014 61.1825
2.67083 61.2038
2.67153 61.2328
2.67222 61.2694
2.67292 61.3135
2.67361 61.3649
2.67431 61.4233
2.675 61.4885
2.67569 61.5599
2.67639 61.637
2.67708 61.7193
2.67778 61.8061
2.67847 61.8967
2.67917 61.9906
2.67986 62.0869
2.68056 62.185
2.68125 62.2843
2.68194 62.3842
2.68264 62.484
2.68333 62.5831
2.68403 62.681
2.68472 62.7772
2.68542 62.8712
2.68611 62.9626
2.68681 63.051
2.6875 63.1361
2.68819 63.2176
2.68889 63.2955
2.68958 63.3695
2.69028 63.4395
2.69097 63.5056
2.69167 63.5678
2.69236 63.6261
2.69306 63.6807
2.69375 63.7317
2.69444 63.7793
2.69514 63.8239
2.69583 63.8655
2.69653 63.9046
2.69722 63.9412
2.69792 63.9756
2.69861 64.0081
2.69931 64.0387
2.7 64.0676
2.70069 64.0951
2.70139 64.1213
2.70208 64.1464
2.70278 64.1706
2.70347 64.1942
2.70417 64.2172
2.70486 64.2398
2.70556 64.2621
2.70625 64.2838
2.70694 64.3049
2.70764 64.3251
2.70833 64.3441
2.70903 64.3616
2.70972 64.3771
2.71042 64.3904
2.71111 64.4011
2.71181 64.4089
2.7125 64.4135
2.71319 64.4149
2.71389 64.4127
2.71458 64.4068
2.71528 64.397
2.71597 64.3831
2.71667 64.365
2.71736 64.3426
2.71806 64.3159
2.71875 64.2851
2.71944 64.2502
2.72014 64.2116
2.72083 64.1696
2.72153 64.1247
2.72222 64.0772
2.72292 64.0278
2.72361 63.977
2.72431 63.9252
2.725 63.8731
2.72569 63.8212
2.72639 63.7702
2.72708 63.7208
2.72778 63.6737
2.72847 63.6296
2.72917 63.5892
2.72986 63.5534
2.73056 63.5229
2.73125 63.4982
2.73194 63.48
2.73264 63.4687
2.73333 63.4648
2.73403 63.4685
2.73472 63.4801
2.73542 63.4997
2.73611 63.5273
2.73681 63.5631
2.7375 63.6068
2.73819 63.6583
2.73889 63.7173
2.73958 63.7834
2.74028 63.8562
2.74097 63.9352
2.74167 64.0196
2.74236 64.109
2.74306 64.2025
2.74375 64.2995
2.74444 64.3993
2.74514 64.5012
2.74583 64.6046
2.74653 64.7087
2.74722 64.8129
2.74792 64.9167
2.74861 65.0194
2.74931 65.1205
2.75 65.2195
2.75069 65.3161
2.75139 65.4097
2.75208 65.5001
2.75278 65.587
2.75347 65.6703
2.75417 65.7497
2.75486 65.8253
2.75556 65.8968
2.75625 65.9644
2.75694 66.0282
2.75764 66.0882
2.75833 66.1446
2.75903 66.1976
2.75972 66.2474
2.76042 66.2944
2.76111 66.3385
2.76181 66.3802
2.7625 66.4196
2.76319 66.4568
2.76389 66.4921
2.76458 66.5256
2.76528 66.5574
2.76597 66.5877
2.76667 66.6168
2.76736 66.6448
2.76806 66.6718
2.76875 66.6981
2.76944 66.7237
2.77014 66.7486
2.77083 66.7727
2.77153 66.7958
2.77222 66.8176
2.77292 66.8377
2.77361 66.8559
2.77431 66.8717
2.775 66.8848
2.77569 66.8948
2.77639 66.9015
2.77708 66.9047
2.77778 66.904
2.77847 66.8994
2.77917 66.8906
2.77986 66.8775
2.78056 66.8599
2.78125 66.8376
2.78194 66.8107
2.78264 66.7791
2.78333 66.743
2.78403 66.7025
2.78472 66.6581
2.78542 66.6101
2.78611 66.5589
2.78681 66.5052
2.7875 66.4493
2.78819 66.3919
2.78889 66.3335
2.78958 66.2748
2.79028 66.2164
2.79097 66.159
2.79167 66.1034
2.79236 66.0502
2.79306 66.0003
2.79375 65.9544
2.79444 65.9134
2.79514 65.8781
2.79583 65.849
2.79653 65.8267
2.79722 65.8118
2.79792 65.8047
2.79861 65.8058
2.79931 65.8151
2.8 65.833
2.80069 65.8594
2.80139 65.8943
2.80208 65.9377
2.80278 65.9894
2.80347 66.0491
2.80417 66.1163
2.80486 66.1906
2.80556 66.2714
2.80625 66.3582
2.80694 66.4502
2.80764 66.5467
2.80833 66.647
2.80903 66.7504
2.80972 66.8563
2.81042 66.9638
2.81111 67.0722
2.81181 67.1811
2.8125 67.2896
2.81319 67.3973
2.81389 67.5035
2.81458 67.6077
2.81528 67.7095
2.81597 67.8086
2.81667 67.9045
2.81736 67.9969
2.81806 68.0858
2.81875 68.1708
2.81944 68.2519
2.82014 68.3291
2.82083 68.4024
2.82153 68.4717
2.82222 68.5373
2.82292 68.5992
2.82361 68.6578
2.82431 68.713
2.825 68.7653
2.82569 68.8148
2.82639 68.8617
2.82708 68.9061
2.82778 68.9482
2.82847 68.9883
2.82917 69.0263
2.82986 69.0625
2.83056 69.0971
2.83125 69.1301
2.83194 69.1619
2.83264 69.1925
2.83333 69.2221
2.83403 69.2507
2.83472 69.2783
2.83542 69.3046
2.83611 69.3296
2.83681 69.3529
2.8375 69.3741
2.83819 69.3929
2.83889 69.4088
2.83958 69.4215
2.84028 69.4308
2.84097 69.4363
2.84167 69.4377
2.84236 69.4349
2.84306 69.4277
2.84375 69.4158
2.84444 69.3992
2.84514 69.3776
2.84583 69.3509
2.84653 69.3192
2.84722 69.2825
2.84792 69.2409
2.84861 69.1947
2.84931 69.1442
2.85 69.09
2.85069 69.0324
2.85139 68.9721
2.85208 68.9095
2.85278 68.8454
2.85347 68.7803
2.85417 68.7148
2.85486 68.6498
2.85556 68.5858
2.85625 68.5238
2.85694 68.4644
2.85764 68.4086
2.85833 68.3572
2.85903 68.311
2.85972 68.2707
2.86042 68.2371
2.86111 68.2109
2.86181 68.1924
2.8625 68.1821
2.86319 68.1805
2.86389 68.1876
2.86458 68.2038
2.86528 68.229
2.86597 68.2632
2.86667 68.3064
2.86736 68.3584
2.86806 68.4188
2.86875 68.4872
2.86944 68.5631
2.87014 68.6459
2.87083 68.7351
2.87153 68.8299
2.87222 68.9295
2.87292 69.0333
2.87361 69.1405
2.87431 69.2503
2.875 69.3621
2.87569 69.4751
2.87639 69.5887
2.87708 69.7021
2.87778 69.8149
2.87847 69.9263
2.87917 70.0359
2.87986 70.1432
2.88056 70.2478
2.88125 70.3493
2.88194 70.4474
2.88264 70.542
2.88333 70.6328
2.88403 70.7197
2.88472 70.8026
2.88542 70.8816
2.88611 70.9568
2.88681 71.0281
2.8875 71.0957
2.88819 71.1599
2.88889 71.2207
2.88958 71.2785
2.89028 71.3334
2.89097 71.3855
2.89167 71.4351
2.89236 71.4823
2.89306 71.5272
2.89375 71.5699
2.89444 71.6105
2.89514 71.6494
2.89583 71.6865
2.89653 71.7221
2.89722 71.7563
2.89792 71.7892
2.89861 71.8207
2.89931 71.8509
2.9 71.8795
2.90069 71.9063
2.90139 71.931
2.90208 71.9532
2.90278 71.9724
2.90347 71.9884
2.90417 72.0007
2.90486 72.009
2.90556 72.013
2.90625 72.0126
2.90694 72.0075
2.90764 71.9974
2.90833 71.9823
2.90903 71.9619
2.90972 71.9361
2.91042 71.9048
2.91111 71.8681
2.91181 71.826
2.9125 71.7787
2.91319 71.7265
2.91389 71.6698
2.91458 71.6091
2.91528 71.5449
2.91597 71.4778
2.91667 71.4084
2.91736 71.3374
2.91806 71.2654
2.91875 71.193
2.91944 71.1212
2.92014 71.0506
2.92083 70.982
2.92153 70.9164
2.92222 70.8546
2.92292 70.7975
2.92361 70.746
2.92431 70.7009
2.925 70.6628
2.92569 70.6325
2.92639 70.6104
2.92708 70.597
2.92778 70.5927
2.92847 70.5977
2.92917 70.6122
2.92986 70.6363
2.93056 70.6699
2.93125 70.713
2.93194 70.7653
2.93264 70.8265
2.93333 70.8962
2.93403 70.9738
2.93472 71.0588
2.93542 71.1505
2.93611 71.2481
2.93681 71.351
2.9375 71.4584
2.93819 71.5695
2.93889 71.6835
2.93958 71.7997
2.94028 71.9174
2.94097 72.0358
2.94167 72.1543
2.94236 72.2723
2.94306 72.3891
2.94375 72.5042
2.94444 72.6171
2.94514 72.7274
2.94583 72.8347
2.94653 72.9386
2.94722 73.0391
2.94792 73.1358
2.94861 73.2286
2.94931 73.3175
2.95 73.4024
2.95069 73.4834
2.95139 73.5606
2.95208 73.6341
2.95278 73.704
2.95347 73.7706
2.95417 73.834
2.95486 73.8944
2.95556 73.952
2.95625 74.0068
2.95694 74.0591
2.95764 74.1089
2.95833 74.1563
2.95903 74.2015
2.95972 74.2447
2.96042 74.2859
2.96111 74.3254
2.96181 74.3631
2.9625 74.3993
2.96319 74.4338
2.96389 74.4666
2.96458 74.4974
2.96528 74.5259
2.96597 74.5519
2.96667 74.5749
2.96736 74.5945
2.96806 74.6104
2.96875 74.622
2.96944 74.6293
2.97014 74.6317
2.97083 74.6293
2.97153 74.6216
2.97222 74.6085
2.97292 74.5899
2.97361 74.5655
2.97431 74.5353
2.975 74.4992
2.97569 74.4573
2.97639 74.4096
2.97708 74.3563
2.97778 74.298
2.97847 74.2348
2.97917 74.1675
2.97986 74.0965
2.98056 74.0224
2.98125 73.946
2.98194 73.8679
2.98264 73.7887
2.98333 73.7094
2.98403 73.6306
2.98472 73.5532
2.98542 73.478
2.98611 73.4061
2.98681 73.3382
2.9875 73.2755
2.98819 73.2186
2.98889 73.1685
2.98958 73.126
2.99028 73.0916
2.99097 73.0659
2.99167 73.0495
2.99236 73.0425
2.99306 73.0455
2.99375 73.0584
2.99444 73.0814
2.99514 73.1145
2.99583 73.1575
2.99653 73.2102
2.99722 73.2724
2.99792 73.3434
2.99861 73.4229
2.99931 73.5102
3 73.6045
3.00069 73.7052
3.00139 73.8114
3.00208 73.9225
3.00278 74.0376
3.00347 74.1559
3.00417 74.2767
3.00486 74.3992
3.00556 74.5226
3.00625 74.6464
3.00694 74.7697
3.00764 74.892
3.00833 75.0128
3.00903 75.1314
3.00972 75.2475
3.01042 75.3607
3.01111 75.4707
3.01181 75.5772
3.0125 75.6799
3.01319 75.7788
3.01389 75.8738
3.01458 75.9647
3.01528 76.0518
3.01597 76.135
3.01667 76.2144
3.01736 76.2903
3.01806 76.3627
3.01875 76.4319
3.01944 76.4979
3.02014 76.561
3.02083 76.6212
3.02153 76.6786
3.02222 76.7334
3.02292 76.7857
3.02361 76.8355
3.02431 76.883
3.025 76.9284
3.02569 76.9717
3.02639 77.0131
3.02708 77.0525
3.02778 77.0899
3.02847 77.1252
3.02917 77.1581
3.02986 77.1884
3.03056 77.2156
3.03125 77.2393
3.03194 77.2591
3.03264 77.2747
3.03333 77.2856
3.03403 77.2916
3.03472 77.2923
3.03542 77.2876
3.03611 77.2772
3.03681 77.2609
3.0375 77.2385
3.03819 77.21
3.03889 77.1752
3.03958 77.134
3.04028 77.0866
3.04097 77.0331
3.04167 76.9737
3.04236 76.9089
3.04306 76.8391
3.04375 76.7649
3.04444 76.6869
3.04514 76.6057
3.04583 76.5221
3.04653 76.4367
3.04722 76.3504
3.04792 76.2638
3.04861 76.1779
3.04931 76.0936
3.05 76.0118
3.05069 75.9334
3.05139 75.8595
3.05208 75.791
3.05278 75.7288
3.05347 75.6737
3.05417 75.6267
3.05486 75.5883
3.05556 75.559
3.05625 75.5395
3.05694 75.53
3.05764 75.5309
3.05833 75.5423
3.05903 75.5644
3.05972 75.597
3.06042 75.6401
3.06111 75.6934
3.06181 75.7565
3.0625 75.8291
3.06319 75.9105
3.06389 76.0002
3.06458 76.0973
3.06528 76.2011
3.06597 76.3109
3.06667 76.4258
3.06736 76.545
3.06806 76.6678
3.06875 76.7933
3.06944 76.9207
3.07014 77.0493
3.07083 77.1784
3.07153 77.3073
3.07222 77.4352
3.07292 77.5618
3.07361 77.6863
3.07431 77.8084
3.075 77.9277
3.07569 78.0438
3.07639 78.1564
3.07708 78.2653
3.07778 78.3704
3.07847 78.4716
3.07917 78.5688
3.07986 78.6621
3.08056 78.7514
3.08125 78.8369
3.08194 78.9188
3.08264 78.9972
3.08333 79.0722
3.08403 79.144
3.08472 79.2127
3.08542 79.2784
3.08611 79.3411
3.08681 79.401
3.0875 79.4581
3.08819 79.5125
3.08889 79.5645
3.08958 79.614
3.09028 79.6612
3.09097 79.7061
3.09167 79.7488
3.09236 79.7891
3.09306 79.8268
3.09375 79.8618
3.09444 79.8936
3.09514 79.9219
3.09583 79.9463
3.09653 79.9662
3.09722 79.9813
3.09792 79.9913
3.09861 79.9959
3.09931 79.9947
3.1 79.9875
3.10069 79.9741
3.10139 79.9544
3.10208 79.9281
3.10278 79.8952
3.10347 79.8555
3.10417 79.8091
3.10486 79.756
3.10556 79.6965
3.10625 79.6308
3.10694 79.5593
3.10764 79.4827
3.10833 79.4014
3.10903 79.3162
3.10972 79.2277
3.11042 79.1367
3.11111 79.0439
3.11181 78.9502
3.1125 78.8563
3.11319 78.7633
3.11389 78.672
3.11458 78.5834
3.11528 78.4985
3.11597 78.4184
3.11667 78.3441
3.11736 78.2765
3.11806 78.2166
3.11875 78.165
3.11944 78.1226
3.12014 78.0898
3.12083 78.0673
3.12153 78.0553
3.12222 78.0542
3.12292 78.0642
3.12361 78.0853
3.12431 78.1176
3.125 78.1608
3.12569 78.2148
3.12639 78.2791
3.12708 78.3533
3.12778 78.4368
3.12847 78.5289
3.12917 78.6289
3.12986 78.7361
3.13056 78.8495
3.13125 78.9684
3.13194 79.0919
3.13264 79.2192
3.13333 79.3496
3.13403 79.4821
3.13472 79.616
3.13542 79.7506
3.13611 79.8851
3.13681 80.0189
3.1375 80.1514
3.13819 80.282
3.13889 80.4102
3.13958 80.5357
3.14028 80.658
3.14097 80.7769
3.14167 80.8922
3.14236 81.0037
3.14306 81.1112
3.14375 81.2147
3.14444 81.3143
3.14514 81.4099
3.14583 81.5017
3.14653 81.5898
3.14722 81.6742
3.14792 81.7552
3.14861 81.8328
3.14931 81.9072
3.15 81.9784
3.15069 82.0465
3.15139 82.1115
3.15208 82.1735
3.15278 82.2327
3.15347 82.289
3.15417 82.3427
3.15486 82.3938
3.15556 82.4423
3.15625 82.4881
3.15694 82.5313
3.15764 82.5715
3.15833 82.6084
3.15903 82.6417
3.15972 82.671
3.16042 82.6958
3.16111 82.7156
3.16181 82.7302
3.1625 82.7391
3.16319 82.7421
3.16389 82.7387
3.16458 82.7289
3.16528 82.7124
3.16597 82.6891
3.16667 82.6587
3.16736 82.6211
3.16806 82.5764
3.16875 82.5244
3.16944 82.4655
3.17014 82.3997
3.17083 82.3274
3.17153 82.2491
3.17222 82.1654
3.17292 82.0769
3.17361 81.9843
3.17431 81.8883
3.175 81.7898
3.17569 81.6894
3.17639 81.5882
3.17708 81.4869
3.17778 81.3866
3.17847 81.2882
3.17917 81.1927
3.17986 81.1013
3.18056 81.0151
3.18125 80.9349
3.18194 80.862
3.18264 80.7971
3.18333 80.741
3.18403 80.6946
3.18472 80.6584
3.18542 80.6329
3.18611 80.6185
3.18681 80.6155
3.1875 80.6241
3.18819 80.6445
3.18889 80.6765
3.18958 80.72
3.19028 80.7747
3.19097 80.8403
3.19167 80.9163
3.19236 81.002
3.19306 81.0967
3.19375 81.1997
3.19444 81.3103
3.19514 81.4274
3.19583 81.5505
3.19653 81.6784
3.19722 81.8105
3.19792 81.9458
3.19861 82.0835
3.19931 82.2229
3.2 82.3631
3.20069 82.5034
3.20139 82.6432
3.20208 82.7817
3.20278 82.9185
3.20347 83.053
3.20417 83.1848
3.20486 83.3136
3.20556 83.439
3.20625 83.5607
3.20694 83.6787
3.20764 83.7927
3.20833 83.9027
3.20903 84.0087
3.20972 84.1107
3.21042 84.2088
3.21111 84.3032
3.21181 84.3938
3.2125 84.4809
3.21319 84.5645
3.21389 84.6446
3.21458 84.7214
3.21528 84.7949
3.21597 84.8651
3.21667 84.9321
3.21736 84.996
3.21806 85.0568
3.21875 85.1147
3.21944 85.1696
3.22014 85.2216
3.22083 85.2707
3.22153 85.3166
3.22222 85.3591
3.22292 85.3979
3.22361 85.4326
3.22431 85.4627
3.225 85.4878
3.22569 85.5075
3.22639 85.5213
3.22708 85.529
3.22778 85.5301
3.22847 85.5245
3.22917 85.5119
3.22986 85.492
3.23056 85.4648
3.23125 85.43
3.23194 85.3877
3.23264 85.3376
3.23333 85.28
3.23403 85.2149
3.23472 85.1426
3.23542 85.0636
3.23611 84.9783
3.23681 84.8873
3.2375 84.7914
3.23819 84.6912
3.23889 84.5876
3.23958 84.4813
3.24028 84.3733
3.24097 84.2644
3.24167 84.1556
3.24236 84.0478
3.24306 83.9423
3.24375 83.8399
3.24444 83.7419
3.24514 83.6494
3.24583 83.5635
3.24653 83.4851
3.24722 83.4153
3.24792 83.3548
3.24861 83.3044
3.24931 83.2648
3.25 83.2364
3.25069 83.2196
3.25139 83.2149
3.25208 83.2222
3.25278 83.2419
3.25347 83.2737
3.25417 83.3176
3.25486 83.3732
3.25556 83.4402
3.25625 83.5181
3.25694 83.6061
3.25764 83.7036
3.25833 83.8098
3.25903 83.9239
3.25972 84.045
3.26042 84.1722
3.26111 84.3048
3.26181 84.4417
3.2625 84.5821
3.26319 84.7252
3.26389 84.8702
3.26458 85.0162
3.26528 85.1624
3.26597 85.3082
3.26667 85.453
3.26736 85.5961
3.26806 85.737
3.26875 85.8753
3.26944 86.0106
3.27014 86.1426
3.27083 86.271
3.27153 86.3955
3.27222 86.5162
3.27292 86.6328
3.27361 86.7453
3.27431 86.8539
3.275 86.9585
3.27569 87.0592
3.27639 87.1562
3.27708 87.2494
3.27778 87.339
3.27847 87.425
3.27917 87.5075
3.27986 87.5864
3.28056 87.6619
3.28125 87.7339
3.28194 87.8025
3.28264 87.8678
3.28333 87.9299
3.28403 87.9887
3.28472 88.0442
3.28542 88.0964
3.28611 88.145
3.28681 88.1897
3.2875 88.2303
3.28819 88.2662
3.28889 88.2971
3.28958 88.3224
3.29028 88.3417
3.29097 88.3547
3.29167 88.3609
3.29236 88.36
3.29306 88.3519
3.29375 88.3362
3.29444 88.3128
3.29514 88.2815
3.29583 88.2422
3.29653 88.1948
3.29722 88.1392
3.29792 88.0756
3.29861 88.0042
3.29931 87.9252
3.3 87.8392
3.30069 87.7467
3.30139 87.6483
3.30208 87.5448
3.30278 87.4369
3.30347 87.3254
3.30417 87.2113
3.30486 87.0954
3.30556 86.9788
3.30625 86.8623
3.30694 86.7471
3.30764 86.6343
3.30833 86.525
3.30903 86.4204
3.30972 86.3217
3.31042 86.2299
3.31111 86.1461
3.31181 86.0714
3.3125 86.0065
3.31319 85.9522
3.31389 85.9092
3.31458 85.878
3.31528 85.859
3.31597 85.8525
3.31667 85.8587
3.31736 85.8777
3.31806 85.9095
3.31875 85.9539
3.31944 86.0106
3.32014 86.0791
3.32083 86.1589
3.32153 86.2494
3.32222 86.3498
3.32292 86.4593
3.32361 86.5771
3.32431 86.7022
3.325 86.8339
3.32569 86.9711
3.32639 87.113
3.32708 87.2588
3.32778 87.4074
3.32847 87.558
3.32917 87.7099
3.32986 87.8622
3.33056 88.0143
3.33125 88.1654
3.33194 88.3149
3.33264 88.4624
3.33333 88.6074
3.33403 88.7493
3.33472 88.888
3.33542 89.0231
3.33611 89.1545
3.33681 89.2818
3.3375 89.4052
3.33819 89.5245
3.33889 89.6397
3.33958 89.7509
3.34028 89.8581
3.34097 89.9614
3.34167 90.0609
3.34236 90.1566
3.34306 90.2486
3.34375 90.3368
3.34444 90.4212
3.34514 90.502
3.34583 90.579
3.34653 90.6524
3.34722 90.7222
3.34792 90.7884
3.34861 90.851
3.34931 90.91
3.35 90.9653
3.35069 91.0165
3.35139 91.0634
3.35208 91.1056
3.35278 91.1427
3.35347 91.1741
3.35417 91.1995
3.35486 91.2183
3.35556 91.2302
3.35625 91.2347
3.35694 91.2318
3.35764 91.2209
3.35833 91.202
3.35903 91.1749
3.35972 91.1393
3.36042 91.0951
3.36111 91.0424
3.36181 90.9811
3.3625 90.9114
3.36319 90.8334
3.36389 90.7476
3.36458 90.6544
3.36528 90.5544
3.36597 90.4484
3.36667 90.3371
3.36736 90.2213
3.36806 90.1018
3.36875 89.9797
3.36944 89.8559
3.37014 89.7314
3.37083 89.6071
3.37153 89.4844
3.37222 89.3643
3.37292 89.248
3.37361 89.1368
3.37431 89.0318
3.375 88.9342
3.37569 88.8451
3.37639 88.7654
3.37708 88.6962
3.37778 88.6381
3.37847 88.5917
3.37917 88.5578
3.37986 88.5366
3.38056 88.5285
3.38125 88.5337
3.38194 88.5522
3.38264 88.5841
3.38333 88.6291
3.38403 88.6869
3.38472 88.7571
3.38542 88.839
3.38611 88.9321
3.38681 89.0355
3.3875 89.1485
3.38819 89.2701
3.38889 89.3994
3.38958 89.5356
3.39028 89.6777
3.39097 89.8248
3.39167 89.9759
3.39236 90.1301
3.39306 90.2867
3.39375 90.4446
3.39444 90.6031
3.39514 90.7615
3.39583 90.9191
3.39653 91.0753
3.39722 91.2294
3.39792 91.3811
3.39861 91.5299
3.39931 91.6755
3.4 91.8174
3.40069 91.9556
3.40139 92.0899
3.40208 92.2201
3.40278 92.3462
3.40347 92.4682
3.40417 92.586
3.40486 92.6999
3.40556 92.8097
3.40625 92.9155
3.40694 93.0174
3.40764 93.1154
3.40833 93.2094
3.40903 93.2994
3.40972 93.3854
3.41042 93.4675
3.41111 93.5457
3.41181 93.62
3.4125 93.6903
3.41319 93.7568
3.41389 93.8192
3.41458 93.8774
3.41528 93.9312
3.41597 93.9801
3.41667 94.0239
3.41736 94.0619
3.41806 94.0938
3.41875 94.1191
3.41944 94.1372
3.42014 94.1478
3.42083 94.1506
3.42153 94.1453
3.42222 94.1315
3.42292 94.1092
3.42361 94.078
3.42431 94.0379
3.425 93.9888
3.42569 93.9306
3.42639 93.8633
3.42708 93.7872
3.42778 93.7024
3.42847 93.6095
3.42917 93.5089
3.42986 93.4014
3.43056 93.2875
3.43125 93.1683
3.43194 93.0444
3.43264 92.9169
3.43333 92.7867
3.43403 92.6547
3.43472 92.5222
3.43542 92.3902
3.43611 92.2598
3.43681 92.1323
3.4375 92.009
3.43819 91.8911
3.43889 91.7799
3.43958 91.6765
3.44028 91.582
3.44097 91.4976
3.44167 91.424
3.44236 91.3621
3.44306 91.3126
3.44375 91.2759
3.44444 91.2526
3.44514 91.243
3.44583 91.2473
3.44653 91.2655
3.44722 91.2976
3.44792 91.3433
3.44861 91.4024
3.44931 91.4744
3.45 91.5586
3.45069 91.6544
3.45139 91.761
3.45208 91.8775
3.45278 92.0031
3.45347 92.1368
3.45417 92.2776
3.45486 92.4247
3.45556 92.5771
3.45625 92.7337
3.45694 92.8938
3.45764 93.0563
3.45833 93.2204
3.45903 93.3853
3.45972 93.5502
3.46042 93.7144
3.46111 93.8773
3.46181 94.0383
3.4625 94.1968
3.46319 94.3526
3.46389 94.5051
3.46458 94.6541
3.46528 94.7993
3.46597 94.9405
3.46667 95.0777
3.46736 95.2107
3.46806 95.3396
3.46875 95.4642
3.46944 95.5847
3.47014 95.7011
3.47083 95.8134
3.47153 95.9216
