0 0 0
0.000694444 0.000928121 0.00145342
0.00138889 0.00272562 0.00290685
0.00208333 0.00556159 0.00436027
0.00277778 0.00942346 0.00581369
0.00347222 0.014249 0.00726712
0.00416667 0.0199608 0.00872054
0.00486111 0.0264758 0.010174
0.00555556 0.0337166 0.0116274
0.00625 0.0416115 0.0130808
0.00694444 0.0500904 0.0145342
0.00763889 0.0590778 0.0159877
0.00833333 0.0684868 0.0174411
0.00902778 0.0782162 0.0188945
0.00972222 0.0881534 0.0203479
0.0104167 0.0981824 0.0218014
0.0111111 0.108195 0.0232548
0.0118056 0.118105 0.0247082
0.0125 0.127858 0.0261616
0.0131944 0.137439 0.027615
0.0138889 0.146871 0.0290685
0.0145833 0.156199 0.0305219
0.0152778 0.165485 0.0319753
0.0159722 0.174777 0.0334287
0.0166667 0.184099 0.0348822
0.0173611 0.193441 0.0363356
0.0180556 0.202762 0.037789
0.01875 0.211998 0.0392424
0.0194444 0.221085 0.0406959
0.0201389 0.229971 0.0421493
0.0208333 0.238635 0.0436027
0.0215278 0.247093 0.0450561
0.0222222 0.255398 0.0465095
0.0229167 0.263627 0.047963
0.0236111 0.271866 0.0494164
0.0243056 0.280197 0.0508698
0.025 0.288678 0.0523232
0.0256944 0.297342 0.0537767
0.0263889 0.306197 0.0552301
0.0270833 0.315232 0.0566835
0.0277778 0.324425 0.0581369
0.0284722 0.333759 0.0595904
0.0291667 0.343224 0.0610438
0.0298611 0.352818 0.0624972
0.0305556 0.362544 0.0639506
0.03125 0.372398 0.0654041
0.0319444 0.382363 0.0668575
0.0326389 0.392401 0.0683109
0.0333333 0.402455 0.0697643
0.0340278 0.412444 0.0712177
0.0347222 0.422277 0.0726712
0.0354167 0.431866 0.0741246
0.0361111 0.441128 0.075578
0.0368056 0.449999 0.0770314
0.0375 0.458436 0.0784849
0.0381944 0.466417 0.0799383
0.0388889 0.47394 0.0813917
0.0395833 0.481013 0.0828451
0.0402778 0.487651 0.0842986
0.0409722 0.493872 0.085752
0.0416667 0.499686 0.0872054
0.0423611 0.505104 0.0886588
0.0430556 0.510127 0.0901122
0.04375 0.514751 0.0915657
0.0444444 0.518974 0.0930191
0.0451389 0.522782 0.0944725
0.0458333 0.526157 0.0959259
0.0465278 0.529084 0.0973794
0.0472222 0.531535 0.0988328
0.0479167 0.533488 0.100286
0.0486111 0.534917 0.10174
0.0493056 0.535807 0.103193
0.05 0.536147 0.104646
0.0506944 0.535936 0.1061
0.0513889 0.535177 0.107553
0.0520833 0.533873 0.109007
0.0527778 0.532022 0.11046
0.0534722 0.529611 0.111914
0.0541667 0.526608 0.113367
0.0548611 0.522969 0.11482
0.0555556 0.518651 0.116274
0.05625 0.513615 0.117727
0.0569444 0.507847 0.119181
0.0576389 0.50138 0.120634
0.0583333 0.494295 0.122088
0.0590278 0.486733 0.123541
0.0597222 0.478888 0.124994
0.0604167 0.470994 0.126448
0.0611111 0.4633 0.127901
0.0618056 0.456046 0.129355
0.0625 0.449435 0.130808
0.0631944 0.443613 0.132262
0.0638889 0.438662 0.133715
0.0645833 0.434603 0.135168
0.0652778 0.43141 0.136622
0.0659722 0.429032 0.138075
0.0666667 0.427422 0.139529
0.0673611 0.426547 0.140982
0.0680556 0.426401 0.142435
0.06875 0.427008 0.143889
0.0694444 0.428409 0.145342
0.0701389 0.430652 0.146796
0.0708333 0.433768 0.148249
0.0715278 0.437765 0.149703
0.0722222 0.442616 0.151156
0.0729167 0.448255 0.152609
0.0736111 0.454591 0.154063
0.0743056 0.461515 0.155516
0.075 0.468916 0.15697
0.0756944 0.476702 0.158423
0.0763889 0.484799 0.159877
0.0770833 0.493166 0.16133
0.0777778 0.501791 0.162783
0.0784722 0.510677 0.164237
0.0791667 0.519832 0.16569
0.0798611 0.529257 0.167144
0.0805556 0.538933 0.168597
0.08125 0.548814 0.170051
0.0819444 0.558832 0.171504
0.0826389 0.568904 0.172957
0.0833333 0.578947 0.174411
0.0840278 0.588892 0.175864
0.0847222 0.598701 0.177318
0.0854167 0.608369 0.178771
0.0861111 0.617921 0.180224
0.0868056 0.627417 0.181678
0.0875 0.636921 0.183131
0.0881944 0.646497 0.184585
0.0888889 0.656196 0.186038
0.0895833 0.66604 0.187492
0.0902778 0.676027 0.188945
0.0909722 0.686134 0.190398
0.0916667 0.696325 0.191852
0.0923611 0.70656 0.193305
0.0930556 0.716807 0.194759
0.09375 0.727039 0.196212
0.0944444 0.737239 0.197666
0.0951389 0.747386 0.199119
0.0958333 0.757457 0.200572
0.0965278 0.767408 0.202026
0.0972222 0.777178 0.203479
0.0979167 0.786688 0.204933
0.0986111 0.795843 0.206386
0.0993056 0.804543 0.20784
0.1 0.812693 0.209293
0.100694 0.820212 0.210746
0.101389 0.827041 0.2122
0.102083 0.833143 0.213653
0.102778 0.838501 0.215107
0.103472 0.843116 0.21656
0.104167 0.847002 0.218014
0.104861 0.850173 0.219467
0.105556 0.852648 0.22092
0.10625 0.854439 0.222374
0.106944 0.85556 0.223827
0.107639 0.856017 0.225281
0.108333 0.855813 0.226734
0.109028 0.854955 0.228187
0.109722 0.853439 0.229641
0.110417 0.851263 0.231094
0.111111 0.848419 0.232548
0.111806 0.844899 0.234001
0.1125 0.840694 0.235455
0.113194 0.835798 0.236908
0.113889 0.830212 0.238361
0.114583 0.823948 0.239815
0.115278 0.817021 0.241268
0.115972 0.809462 0.242722
0.116667 0.801292 0.244175
0.117361 0.79253 0.245629
0.118056 0.783186 0.247082
0.11875 0.773252 0.248535
0.119444 0.76271 0.249989
0.120139 0.751544 0.251442
0.120833 0.739747 0.252896
0.121528 0.727342 0.254349
0.122222 0.714398 0.255803
0.122917 0.701035 0.257256
0.123611 0.687433 0.258709
0.124306 0.673819 0.260163
0.125 0.660452 0.261616
0.125694 0.647599 0.26307
0.126389 0.635506 0.264523
0.127083 0.624377 0.265976
0.127778 0.61435 0.26743
0.128472 0.605496 0.268883
0.129167 0.597831 0.270337
0.129861 0.591321 0.27179
0.130556 0.585913 0.273244
0.13125 0.581557 0.274697
0.131944 0.578216 0.27615
0.132639 0.575875 0.277604
0.133333 0.574542 0.279057
0.134028 0.574232 0.280511
0.134722 0.574956 0.281964
0.135417 0.576702 0.283418
0.136111 0.57943 0.284871
0.136806 0.583063 0.286324
0.1375 0.587493 0.287778
0.138194 0.592593 0.289231
0.138889 0.598228 0.290685
0.139583 0.60427 0.292138
0.140278 0.61062 0.293592
0.140972 0.617205 0.295045
0.141667 0.623989 0.296498
0.142361 0.630966 0.297952
0.143056 0.63815 0.299405
0.14375 0.64556 0.300859
0.144444 0.653207 0.302312
0.145139 0.661084 0.303765
0.145833 0.669162 0.305219
0.146528 0.677389 0.306672
0.147222 0.685704 0.308126
0.147917 0.694048 0.309579
0.148611 0.702376 0.311033
0.149306 0.710677 0.312486
0.15 0.718969 0.313939
0.150694 0.727297 0.315393
0.151389 0.735736 0.316846
0.152083 0.74436 0.3183
0.152778 0.753236 0.319753
0.153472 0.762406 0.321207
0.154167 0.771885 0.32266
0.154861 0.781656 0.324113
0.155556 0.791678 0.325567
0.15625 0.801893 0.32702
0.156944 0.81224 0.328474
0.157639 0.822659 0.329927
0.158333 0.8331 0.331381
0.159028 0.843513 0.332834
0.159722 0.853842 0.334287
0.160417 0.864028 0.335741
0.161111 0.87399 0.337194
0.161806 0.883629 0.338648
0.1625 0.89283 0.340101
0.163194 0.901467 0.341554
0.163889 0.909415 0.343008
0.164583 0.916558 0.344461
0.165278 0.9228 0.345915
0.165972 0.928067 0.347368
0.166667 0.932313 0.348822
0.167361 0.935515 0.350275
0.168056 0.937666 0.351728
0.16875 0.938771 0.353182
0.169444 0.938846 0.354635
0.170139 0.937901 0.356089
0.170833 0.93595 0.357542
0.171528 0.933008 0.358996
0.172222 0.929087 0.360449
0.172917 0.9242 0.361902
0.173611 0.918361 0.363356
0.174306 0.911581 0.364809
0.175 0.903873 0.366263
0.175694 0.895246 0.367716
0.176389 0.88571 0.36917
0.177083 0.875276 0.370623
0.177778 0.863959 0.372076
0.178472 0.851787 0.37353
0.179167 0.838794 0.374983
0.179861 0.825023 0.376437
0.180556 0.810532 0.37789
0.18125 0.795372 0.379344
0.181944 0.779591 0.380797
0.182639 0.763229 0.38225
0.183333 0.746313 0.383704
0.184028 0.728864 0.385157
0.184722 0.710908 0.386611
0.185417 0.69249 0.388064
0.186111 0.673691 0.389517
0.186806 0.654644 0.390971
0.1875 0.635536 0.392424
0.188194 0.616613 0.393878
0.188889 0.59816 0.395331
0.189583 0.58049 0.396785
0.190278 0.563899 0.398238
0.190972 0.548648 0.399691
0.191667 0.534939 0.401145
0.192361 0.522891 0.402598
0.193056 0.512551 0.404052
0.19375 0.503897 0.405505
0.194444 0.496871 0.406959
0.195139 0.491391 0.408412
0.195833 0.487377 0.409865
0.196528 0.484759 0.411319
0.197222 0.483473 0.412772
0.197917 0.483454 0.414226
0.198611 0.484627 0.415679
0.199306 0.486886 0.417133
0.2 0.490094 0.418586
0.200694 0.494086 0.420039
0.201389 0.498665 0.421493
0.202083 0.503622 0.422946
0.202778 0.508752 0.4244
0.203472 0.513865 0.425853
0.204167 0.518802 0.427306
0.204861 0.523442 0.42876
0.205556 0.527713 0.430213
0.20625 0.531588 0.431667
0.206944 0.535081 0.43312
0.207639 0.53824 0.434574
0.208333 0.541132 0.436027
0.209028 0.543829 0.43748
0.209722 0.546406 0.438934
0.210417 0.548917 0.440387
0.211111 0.551406 0.441841
0.211806 0.553912 0.443294
0.2125 0.556472 0.444748
0.213194 0.559136 0.446201
0.213889 0.561981 0.447654
0.214583 0.565107 0.449108
0.215278 0.568642 0.450561
0.215972 0.572726 0.452015
0.216667 0.577496 0.453468
0.217361 0.583066 0.454922
0.218056 0.589512 0.456375
0.21875 0.596862 0.457828
0.219444 0.605097 0.459282
0.220139 0.614152 0.460735
0.220833 0.623937 0.462189
0.221528 0.634339 0.463642
0.222222 0.645239 0.465095
0.222917 0.65652 0.466549
0.223611 0.668056 0.468002
0.224306 0.679718 0.469456
0.225 0.691361 0.470909
0.225694 0.702828 0.472363
0.226389 0.713942 0.473816
0.227083 0.724521 0.475269
0.227778 0.734374 0.476723
0.228472 0.743325 0.478176
0.229167 0.751213 0.47963
0.229861 0.757906 0.481083
0.230556 0.763303 0.482537
0.23125 0.767329 0.48399
0.231944 0.769943 0.485443
0.232639 0.77112 0.486897
0.233333 0.770846 0.48835
0.234028 0.769125 0.489804
0.234722 0.765958 0.491257
0.235417 0.761354 0.492711
0.236111 0.755326 0.494164
0.236806 0.747891 0.495617
0.2375 0.739072 0.497071
0.238194 0.728895 0.498524
0.238889 0.71739 0.499978
0.239583 0.704588 0.501431
0.240278 0.69052 0.502884
0.240972 0.675222 0.504338
0.241667 0.658732 0.505791
0.242361 0.641096 0.507245
0.243056 0.622377 0.508698
0.24375 0.602647 0.510152
0.244444 0.581994 0.511605
0.245139 0.560523 0.513058
0.245833 0.538343 0.514512
0.246528 0.515567 0.515965
0.247222 0.492313 0.517419
0.247917 0.468708 0.518872
0.248611 0.444898 0.520326
0.249306 0.421072 0.521779
0.25 0.397484 0.523232
0.250694 0.374476 0.524686
0.251389 0.352499 0.526139
0.252083 0.332119 0.527593
0.252778 0.313987 0.529046
0.253472 0.298786 0.5305
0.254167 0.287142 0.531953
0.254861 0.279509 0.533406
0.255556 0.276063 0.53486
0.25625 0.276672 0.536313
0.256944 0.280925 0.537767
0.257639 0.288247 0.53922
0.258333 0.29801 0.540673
0.259028 0.309633 0.542127
0.259722 0.322619 0.54358
0.260417 0.336561 0.545034
0.261111 0.351118 0.546487
0.261806 0.365984 0.547941
0.2625 0.380866 0.549394
0.263194 0.39547 0.550847
0.263889 0.4095 0.552301
0.264583 0.422666 0.553754
0.265278 0.434695 0.555208
0.265972 0.44534 0.556661
0.266667 0.45439 0.558115
0.267361 0.46167 0.559568
0.268056 0.467037 0.561021
0.26875 0.470378 0.562475
0.269444 0.471609 0.563928
0.270139 0.470666 0.565382
0.270833 0.467514 0.566835
0.271528 0.462141 0.568289
0.272222 0.45457 0.569742
0.272917 0.444854 0.571195
0.273611 0.433076 0.572649
0.274306 0.419351 0.574102
0.275 0.403813 0.575556
0.275694 0.386609 0.577009
0.276389 0.367902 0.578463
0.277083 0.347861 0.579916
0.277778 0.326677 0.581369
0.278472 0.304573 0.582823
0.279167 0.281831 0.584276
0.279861 0.258827 0.58573
0.280556 0.23607 0.587183
0.28125 0.21426 0.588636
0.281944 0.194343 0.59009
0.282639 0.177539 0.591543
0.283333 0.165285 0.592997
0.284028 0.158963 0.59445
0.284722 0.159419 0.595904
0.285417 0.166565 0.597357
0.286111 0.179424 0.59881
0.286806 0.196605 0.600264
0.2875 0.21674 0.601717
0.288194 0.238699 0.603171
0.288889 0.261605 0.604624
0.289583 0.284789 0.606078
0.290278 0.307729 0.607531
0.290972 0.330007 0.608984
0.291667 0.351285 0.610438
0.292361 0.371285 0.611891
0.293056 0.389784 0.613345
0.29375 0.406608 0.614798
0.294444 0.42163 0.616252
0.295139 0.434761 0.617705
0.295833 0.445945 0.619158
0.296528 0.455156 0.620612
0.297222 0.462388 0.622065
0.297917 0.467652 0.623519
0.298611 0.470973 0.624972
0.299306 0.472392 0.626425
0.3 0.471964 0.627879
0.300694 0.469764 0.629332
0.301389 0.465883 0.630786
0.302083 0.460437 0.632239
0.302778 0.453559 0.633693
0.303472 0.445406 0.635146
0.304167 0.436158 0.636599
0.304861 0.426018 0.638053
0.305556 0.415223 0.639506
0.30625 0.404046 0.64096
0.306944 0.392803 0.642413
0.307639 0.381863 0.643867
0.308333 0.371641 0.64532
0.309028 0.362602 0.646773
0.309722 0.355241 0.648227
0.310417 0.350064 0.64968
0.311111 0.347562 0.651134
0.311806 0.34818 0.652587
0.3125 0.352283 0.654041
0.313194 0.360132 0.655494
0.313889 0.371861 0.656947
0.314583 0.387459 0.658401
0.315278 0.406774 0.659854
0.315972 0.429512 0.661308
0.316667 0.455249 0.662761
0.317361 0.483469 0.664214
0.318056 0.513586 0.665668
0.31875 0.544992 0.667121
0.319444 0.577092 0.668575
0.320139 0.609347 0.670028
0.320833 0.641299 0.671482
0.321528 0.672594 0.672935
0.322222 0.702983 0.674388
0.322917 0.732314 0.675842
0.323611 0.760507 0.677295
0.324306 0.787526 0.678749
0.325 0.813347 0.680202
0.325694 0.837926 0.681656
0.326389 0.861185 0.683109
0.327083 0.883006 0.684562
0.327778 0.90323 0.686016
0.328472 0.921683 0.687469
0.329167 0.938185 0.688923
0.329861 0.952575 0.690376
0.330556 0.964719 0.69183
0.33125 0.974517 0.693283
0.331944 0.981902 0.694736
0.332639 0.986827 0.69619
0.333333 0.989263 0.697643
0.334028 0.989187 0.699097
0.334722 0.986579 0.70055
0.335417 0.98143 0.702003
0.336111 0.973747 0.703457
0.336806 0.963567 0.70491
0.3375 0.950965 0.706364
0.338194 0.936071 0.707817
0.338889 0.919057 0.709271
0.339583 0.900148 0.710724
0.340278 0.879605 0.712177
0.340972 0.85771 0.713631
0.341667 0.834759 0.715084
0.342361 0.811052 0.716538
0.343056 0.786887 0.717991
0.34375 0.762561 0.719445
0.344444 0.738384 0.720898
0.345139 0.714684 0.722351
0.345833 0.691813 0.723805
0.346528 0.670157 0.725258
0.347222 0.650126 0.726712
0.347917 0.632133 0.728165
0.348611 0.616584 0.729619
0.349306 0.603834 0.731072
0.35 0.594161 0.732525
0.350694 0.587737 0.733979
0.351389 0.584617 0.735432
0.352083 0.584732 0.736886
0.352778 0.587905 0.738339
0.353472 0.593871 0.739793
0.354167 0.602308 0.741246
0.354861 0.612865 0.742699
0.355556 0.625181 0.744153
0.35625 0.638905 0.745606
0.356944 0.653706 0.74706
0.357639 0.66928 0.748513
0.358333 0.685354 0.749966
0.359028 0.701681 0.75142
0.359722 0.71805 0.752873
0.360417 0.73428 0.754327
0.361111 0.750225 0.75578
0.361806 0.765775 0.757234
0.3625 0.780856 0.758687
0.363194 0.795433 0.76014
0.363889 0.809506 0.761594
0.364583 0.823114 0.763047
0.365278 0.836326 0.764501
0.365972 0.849241 0.765954
0.366667 0.861979 0.767408
0.367361 0.874684 0.768861
0.368056 0.887507 0.770314
0.36875 0.900611 0.771768
0.369444 0.914165 0.773221
0.370139 0.928333 0.774675
0.370833 0.943279 0.776128
0.371528 0.959154 0.777582
0.372222 0.976098 0.779035
0.372917 0.994229 0.780488
0.373611 1.01365 0.781942
0.374306 1.03443 0.783395
0.375 1.05665 0.784849
0.375694 1.08035 0.786302
0.376389 1.10559 0.787755
0.377083 1.13242 0.789209
0.377778 1.16087 0.790662
0.378472 1.19098 0.792116
0.379167 1.22272 0.793569
0.379861 1.25606 0.795023
0.380556 1.29086 0.796476
0.38125 1.32693 0.797929
0.381944 1.36398 0.799383
0.382639 1.40169 0.800836
0.383333 1.43966 0.80229
0.384028 1.47751 0.803743
0.384722 1.51486 0.805197
0.385417 1.55141 0.80665
0.386111 1.5869 0.808103
0.386806 1.62117 0.81083
0.3875 1.65412 0.815813
0.388194 1.6857 0.820796
0.388889 1.71589 0.825778
0.389583 1.74466 0.830761
0.390278 1.77197 0.835744
0.390972 1.79773 0.840727
0.391667 1.82182 0.84571
0.392361 1.84408 0.850692
0.393056 1.86436 0.855675
0.39375 1.88249 0.860658
0.394444 1.89834 0.865641
0.395139 1.91183 0.870623
0.395833 1.92288 0.875606
0.396528 1.93148 0.880589
0.397222 1.93762 0.885572
0.397917 1.9413 0.890555
0.398611 1.94254 0.895537
0.399306 1.94136 0.90052
0.4 1.93776 0.905503
0.400694 1.93179 0.910486
0.401389 1.92352 0.915469
0.402083 1.91306 0.920451
0.402778 1.90057 0.925434
0.403472 1.88627 0.930417
0.404167 1.87041 0.9354
0.404861 1.8533 0.940383
0.405556 1.83522 0.945365
0.40625 1.81649 0.950348
0.406944 1.7974 0.955331
0.407639 1.77819 0.960314
0.408333 1.75911 0.965296
0.409028 1.74038 0.970279
0.409722 1.72222 0.975262
0.410417 1.70483 0.980245
0.411111 1.68843 0.985228
0.411806 1.67324 0.99021
0.4125 1.65947 0.995193
0.413194 1.64733 1.00018
0.413889 1.63699 1.00516
0.414583 1.62859 1.01014
0.415278 1.6222 1.01512
0.415972 1.61787 1.02011
0.416667 1.61557 1.02509
0.417361 1.61525 1.03007
0.418056 1.61685 1.03506
0.41875 1.62026 1.04004
0.419444 1.62539 1.04502
0.420139 1.63213 1.05
0.420833 1.64039 1.05499
0.421528 1.65007 1.05997
0.422222 1.66106 1.06495
0.422917 1.67326 1.06994
0.423611 1.68655 1.07492
0.424306 1.70081 1.0799
0.425 1.71591 1.08488
0.425694 1.73173 1.08987
0.426389 1.74817 1.09485
0.427083 1.76515 1.09983
0.427778 1.78258 1.10481
0.428472 1.80044 1.1098
0.429167 1.81871 1.11478
0.429861 1.83739 1.11976
0.430556 1.85652 1.12475
0.43125 1.87614 1.12973
0.431944 1.89632 1.13471
0.432639 1.91712 1.13969
0.433333 1.93862 1.14468
0.434028 1.96091 1.14966
0.434722 1.98407 1.15464
0.435417 2.00818 1.15963
0.436111 2.03332 1.16461
0.436806 2.05954 1.16959
0.4375 2.0869 1.17457
0.438194 2.11542 1.17956
0.438889 2.14514 1.18454
0.439583 2.17607 1.18952
0.440278 2.20823 1.1945
0.440972 2.24166 1.19949
0.441667 2.27638 1.20447
0.442361 2.31241 1.20945
0.443056 2.34978 1.21444
0.44375 2.38847 1.21942
0.444444 2.42841 1.2244
0.445139 2.46948 1.22938
0.445833 2.51149 1.23437
0.446528 2.55416 1.23935
0.447222 2.59716 1.24433
0.447917 2.64014 1.24932
0.448611 2.68274 1.2543
0.449306 2.72461 1.25928
0.45 2.76548 1.26426
0.450694 2.80511 1.26925
0.451389 2.84337 1.27423
0.452083 2.88018 1.27921
0.452778 2.91547 1.2842
0.453472 2.94924 1.28918
0.454167 2.98145 1.29416
0.454861 3.01204 1.29914
0.455556 3.04091 1.30413
0.45625 3.06794 1.30911
0.456944 3.09297 1.31409
0.457639 3.11584 1.31907
0.458333 3.13642 1.32406
0.459028 3.15459 1.32904
0.459722 3.17028 1.33402
0.460417 3.18346 1.33901
0.461111 3.19412 1.34399
0.461806 3.20228 1.34897
0.4625 3.20796 1.35395
0.463194 3.2112 1.35894
0.463889 3.21202 1.36392
0.464583 3.21045 1.3689
0.465278 3.20655 1.37389
0.465972 3.20039 1.37887
0.466667 3.19211 1.38385
0.467361 3.18189 1.38883
0.468056 3.16994 1.39382
0.46875 3.15655 1.3988
0.469444 3.14199 1.40378
0.470139 3.12658 1.40876
0.470833 3.1106 1.41375
0.471528 3.09431 1.41873
0.472222 3.07794 1.42371
0.472917 3.06171 1.4287
0.473611 3.0458 1.43368
0.474306 3.03038 1.43866
0.475 3.01562 1.44364
0.475694 3.0017 1.44863
0.476389 2.98879 1.45361
0.477083 2.97709 1.45859
0.477778 2.96676 1.46358
0.478472 2.95795 1.46856
0.479167 2.95078 1.47354
0.479861 2.94532 1.47852
0.480556 2.94161 1.48351
0.48125 2.93966 1.48849
0.481944 2.93945 1.49347
0.482639 2.94095 1.49845
0.483333 2.9441 1.50344
0.484028 2.94888 1.50842
0.484722 2.95524 1.5134
0.485417 2.96316 1.51839
0.486111 2.97259 1.52337
0.486806 2.98349 1.52835
0.4875 2.99582 1.53333
0.488194 3.0095 1.53832
0.488889 3.02444 1.5433
0.489583 3.04057 1.54828
0.490278 3.05778 1.55327
0.490972 3.07598 1.55825
0.491667 3.0951 1.56323
0.492361 3.11508 1.56821
0.493056 3.13587 1.5732
0.49375 3.15745 1.57818
0.494444 3.17983 1.58316
0.495139 3.203 1.58815
0.495833 3.22699 1.59313
0.496528 3.25183 1.59811
0.497222 3.27758 1.60309
0.497917 3.30428 1.60808
0.498611 3.33198 1.61306
0.499306 3.36074 1.61804
0.5 3.39061 1.62302
0.500694 3.42162 1.62801
0.501389 3.45382 1.63299
0.502083 3.48722 1.63797
0.502778 3.52182 1.64296
0.503472 3.55763 1.64794
0.504167 3.59465 1.65292
0.504861 3.63288 1.6579
0.505556 3.67233 1.66289
0.50625 3.71302 1.66787
0.506944 3.75497 1.67285
0.507639 3.79817 1.67784
0.508333 3.84259 1.68282
0.509028 3.88815 1.6878
0.509722 3.93472 1.69278
0.510417 3.98206 1.69777
0.511111 4.02992 1.70275
0.511806 4.07794 1.70773
0.5125 4.12578 1.71271
0.513194 4.17308 1.7177
0.513889 4.21951 1.72268
0.514583 4.2648 1.72766
0.515278 4.30875 1.73265
0.515972 4.35121 1.73763
0.516667 4.39211 1.74261
0.517361 4.43141 1.74759
0.518056 4.46906 1.75258
0.51875 4.50504 1.75756
0.519444 4.53927 1.76254
0.520139 4.57163 1.76753
0.520833 4.602 1.77251
0.521528 4.63023 1.77749
0.522222 4.65615 1.78247
0.522917 4.67964 1.78746
0.523611 4.7006 1.79244
0.524306 4.71897 1.79742
0.525 4.73474 1.80241
0.525694 4.74791 1.80739
0.526389 4.75851 1.81237
0.527083 4.76658 1.81735
0.527778 4.77216 1.82234
0.528472 4.77528 1.82732
0.529167 4.77598 1.8323
0.529861 4.77432 1.83728
0.530556 4.77039 1.84227
0.53125 4.76435 1.84725
0.531944 4.75636 1.85223
0.532639 4.74668 1.85722
0.533333 4.73556 1.8622
0.534028 4.72331 1.86718
0.534722 4.71022 1.87216
0.535417 4.69657 1.87715
0.536111 4.6826 1.88213
0.536806 4.66854 1.88711
0.5375 4.65458 1.8921
0.538194 4.64088 1.89708
0.538889 4.62761 1.90206
0.539583 4.61492 1.90704
0.540278 4.60297 1.91203
0.540972 4.59193 1.91701
0.541667 4.58198 1.92199
0.542361 4.57328 1.92697
0.543056 4.56597 1.93196
0.54375 4.56017 1.93694
0.544444 4.55595 1.94192
0.545139 4.55336 1.94691
0.545833 4.55241 1.95189
0.546528 4.55311 1.95687
0.547222 4.55544 1.96185
0.547917 4.55938 1.96684
0.548611 4.56493 1.97182
0.549306 4.57208 1.9768
0.55 4.58083 1.98179
0.550694 4.59117 1.98677
0.551389 4.60309 1.99175
0.552083 4.61657 1.99673
0.552778 4.63154 2.00172
0.553472 4.64796 2.0067
0.554167 4.66574 2.01168
0.554861 4.68481 2.01667
0.555556 4.70508 2.02165
0.55625 4.7265 2.02663
0.556944 4.74901 2.03161
0.557639 4.77256 2.0366
0.558333 4.79714 2.04158
0.559028 4.82274 2.04656
0.559722 4.84936 2.05154
0.560417 4.87702 2.05653
0.561111 4.90574 2.06151
0.561806 4.93555 2.06649
0.5625 4.9665 2.07148
0.563194 4.99862 2.07646
0.563889 5.03194 2.08144
0.564583 5.06651 2.08642
0.565278 5.10235 2.09141
0.565972 5.13948 2.09639
0.566667 5.17789 2.10137
0.567361 5.21758 2.10636
0.568056 5.25853 2.11134
0.56875 5.30075 2.11632
0.569444 5.34421 2.1213
0.570139 5.38891 2.12629
0.570833 5.43488 2.13127
0.571528 5.4821 2.13625
0.572222 5.53057 2.14123
0.572917 5.58024 2.14622
0.573611 5.631 2.1512
0.574306 5.6827 2.15618
0.575 5.73511 2.16117
0.575694 5.78792 2.16615
0.576389 5.8408 2.17113
0.577083 5.89339 2.17611
0.577778 5.94533 2.1811
0.578472 5.9963 2.18608
0.579167 6.04604 2.19106
0.579861 6.09435 2.19605
0.580556 6.1411 2.20103
0.58125 6.18622 2.20601
0.581944 6.22965 2.21099
0.582639 6.27136 2.21598
0.583333 6.31129 2.22096
0.584028 6.34936 2.22594
0.584722 6.38544 2.23092
0.585417 6.41941 2.23591
0.586111 6.45109 2.24089
0.586806 6.48034 2.24587
0.5875 6.50703 2.25086
0.588194 6.53109 2.25584
0.588889 6.55245 2.26082
0.589583 6.57112 2.2658
0.590278 6.58711 2.27079
0.590972 6.60046 2.27577
0.591667 6.61121 2.28075
0.592361 6.6194 2.28574
0.593056 6.62507 2.29072
0.59375 6.62826 2.2957
0.594444 6.62905 2.30068
0.595139 6.62754 2.30567
0.595833 6.62388 2.31065
0.596528 6.61825 2.31563
0.597222 6.61092 2.32062
0.597917 6.60214 2.3256
0.598611 6.59222 2.33058
0.599306 6.58145 2.33556
0.6 6.5701 2.34055
0.600694 6.5584 2.34553
0.601389 6.54658 2.35051
0.602083 6.5348 2.35549
0.602778 6.52323 2.36048
0.603472 6.51202 2.36546
0.604167 6.50132 2.37044
0.604861 6.49129 2.37543
0.605556 6.48211 2.38041
0.60625 6.47393 2.38539
0.606944 6.46693 2.39037
0.607639 6.46123 2.39536
0.608333 6.45696 2.40034
0.609028 6.45419 2.40532
0.609722 6.45298 2.41031
0.610417 6.45335 2.41529
0.611111 6.45531 2.42027
0.611806 6.45886 2.42525
0.6125 6.46402 2.43024
0.613194 6.47077 2.43522
0.613889 6.47916 2.4402
0.614583 6.48918 2.44518
0.615278 6.50086 2.45017
0.615972 6.51419 2.45515
0.616667 6.52917 2.46013
0.617361 6.54575 2.46512
0.618056 6.56388 2.4701
0.61875 6.58351 2.47508
0.619444 6.60456 2.48006
0.620139 6.62696 2.48505
0.620833 6.65065 2.49003
0.621528 6.6756 2.49501
0.622222 6.70175 2.5
0.622917 6.7291 2.50498
0.623611 6.75764 2.50996
0.624306 6.78736 2.51494
0.625 6.81829 2.51993
0.625694 6.85044 2.52491
0.626389 6.88385 2.52989
0.627083 6.91853 2.53488
0.627778 6.95452 2.53986
0.628472 6.99186 2.54484
0.629167 7.03056 2.54982
0.629861 7.07065 2.55481
0.630556 7.11213 2.55979
0.63125 7.155 2.56477
0.631944 7.19922 2.56975
0.632639 7.24479 2.57474
0.633333 7.29169 2.57972
0.634028 7.33989 2.5847
0.634722 7.3894 2.58969
0.635417 7.44021 2.59467
0.636111 7.49232 2.59965
0.636806 7.5457 2.60463
0.6375 7.60028 2.60962
0.638194 7.65596 2.6146
0.638889 7.71254 2.61958
0.639583 7.76978 2.62457
0.640278 7.82738 2.62955
0.640972 7.88497 2.63453
0.641667 7.94219 2.63951
0.642361 7.9987 2.6445
0.643056 8.05416 2.64948
0.64375 8.10833 2.65446
0.644444 8.16102 0
0.645139 8.21209 0
0.645833 8.26148 0
0.646528 8.30912 0
0.647222 8.35498 0
0.647917 8.39898 0
0.648611 8.44102 0
0.649306 8.48098 0
0.65 8.51871 0
0.650694 8.55404 0
0.651389 8.58683 0
0.652083 8.61695 0
0.652778 8.64433 0
0.653472 8.66893 0
0.654167 8.69075 0
0.654861 8.70982 0
0.655556 8.72618 0
0.65625 8.73986 0
0.656944 8.75092 0
0.657639 8.75939 0
0.658333 8.76532 0
0.659028 8.76879 0
0.659722 8.7699 0
0.660417 8.76882 0
0.661111 8.76575 0
0.661806 8.76094 0
0.6625 8.75467 0
0.663194 8.74723 0
0.663889 8.73891 0
0.664583 8.72998 0
0.665278 8.72066 0
0.665972 8.71117 0
0.666667 8.70167 0
0.667361 8.69231 0
0.668056 8.68325 0
0.66875 8.67464 0
0.669444 8.66663 0
0.670139 8.6594 0
0.670833 8.65311 0
0.671528 8.64793 0
0.672222 8.64399 0
0.672917 8.64142 0
0.673611 8.64028 0
0.674306 8.64064 0
0.675 8.64254 0
0.675694 8.64598 0
0.676389 8.65098 0
0.677083 8.65757 0
0.677778 8.66576 0
0.678472 8.67559 0
0.679167 8.6871 0
0.679861 8.70029 0
0.680556 8.7152 0
0.68125 8.73181 0
0.681944 8.75009 0
0.682639 8.77001 0
0.683333 8.79151 0
0.684028 8.81453 0
0.684722 8.839 0
0.685417 8.86488 0
0.686111 8.89213 0
0.686806 8.92071 0
0.6875 8.95062 0
0.688194 8.98184 0
0.688889 9.0144 0
0.689583 9.04828 0
0.690278 9.08353 0
0.690972 9.12016 0
0.691667 9.1582 0
0.692361 9.19767 0
0.693056 9.23861 0
0.69375 9.28104 0
0.694444 9.32497 0
0.695139 9.37039 0
0.695833 9.41729 0
0.696528 9.46565 0
0.697222 9.51544 0
0.697917 9.56664 0
0.698611 9.61922 0
0.699306 9.67319 0
0.7 9.72852 0
0.700694 9.78521 0
0.701389 9.84321 0
0.702083 9.90245 0
0.702778 9.9628 0
0.703472 10.0241 0
0.704167 10.0859 0
0.704861 10.1482 0
0.705556 10.2103 0
0.70625 10.2721 0
0.706944 10.333 0
0.707639 10.3929 0
0.708333 10.4515 0
0.709028 10.5086 0
0.709722 10.564 0
0.710417 10.6176 0
0.711111 10.6696 0
0.711806 10.7196 0
0.7125 10.7678 0
0.713194 10.8139 0
0.713889 10.8579 0
0.714583 10.8995 0
0.715278 10.9386 0
0.715972 10.9751 0
0.716667 11.0089 0
0.717361 11.0398 0
0.718056 11.0678 0
0.71875 11.093 0
0.719444 11.1154 0
0.720139 11.135 0
0.720833 11.1519 0
0.721528 11.166 0
0.722222 11.1776 0
0.722917 11.1865 0
0.723611 11.1929 0
0.724306 11.1968 0
0.725 11.1986 0
0.725694 11.1983 0
0.726389 11.1962 0
0.727083 11.1927 0
0.727778 11.1879 0
0.728472 11.1822 0
0.729167 11.1759 0
0.729861 11.1692 0
0.730556 11.1622 0
0.73125 11.1551 0
0.731944 11.1481 0
0.732639 11.1414 0
0.733333 11.135 0
0.734028 11.1292 0
0.734722 11.124 0
0.735417 11.1198 0
0.736111 11.1166 0
0.736806 11.1146 0
0.7375 11.1138 0
0.738194 11.1145 0
0.738889 11.1166 0
0.739583 11.1202 0
0.740278 11.1252 0
0.740972 11.1318 0
0.741667 11.14 0
0.742361 11.1498 0
0.743056 11.1612 0
0.74375 11.1743 0
0.744444 11.1891 0
0.745139 11.2056 0
0.745833 11.2239 0
0.746528 11.2439 0
0.747222 11.2656 0
0.747917 11.2889 0
0.748611 11.3138 0
0.749306 11.3402 0
0.75 11.3682 0
0.750694 11.3976 0
0.751389 11.4284 0
0.752083 11.4606 0
0.752778 11.4943 0
0.753472 11.5294 0
0.754167 11.566 0
0.754861 11.6041 0
0.755556 11.6436 0
0.75625 11.6847 0
0.756944 11.7273 0
0.757639 11.7715 0
0.758333 11.8173 0
0.759028 11.8647 0
0.759722 11.9137 0
0.760417 11.9643 0
0.761111 12.0165 0
0.761806 12.0702 0
0.7625 12.1254 0
0.763194 12.182 0
0.763889 12.2401 0
0.764583 12.2997 0
0.765278 12.3607 0
0.765972 12.4231 0
0.766667 12.4868 0
0.767361 12.5516 0
0.768056 12.6173 0
0.76875 12.6837 0
0.769444 12.7503 0
0.770139 12.8169 0
0.770833 12.8831 0
0.771528 12.9485 0
0.772222 13.0127 0
0.772917 13.0756 0
0.773611 13.137 0
0.774306 13.1968 0
0.775 13.2548 0
0.775694 13.311 0
0.776389 13.3653 0
0.777083 13.4177 0
0.777778 13.468 0
0.778472 13.5161 0
0.779167 13.5617 0
0.779861 13.6048 0
0.780556 13.6452 0
0.78125 13.6827 0
0.781944 13.7173 0
0.782639 13.749 0
0.783333 13.7778 0
0.784028 13.8038 0
0.784722 13.8268 0
0.785417 13.8471 0
0.786111 13.8646 0
0.786806 13.8794 0
0.7875 13.8916 0
0.788194 13.9011 0
0.788889 13.9082 0
0.789583 13.913 0
0.790278 13.9157 0
0.790972 13.9167 0
0.791667 13.9161 0
0.792361 13.9142 0
0.793056 13.9114 0
0.79375 13.908 0
0.794444 13.904 0
0.795139 13.8997 0
0.795833 13.8953 0
0.796528 13.8909 0
0.797222 13.8866 0
0.797917 13.8826 0
0.798611 13.8792 0
0.799306 13.8763 0
0.8 13.8743 0
0.800694 13.8732 0
0.801389 13.8733 0
0.802083 13.8746 0
0.802778 13.8772 0
0.803472 13.8811 0
0.804167 13.8865 0
0.804861 13.8933 0
0.805556 13.9016 0
0.80625 13.9115 0
0.806944 13.9229 0
0.807639 13.9359 0
0.808333 13.9506 0
0.809028 13.967 0
0.809722 13.9852 0
0.810417 14.0052 0
0.811111 14.0268 0
0.811806 14.0502 0
0.8125 14.0753 0
0.813194 14.102 0
0.813889 14.1303 0
0.814583 14.1601 0
0.815278 14.1915 0
0.815972 14.2244 0
0.816667 14.2588 0
0.817361 14.2947 0
0.818056 14.3321 0
0.81875 14.3711 0
0.819444 14.4116 0
0.820139 14.4538 0
0.820833 14.4976 0
0.821528 14.5431 0
0.822222 14.5902 0
0.822917 14.6391 0
0.823611 14.6897 0
0.824306 14.742 0
0.825 14.796 0
0.825694 14.8517 0
0.826389 14.9089 0
0.827083 14.9678 0
0.827778 15.0283 0
0.828472 15.0903 0
0.829167 15.1538 0
0.829861 15.2189 0
0.830556 15.2854 0
0.83125 15.3533 0
0.831944 15.4224 0
0.832639 15.4924 0
0.833333 15.5631 0
0.834028 15.6341 0
0.834722 15.705 0
0.835417 15.7755 0
0.836111 15.8452 0
0.836806 15.9137 0
0.8375 15.981 0
0.838194 16.0467 0
0.838889 16.1107 0
0.839583 16.1731 0
0.840278 16.2336 0
0.840972 16.2923 0
0.841667 16.3489 0
0.842361 16.4035 0
0.843056 16.4557 0
0.84375 16.5055 0
0.844444 16.5527 0
0.845139 16.5971 0
0.845833 16.6386 0
0.846528 16.6771 0
0.847222 16.7127 0
0.847917 16.7453 0
0.848611 16.775 0
0.849306 16.8017 0
0.85 16.8257 0
0.850694 16.8468 0
0.851389 16.8651 0
0.852083 16.8807 0
0.852778 16.8937 0
0.853472 16.9041 0
0.854167 16.9123 0
0.854861 16.9183 0
0.855556 16.9224 0
0.85625 16.9251 0
0.856944 16.9264 0
0.857639 16.9267 0
0.858333 16.9263 0
0.859028 16.9253 0
0.859722 16.924 0
0.860417 16.9224 0
0.861111 16.9208 0
0.861806 16.9192 0
0.8625 16.9179 0
0.863194 16.9169 0
0.863889 16.9165 0
0.864583 16.9169 0
0.865278 16.9181 0
0.865972 16.9204 0
0.866667 16.9238 0
0.867361 16.9285 0
0.868056 16.9344 0
0.86875 16.9417 0
0.869444 16.9504 0
0.870139 16.9605 0
0.870833 16.9721 0
0.871528 16.9852 0
0.872222 16.9999 0
0.872917 17.0162 0
0.873611 17.0343 0
0.874306 17.0541 0
0.875 17.0757 0
0.875694 17.099 0
0.876389 17.124 0
0.877083 17.1507 0
0.877778 17.1791 0
0.878472 17.209 0
0.879167 17.2406 0
0.879861 17.2738 0
0.880556 17.3085 0
0.88125 17.3448 0
0.881944 17.3827 0
0.882639 17.4222 0
0.883333 17.4633 0
0.884028 17.5061 0
0.884722 17.5507 0
0.885417 17.5969 0
0.886111 17.6449 0
0.886806 17.6948 0
0.8875 17.7464 0
0.888194 17.7999 0
0.888889 17.8552 0
0.889583 17.9123 0
0.890278 17.9712 0
0.890972 18.0318 0
0.891667 18.0941 0
0.892361 18.1581 0
0.893056 18.2237 0
0.89375 18.291 0
0.894444 18.36 0
0.895139 18.4305 0
0.895833 18.5024 0
0.896528 18.5755 0
0.897222 18.6497 0
0.897917 18.7245 0
0.898611 18.7997 0
0.899306 18.8748 0
0.9 18.9495 0
0.900694 19.0234 0
0.901389 19.0962 0
0.902083 19.1677 0
0.902778 19.2377 0
0.903472 19.3061 0
0.904167 19.3727 0
0.904861 19.4376 0
0.905556 19.5007 0
0.90625 19.5617 0
0.906944 19.6206 0
0.907639 19.6771 0
0.908333 19.7312 0
0.909028 19.7826 0
0.909722 19.8311 0
0.910417 19.8767 0
0.911111 19.9194 0
0.911806 19.959 0
0.9125 19.9956 0
0.913194 20.0292 0
0.913889 20.0599 0
0.914583 20.0877 0
0.915278 20.1127 0
0.915972 20.1348 0
0.916667 20.1541 0
0.917361 20.1707 0
0.918056 20.1848 0
0.91875 20.1965 0
0.919444 20.2061 0
0.920139 20.2138 0
0.920833 20.2199 0
0.921528 20.2246 0
0.922222 20.2283 0
0.922917 20.2312 0
0.923611 20.2335 0
0.924306 20.2353 0
0.925 20.2368 0
0.925694 20.2382 0
0.926389 20.2395 0
0.927083 20.241 0
0.927778 20.2428 0
0.928472 20.245 0
0.929167 20.2479 0
0.929861 20.2516 0
0.930556 20.2563 0
0.93125 20.262 0
0.931944 20.2688 0
0.932639 20.2769 0
0.933333 20.2862 0
0.934028 20.2968 0
0.934722 20.3087 0
0.935417 20.3221 0
0.936111 20.3369 0
0.936806 20.3533 0
0.9375 20.3713 0
0.938194 20.3909 0
0.938889 20.4123 0
0.939583 20.4354 0
0.940278 20.4603 0
0.940972 20.4868 0
0.941667 20.515 0
0.942361 20.5449 0
0.943056 20.5764 0
0.94375 20.6096 0
0.944444 20.6443 0
0.945139 20.6807 0
0.945833 20.7187 0
0.946528 20.7583 0
0.947222 20.7997 0
0.947917 20.8427 0
0.948611 20.8875 0
0.949306 20.9341 0
0.95 20.9826 0
0.950694 21.0329 0
0.951389 21.0851 0
0.952083 21.1393 0
0.952778 21.1954 0
0.953472 21.2534 0
0.954167 21.3133 0
0.954861 21.3751 0
0.955556 21.4388 0
0.95625 21.5043 0
0.956944 21.5716 0
0.957639 21.6407 0
0.958333 21.7115 0
0.959028 21.7841 0
0.959722 21.8583 0
0.960417 21.9341 0
0.961111 22.0111 0
0.961806 22.0892 0
0.9625 22.1681 0
0.963194 22.2473 0
0.963889 22.3265 0
0.964583 22.4053 0
0.965278 22.4833 0
0.965972 22.5603 0
0.966667 22.6361 0
0.967361 22.7103 0
0.968056 22.7831 0
0.96875 22.8541 0
0.969444 22.9234 0
0.970139 22.9908 0
0.970833 23.0563 0
0.971528 23.1196 0
0.972222 23.1805 0
0.972917 23.239 0
0.973611 23.2947 0
0.974306 23.3475 0
0.975 23.3975 0
0.975694 23.4443 0
0.976389 23.4882 0
0.977083 23.529 0
0.977778 23.5668 0
0.978472 23.6017 0
0.979167 23.6336 0
0.979861 23.6626 0
0.980556 23.6888 0
0.98125 23.7121 0
0.981944 23.7326 0
0.982639 23.7506 0
0.983333 23.7662 0
0.984028 23.7795 0
0.984722 23.791 0
0.985417 23.8008 0
0.986111 23.8093 0
0.986806 23.8166 0
0.9875 23.823 0
0.988194 23.8288 0
0.988889 23.834 0
0.989583 23.8388 0
0.990278 23.8434 0
0.990972 23.8478 0
0.991667 23.8523 0
0.992361 23.857 0
0.993056 23.8621 0
0.99375 23.8677 0
0.994444 23.874 0
0.995139 23.8812 0
0.995833 23.8893 0
0.996528 23.8984 0
0.997222 23.9087 0
0.997917 23.9201 0
0.998611 23.9326 0
0.999306 23.9465 0
1 23.9616 0
1.00069 23.9782 0
1.00139 23.9963 0
1.00208 24.0159 0
1.00278 24.0371 0
1.00347 24.06 0
1.00417 24.0846 0
1.00486 24.1109 0
1.00556 24.1388 0
1.00625 24.1684 0
1.00694 24.1997 0
1.00764 24.2326 0
1.00833 24.2671 0
1.00903 24.3032 0
1.00972 24.341 0
1.01042 24.3805 0
1.01111 24.4217 0
1.01181 24.4646 0
1.0125 24.5093 0
1.01319 24.5559 0
1.01389 24.6043 0
1.01458 24.6547 0
1.01528 24.7071 0
1.01597 24.7614 0
1.01667 24.8178 0
1.01736 24.8762 0
1.01806 24.9367 0
1.01875 24.9992 0
1.01944 25.0637 0
1.02014 25.1302 0
1.02083 25.1986 0
1.02153 25.269 0
1.02222 25.3413 0
1.02292 25.4155 0
1.02361 25.4915 0
1.02431 25.5693 0
1.025 25.6487 0
1.02569 25.7295 0
1.02639 25.8114 0
1.02708 25.8941 0
1.02778 25.9773 0
1.02847 26.0605 0
1.02917 26.1433 0
1.02986 26.2254 0
1.03056 26.3065 0
1.03125 26.3865 0
1.03194 26.465 0
1.03264 26.542 0
1.03333 26.6175 0
1.03403 26.6912 0
1.03472 26.7631 0
1.03542 26.8331 0
1.03611 26.9008 0
1.03681 26.9663 0
1.0375 27.0292 0
1.03819 27.0894 0
1.03889 27.1467 0
1.03958 27.2011 0
1.04028 27.2524 0
1.04097 27.3007 0
1.04167 27.3459 0
1.04236 27.3882 0
1.04306 27.4274 0
1.04375 27.4637 0
1.04444 27.497 0
1.04514 27.5274 0
1.04583 27.5549 0
1.04653 27.5797 0
1.04722 27.6018 0
1.04792 27.6215 0
1.04861 27.6389 0
1.04931 27.6544 0
1.05 27.6682 0
1.05069 27.6806 0
1.05139 27.6918 0
1.05208 27.7021 0
1.05278 27.7115 0
1.05347 27.7204 0
1.05417 27.7287 0
1.05486 27.7367 0
1.05556 27.7445 0
1.05625 27.7522 0
1.05694 27.76 0
1.05764 27.768 0
1.05833 27.7765 0
1.05903 27.7856 0
1.05972 27.7954 0
1.06042 27.806 0
1.06111 27.8176 0
1.06181 27.8301 0
1.0625 27.8436 0
1.06319 27.8582 0
1.06389 27.874 0
1.06458 27.891 0
1.06528 27.9093 0
1.06597 27.929 0
1.06667 27.9502 0
1.06736 27.973 0
1.06806 27.9973 0
1.06875 28.0233 0
1.06944 28.0509 0
1.07014 28.0801 0
1.07083 28.1109 0
1.07153 28.1434 0
1.07222 28.1775 0
1.07292 28.2132 0
1.07361 28.2506 0
1.07431 28.2896 0
1.075 28.3303 0
1.07569 28.3728 0
1.07639 28.4171 0
1.07708 28.4633 0
1.07778 28.5113 0
1.07847 28.5613 0
1.07917 28.6134 0
1.07986 28.6675 0
1.08056 28.7237 0
1.08125 28.7821 0
1.08194 28.8426 0
1.08264 28.9053 0
1.08333 28.9701 0
1.08403 29.0371 0
1.08472 29.1062 0
1.08542 29.1773 0
1.08611 29.2505 0
1.08681 29.3258 0
1.0875 29.4031 0
1.08819 29.4824 0
1.08889 29.5635 0
1.08958 29.6464 0
1.09028 29.7308 0
1.09097 29.8164 0
1.09167 29.9029 0
1.09236 29.9899 0
1.09306 30.0769 0
1.09375 30.1637 0
1.09444 30.2498 0
1.09514 30.3351 0
1.09583 30.4192 0
1.09653 30.502 0
1.09722 30.5833 0
1.09792 30.6632 0
1.09861 30.7414 0
1.09931 30.8178 0
1.1 30.8923 0
1.10069 30.9647 0
1.10139 31.0347 0
1.10208 31.1022 0
1.10278 31.167 0
1.10347 31.229 0
1.10417 31.2879 0
1.10486 31.3439 0
1.10556 31.3968 0
1.10625 31.4467 0
1.10694 31.4935 0
1.10764 31.5373 0
1.10833 31.5782 0
1.10903 31.616 0
1.10972 31.651 0
1.11042 31.683 0
1.11111 31.7122 0
1.11181 31.7387 0
1.1125 31.7628 0
1.11319 31.7846 0
1.11389 31.8044 0
1.11458 31.8224 0
1.11528 31.839 0
1.11597 31.8544 0
1.11667 31.8687 0
1.11736 31.8821 0
1.11806 31.8948 0
1.11875 31.9069 0
1.11944 31.9185 0
1.12014 31.9298 0
1.12083 31.9409 0
1.12153 31.952 0
1.12222 31.9632 0
1.12292 31.9747 0
1.12361 31.9867 0
1.12431 31.9993 0
1.125 32.0125 0
1.12569 32.0265 0
1.12639 32.0414 0
1.12708 32.0571 0
1.12778 32.0738 0
1.12847 32.0916 0
1.12917 32.1104 0
1.12986 32.1304 0
1.13056 32.1518 0
1.13125 32.1745 0
1.13194 32.1987 0
1.13264 32.2244 0
1.13333 32.2516 0
1.13403 32.2804 0
1.13472 32.3108 0
1.13542 32.3427 0
1.13611 32.3763 0
1.13681 32.4114 0
1.1375 32.4481 0
1.13819 32.4865 0
1.13889 32.5265 0
1.13958 32.5683 0
1.14028 32.6119 0
1.14097 32.6573 0
1.14167 32.7046 0
1.14236 32.7539 0
1.14306 32.8053 0
1.14375 32.8587 0
1.14444 32.9143 0
1.14514 32.9722 0
1.14583 33.0323 0
1.14653 33.0947 0
1.14722 33.1593 0
1.14792 33.2262 0
1.14861 33.2954 0
1.14931 33.3669 0
1.15 33.4405 0
1.15069 33.5164 0
1.15139 33.5944 0
1.15208 33.6747 0
1.15278 33.757 0
1.15347 33.8414 0
1.15417 33.9276 0
1.15486 34.0154 0
1.15556 34.1046 0
1.15625 34.1947 0
1.15694 34.2854 0
1.15764 34.3762 0
1.15833 34.4669 0
1.15903 34.557 0
1.15972 34.6463 0
1.16042 34.7345 0
1.16111 34.8215 0
1.16181 34.9073 0
1.1625 34.9915 0
1.16319 35.0743 0
1.16389 35.1553 0
1.16458 35.2344 0
1.16528 35.3114 0
1.16597 35.3862 0
1.16667 35.4584 0
1.16736 35.528 0
1.16806 35.5947 0
1.16875 35.6584 0
1.16944 35.7192 0
1.17014 35.7769 0
1.17083 35.8316 0
1.17153 35.8832 0
1.17222 35.9319 0
1.17292 35.9776 0
1.17361 36.0202 0
1.17431 36.0599 0
1.175 36.0967 0
1.17569 36.1306 0
1.17639 36.1618 0
1.17708 36.1905 0
1.17778 36.2169 0
1.17847 36.2412 0
1.17917 36.2638 0
1.17986 36.2849 0
1.18056 36.3046 0
1.18125 36.3232 0
1.18194 36.3408 0
1.18264 36.3576 0
1.18333 36.3737 0
1.18403 36.3891 0
1.18472 36.4041 0
1.18542 36.4188 0
1.18611 36.4333 0
1.18681 36.4479 0
1.1875 36.4626 0
1.18819 36.4776 0
1.18889 36.493 0
1.18958 36.509 0
1.19028 36.5256 0
1.19097 36.5428 0
1.19167 36.5608 0
1.19236 36.5796 0
1.19306 36.5993 0
1.19375 36.62 0
1.19444 36.6417 0
1.19514 36.6647 0
1.19583 36.6889 0
1.19653 36.7144 0
1.19722 36.7414 0
1.19792 36.7698 0
1.19861 36.7997 0
1.19931 36.831 0
1.2 36.8639 0
1.20069 36.8983 0
1.20139 36.9343 0
1.20208 36.9718 0
1.20278 37.011 0
1.20347 37.0519 0
1.20417 37.0945 0
1.20486 37.1389 0
1.20556 37.1852 0
1.20625 37.2335 0
1.20694 37.2838 0
1.20764 37.3362 0
1.20833 37.3909 0
1.20903 37.4478 0
1.20972 37.507 0
1.21042 37.5686 0
1.21111 37.6326 0
1.21181 37.6989 0
1.2125 37.7677 0
1.21319 37.8389 0
1.21389 37.9125 0
1.21458 37.9884 0
1.21528 38.0667 0
1.21597 38.1474 0
1.21667 38.2304 0
1.21736 38.3157 0
1.21806 38.4031 0
1.21875 38.4925 0
1.21944 38.5836 0
1.22014 38.6762 0
1.22083 38.7698 0
1.22153 38.8641 0
1.22222 38.9586 0
1.22292 39.0531 0
1.22361 39.1471 0
1.22431 39.2404 0
1.225 39.3328 0
1.22569 39.4241 0
1.22639 39.5142 0
1.22708 39.6029 0
1.22778 39.6902 0
1.22847 39.7759 0
1.22917 39.8597 0
1.22986 39.9415 0
1.23056 40.0211 0
1.23125 40.0981 0
1.23194 40.1726 0
1.23264 40.2442 0
1.23333 40.3129 0
1.23403 40.3786 0
1.23472 40.4413 0
1.23542 40.5011 0
1.23611 40.5578 0
1.23681 40.6115 0
1.2375 40.6622 0
1.23819 40.7099 0
1.23889 40.7546 0
1.23958 40.7963 0
1.24028 40.8352 0
1.24097 40.8713 0
1.24167 40.9049 0
1.24236 40.9362 0
1.24306 40.9654 0
1.24375 40.9928 0
1.24444 41.0185 0
1.24514 41.0429 0
1.24583 41.066 0
1.24653 41.0881 0
1.24722 41.1091 0
1.24792 41.1294 0
1.24861 41.1489 0
1.24931 41.1678 0
1.25 41.1862 0
1.25069 41.2044 0
1.25139 41.2224 0
1.25208 41.2404 0
1.25278 41.2585 0
1.25347 41.277 0
1.25417 41.2957 0
1.25486 41.3149 0
1.25556 41.3347 0
1.25625 41.3549 0
1.25694 41.3759 0
1.25764 41.3975 0
1.25833 41.42 0
1.25903 41.4434 0
1.25972 41.4679 0
1.26042 41.4935 0
1.26111 41.5203 0
1.26181 41.5485 0
1.2625 41.5779 0
1.26319 41.6088 0
1.26389 41.641 0
1.26458 41.6747 0
1.26528 41.7098 0
1.26597 41.7464 0
1.26667 41.7846 0
1.26736 41.8244 0
1.26806 41.8658 0
1.26875 41.909 0
1.26944 41.9541 0
1.27014 42.001 0
1.27083 42.05 0
1.27153 42.1011 0
1.27222 42.1544 0
1.27292 42.21 0
1.27361 42.2679 0
1.27431 42.3283 0
1.275 42.3911 0
1.27569 42.4565 0
1.27639 42.5244 0
1.27708 42.5948 0
1.27778 42.6678 0
1.27847 42.7433 0
1.27917 42.8213 0
1.27986 42.9019 0
1.28056 42.9849 0
1.28125 43.0705 0
1.28194 43.1585 0
1.28264 43.2488 0
1.28333 43.3413 0
1.28403 43.4356 0
1.28472 43.5314 0
1.28542 43.6285 0
1.28611 43.7263 0
1.28681 43.8245 0
1.2875 43.9227 0
1.28819 44.0205 0
1.28889 44.1179 0
1.28958 44.2144 0
1.29028 44.3099 0
1.29097 44.4044 0
1.29167 44.4977 0
1.29236 44.5896 0
1.29306 44.6799 0
1.29375 44.7685 0
1.29444 44.8552 0
1.29514 44.9397 0
1.29583 45.0217 0
1.29653 45.1012 0
1.29722 45.1779 0
1.29792 45.2517 0
1.29861 45.3226 0
1.29931 45.3905 0
1.3 45.4555 0
1.30069 45.5175 0
1.30139 45.5765 0
1.30208 45.6324 0
1.30278 45.6854 0
1.30347 45.7353 0
1.30417 45.7823 0
1.30486 45.8264 0
1.30556 45.8677 0
1.30625 45.9065 0
1.30694 45.9429 0
1.30764 45.9772 0
1.30833 46.0096 0
1.30903 46.0403 0
1.30972 46.0695 0
1.31042 46.0974 0
1.31111 46.1241 0
1.31181 46.1497 0
1.3125 46.1744 0
1.31319 46.1981 0
1.31389 46.2211 0
1.31458 46.2435 0
1.31528 46.2654 0
1.31597 46.287 0
1.31667 46.3084 0
1.31736 46.3299 0
1.31806 46.3513 0
1.31875 46.373 0
1.31944 46.3949 0
1.32014 46.4171 0
1.32083 46.4397 0
1.32153 46.4628 0
1.32222 46.4864 0
1.32292 46.5107 0
1.32361 46.5357 0
1.32431 46.5617 0
1.325 46.5886 0
1.32569 46.6166 0
1.32639 46.6458 0
1.32708 46.6762 0
1.32778 46.7078 0
1.32847 46.7408 0
1.32917 46.7751 0
1.32986 46.8107 0
1.33056 46.8478 0
1.33125 46.8864 0
1.33194 46.9266 0
1.33264 46.9685 0
1.33333 47.0121 0
1.33403 47.0575 0
1.33472 47.1049 0
1.33542 47.1544 0
1.33611 47.206 0
1.33681 47.26 0
1.3375 47.3162 0
1.33819 47.375 0
1.33889 47.4362 0
1.33958 47.5001 0
1.34028 47.5666 0
1.34097 47.6358 0
1.34167 47.7076 0
1.34236 47.7822 0
1.34306 47.8594 0
1.34375 47.9393 0
1.34444 48.022 0
1.34514 48.1073 0
1.34583 48.1953 0
1.34653 48.2859 0
1.34722 48.379 0
1.34792 48.4743 0
1.34861 48.5717 0
1.34931 48.6707 0
1.35 48.771 0
1.35069 48.8723 0
1.35139 48.974 0
1.35208 49.0759 0
1.35278 49.1776 0
1.35347 49.2789 0
1.35417 49.3796 0
1.35486 49.4794 0
1.35556 49.5783 0
1.35625 49.6761 0
1.35694 49.7727 0
1.35764 49.8678 0
1.35833 49.9613 0
1.35903 50.0529 0
1.35972 50.1424 0
1.36042 50.2296 0
1.36111 50.3142 0
1.36181 50.3961 0
1.3625 50.4752 0
1.36319 50.5515 0
1.36389 50.6248 0
1.36458 50.6952 0
1.36528 50.7627 0
1.36597 50.8272 0
1.36667 50.8887 0
1.36736 50.9471 0
1.36806 51.0026 0
1.36875 51.0551 0
1.36944 51.1046 0
1.37014 51.1514 0
1.37083 51.1956 0
1.37153 51.2374 0
1.37222 51.277 0
1.37292 51.3147 0
1.37361 51.3506 0
1.37431 51.3849 0
1.375 51.4178 0
1.37569 51.4494 0
1.37639 51.4797 0
1.37708 51.509 0
1.37778 51.5371 0
1.37847 51.5644 0
1.37917 51.5909 0
1.37986 51.6167 0
1.38056 51.642 0
1.38125 51.667 0
1.38194 51.6918 0
1.38264 51.7164 0
1.38333 51.741 0
1.38403 51.7657 0
1.38472 51.7904 0
1.38542 51.8154 0
1.38611 51.8406 0
1.38681 51.8661 0
1.3875 51.8922 0
1.38819 51.9188 0
1.38889 51.9462 0
1.38958 51.9744 0
1.39028 52.0035 0
1.39097 52.0336 0
1.39167 52.0648 0
1.39236 52.0971 0
1.39306 52.1306 0
1.39375 52.1653 0
1.39444 52.2013 0
1.39514 52.2387 0
1.39583 52.2776 0
1.39653 52.318 0
1.39722 52.36 0
1.39792 52.4038 0
1.39861 52.4494 0
1.39931 52.497 0
1.4 52.5468 0
1.40069 52.5987 0
1.40139 52.653 0
1.40208 52.7098 0
1.40278 52.7691 0
1.40347 52.831 0
1.40417 52.8957 0
1.40486 52.9631 0
1.40556 53.0334 0
1.40625 53.1065 0
1.40694 53.1824 0
1.40764 53.2611 0
1.40833 53.3428 0
1.40903 53.4273 0
1.40972 53.5147 0
1.41042 53.605 0
1.41111 53.698 0
1.41181 53.7937 0
1.4125 53.8918 0
1.41319 53.9921 0
1.41389 54.0942 0
1.41458 54.1978 0
1.41528 54.3024 0
1.41597 54.4076 0
1.41667 54.5132 0
1.41736 54.6187 0
1.41806 54.724 0
1.41875 54.8287 0
1.41944 54.9328 0
1.42014 55.0362 0
1.42083 55.1386 0
1.42153 55.2399 0
1.42222 55.3399 0
1.42292 55.4384 0
1.42361 55.5351 0
1.42431 55.6297 0
1.425 55.7221 0
1.42569 55.812 0
1.42639 55.8993 0
1.42708 55.9839 0
1.42778 56.0657 0
1.42847 56.1446 0
1.42917 56.2207 0
1.42986 56.2939 0
1.43056 56.3641 0
1.43125 56.4313 0
1.43194 56.4955 0
1.43264 56.5567 0
1.43333 56.6149 0
1.43403 56.6702 0
1.43472 56.7227 0
1.43542 56.7726 0
1.43611 56.82 0
1.43681 56.8652 0
1.4375 56.9084 0
1.43819 56.9497 0
1.43889 56.9894 0
1.43958 57.0275 0
1.44028 57.0642 0
1.44097 57.0995 0
1.44167 57.1335 0
1.44236 57.1662 0
1.44306 57.1979 0
1.44375 57.2286 0
1.44444 57.2585 0
1.44514 57.2878 0
1.44583 57.3164 0
1.44653 57.3446 0
1.44722 57.3725 0
1.44792 57.4001 0
1.44861 57.4275 0
1.44931 57.4549 0
1.45 57.4821 0
1.45069 57.5095 0
1.45139 57.5369 0
1.45208 57.5647 0
1.45278 57.5929 0
1.45347 57.6216 0
1.45417 57.6509 0
1.45486 57.681 0
1.45556 57.7119 0
1.45625 57.7438 0
1.45694 57.7766 0
1.45764 57.8105 0
1.45833 57.8455 0
1.45903 57.8817 0
1.45972 57.9192 0
1.46042 57.9581 0
1.46111 57.9985 0
1.46181 58.0405 0
1.4625 58.0842 0
1.46319 58.1298 0
1.46389 58.1775 0
1.46458 58.2272 0
1.46528 58.2793 0
1.46597 58.3337 0
1.46667 58.3907 0
1.46736 58.4504 0
1.46806 58.5128 0
1.46875 58.5781 0
1.46944 58.6462 0
1.47014 58.7174 0
1.47083 58.7915 0
1.47153 58.8686 0
1.47222 58.9487 0
1.47292 59.0319 0
1.47361 59.1181 0
1.47431 59.2075 0
1.475 59.2998 0
1.47569 59.3952 0
1.47639 59.4933 0
1.47708 59.5941 0
1.47778 59.6972 0
1.47847 59.8023 0
1.47917 59.909 0
1.47986 60.0169 0
1.48056 60.1256 0
1.48125 60.2348 0
1.48194 60.3441 0
1.48264 60.4533 0
1.48333 60.5622 0
1.48403 60.6706 0
1.48472 60.7784 0
1.48542 60.8855 0
1.48611 60.9916 0
1.48681 61.0965 0
1.4875 61.2001 0
1.48819 61.3019 0
1.48889 61.4019 0
1.48958 61.4996 0
1.49028 61.595 0
1.49097 61.6879 0
1.49167 61.7781 0
1.49236 61.8656 0
1.49306 61.9504 0
1.49375 62.0323 0
1.49444 62.1114 0
1.49514 62.1875 0
1.49583 62.2607 0
1.49653 62.3309 0
1.49722 62.3981 0
1.49792 62.4623 0
1.49861 62.5235 0
1.49931 62.582 0
1.5 62.6378 0
1.50069 62.6911 0
1.50139 62.7421 0
1.50208 62.7911 0
1.50278 62.8381 0
1.50347 62.8834 0
1.50417 62.9269 0
1.50486 62.9689 0
1.50556 63.0093 0
1.50625 63.0482 0
1.50694 63.0858 0
1.50764 63.122 0
1.50833 63.1572 0
1.50903 63.1913 0
1.50972 63.2244 0
1.51042 63.2569 0
1.51111 63.2886 0
1.51181 63.3198 0
1.5125 63.3505 0
1.51319 63.3807 0
1.51389 63.4106 0
1.51458 63.4402 0
1.51528 63.4697 0
1.51597 63.499 0
1.51667 63.5284 0
1.51736 63.5581 0
1.51806 63.588 0
1.51875 63.6184 0
1.51944 63.6494 0
1.52014 63.681 0
1.52083 63.7134 0
1.52153 63.7466 0
1.52222 63.7807 0
1.52292 63.8159 0
1.52361 63.8521 0
1.52431 63.8895 0
1.525 63.9282 0
1.52569 63.9684 0
1.52639 64.0101 0
1.52708 64.0536 0
1.52778 64.099 0
1.52847 64.1464 0
1.52917 64.196 0
1.52986 64.2479 0
1.53056 64.3023 0
1.53125 64.3593 0
1.53194 64.4191 0
1.53264 64.4818 0
1.53333 64.5475 0
1.53403 64.6161 0
1.53472 64.6879 0
1.53542 64.7629 0
1.53611 64.841 0
1.53681 64.9223 0
1.5375 65.0068 0
1.53819 65.0947 0
1.53889 65.1858 0
1.53958 65.2801 0
1.54028 65.3776 0
1.54097 65.4781 0
1.54167 65.5814 0
1.54236 65.6873 0
1.54306 65.7953 0
1.54375 65.905 0
1.54444 66.0161 0
1.54514 66.1282 0
1.54583 66.241 0
1.54653 66.354 0
1.54722 66.4672 0
1.54792 66.5803 0
1.54861 66.693 0
1.54931 66.8054 0
1.55 66.9172 0
1.55069 67.0281 0
1.55139 67.1381 0
1.55208 67.2468 0
1.55278 67.3539 0
1.55347 67.4592 0
1.55417 67.5625 0
1.55486 67.6635 0
1.55556 67.7621 0
1.55625 67.8582 0
1.55694 67.9516 0
1.55764 68.0423 0
1.55833 68.1303 0
1.55903 68.2155 0
1.55972 68.2979 0
1.56042 68.3773 0
1.56111 68.4537 0
1.56181 68.5271 0
1.5625 68.5975 0
1.56319 68.665 0
1.56389 68.7296 0
1.56458 68.7916 0
1.56528 68.851 0
1.56597 68.9082 0
1.56667 68.9631 0
1.56736 69.0161 0
1.56806 69.0671 0
1.56875 69.1163 0
1.56944 69.1637 0
1.57014 69.2094 0
1.57083 69.2535 0
1.57153 69.296 0
1.57222 69.337 0
1.57292 69.3767 0
1.57361 69.4151 0
1.57431 69.4524 0
1.575 69.4886 0
1.57569 69.524 0
1.57639 69.5585 0
1.57708 69.5923 0
1.57778 69.6254 0
1.57847 69.6579 0
1.57917 69.6898 0
1.57986 69.7213 0
1.58056 69.7526 0
1.58125 69.7836 0
1.58194 69.8146 0
1.58264 69.8457 0
1.58333 69.8771 0
1.58403 69.9088 0
1.58472 69.941 0
1.58542 69.9738 0
1.58611 70.0072 0
1.58681 70.0414 0
1.5875 70.0765 0
1.58819 70.1125 0
1.58889 70.1496 0
1.58958 70.188 0
1.59028 70.2278 0
1.59097 70.2691 0
1.59167 70.3121 0
1.59236 70.357 0
1.59306 70.404 0
1.59375 70.4531 0
1.59444 70.5047 0
1.59514 70.5589 0
1.59583 70.6157 0
1.59653 70.6755 0
1.59722 70.7382 0
1.59792 70.804 0
1.59861 70.873 0
1.59931 70.9453 0
1.6 71.0209 0
1.60069 71.0998 0
1.60139 71.1821 0
1.60208 71.2679 0
1.60278 71.3571 0
1.60347 71.4499 0
1.60417 71.546 0
1.60486 71.6456 0
1.60556 71.7484 0
1.60625 71.8541 0
1.60694 71.9626 0
1.60764 72.0734 0
1.60833 72.1861 0
1.60903 72.3004 0
1.60972 72.4159 0
1.61042 72.5321 0
1.61111 72.649 0
1.61181 72.7661 0
1.6125 72.8833 0
1.61319 73.0005 0
1.61389 73.1174 0
1.61458 73.234 0
1.61528 73.3499 0
1.61597 73.4649 0
1.61667 73.5789 0
1.61736 73.6914 0
1.61806 73.8023 0
1.61875 73.9112 0
1.61944 74.018 0
1.62014 74.1224 0
1.62083 74.2245 0
1.62153 74.324 0
1.62222 74.421 0
1.62292 74.5153 0
1.62361 74.6068 0
1.62431 74.6955 0
1.625 74.7814 0
1.62569 74.8643 0
1.62639 74.9441 0
1.62708 75.021 0
1.62778 75.0949 0
1.62847 75.166 0
1.62917 75.2344 0
1.62986 75.3002 0
1.63056 75.3637 0
1.63125 75.4248 0
1.63194 75.4839 0
1.63264 75.5409 0
1.63333 75.596 0
1.63403 75.6491 0
1.63472 75.7003 0
1.63542 75.7497 0
1.63611 75.7973 0
1.63681 75.8432 0
1.6375 75.8875 0
1.63819 75.9304 0
1.63889 75.9718 0
1.63958 76.012 0
1.64028 76.0511 0
1.64097 76.089 0
1.64167 76.1259 0
1.64236 76.1619 0
1.64306 76.1969 0
1.64375 76.2312 0
1.64444 76.2647 0
1.64514 76.2977 0
1.64583 76.3303 0
1.64653 76.3626 0
1.64722 76.3948 0
1.64792 76.427 0
1.64861 76.4594 0
1.64931 76.492 0
1.65 76.525 0
1.65069 76.5585 0
1.65139 76.5926 0
1.65208 76.6274 0
1.65278 76.6631 0
1.65347 76.6998 0
1.65417 76.7376 0
1.65486 76.7768 0
1.65556 76.8174 0
1.65625 76.8598 0
1.65694 76.904 0
1.65764 76.9503 0
1.65833 76.9989 0
1.65903 77.0499 0
1.65972 77.1036 0
1.66042 77.1601 0
1.66111 77.2196 0
1.66181 77.2821 0
1.6625 77.348 0
1.66319 77.4171 0
1.66389 77.4897 0
1.66458 77.5657 0
1.66528 77.6453 0
1.66597 77.7284 0
1.66667 77.8153 0
1.66736 77.9058 0
1.66806 78 0
1.66875 78.0979 0
1.66944 78.1994 0
1.67014 78.3043 0
1.67083 78.4124 0
1.67153 78.5234 0
1.67222 78.6369 0
1.67292 78.7526 0
1.67361 78.87 0
1.67431 78.9888 0
1.675 79.1086 0
1.67569 79.2292 0
1.67639 79.3503 0
1.67708 79.4717 0
1.67778 79.5933 0
1.67847 79.7148 0
1.67917 79.8362 0
1.67986 79.9572 0
1.68056 80.0774 0
1.68125 80.1967 0
1.68194 80.3148 0
1.68264 80.4313 0
1.68333 80.546 0
1.68403 80.6587 0
1.68472 80.7692 0
1.68542 80.8775 0
1.68611 80.9833 0
1.68681 81.0867 0
1.6875 81.1874 0
1.68819 81.2856 0
1.68889 81.3809 0
1.68958 81.4734 0
1.69028 81.563 0
1.69097 81.6495 0
1.69167 81.7331 0
1.69236 81.8138 0
1.69306 81.8915 0
1.69375 81.9666 0
1.69444 82.039 0
1.69514 82.109 0
1.69583 82.1766 0
1.69653 82.242 0
1.69722 82.3052 0
1.69792 82.3663 0
1.69861 82.4253 0
1.69931 82.4822 0
1.7 82.537 0
1.70069 82.5899 0
1.70139 82.6408 0
1.70208 82.6899 0
1.70278 82.7373 0
1.70347 82.783 0
1.70417 82.8272 0
1.70486 82.87 0
1.70556 82.9114 0
1.70625 82.9514 0
1.70694 82.9903 0
1.70764 83.0279 0
1.70833 83.0644 0
1.70903 83.1 0
1.70972 83.1348 0
1.71042 83.1688 0
1.71111 83.2024 0
1.71181 83.2355 0
1.7125 83.2685 0
1.71319 83.3013 0
1.71389 83.3343 0
1.71458 83.3674 0
1.71528 83.4008 0
1.71597 83.4346 0
1.71667 83.469 0
1.71736 83.5041 0
1.71806 83.5401 0
1.71875 83.5772 0
1.71944 83.6155 0
1.72014 83.6553 0
1.72083 83.6968 0
1.72153 83.7402 0
1.72222 83.7857 0
1.72292 83.8334 0
1.72361 83.8837 0
1.72431 83.9367 0
1.725 83.9926 0
1.72569 84.0516 0
1.72639 84.1138 0
1.72708 84.1795 0
1.72778 84.2485 0
1.72847 84.3212 0
1.72917 84.3976 0
1.72986 84.4776 0
1.73056 84.5615 0
1.73125 84.6492 0
1.73194 84.7409 0
1.73264 84.8365 0
1.73333 84.936 0
1.73403 85.0393 0
1.73472 85.1462 0
1.73542 85.2565 0
1.73611 85.37 0
1.73681 85.4862 0
1.7375 85.6047 0
1.73819 85.7252 0
1.73889 85.8473 0
1.73958 85.9706 0
1.74028 86.095 0
1.74097 86.2201 0
1.74167 86.3457 0
1.74236 86.4718 0
1.74306 86.598 0
1.74375 86.7243 0
1.74444 86.8503 0
1.74514 86.9759 0
1.74583 87.1007 0
1.74653 87.2243 0
1.74722 87.3466 0
1.74792 87.4673 0
1.74861 87.5861 0
1.74931 87.7029 0
1.75 87.8175 0
1.75069 87.9298 0
1.75139 88.0398 0
1.75208 88.1472 0
1.75278 88.2521 0
1.75347 88.3543 0
1.75417 88.4537 0
1.75486 88.5502 0
1.75556 88.6437 0
1.75625 88.7342 0
1.75694 88.8218 0
1.75764 88.9065 0
1.75833 88.9884 0
1.75903 89.0677 0
1.75972 89.1444 0
1.76042 89.2187 0
1.76111 89.2907 0
1.76181 89.3603 0
1.7625 89.4276 0
1.76319 89.4926 0
1.76389 89.5554 0
1.76458 89.6159 0
1.76528 89.6741 0
1.76597 89.7302 0
1.76667 89.7842 0
1.76736 89.8362 0
1.76806 89.8863 0
1.76875 89.9346 0
1.76944 89.9811 0
1.77014 90.0259 0
1.77083 90.0692 0
1.77153 90.1108 0
1.77222 90.151 0
1.77292 90.1898 0
1.77361 90.2274 0
1.77431 90.2638 0
1.775 90.2993 0
1.77569 90.3339 0
1.77639 90.368 0
1.77708 90.4015 0
1.77778 90.4348 0
1.77847 90.4678 0
1.77917 90.5009 0
1.77986 90.534 0
1.78056 90.5674 0
1.78125 90.6012 0
1.78194 90.6356 0
1.78264 90.6707 0
1.78333 90.7069 0
1.78403 90.7442 0
1.78472 90.783 0
1.78542 90.8234 0
1.78611 90.8657 0
1.78681 90.9101 0
1.7875 90.9569 0
1.78819 91.0062 0
1.78889 91.0583 0
1.78958 91.1135 0
1.79028 91.1718 0
1.79097 91.2335 0
1.79167 91.2987 0
1.79236 91.3676 0
1.79306 91.4402 0
1.79375 91.5167 0
1.79444 91.5971 0
1.79514 91.6815 0
1.79583 91.77 0
1.79653 91.8627 0
1.79722 91.9595 0
1.79792 92.0605 0
1.79861 92.1655 0
1.79931 92.2744 0
1.8 92.3869 0
1.80069 92.5027 0
1.80139 92.6215 0
1.80208 92.7428 0
1.80278 92.8664 0
1.80347 92.9917 0
1.80417 93.1186 0
1.80486 93.2467 0
1.80556 93.3758 0
1.80625 93.5057 0
1.80694 93.6363 0
1.80764 93.7673 0
1.80833 93.8985 0
1.80903 94.0298 0
1.80972 94.1607 0
1.81042 94.2911 0
1.81111 94.4205 0
1.81181 94.5487 0
1.8125 94.6755 0
1.81319 94.8005 0
1.81389 94.9237 0
1.81458 95.0449 0
1.81528 95.1639 0
1.81597 95.2807 0
1.81667 95.3951 0
1.81736 95.5069 0
1.81806 95.6162 0
1.81875 95.7227 0
1.81944 95.8263 0
1.82014 95.927 0
1.82083 96.0247 0
1.82153 96.1194 0
1.82222 96.2113 0
1.82292 96.3003 0
1.82361 96.3867 0
1.82431 96.4704 0
1.825 96.5516 0
1.82569 96.6303 0
1.82639 96.7065 0
1.82708 96.7802 0
1.82778 96.8515 0
1.82847 96.9202 0
1.82917 96.9864 0
1.82986 97.0502 0
1.83056 97.1115 0
1.83125 97.1705 0
1.83194 97.2272 0
1.83264 97.2818 0
1.83333 97.3342 0
1.83403 97.3845 0
1.83472 97.4329 0
1.83542 97.4793 0
1.83611 97.5238 0
1.83681 97.5665 0
1.8375 97.6075 0
1.83819 97.647 0
1.83889 97.685 0
1.83958 97.7218 0
1.84028 97.7575 0
1.84097 97.7923 0
1.84167 97.8263 0
1.84236 97.8598 0
1.84306 97.8929 0
1.84375 97.9257 0
1.84444 97.9584 0
1.84514 97.9912 0
1.84583 98.0242 0
1.84653 98.0577 0
1.84722 98.0918 0
1.84792 98.1268 0
1.84861 98.163 0
1.84931 98.2005 0
1.85 98.2396 0
1.85069 98.2807 0
1.85139 98.3238 0
1.85208 98.3694 0
1.85278 98.4175 0
1.85347 98.4686 0
1.85417 98.5228 0
1.85486 98.5803 0
1.85556 98.6413 0
1.85625 98.7059 0
1.85694 98.7744 0
1.85764 98.8468 0
1.85833 98.9233 0
1.85903 99.0039 0
1.85972 99.0887 0
1.86042 99.1779 0
1.86111 99.2714 0
1.86181 99.3694 0
1.8625 99.4717 0
1.86319 99.5783 0
1.86389 99.689 0
1.86458 99.8036 0
1.86528 99.9218 0
1.86597 100.043 0
1.86667 100.167 0
1.86736 100.294 0
1.86806 100.422 0
1.86875 100.553 0
1.86944 100.685 0
1.87014 100.818 0
1.87083 100.952 0
1.87153 101.087 0
1.87222 101.223 0
1.87292 101.359 0
1.87361 101.496 0
1.87431 101.632 0
1.875 101.768 0
1.87569 101.904 0
1.87639 102.038 0
1.87708 102.171 0
1.87778 102.302 0
1.87847 102.432 0
1.87917 102.56 0
1.87986 102.686 0
1.88056 102.81 0
1.88125 102.931 0
1.88194 103.05 0
1.88264 103.167 0
1.88333 103.281 0
1.88403 103.392 0
1.88472 103.5 0
1.88542 103.605 0
1.88611 103.707 0
1.88681 103.806 0
1.8875 103.903 0
1.88819 103.996 0
1.88889 104.087 0
1.88958 104.175 0
1.89028 104.261 0
1.89097 104.344 0
1.89167 104.424 0
1.89236 104.502 0
1.89306 104.577 0
1.89375 104.649 0
1.89444 104.718 0
1.89514 104.785 0
1.89583 104.849 0
1.89653 104.911 0
1.89722 104.97 0
1.89792 105.026 0
1.89861 105.081 0
1.89931 105.132 0
1.9 105.182 0
1.90069 105.229 0
1.90139 105.275 0
1.90208 105.318 0
1.90278 105.359 0
1.90347 105.399 0
1.90417 105.437 0
1.90486 105.473 0
1.90556 105.509 0
1.90625 105.543 0
1.90694 105.577 0
1.90764 105.61 0
1.90833 105.642 0
1.90903 105.674 0
1.90972 105.706 0
1.91042 105.738 0
1.91111 105.771 0
1.91181 105.803 0
1.9125 105.837 0
1.91319 105.872 0
1.91389 105.908 0
1.91458 105.946 0
1.91528 105.985 0
1.91597 106.027 0
1.91667 106.071 0
1.91736 106.118 0
1.91806 106.168 0
1.91875 106.221 0
1.91944 106.277 0
1.92014 106.337 0
1.92083 106.401 0
1.92153 106.469 0
1.92222 106.541 0
1.92292 106.618 0
1.92361 106.698 0
1.92431 106.783 0
1.925 106.873 0
1.92569 106.967 0
1.92639 107.066 0
1.92708 107.17 0
1.92778 107.278 0
1.92847 107.391 0
1.92917 107.507 0
1.92986 107.628 0
1.93056 107.751 0
1.93125 107.878 0
1.93194 108.008 0
1.93264 108.14 0
1.93333 108.274 0
1.93403 108.409 0
1.93472 108.546 0
1.93542 108.685 0
1.93611 108.825 0
1.93681 108.965 0
1.9375 109.107 0
1.93819 109.249 0
1.93889 109.391 0
1.93958 109.533 0
1.94028 109.674 0
1.94097 109.815 0
1.94167 109.954 0
1.94236 110.092 0
1.94306 110.228 0
1.94375 110.363 0
1.94444 110.496 0
1.94514 110.627 0
1.94583 110.756 0
1.94653 110.883 0
1.94722 111.007 0
1.94792 111.128 0
1.94861 111.247 0
1.94931 111.362 0
1.95 111.475 0
1.95069 111.585 0
1.95139 111.692 0
1.95208 111.796 0
1.95278 111.897 0
1.95347 111.995 0
1.95417 112.091 0
1.95486 112.183 0
1.95556 112.273 0
1.95625 112.36 0
1.95694 112.445 0
1.95764 112.526 0
1.95833 112.604 0
1.95903 112.679 0
1.95972 112.751 0
1.96042 112.821 0
1.96111 112.887 0
1.96181 112.95 0
1.9625 113.011 0
1.96319 113.069 0
1.96389 113.125 0
1.96458 113.177 0
1.96528 113.228 0
1.96597 113.275 0
1.96667 113.321 0
1.96736 113.364 0
1.96806 113.405 0
1.96875 113.444 0
1.96944 113.481 0
1.97014 113.517 0
1.97083 113.552 0
1.97153 113.585 0
1.97222 113.618 0
1.97292 113.65 0
1.97361 113.681 0
1.97431 113.712 0
1.975 113.743 0
1.97569 113.774 0
1.97639 113.806 0
1.97708 113.838 0
1.97778 113.871 0
1.97847 113.906 0
1.97917 113.942 0
1.97986 113.98 0
1.98056 114.02 0
1.98125 114.062 0
1.98194 114.108 0
1.98264 114.156 0
1.98333 114.208 0
1.98403 114.263 0
1.98472 114.322 0
1.98542 114.385 0
1.98611 114.452 0
1.98681 114.524 0
1.9875 114.6 0
1.98819 114.68 0
1.98889 114.766 0
1.98958 114.856 0
1.99028 114.951 0
1.99097 115.05 0
1.99167 115.155 0
1.99236 115.265 0
1.99306 115.379 0
1.99375 115.498 0
1.99444 115.62 0
1.99514 115.747 0
1.99583 115.876 0
1.99653 116.009 0
1.99722 116.144 0
1.99792 116.281 0
1.99861 116.421 0
1.99931 116.562 0
2 116.705 0
2.00069 116.849 0
2.00139 116.995 0
2.00208 117.142 0
2.00278 117.289 0
2.00347 117.437 0
2.00417 117.585 0
2.00486 117.732 0
2.00556 117.879 0
2.00625 118.025 0
2.00694 118.17 0
2.00764 118.313 0
2.00833 118.455 0
2.00903 118.595 0
2.00972 118.734 0
2.01042 118.87 0
2.01111 119.004 0
2.01181 119.136 0
2.0125 119.265 0
2.01319 119.392 0
2.01389 119.515 0
2.01458 119.636 0
2.01528 119.753 0
2.01597 119.868 0
2.01667 119.98 0
2.01736 120.089 0
2.01806 120.195 0
2.01875 120.298 0
2.01944 120.398 0
2.02014 120.495 0
2.02083 120.589 0
2.02153 120.68 0
2.02222 120.767 0
2.02292 120.851 0
2.02361 120.932 0
2.02431 121.01 0
2.025 121.085 0
2.02569 121.156 0
2.02639 121.224 0
2.02708 121.289 0
2.02778 121.351 0
2.02847 121.41 0
2.02917 121.466 0
2.02986 121.519 0
2.03056 121.569 0
2.03125 121.616 0
2.03194 121.661 0
2.03264 121.703 0
2.03333 121.743 0
2.03403 121.782 0
2.03472 121.818 0
2.03542 121.853 0
2.03611 121.886 0
2.03681 121.918 0
2.0375 121.949 0
2.03819 121.98 0
2.03889 122.01 0
2.03958 122.039 0
2.04028 122.069 0
2.04097 122.099 0
2.04167 122.129 0
2.04236 122.161 0
2.04306 122.193 0
2.04375 122.228 0
2.04444 122.264 0
2.04514 122.302 0
2.04583 122.343 0
2.04653 122.386 0
2.04722 122.433 0
2.04792 122.483 0
2.04861 122.537 0
2.04931 122.595 0
2.05 122.657 0
2.05069 122.724 0
2.05139 122.794 0
2.05208 122.87 0
2.05278 122.95 0
2.05347 123.036 0
2.05417 123.126 0
2.05486 123.222 0
2.05556 123.322 0
2.05625 123.428 0
2.05694 123.539 0
2.05764 123.655 0
2.05833 123.775 0
2.05903 123.9 0
2.05972 124.029 0
2.06042 124.161 0
2.06111 124.297 0
2.06181 124.435 0
2.0625 124.576 0
2.06319 124.719 0
2.06389 124.865 0
2.06458 125.012 0
2.06528 125.161 0
2.06597 125.312 0
2.06667 125.464 0
2.06736 125.617 0
2.06806 125.771 0
2.06875 125.924 0
2.06944 126.078 0
2.07014 126.232 0
2.07083 126.384 0
2.07153 126.536 0
2.07222 126.687 0
2.07292 126.836 0
2.07361 126.984 0
2.07431 127.13 0
2.075 127.274 0
2.07569 127.416 0
2.07639 127.555 0
2.07708 127.692 0
2.07778 127.827 0
2.07847 127.959 0
2.07917 128.087 0
2.07986 128.213 0
2.08056 128.336 0
2.08125 128.455 0
2.08194 128.572 0
2.08264 128.686 0
2.08333 128.796 0
2.08403 128.904 0
2.08472 129.008 0
2.08542 129.109 0
2.08611 129.207 0
2.08681 129.301 0
2.0875 129.392 0
2.08819 129.479 0
2.08889 129.562 0
2.08958 129.642 0
2.09028 129.718 0
2.09097 129.791 0
2.09167 129.86 0
2.09236 129.926 0
2.09306 129.988 0
2.09375 130.047 0
2.09444 130.103 0
2.09514 130.156 0
2.09583 130.205 0
2.09653 130.251 0
2.09722 130.295 0
2.09792 130.336 0
2.09861 130.375 0
2.09931 130.411 0
2.1 130.446 0
2.10069 130.479 0
2.10139 130.511 0
2.10208 130.541 0
2.10278 130.57 0
2.10347 130.599 0
2.10417 130.627 0
2.10486 130.655 0
2.10556 130.683 0
2.10625 130.712 0
2.10694 130.741 0
2.10764 130.772 0
2.10833 130.804 0
2.10903 130.838 0
2.10972 130.874 0
2.11042 130.913 0
2.11111 130.955 0
2.11181 131 0
2.1125 131.048 0
2.11319 131.101 0
2.11389 131.157 0
2.11458 131.218 0
2.11528 131.284 0
2.11597 131.354 0
2.11667 131.429 0
2.11736 131.509 0
2.11806 131.594 0
2.11875 131.684 0
2.11944 131.78 0
2.12014 131.882 0
2.12083 131.989 0
2.12153 132.101 0
2.12222 132.218 0
2.12292 132.341 0
2.12361 132.468 0
2.12431 132.599 0
2.125 132.734 0
2.12569 132.872 0
2.12639 133.014 0
2.12708 133.158 0
2.12778 133.305 0
2.12847 133.455 0
2.12917 133.607 0
2.12986 133.761 0
2.13056 133.917 0
2.13125 134.074 0
2.13194 134.233 0
2.13264 134.392 0
2.13333 134.552 0
2.13403 134.713 0
2.13472 134.873 0
2.13542 135.032 0
2.13611 135.191 0
2.13681 135.349 0
2.1375 135.506 0
2.13819 135.661 0
2.13889 135.815 0
2.13958 135.967 0
2.14028 136.117 0
2.14097 136.265 0
2.14167 136.41 0
2.14236 136.553 0
2.14306 136.693 0
2.14375 136.83 0
2.14444 136.964 0
2.14514 137.095 0
2.14583 137.223 0
2.14653 137.347 0
2.14722 137.469 0
2.14792 137.588 0
2.14861 137.703 0
2.14931 137.815 0
2.15 137.923 0
2.15069 138.027 0
2.15139 138.128 0
2.15208 138.225 0
2.15278 138.318 0
2.15347 138.407 0
2.15417 138.493 0
2.15486 138.574 0
2.15556 138.651 0
2.15625 138.725 0
2.15694 138.794 0
2.15764 138.86 0
2.15833 138.922 0
2.15903 138.981 0
2.15972 139.035 0
2.16042 139.087 0
2.16111 139.134 0
2.16181 139.179 0
2.1625 139.221 0
2.16319 139.26 0
2.16389 139.297 0
2.16458 139.332 0
2.16528 139.364 0
2.16597 139.395 0
2.16667 139.424 0
2.16736 139.452 0
2.16806 139.479 0
2.16875 139.506 0
2.16944 139.532 0
2.17014 139.558 0
2.17083 139.585 0
2.17153 139.612 0
2.17222 139.641 0
2.17292 139.671 0
2.17361 139.702 0
2.17431 139.737 0
2.175 139.773 0
2.17569 139.813 0
2.17639 139.856 0
2.17708 139.903 0
2.17778 139.954 0
2.17847 140.009 0
2.17917 140.068 0
2.17986 140.132 0
2.18056 140.202 0
2.18125 140.276 0
2.18194 140.355 0
2.18264 140.44 0
2.18333 140.531 0
2.18403 140.627 0
2.18472 140.73 0
2.18542 140.837 0
2.18611 140.951 0
2.18681 141.07 0
2.1875 141.194 0
2.18819 141.323 0
2.18889 141.456 0
2.18958 141.594 0
2.19028 141.735 0
2.19097 141.88 0
2.19167 142.028 0
2.19236 142.179 0
2.19306 142.333 0
2.19375 142.49 0
2.19444 142.649 0
2.19514 142.81 0
2.19583 142.973 0
2.19653 143.137 0
2.19722 143.303 0
2.19792 143.469 0
2.19861 143.636 0
2.19931 143.803 0
2.2 143.969 0
2.20069 144.135 0
2.20139 144.301 0
2.20208 144.465 0
2.20278 144.628 0
2.20347 144.79 0
2.20417 144.95 0
2.20486 145.109 0
2.20556 145.265 0
2.20625 145.419 0
2.20694 145.57 0
2.20764 145.718 0
2.20833 145.864 0
2.20903 146.006 0
2.20972 146.146 0
2.21042 146.282 0
2.21111 146.415 0
2.21181 146.545 0
2.2125 146.671 0
2.21319 146.794 0
2.21389 146.914 0
2.21458 147.029 0
2.21528 147.141 0
2.21597 147.248 0
2.21667 147.352 0
2.21736 147.451 0
2.21806 147.546 0
2.21875 147.637 0
2.21944 147.723 0
2.22014 147.805 0
2.22083 147.883 0
2.22153 147.956 0
2.22222 148.026 0
2.22292 148.091 0
2.22361 148.152 0
2.22431 148.209 0
2.225 148.262 0
2.22569 148.311 0
2.22639 148.357 0
2.22708 148.399 0
2.22778 148.439 0
2.22847 148.476 0
2.22917 148.51 0
2.22986 148.542 0
2.23056 148.572 0
2.23125 148.6 0
2.23194 148.626 0
2.23264 148.652 0
2.23333 148.676 0
2.23403 148.701 0
2.23472 148.725 0
2.23542 148.749 0
2.23611 148.774 0
2.23681 148.8 0
2.2375 148.828 0
2.23819 148.857 0
2.23889 148.889 0
2.23958 148.924 0
2.24028 148.961 0
2.24097 149.002 0
2.24167 149.047 0
2.24236 149.096 0
2.24306 149.149 0
2.24375 149.207 0
2.24444 149.27 0
2.24514 149.338 0
2.24583 149.412 0
2.24653 149.491 0
2.24722 149.576 0
2.24792 149.666 0
2.24861 149.763 0
2.24931 149.866 0
2.25 149.974 0
2.25069 150.089 0
2.25139 150.209 0
2.25208 150.335 0
2.25278 150.466 0
2.25347 150.602 0
2.25417 150.742 0
2.25486 150.887 0
2.25556 151.035 0
2.25625 151.187 0
2.25694 151.342 0
2.25764 151.5 0
2.25833 151.661 0
2.25903 151.825 0
2.25972 151.991 0
2.26042 152.16 0
2.26111 152.33 0
2.26181 152.502 0
2.2625 152.675 0
2.26319 152.848 0
2.26389 153.022 0
2.26458 153.196 0
2.26528 153.369 0
2.26597 153.542 0
2.26667 153.714 0
2.26736 153.886 0
2.26806 154.056 0
2.26875 154.224 0
2.26944 154.391 0
2.27014 154.556 0
2.27083 154.718 0
2.27153 154.878 0
2.27222 155.035 0
2.27292 155.189 0
2.27361 155.341 0
2.27431 155.489 0
2.275 155.634 0
2.27569 155.775 0
2.27639 155.913 0
2.27708 156.048 0
2.27778 156.179 0
2.27847 156.306 0
2.27917 156.429 0
2.27986 156.548 0
2.28056 156.662 0
2.28125 156.772 0
2.28194 156.878 0
2.28264 156.978 0
2.28333 157.074 0
2.28403 157.166 0
2.28472 157.253 0
2.28542 157.335 0
2.28611 157.412 0
2.28681 157.485 0
2.2875 157.553 0
2.28819 157.616 0
2.28889 157.675 0
2.28958 157.73 0
2.29028 157.781 0
2.29097 157.828 0
2.29167 157.871 0
2.29236 157.91 0
2.29306 157.947 0
2.29375 157.981 0
2.29444 158.012 0
2.29514 158.041 0
2.29583 158.067 0
2.29653 158.092 0
2.29722 158.116 0
2.29792 158.139 0
2.29861 158.161 0
2.29931 158.182 0
2.3 158.204 0
2.30069 158.227 0
2.30139 158.25 0
2.30208 158.276 0
2.30278 158.303 0
2.30347 158.332 0
2.30417 158.364 0
2.30486 158.399 0
2.30556 158.438 0
2.30625 158.481 0
2.30694 158.527 0
2.30764 158.579 0
2.30833 158.635 0
2.30903 158.697 0
2.30972 158.764 0
2.31042 158.837 0
2.31111 158.915 0
2.31181 158.999 0
2.3125 159.09 0
2.31319 159.187 0
2.31389 159.29 0
2.31458 159.4 0
2.31528 159.515 0
2.31597 159.637 0
2.31667 159.765 0
2.31736 159.898 0
2.31806 160.036 0
2.31875 160.179 0
2.31944 160.326 0
2.32014 160.478 0
2.32083 160.633 0
2.32153 160.792 0
2.32222 160.955 0
2.32292 161.121 0
2.32361 161.29 0
2.32431 161.462 0
2.325 161.636 0
2.32569 161.812 0
2.32639 161.99 0
2.32708 162.169 0
2.32778 162.35 0
2.32847 162.53 0
2.32917 162.712 0
2.32986 162.893 0
2.33056 163.074 0
2.33125 163.254 0
2.33194 163.434 0
2.33264 163.612 0
2.33333 163.789 0
2.33403 163.965 0
2.33472 164.138 0
2.33542 164.309 0
2.33611 164.478 0
2.33681 164.644 0
2.3375 164.807 0
2.33819 164.967 0
2.33889 165.124 0
2.33958 165.278 0
2.34028 165.428 0
2.34097 165.575 0
2.34167 165.718 0
2.34236 165.857 0
2.34306 165.992 0
2.34375 166.122 0
2.34444 166.248 0
2.34514 166.37 0
2.34583 166.486 0
2.34653 166.598 0
2.34722 166.704 0
2.34792 166.806 0
2.34861 166.903 0
2.34931 166.994 0
2.35 167.08 0
2.35069 167.161 0
2.35139 167.238 0
2.35208 167.309 0
2.35278 167.375 0
2.35347 167.436 0
2.35417 167.492 0
2.35486 167.544 0
2.35556 167.592 0
2.35625 167.635 0
2.35694 167.675 0
2.35764 167.711 0
2.35833 167.744 0
2.35903 167.774 0
2.35972 167.802 0
2.36042 167.827 0
2.36111 167.85 0
2.36181 167.872 0
2.3625 167.893 0
2.36319 167.912 0
2.36389 167.932 0
2.36458 167.951 0
2.36528 167.971 0
2.36597 167.992 0
2.36667 168.014 0
2.36736 168.038 0
2.36806 168.065 0
2.36875 168.094 0
2.36944 168.127 0
2.37014 168.164 0
2.37083 168.204 0
2.37153 168.249 0
2.37222 168.299 0
2.37292 168.353 0
2.37361 168.413 0
2.37431 168.479 0
2.375 168.551 0
2.37569 168.628 0
2.37639 168.712 0
2.37708 168.803 0
2.37778 168.9 0
2.37847 169.004 0
2.37917 169.114 0
2.37986 169.231 0
2.38056 169.354 0
2.38125 169.483 0
2.38194 169.618 0
2.38264 169.759 0
2.38333 169.904 0
2.38403 170.054 0
2.38472 170.209 0
2.38542 170.368 0
2.38611 170.532 0
2.38681 170.699 0
2.3875 170.869 0
2.38819 171.044 0
2.38889 171.221 0
2.38958 171.401 0
2.39028 171.583 0
2.39097 171.768 0
2.39167 171.954 0
2.39236 172.141 0
2.39306 172.329 0
2.39375 172.518 0
2.39444 172.707 0
2.39514 172.896 0
2.39583 173.084 0
2.39653 173.272 0
2.39722 173.459 0
2.39792 173.645 0
2.39861 173.829 0
2.39931 174.012 0
2.4 174.192 0
2.40069 174.37 0
2.40139 174.545 0
2.40208 174.717 0
2.40278 174.886 0
2.40347 175.052 0
2.40417 175.215 0
2.40486 175.374 0
2.40556 175.529 0
2.40625 175.681 0
2.40694 175.828 0
2.40764 175.971 0
2.40833 176.109 0
2.40903 176.243 0
2.40972 176.371 0
2.41042 176.494 0
2.41111 176.612 0
2.41181 176.725 0
2.4125 176.832 0
2.41319 176.934 0
2.41389 177.03 0
2.41458 177.12 0
2.41528 177.205 0
2.41597 177.284 0
2.41667 177.358 0
2.41736 177.427 0
2.41806 177.49 0
2.41875 177.548 0
2.41944 177.601 0
2.42014 177.649 0
2.42083 177.693 0
2.42153 177.733 0
2.42222 177.769 0
2.42292 177.801 0
2.42361 177.83 0
2.42431 177.856 0
2.425 177.879 0
2.42569 177.901 0
2.42639 177.92 0
2.42708 177.938 0
2.42778 177.956 0
2.42847 177.972 0
2.42917 177.989 0
2.42986 178.006 0
2.43056 178.024 0
2.43125 178.044 0
2.43194 178.065 0
2.43264 178.089 0
2.43333 178.116 0
2.43403 178.146 0
2.43472 178.18 0
2.43542 178.218 0
2.43611 178.26 0
2.43681 178.308 0
2.4375 178.361 0
2.43819 178.419 0
2.43889 178.484 0
2.43958 178.554 0
2.44028 178.631 0
2.44097 178.714 0
2.44167 178.805 0
2.44236 178.902 0
2.44306 179.006 0
2.44375 179.117 0
2.44444 179.235 0
2.44514 179.359 0
2.44583 179.49 0
2.44653 179.627 0
2.44722 179.77 0
2.44792 179.918 0
2.44861 180.072 0
2.44931 180.23 0
2.45 180.393 0
2.45069 180.56 0
2.45139 180.732 0
2.45208 180.907 0
2.45278 181.087 0
2.45347 181.269 0
2.45417 181.455 0
2.45486 181.644 0
2.45556 181.835 0
2.45625 182.028 0
2.45694 182.222 0
2.45764 182.418 0
2.45833 182.614 0
2.45903 182.811 0
2.45972 183.008 0
2.46042 183.205 0
2.46111 183.402 0
2.46181 183.598 0
2.4625 183.793 0
2.46319 183.986 0
2.46389 184.178 0
2.46458 184.367 0
2.46528 184.554 0
2.46597 184.739 0
2.46667 184.92 0
2.46736 185.099 0
2.46806 185.274 0
2.46875 185.445 0
2.46944 185.613 0
2.47014 185.778 0
2.47083 185.938 0
2.47153 186.093 0
2.47222 186.244 0
2.47292 186.39 0
2.47361 186.531 0
2.47431 186.667 0
2.475 186.797 0
2.47569 186.921 0
2.47639 187.039 0
2.47708 187.152 0
2.47778 187.259 0
2.47847 187.359 0
2.47917 187.454 0
2.47986 187.543 0
2.48056 187.625 0
2.48125 187.702 0
2.48194 187.773 0
2.48264 187.838 0
2.48333 187.897 0
2.48403 187.951 0
2.48472 188 0
2.48542 188.044 0
2.48611 188.084 0
2.48681 188.119 0
2.4875 188.15 0
2.48819 188.178 0
2.48889 188.203 0
2.48958 188.224 0
2.49028 188.243 0
2.49097 188.261 0
2.49167 188.276 0
2.49236 188.291 0
2.49306 188.305 0
2.49375 188.318 0
2.49444 188.333 0
2.49514 188.348 0
2.49583 188.364 0
2.49653 188.383 0
2.49722 188.403 0
2.49792 188.427 0
2.49861 188.455 0
2.49931 188.486 0
2.5 188.521 0
2.50069 188.562 0
2.50139 188.607 0
2.50208 188.658 0
2.50278 188.715 0
2.50347 188.778 0
2.50417 188.847 0
2.50486 188.923 0
2.50556 189.006 0
2.50625 189.096 0
2.50694 189.193 0
2.50764 189.298 0
2.50833 189.409 0
2.50903 189.528 0
2.50972 189.654 0
2.51042 189.787 0
2.51111 189.926 0
2.51181 190.071 0
2.5125 190.222 0
2.51319 190.378 0
2.51389 190.54 0
2.51458 190.706 0
2.51528 190.878 0
2.51597 191.054 0
2.51667 191.235 0
2.51736 191.419 0
2.51806 191.608 0
2.51875 191.8 0
2.51944 191.995 0
2.52014 192.192 0
2.52083 192.392 0
2.52153 192.594 0
2.52222 192.797 0
2.52292 193.001 0
2.52361 193.206 0
2.52431 193.412 0
2.525 193.618 0
2.52569 193.823 0
2.52639 194.028 0
2.52708 194.232 0
2.52778 194.435 0
2.52847 194.636 0
2.52917 194.834 0
2.52986 195.031 0
2.53056 195.225 0
2.53125 195.416 0
2.53194 195.604 0
2.53264 195.788 0
2.53333 195.969 0
2.53403 196.146 0
2.53472 196.32 0
2.53542 196.488 0
2.53611 196.652 0
2.53681 196.812 0
2.5375 196.966 0
2.53819 197.114 0
2.53889 197.257 0
2.53958 197.393 0
2.54028 197.524 0
2.54097 197.649 0
2.54167 197.767 0
2.54236 197.878 0
2.54306 197.984 0
2.54375 198.083 0
2.54444 198.175 0
2.54514 198.261 0
2.54583 198.34 0
2.54653 198.413 0
2.54722 198.48 0
2.54792 198.541 0
2.54861 198.595 0
2.54931 198.645 0
2.55 198.689 0
2.55069 198.728 0
2.55139 198.763 0
2.55208 198.793 0
2.55278 198.819 0
2.55347 198.842 0
2.55417 198.862 0
2.55486 198.879 0
2.55556 198.893 0
2.55625 198.906 0
2.55694 198.918 0
2.55764 198.929 0
2.55833 198.94 0
2.55903 198.951 0
2.55972 198.962 0
2.56042 198.976 0
2.56111 198.991 0
2.56181 199.009 0
2.5625 199.03 0
2.56319 199.054 0
2.56389 199.083 0
2.56458 199.116 0
2.56528 199.153 0
2.56597 199.197 0
2.56667 199.246 0
2.56736 199.301 0
2.56806 199.362 0
2.56875 199.43 0
2.56944 199.505 0
2.57014 199.587 0
2.57083 199.677 0
2.57153 199.774 0
2.57222 199.879 0
2.57292 199.991 0
2.57361 200.111 0
2.57431 200.238 0
2.575 200.372 0
2.57569 200.513 0
2.57639 200.661 0
2.57708 200.814 0
2.57778 200.974 0
2.57847 201.139 0
2.57917 201.309 0
2.57986 201.485 0
2.58056 201.666 0
2.58125 201.852 0
2.58194 202.042 0
2.58264 202.236 0
2.58333 202.434 0
2.58403 202.636 0
2.58472 202.84 0
2.58542 203.047 0
2.58611 203.256 0
2.58681 203.467 0
2.5875 203.679 0
2.58819 203.893 0
2.58889 204.107 0
2.58958 204.321 0
2.59028 204.536 0
2.59097 204.75 0
2.59167 204.963 0
2.59236 205.175 0
2.59306 205.386 0
2.59375 205.595 0
2.59444 205.801 0
2.59514 206.004 0
2.59583 206.205 0
2.59653 206.403 0
2.59722 206.597 0
2.59792 206.787 0
2.59861 206.973 0
2.59931 207.156 0
2.6 207.333 0
2.60069 207.506 0
2.60139 207.673 0
2.60208 207.835 0
2.60278 207.991 0
2.60347 208.141 0
2.60417 208.285 0
2.60486 208.422 0
2.60556 208.552 0
2.60625 208.676 0
2.60694 208.793 0
2.60764 208.903 0
2.60833 209.006 0
2.60903 209.102 0
2.60972 209.191 0
2.61042 209.272 0
2.61111 209.348 0
2.61181 209.416 0
2.6125 209.478 0
2.61319 209.534 0
2.61389 209.583 0
2.61458 209.627 0
2.61528 209.666 0
2.61597 209.7 0
2.61667 209.729 0
2.61736 209.753 0
2.61806 209.774 0
2.61875 209.792 0
2.61944 209.806 0
2.62014 209.818 0
2.62083 209.828 0
2.62153 209.837 0
2.62222 209.845 0
2.62292 209.852 0
2.62361 209.86 0
2.62431 209.869 0
2.625 209.879 0
2.62569 209.891 0
2.62639 209.905 0
2.62708 209.923 0
2.62778 209.944 0
2.62847 209.97 0
2.62917 210 0
2.62986 210.036 0
2.63056 210.077 0
2.63125 210.123 0
2.63194 210.176 0
2.63264 210.236 0
2.63333 210.303 0
2.63403 210.377 0
2.63472 210.458 0
2.63542 210.548 0
2.63611 210.645 0
2.63681 210.75 0
2.6375 210.863 0
2.63819 210.983 0
2.63889 211.112 0
2.63958 211.248 0
2.64028 211.391 0
2.64097 211.54 0
2.64167 211.697 0
2.64236 211.859 0
2.64306 212.028 0
2.64375 212.202 0
2.64444 212.383 0
2.64514 212.568 0
2.64583 212.759 0
2.64653 212.954 0
2.64722 213.155 0
2.64792 213.359 0
2.64861 213.567 0
2.64931 213.779 0
2.65 213.993 0
2.65069 214.21 0
2.65139 214.428 0
2.65208 214.649 0
2.65278 214.871 0
2.65347 215.094 0
2.65417 215.317 0
2.65486 215.541 0
2.65556 215.764 0
2.65625 215.987 0
2.65694 216.209 0
2.65764 216.429 0
2.65833 216.648 0
2.65903 216.864 0
2.65972 217.077 0
2.66042 217.288 0
2.66111 217.495 0
2.66181 217.699 0
2.6625 217.899 0
2.66319 218.095 0
2.66389 218.286 0
2.66458 218.472 0
2.66528 218.654 0
2.66597 218.83 0
2.66667 219 0
2.66736 219.163 0
2.66806 219.32 0
2.66875 219.471 0
2.66944 219.614 0
2.67014 219.751 0
2.67083 219.88 0
2.67153 220.002 0
2.67222 220.116 0
2.67292 220.223 0
2.67361 220.323 0
2.67431 220.415 0
2.675 220.499 0
2.67569 220.576 0
2.67639 220.646 0
2.67708 220.709 0
2.67778 220.766 0
2.67847 220.815 0
2.67917 220.859 0
2.67986 220.897 0
2.68056 220.93 0
2.68125 220.958 0
2.68194 220.981 0
2.68264 220.999 0
2.68333 221.015 0
2.68403 221.026 0
2.68472 221.036 0
2.68542 221.043 0
2.68611 221.048 0
2.68681 221.053 0
2.6875 221.057 0
2.68819 221.061 0
2.68889 221.066 0
2.68958 221.073 0
2.69028 221.082 0
2.69097 221.093 0
2.69167 221.107 0
2.69236 221.126 0
2.69306 221.148 0
2.69375 221.176 0
2.69444 221.208 0
2.69514 221.247 0
2.69583 221.291 0
2.69653 221.343 0
2.69722 221.401 0
2.69792 221.466 0
2.69861 221.539 0
2.69931 221.62 0
2.7 221.708 0
2.70069 221.805 0
2.70139 221.911 0
2.70208 222.024 0
2.70278 222.146 0
2.70347 222.276 0
2.70417 222.413 0
2.70486 222.558 0
2.70556 222.71 0
2.70625 222.869 0
2.70694 223.035 0
2.70764 223.207 0
2.70833 223.386 0
2.70903 223.57 0
2.70972 223.761 0
2.71042 223.956 0
2.71111 224.158 0
2.71181 224.364 0
2.7125 224.575 0
2.71319 224.789 0
2.71389 225.008 0
2.71458 225.23 0
2.71528 225.454 0
2.71597 225.681 0
2.71667 225.91 0
2.71736 226.14 0
2.71806 226.372 0
2.71875 226.605 0
2.71944 226.838 0
2.72014 227.071 0
2.72083 227.304 0
2.72153 227.535 0
2.72222 227.765 0
2.72292 227.994 0
2.72361 228.22 0
2.72431 228.443 0
2.725 228.664 0
2.72569 228.881 0
2.72639 229.095 0
2.72708 229.305 0
2.72778 229.51 0
2.72847 229.711 0
2.72917 229.906 0
2.72986 230.097 0
2.73056 230.281 0
2.73125 230.459 0
2.73194 230.63 0
2.73264 230.795 0
2.73333 230.952 0
2.73403 231.102 0
2.73472 231.244 0
2.73542 231.379 0
2.73611 231.506 0
2.73681 231.625 0
2.7375 231.736 0
2.73819 231.839 0
2.73889 231.934 0
2.73958 232.021 0
2.74028 232.1 0
2.74097 232.171 0
2.74167 232.235 0
2.74236 232.292 0
2.74306 232.342 0
2.74375 232.385 0
2.74444 232.422 0
2.74514 232.454 0
2.74583 232.48 0
2.74653 232.501 0
2.74722 232.518 0
2.74792 232.53 0
2.74861 232.539 0
2.74931 232.546 0
2.75 232.55 0
2.75069 232.552 0
2.75139 232.553 0
2.75208 232.554 0
2.75278 232.554 0
2.75347 232.556 0
2.75417 232.559 0
2.75486 232.564 0
2.75556 232.572 0
2.75625 232.583 0
2.75694 232.598 0
2.75764 232.617 0
2.75833 232.642 0
2.75903 232.672 0
2.75972 232.708 0
2.76042 232.75 0
2.76111 232.799 0
2.76181 232.856 0
2.7625 232.919 0
2.76319 232.991 0
2.76389 233.071 0
2.76458 233.159 0
2.76528 233.256 0
2.76597 233.362 0
2.76667 233.476 0
2.76736 233.598 0
2.76806 233.729 0
2.76875 233.868 0
2.76944 234.015 0
2.77014 234.17 0
2.77083 234.332 0
2.77153 234.501 0
2.77222 234.677 0
2.77292 234.859 0
2.77361 235.048 0
2.77431 235.243 0
2.775 235.445 0
2.77569 235.652 0
2.77639 235.864 0
2.77708 236.081 0
2.77778 236.303 0
2.77847 236.529 0
2.77917 236.758 0
2.77986 236.99 0
2.78056 237.225 0
2.78125 237.463 0
2.78194 237.702 0
2.78264 237.943 0
2.78333 238.185 0
2.78403 238.428 0
2.78472 238.671 0
2.78542 238.913 0
2.78611 239.155 0
2.78681 239.395 0
2.7875 239.634 0
2.78819 239.87 0
2.78889 240.104 0
2.78958 240.334 0
2.79028 240.562 0
2.79097 240.786 0
2.79167 241.005 0
2.79236 241.22 0
2.79306 241.43 0
2.79375 241.635 0
2.79444 241.834 0
2.79514 242.027 0
2.79583 242.213 0
2.79653 242.392 0
2.79722 242.564 0
2.79792 242.728 0
2.79861 242.885 0
2.79931 243.033 0
2.8 243.173 0
2.80069 243.305 0
2.80139 243.428 0
2.80208 243.543 0
2.80278 243.65 0
2.80347 243.747 0
2.80417 243.837 0
2.80486 243.917 0
2.80556 243.99 0
2.80625 244.055 0
2.80694 244.112 0
2.80764 244.162 0
2.80833 244.205 0
2.80903 244.241 0
2.80972 244.271 0
2.81042 244.295 0
2.81111 244.315 0
2.81181 244.329 0
2.8125 244.339 0
2.81319 244.345 0
2.81389 244.348 0
2.81458 244.349 0
2.81528 244.348 0
2.81597 244.345 0
2.81667 244.342 0
2.81736 244.339 0
2.81806 244.337 0
2.81875 244.336 0
2.81944 244.338 0
2.82014 244.342 0
2.82083 244.35 0
2.82153 244.361 0
2.82222 244.378 0
2.82292 244.399 0
2.82361 244.426 0
2.82431 244.46 0
2.825 244.5 0
2.82569 244.547 0
2.82639 244.601 0
2.82708 244.663 0
2.82778 244.734 0
2.82847 244.813 0
2.82917 244.901 0
2.82986 244.997 0
2.83056 245.103 0
2.83125 245.218 0
2.83194 245.341 0
2.83264 245.474 0
2.83333 245.614 0
2.83403 245.763 0
2.83472 245.92 0
2.83542 246.085 0
2.83611 246.257 0
2.83681 246.437 0
2.8375 246.623 0
2.83819 246.817 0
2.83889 247.017 0
2.83958 247.224 0
2.84028 247.437 0
2.84097 247.655 0
2.84167 247.879 0
2.84236 248.108 0
2.84306 248.341 0
2.84375 248.578 0
2.84444 248.818 0
2.84514 249.062 0
2.84583 249.308 0
2.84653 249.556 0
2.84722 249.807 0
2.84792 250.058 0
2.84861 250.311 0
2.84931 250.563 0
2.85 250.816 0
2.85069 251.068 0
2.85139 251.318 0
2.85208 251.567 0
2.85278 251.814 0
2.85347 252.058 0
2.85417 252.299 0
2.85486 252.537 0
2.85556 252.771 0
2.85625 253 0
2.85694 253.225 0
2.85764 253.445 0
2.85833 253.659 0
2.85903 253.867 0
2.85972 254.068 0
2.86042 254.263 0
2.86111 254.449 0
2.86181 254.629 0
2.8625 254.8 0
2.86319 254.963 0
2.86389 255.117 0
2.86458 255.262 0
2.86528 255.399 0
2.86597 255.527 0
2.86667 255.646 0
2.86736 255.755 0
2.86806 255.856 0
2.86875 255.947 0
2.86944 256.03 0
2.87014 256.104 0
2.87083 256.169 0
2.87153 256.227 0
2.87222 256.276 0
2.87292 256.318 0
2.87361 256.353 0
2.87431 256.382 0
2.875 256.405 0
2.87569 256.421 0
2.87639 256.433 0
2.87708 256.44 0
2.87778 256.444 0
2.87847 256.443 0
2.87917 256.441 0
2.87986 256.436 0
2.88056 256.43 0
2.88125 256.423 0
2.88194 256.416 0
2.88264 256.41 0
2.88333 256.406 0
2.88403 256.403 0
2.88472 256.404 0
2.88542 256.408 0
2.88611 256.416 0
2.88681 256.429 0
2.8875 256.448 0
2.88819 256.472 0
2.88889 256.502 0
2.88958 256.54 0
2.89028 256.585 0
2.89097 256.637 0
2.89167 256.698 0
2.89236 256.768 0
2.89306 256.846 0
2.89375 256.933 0
2.89444 257.029 0
2.89514 257.135 0
2.89583 257.25 0
2.89653 257.375 0
2.89722 257.508 0
2.89792 257.651 0
2.89861 257.802 0
2.89931 257.961 0
2.9 258.129 0
2.90069 258.304 0
2.90139 258.488 0
2.90208 258.678 0
2.90278 258.877 0
2.90347 259.082 0
2.90417 259.294 0
2.90486 259.513 0
2.90556 259.738 0
2.90625 259.968 0
2.90694 260.204 0
2.90764 260.445 0
2.90833 260.69 0
2.90903 260.939 0
2.90972 261.191 0
2.91042 261.446 0
2.91111 261.703 0
2.91181 261.963 0
2.9125 262.224 0
2.91319 262.487 0
2.91389 262.749 0
2.91458 263.012 0
2.91528 263.275 0
2.91597 263.536 0
2.91667 263.795 0
2.91736 264.052 0
2.91806 264.307 0
2.91875 264.559 0
2.91944 264.807 0
2.92014 265.051 0
2.92083 265.29 0
2.92153 265.525 0
2.92222 265.755 0
2.92292 265.978 0
2.92361 266.195 0
2.92431 266.405 0
2.925 266.607 0
2.92569 266.802 0
2.92639 266.989 0
2.92708 267.167 0
2.92778 267.336 0
2.92847 267.496 0
2.92917 267.647 0
2.92986 267.789 0
2.93056 267.921 0
2.93125 268.043 0
2.93194 268.156 0
2.93264 268.259 0
2.93333 268.353 0
2.93403 268.437 0
2.93472 268.512 0
2.93542 268.578 0
2.93611 268.635 0
2.93681 268.685 0
2.9375 268.726 0
2.93819 268.76 0
2.93889 268.787 0
2.93958 268.807 0
2.94028 268.822 0
2.94097 268.831 0
2.94167 268.835 0
2.94236 268.835 0
2.94306 268.831 0
2.94375 268.825 0
2.94444 268.817 0
2.94514 268.807 0
2.94583 268.796 0
2.94653 268.785 0
2.94722 268.775 0
2.94792 268.767 0
2.94861 268.761 0
2.94931 268.757 0
2.95 268.758 0
2.95069 268.762 0
2.95139 268.772 0
2.95208 268.787 0
2.95278 268.808 0
2.95347 268.836 0
2.95417 268.871 0
2.95486 268.914 0
2.95556 268.965 0
2.95625 269.024 0
2.95694 269.092 0
2.95764 269.169 0
2.95833 269.256 0
2.95903 269.352 0
2.95972 269.458 0
2.96042 269.574 0
2.96111 269.699 0
2.96181 269.834 0
2.9625 269.978 0
2.96319 270.131 0
2.96389 270.293 0
2.96458 270.464 0
2.96528 270.643 0
2.96597 270.83 0
2.96667 271.025 0
2.96736 271.228 0
2.96806 271.438 0
2.96875 271.656 0
2.96944 271.881 0
2.97014 272.112 0
2.97083 272.35 0
2.97153 272.593 0
2.97222 272.841 0
2.97292 273.094 0
2.97361 273.351 0
2.97431 273.612 0
2.975 273.876 0
2.97569 274.143 0
2.97639 274.412 0
2.97708 274.683 0
2.97778 274.956 0
2.97847 275.229 0
2.97917 275.502 0
2.97986 275.775 0
2.98056 276.047 0
2.98125 276.317 0
2.98194 276.585 0
2.98264 276.851 0
2.98333 277.113 0
2.98403 277.371 0
2.98472 277.626 0
2.98542 277.876 0
2.98611 278.12 0
2.98681 278.36 0
2.9875 278.592 0
2.98819 278.818 0
2.98889 279.037 0
2.98958 279.248 0
2.99028 279.45 0
2.99097 279.644 0
2.99167 279.829 0
2.99236 280.005 0
2.99306 280.171 0
2.99375 280.327 0
2.99444 280.473 0
2.99514 280.61 0
2.99583 280.736 0
2.99653 280.852 0
2.99722 280.957 0
2.99792 281.053 0
2.99861 281.139 0
2.99931 281.215 0
3 281.281 0
3.00069 281.339 0
3.00139 281.387 0
3.00208 281.428 0
3.00278 281.46 0
3.00347 281.485 0
3.00417 281.503 0
3.00486 281.515 0
3.00556 281.522 0
3.00625 281.523 0
3.00694 281.519 0
3.00764 281.512 0
3.00833 281.502 0
3.00903 281.49 0
3.00972 281.476 0
3.01042 281.461 0
3.01111 281.446 0
3.01181 281.432 0
3.0125 281.42 0
3.01319 281.41 0
3.01389 281.403 0
3.01458 281.399 0
3.01528 281.4 0
3.01597 281.406 0
3.01667 281.418 0
3.01736 281.437 0
3.01806 281.462 0
3.01875 281.494 0
3.01944 281.535 0
3.02014 281.583 0
3.02083 281.641 0
3.02153 281.707 0
3.02222 281.784 0
3.02292 281.87 0
3.02361 281.966 0
3.02431 282.072 0
3.025 282.188 0
3.02569 282.315 0
3.02639 282.451 0
3.02708 282.596 0
3.02778 282.752 0
3.02847 282.916 0
3.02917 283.09 0
3.02986 283.272 0
3.03056 283.463 0
3.03125 283.662 0
3.03194 283.87 0
3.03264 284.086 0
3.03333 284.31 0
3.03403 284.541 0
3.03472 284.779 0
3.03542 285.023 0
3.03611 285.274 0
3.03681 285.53 0
3.0375 285.791 0
3.03819 286.056 0
3.03889 286.326 0
3.03958 286.599 0
3.04028 286.876 0
3.04097 287.155 0
3.04167 287.436 0
3.04236 287.719 0
3.04306 288.003 0
3.04375 288.287 0
3.04444 288.57 0
3.04514 288.853 0
3.04583 289.134 0
3.04653 289.413 0
3.04722 289.689 0
3.04792 289.962 0
3.04861 290.231 0
3.04931 290.496 0
3.05 290.756 0
3.05069 291.011 0
3.05139 291.26 0
3.05208 291.502 0
3.05278 291.738 0
3.05347 291.965 0
3.05417 292.184 0
3.05486 292.394 0
3.05556 292.596 0
3.05625 292.787 0
3.05694 292.969 0
3.05764 293.141 0
3.05833 293.303 0
3.05903 293.454 0
3.05972 293.594 0
3.06042 293.724 0
3.06111 293.843 0
3.06181 293.951 0
3.0625 294.048 0
3.06319 294.135 0
3.06389 294.212 0
3.06458 294.279 0
3.06528 294.336 0
3.06597 294.384 0
3.06667 294.423 0
3.06736 294.454 0
3.06806 294.477 0
3.06875 294.493 0
3.06944 294.503 0
3.07014 294.506 0
3.07083 294.504 0
3.07153 294.497 0
3.07222 294.486 0
3.07292 294.472 0
3.07361 294.456 0
3.07431 294.438 0
3.075 294.419 0
3.07569 294.4 0
3.07639 294.382 0
3.07708 294.365 0
3.07778 294.351 0
3.07847 294.34 0
3.07917 294.332 0
3.07986 294.33 0
3.08056 294.332 0
3.08125 294.341 0
3.08194 294.356 0
3.08264 294.378 0
3.08333 294.408 0
3.08403 294.446 0
3.08472 294.493 0
3.08542 294.549 0
3.08611 294.614 0
3.08681 294.69 0
3.0875 294.775 0
3.08819 294.871 0
3.08889 294.977 0
3.08958 295.094 0
3.09028 295.221 0
3.09097 295.359 0
3.09167 295.506 0
3.09236 295.664 0
3.09306 295.831 0
3.09375 296.007 0
3.09444 296.193 0
3.09514 296.388 0
3.09583 296.592 0
3.09653 296.804 0
3.09722 297.026 0
3.09792 297.255 0
3.09861 297.492 0
3.09931 297.737 0
3.1 297.989 0
3.10069 298.247 0
3.10139 298.511 0
3.10208 298.78 0
3.10278 299.055 0
3.10347 299.333 0
3.10417 299.616 0
3.10486 299.902 0
3.10556 300.191 0
3.10625 300.483 0
3.10694 300.776 0
3.10764 301.07 0
3.10833 301.365 0
3.10903 301.66 0
3.10972 301.953 0
3.11042 302.245 0
3.11111 302.535 0
3.11181 302.822 0
3.1125 303.106 0
3.11319 303.386 0
3.11389 303.662 0
3.11458 303.933 0
3.11528 304.198 0
3.11597 304.456 0
3.11667 304.708 0
3.11736 304.953 0
3.11806 305.189 0
3.11875 305.416 0
3.11944 305.634 0
3.12014 305.843 0
3.12083 306.041 0
3.12153 306.23 0
3.12222 306.407 0
3.12292 306.574 0
3.12361 306.73 0
3.12431 306.874 0
3.125 307.007 0
3.12569 307.129 0
3.12639 307.24 0
3.12708 307.339 0
3.12778 307.427 0
3.12847 307.504 0
3.12917 307.571 0
3.12986 307.628 0
3.13056 307.675 0
3.13125 307.713 0
3.13194 307.742 0
3.13264 307.763 0
3.13333 307.777 0
3.13403 307.783 0
3.13472 307.783 0
3.13542 307.778 0
3.13611 307.767 0
3.13681 307.753 0
3.1375 307.735 0
3.13819 307.714 0
3.13889 307.692 0
3.13958 307.669 0
3.14028 307.646 0
3.14097 307.623 0
3.14167 307.602 0
3.14236 307.584 0
3.14306 307.569 0
3.14375 307.558 0
3.14444 307.551 0
3.14514 307.55 0
3.14583 307.555 0
3.14653 307.567 0
3.14722 307.587 0
3.14792 307.614 0
3.14861 307.65 0
3.14931 307.694 0
3.15 307.748 0
3.15069 307.813 0
3.15139 307.887 0
3.15208 307.972 0
3.15278 308.067 0
3.15347 308.174 0
3.15417 308.291 0
3.15486 308.419 0
3.15556 308.558 0
3.15625 308.707 0
3.15694 308.867 0
3.15764 309.037 0
3.15833 309.216 0
3.15903 309.406 0
3.15972 309.605 0
3.16042 309.813 0
3.16111 310.031 0
3.16181 310.257 0
3.1625 310.493 0
3.16319 310.736 0
3.16389 310.988 0
3.16458 311.247 0
3.16528 311.513 0
3.16597 311.785 0
3.16667 312.063 0
3.16736 312.346 0
3.16806 312.634 0
3.16875 312.926 0
3.16944 313.222 0
3.17014 313.522 0
3.17083 313.824 0
3.17153 314.128 0
3.17222 314.433 0
3.17292 314.738 0
3.17361 315.044 0
3.17431 315.349 0
3.175 315.652 0
3.17569 315.953 0
3.17639 316.251 0
3.17708 316.546 0
3.17778 316.837 0
3.17847 317.124 0
3.17917 317.405 0
3.17986 317.68 0
3.18056 317.949 0
3.18125 318.21 0
3.18194 318.464 0
3.18264 318.708 0
3.18333 318.944 0
3.18403 319.17 0
3.18472 319.386 0
3.18542 319.591 0
3.18611 319.786 0
3.18681 319.969 0
