0 0
0.000694444 0.000928129
0.00138889 0.00272392
0.00208333 0.00555879
0.00277778 0.00941619
0.00347222 0.0142314
0.00416667 0.0199301
0.00486111 0.026427
0.00555556 0.0336444
0.00625 0.0415103
0.00694444 0.0499538
0.00763889 0.0588987
0.00833333 0.068257
0.00902778 0.0779268
0.00972222 0.0877945
0.0104167 0.0977434
0.0111111 0.107665
0.0118056 0.117473
0.0125 0.127111
0.0131944 0.136568
0.0138889 0.145863
0.0145833 0.155043
0.0152778 0.16417
0.0159722 0.173292
0.0166667 0.182433
0.0173611 0.191586
0.0180556 0.20071
0.01875 0.209745
0.0194444 0.218626
0.0201389 0.227306
0.0208333 0.235766
0.0215278 0.24402
0.0222222 0.25213
0.0229167 0.260172
0.0236111 0.268231
0.0243056 0.276397
0.025 0.284729
0.0256944 0.293258
0.0263889 0.302
0.0270833 0.31094
0.0277778 0.320062
0.0284722 0.329346
0.0291667 0.338784
0.0298611 0.348375
0.0305556 0.35812
0.03125 0.368017
0.0319444 0.378047
0.0326389 0.388168
0.0333333 0.398329
0.0340278 0.408444
0.0347222 0.418418
0.0354167 0.428168
0.0361111 0.437604
0.0368056 0.446661
0.0375 0.455293
0.0381944 0.463477
0.0388889 0.471205
0.0395833 0.478487
0.0402778 0.485333
0.0409722 0.491759
0.0416667 0.497776
0.0423611 0.50339
0.0430556 0.508602
0.04375 0.513404
0.0444444 0.517797
0.0451389 0.521764
0.0458333 0.525285
0.0465278 0.528346
0.0472222 0.53092
0.0479167 0.532981
0.0486111 0.534506
0.0493056 0.535477
0.05 0.535885
0.0506944 0.535728
0.0513889 0.53501
0.0520833 0.533737
0.0527778 0.531902
0.0534722 0.529499
0.0541667 0.526495
0.0548611 0.522845
0.0555556 0.518512
0.05625 0.513455
0.0569444 0.507659
0.0576389 0.501163
0.0583333 0.494049
0.0590278 0.486457
0.0597222 0.478584
0.0604167 0.470664
0.0611111 0.462946
0.0618056 0.455672
0.0625 0.449045
0.0631944 0.443212
0.0638889 0.43825
0.0645833 0.434187
0.0652778 0.430994
0.0659722 0.428617
0.0666667 0.427012
0.0673611 0.426142
0.0680556 0.426002
0.06875 0.426613
0.0694444 0.428015
0.0701389 0.430253
0.0708333 0.433358
0.0715278 0.437337
0.0722222 0.442159
0.0729167 0.447759
0.0736111 0.454044
0.0743056 0.460903
0.075 0.468223
0.0756944 0.475916
0.0763889 0.483906
0.0770833 0.492148
0.0777778 0.500636
0.0784722 0.509371
0.0791667 0.518361
0.0798611 0.527609
0.0805556 0.537095
0.08125 0.546777
0.0819444 0.556586
0.0826389 0.566441
0.0833333 0.576263
0.0840278 0.58598
0.0847222 0.595564
0.0854167 0.605008
0.0861111 0.614339
0.0868056 0.623622
0.0875 0.632923
0.0881944 0.642305
0.0888889 0.651826
0.0895833 0.661509
0.0902778 0.671353
0.0909722 0.681336
0.0916667 0.691424
0.0923611 0.70158
0.0930556 0.711769
0.09375 0.721968
0.0944444 0.732159
0.0951389 0.742318
0.0958333 0.752427
0.0965278 0.76244
0.0972222 0.772291
0.0979167 0.781907
0.0986111 0.791187
0.0993056 0.80003
0.1 0.80834
0.100694 0.816034
0.101389 0.823051
0.102083 0.82935
0.102778 0.834913
0.103472 0.83974
0.104167 0.843839
0.104861 0.847226
0.105556 0.849915
0.10625 0.851915
0.106944 0.853242
0.107639 0.853898
0.108333 0.853884
0.109028 0.853207
0.109722 0.851862
0.110417 0.849845
0.111111 0.847147
0.111806 0.84376
0.1125 0.839674
0.113194 0.834883
0.113889 0.829389
0.114583 0.823201
0.115278 0.816335
0.115972 0.808825
0.116667 0.800692
0.117361 0.791952
0.118056 0.782622
0.11875 0.772693
0.119444 0.762143
0.120139 0.750965
0.120833 0.739149
0.121528 0.726721
0.122222 0.713749
0.122917 0.700358
0.123611 0.686726
0.124306 0.673083
0.125 0.659689
0.125694 0.646811
0.126389 0.634694
0.127083 0.623547
0.127778 0.613506
0.128472 0.604641
0.129167 0.596971
0.129861 0.59046
0.130556 0.585055
0.13125 0.580704
0.131944 0.577369
0.132639 0.575036
0.133333 0.57371
0.134028 0.573404
0.134722 0.574128
0.135417 0.575869
0.136111 0.578585
0.136806 0.582199
0.1375 0.586596
0.138194 0.591654
0.138889 0.597235
0.139583 0.603206
0.140278 0.609473
0.140972 0.61596
0.141667 0.622631
0.142361 0.629479
0.143056 0.636518
0.14375 0.643767
0.144444 0.65124
0.145139 0.658929
0.145833 0.666805
0.146528 0.674816
0.147222 0.682909
0.147917 0.691023
0.148611 0.699113
0.149306 0.707177
0.15 0.715231
0.150694 0.723323
0.151389 0.731535
0.152083 0.73994
0.152778 0.748608
0.153472 0.757585
0.154167 0.766888
0.154861 0.776502
0.155556 0.786387
0.15625 0.796488
0.156944 0.806745
0.157639 0.817097
0.158333 0.827498
0.159028 0.837895
0.159722 0.848232
0.160417 0.858454
0.161111 0.868475
0.161806 0.878197
0.1625 0.887502
0.163194 0.896264
0.163889 0.904356
0.164583 0.911659
0.165278 0.918075
0.165972 0.92353
0.166667 0.927975
0.167361 0.931383
0.168056 0.933746
0.16875 0.935065
0.169444 0.935356
0.170139 0.934628
0.170833 0.932888
0.171528 0.930155
0.172222 0.926438
0.172917 0.921747
0.173611 0.916093
0.174306 0.90949
0.175 0.901947
0.175694 0.893473
0.176389 0.884077
0.177083 0.87377
0.177778 0.862563
0.178472 0.850489
0.179167 0.837579
0.179861 0.823877
0.180556 0.809442
0.18125 0.794325
0.181944 0.778572
0.182639 0.762228
0.183333 0.74532
0.184028 0.727869
0.184722 0.709902
0.185417 0.691465
0.186111 0.672642
0.186806 0.653565
0.1875 0.634424
0.188194 0.615467
0.188889 0.596977
0.189583 0.579273
0.190278 0.562652
0.190972 0.547372
0.191667 0.533641
0.192361 0.521577
0.193056 0.511225
0.19375 0.502568
0.194444 0.495543
0.195139 0.49007
0.195833 0.486069
0.196528 0.483468
0.197222 0.482203
0.197917 0.482208
0.198611 0.483404
0.199306 0.485685
0.2 0.488911
0.200694 0.492917
0.201389 0.497503
0.202083 0.502457
0.202778 0.507577
0.203472 0.512666
0.204167 0.517566
0.204861 0.522155
0.205556 0.526358
0.20625 0.530148
0.206944 0.533538
0.207639 0.536574
0.208333 0.539324
0.209028 0.541857
0.209722 0.544251
0.210417 0.546559
0.211111 0.548825
0.211806 0.551094
0.2125 0.553401
0.213194 0.555797
0.213889 0.558368
0.214583 0.561217
0.215278 0.564473
0.215972 0.568281
0.216667 0.572783
0.217361 0.578098
0.218056 0.584307
0.21875 0.59144
0.219444 0.599482
0.220139 0.608369
0.220833 0.618017
0.221528 0.628314
0.222222 0.639136
0.222917 0.650373
0.223611 0.661896
0.224306 0.673572
0.225 0.685259
0.225694 0.696794
0.226389 0.708003
0.227083 0.718697
0.227778 0.728687
0.228472 0.737792
0.229167 0.74585
0.229861 0.752728
0.230556 0.75832
0.23125 0.762549
0.231944 0.765375
0.232639 0.766769
0.233333 0.766712
0.234028 0.765211
0.234722 0.762263
0.235417 0.757875
0.236111 0.752059
0.236806 0.744831
0.2375 0.73621
0.238194 0.726224
0.238889 0.714901
0.239583 0.702269
0.240278 0.688359
0.240972 0.673209
0.241667 0.656855
0.242361 0.63934
0.243056 0.62073
0.24375 0.601097
0.244444 0.580524
0.245139 0.559123
0.245833 0.536998
0.246528 0.514264
0.247222 0.49104
0.247917 0.467451
0.248611 0.443646
0.249306 0.419813
0.25 0.396208
0.250694 0.373177
0.251389 0.35117
0.252083 0.330761
0.252778 0.312603
0.253472 0.297384
0.254167 0.285741
0.254861 0.278126
0.255556 0.27472
0.25625 0.275388
0.256944 0.279715
0.257639 0.28712
0.258333 0.296971
0.259028 0.308682
0.259722 0.321757
0.260417 0.335785
0.261111 0.350426
0.261806 0.365374
0.2625 0.380336
0.263194 0.395018
0.263889 0.409124
0.264583 0.422364
0.265278 0.434464
0.265972 0.445179
0.266667 0.454298
0.267361 0.461644
0.268056 0.467075
0.26875 0.470479
0.269444 0.471768
0.270139 0.470882
0.270833 0.46778
0.271528 0.462452
0.272222 0.454918
0.272917 0.445227
0.273611 0.433462
0.274306 0.419732
0.275 0.404169
0.275694 0.386917
0.276389 0.368131
0.277083 0.347977
0.277778 0.326638
0.278472 0.304329
0.279167 0.28132
0.279861 0.25797
0.280556 0.23477
0.28125 0.212397
0.281944 0.19178
0.282639 0.17414
0.283333 0.160971
0.284028 0.153769
0.284722 0.15353
0.285417 0.160266
0.286111 0.172987
0.286806 0.190222
0.2875 0.210522
0.288194 0.232695
0.288889 0.255835
0.289583 0.279256
0.290278 0.302429
0.290972 0.324935
0.291667 0.346437
0.292361 0.366657
0.293056 0.385375
0.29375 0.402416
0.294444 0.417657
0.295139 0.431006
0.295833 0.442407
0.296528 0.451836
0.297222 0.459285
0.297917 0.464765
0.298611 0.4683
0.299306 0.469931
0.3 0.469714
0.300694 0.467721
0.301389 0.464046
0.302083 0.458803
0.302778 0.452126
0.303472 0.444173
0.304167 0.435124
0.304861 0.425183
0.305556 0.414587
0.30625 0.40361
0.306944 0.392567
0.307639 0.381826
0.308333 0.371805
0.309028 0.362962
0.309722 0.355792
0.310417 0.350798
0.311111 0.348464
0.311806 0.349232
0.3125 0.353463
0.313194 0.361414
0.313889 0.373222
0.314583 0.388872
0.315278 0.408217
0.315972 0.430968
0.316667 0.456703
0.317361 0.48491
0.318056 0.515008
0.31875 0.546389
0.319444 0.578461
0.320139 0.610687
0.320833 0.642611
0.321528 0.673878
0.322222 0.704241
0.322917 0.733548
0.323611 0.761721
0.324306 0.788725
0.325 0.814538
0.325694 0.839114
0.326389 0.862377
0.327083 0.884212
0.327778 0.904458
0.328472 0.922941
0.329167 0.939485
0.329861 0.953928
0.330556 0.966137
0.33125 0.976013
0.331944 0.983487
0.332639 0.988516
0.333333 0.991069
0.334028 0.991127
0.334722 0.988664
0.335417 0.983673
0.336111 0.976166
0.336806 0.966172
0.3375 0.953771
0.338194 0.939091
0.338889 0.922303
0.339583 0.90363
0.340278 0.883334
0.340972 0.861695
0.341667 0.83901
0.342361 0.815575
0.343056 0.791685
0.34375 0.767638
0.344444 0.743738
0.345139 0.720312
0.345833 0.6977
0.346528 0.676285
0.347222 0.656471
0.347917 0.63866
0.348611 0.62325
0.349306 0.610589
0.35 0.600949
0.350694 0.594501
0.351389 0.591298
0.352083 0.591274
0.352778 0.59426
0.353472 0.6
0.354167 0.608182
0.354861 0.618464
0.355556 0.630496
0.35625 0.643939
0.356944 0.658463
0.357639 0.673771
0.358333 0.689598
0.359028 0.705694
0.359722 0.72185
0.360417 0.737888
0.361111 0.75366
0.361806 0.769055
0.3625 0.783998
0.363194 0.798452
0.363889 0.812418
0.364583 0.825931
0.365278 0.839064
0.365972 0.851908
0.366667 0.864587
0.367361 0.877243
0.368056 0.890024
0.36875 0.903093
0.369444 0.916621
0.370139 0.930767
0.370833 0.945695
0.371528 0.961558
0.372222 0.978491
0.372917 0.996614
0.373611 1.01603
0.374306 1.0368
0.375 1.05901
0.375694 1.08271
0.376389 1.10795
0.377083 1.13477
0.377778 1.16321
0.378472 1.1933
0.379167 1.22504
0.379861 1.25835
0.380556 1.29314
0.38125 1.32918
0.381944 1.36621
0.382639 1.40389
0.383333 1.44183
0.384028 1.47965
0.384722 1.51697
0.385417 1.55348
0.386111 1.58895
0.386806 1.62319
0.3875 1.65611
0.388194 1.68767
0.388889 1.71784
0.389583 1.7466
0.390278 1.7739
0.390972 1.79966
0.391667 1.82375
0.392361 1.84603
0.393056 1.86634
0.39375 1.8845
0.394444 1.90041
0.395139 1.91396
0.395833 1.92509
0.396528 1.93379
0.397222 1.94004
0.397917 1.94385
0.398611 1.94523
0.399306 1.9442
0.4 1.94078
0.400694 1.935
0.401389 1.92693
0.402083 1.91668
0.402778 1.90441
0.403472 1.89035
0.404167 1.87473
0.404861 1.85787
0.405556 1.84005
0.40625 1.82158
0.406944 1.80274
0.407639 1.78379
0.408333 1.76496
0.409028 1.74648
0.409722 1.72855
0.410417 1.71137
0.411111 1.69517
0.411806 1.68015
0.4125 1.66653
0.413194 1.65452
0.413889 1.64428
0.414583 1.63594
0.415278 1.62959
0.415972 1.62526
0.416667 1.62293
0.417361 1.62257
0.418056 1.62408
0.41875 1.62739
0.419444 1.63238
0.420139 1.63897
0.420833 1.64707
0.421528 1.65657
0.422222 1.66737
0.422917 1.67937
0.423611 1.69246
0.424306 1.70651
0.425 1.7214
0.425694 1.73702
0.426389 1.75327
0.427083 1.77004
0.427778 1.78729
0.428472 1.80497
0.429167 1.82306
0.429861 1.84159
0.430556 1.86056
0.43125 1.88004
0.431944 1.90008
0.432639 1.92076
0.433333 1.94215
0.434028 1.96434
0.434722 1.98741
0.435417 2.01144
0.436111 2.0365
0.436806 2.06266
0.4375 2.08996
0.438194 2.11844
0.438889 2.14812
0.439583 2.17901
0.440278 2.21114
0.440972 2.24455
0.441667 2.27924
0.442361 2.31525
0.443056 2.35259
0.44375 2.39126
0.444444 2.43118
0.445139 2.47223
0.445833 2.51422
0.446528 2.55686
0.447222 2.59984
0.447917 2.6428
0.448611 2.68537
0.449306 2.72721
0.45 2.76805
0.450694 2.80766
0.451389 2.84589
0.452083 2.88267
0.452778 2.91795
0.453472 2.9517
0.454167 2.98389
0.454861 3.01447
0.455556 3.04334
0.45625 3.07038
0.456944 3.09542
0.457639 3.11832
0.458333 3.13894
0.459028 3.15717
0.459722 3.17293
0.460417 3.18619
0.461111 3.19695
0.461806 3.20522
0.4625 3.21104
0.463194 3.21442
0.463889 3.2154
0.464583 3.21401
0.465278 3.21029
0.465972 3.20434
0.466667 3.19627
0.467361 3.18627
0.468056 3.17457
0.46875 3.16141
0.469444 3.14711
0.470139 3.13195
0.470833 3.11622
0.471528 3.10018
0.472222 3.08407
0.472917 3.06808
0.473611 3.0524
0.474306 3.0372
0.475 3.02265
0.475694 3.00892
0.476389 2.99619
0.477083 2.98464
0.477778 2.97443
0.478472 2.96573
0.479167 2.95863
0.479861 2.95322
0.480556 2.94953
0.48125 2.94759
0.481944 2.94735
0.482639 2.94878
0.483333 2.95186
0.484028 2.95654
0.484722 2.96278
0.485417 2.97056
0.486111 2.97983
0.486806 2.99057
0.4875 3.00271
0.488194 3.0162
0.488889 3.03095
0.489583 3.04687
0.490278 3.06388
0.490972 3.08188
0.491667 3.10079
0.492361 3.12057
0.493056 3.14117
0.49375 3.16257
0.494444 3.18476
0.495139 3.20775
0.495833 3.23158
0.496528 3.25627
0.497222 3.28188
0.497917 3.30844
0.498611 3.33602
0.499306 3.36467
0.5 3.39443
0.500694 3.42536
0.501389 3.45748
0.502083 3.4908
0.502778 3.52534
0.503472 3.5611
0.504167 3.59807
0.504861 3.63626
0.505556 3.67567
0.50625 3.71633
0.506944 3.75825
0.507639 3.80142
0.508333 3.84582
0.509028 3.89136
0.509722 3.9379
0.510417 3.98522
0.511111 4.03305
0.511806 4.08104
0.5125 4.12886
0.513194 4.17613
0.513889 4.22253
0.514583 4.2678
0.515278 4.31172
0.515972 4.35415
0.516667 4.39503
0.517361 4.4343
0.518056 4.47194
0.51875 4.50791
0.519444 4.54213
0.520139 4.57449
0.520833 4.60487
0.521528 4.63312
0.522222 4.65907
0.522917 4.68261
0.523611 4.70362
0.524306 4.72207
0.525 4.73792
0.525694 4.75119
0.526389 4.76191
0.527083 4.77011
0.527778 4.77584
0.528472 4.77912
0.529167 4.78
0.529861 4.77853
0.530556 4.77481
0.53125 4.76898
0.531944 4.76122
0.532639 4.75178
0.533333 4.74091
0.534028 4.72891
0.534722 4.71607
0.535417 4.70267
0.536111 4.68896
0.536806 4.67514
0.5375 4.66142
0.538194 4.64796
0.538889 4.6349
0.539583 4.62241
0.540278 4.61065
0.540972 4.59979
0.541667 4.58999
0.542361 4.58142
0.543056 4.57422
0.54375 4.5685
0.544444 4.56433
0.545139 4.56177
0.545833 4.56083
0.546528 4.56151
0.547222 4.56379
0.547917 4.56767
0.548611 4.57313
0.549306 4.58017
0.55 4.58879
0.550694 4.59898
0.551389 4.61075
0.552083 4.62405
0.552778 4.63884
0.553472 4.65506
0.554167 4.67265
0.554861 4.69151
0.555556 4.71158
0.55625 4.7328
0.556944 4.7551
0.557639 4.77846
0.558333 4.80284
0.559028 4.82825
0.559722 4.85468
0.560417 4.88217
0.561111 4.91073
0.561806 4.94039
0.5625 4.97119
0.563194 5.00317
0.563889 5.03638
0.564583 5.07084
0.565278 5.10658
0.565972 5.14361
0.566667 5.18194
0.567361 5.22156
0.568056 5.26245
0.56875 5.30461
0.569444 5.34802
0.570139 5.39269
0.570833 5.43861
0.571528 5.4858
0.572222 5.53424
0.572917 5.58387
0.573611 5.63461
0.574306 5.68628
0.575 5.73866
0.575694 5.79144
0.576389 5.84429
0.577083 5.89686
0.577778 5.94877
0.578472 5.99971
0.579167 6.04942
0.579861 6.0977
0.580556 6.14443
0.58125 6.18952
0.581944 6.23293
0.582639 6.27462
0.583333 6.31454
0.584028 6.3526
0.584722 6.38869
0.585417 6.42267
0.586111 6.45437
0.586806 6.48366
0.5875 6.5104
0.588194 6.53451
0.588889 6.55595
0.589583 6.5747
0.590278 6.5908
0.590972 6.60427
0.591667 6.61516
0.592361 6.6235
0.593056 6.62933
0.59375 6.63271
0.594444 6.6337
0.595139 6.6324
0.595833 6.62895
0.596528 6.62356
0.597222 6.61646
0.597917 6.60793
0.598611 6.59826
0.599306 6.58774
0.6 6.57664
0.600694 6.5652
0.601389 6.55362
0.602083 6.54209
0.602778 6.53075
0.603472 6.51976
0.604167 6.50926
0.604861 6.49943
0.605556 6.49041
0.60625 6.48239
0.606944 6.47551
0.607639 6.46992
0.608333 6.46574
0.609028 6.46303
0.609722 6.46185
0.610417 6.46223
0.611111 6.46418
0.611806 6.46769
0.6125 6.47278
0.613194 6.47946
0.613889 6.48774
0.614583 6.49764
0.615278 6.50918
0.615972 6.52235
0.616667 6.53716
0.617361 6.55356
0.618056 6.57151
0.61875 6.59093
0.619444 6.61178
0.620139 6.63398
0.620833 6.65747
0.621528 6.68221
0.622222 6.70816
0.622917 6.73531
0.623611 6.76365
0.624306 6.79319
0.625 6.82394
0.625694 6.85592
0.626389 6.88917
0.627083 6.9237
0.627778 6.95955
0.628472 6.99676
0.629167 7.03535
0.629861 7.07533
0.630556 7.11672
0.63125 7.15949
0.631944 7.20364
0.632639 7.24914
0.633333 7.29597
0.634028 7.34412
0.634722 7.39357
0.635417 7.44434
0.636111 7.49641
0.636806 7.54975
0.6375 7.6043
0.638194 7.65994
0.638889 7.71649
0.639583 7.7737
0.640278 7.83127
0.640972 7.88883
0.641667 7.94602
0.642361 8.00249
0.643056 8.05792
0.64375 8.11206
0.644444 8.16472
0.645139 8.21577
0.645833 8.26513
0.646528 8.31276
0.647222 8.35859
0.647917 8.40258
0.648611 8.44463
0.649306 8.48459
0.65 8.52233
0.650694 8.55769
0.651389 8.59051
0.652083 8.62068
0.652778 8.64813
0.653472 8.67281
0.654167 8.69472
0.654861 8.7139
0.655556 8.73037
0.65625 8.7442
0.656944 8.75541
0.657639 8.76405
0.658333 8.77017
0.659028 8.77383
0.659722 8.77516
0.660417 8.77431
0.661111 8.77147
0.661806 8.7669
0.6625 8.76087
0.663194 8.75369
0.663889 8.74562
0.664583 8.73694
0.665278 8.72788
0.665972 8.71864
0.666667 8.70937
0.667361 8.70025
0.668056 8.69141
0.66875 8.683
0.669444 8.67519
0.670139 8.66813
0.670833 8.66199
0.671528 8.65694
0.672222 8.65311
0.672917 8.65062
0.673611 8.64955
0.674306 8.64995
0.675 8.65185
0.675694 8.65528
0.676389 8.66025
0.677083 8.66678
0.677778 8.67489
0.678472 8.68462
0.679167 8.69601
0.679861 8.70907
0.680556 8.72382
0.68125 8.74026
0.681944 8.75837
0.682639 8.7781
0.683333 8.79941
0.684028 8.82222
0.684722 8.84649
0.685417 8.87216
0.686111 8.8992
0.686806 8.92758
0.6875 8.95729
0.688194 8.98832
0.688889 9.02068
0.689583 9.05439
0.690278 9.08946
0.690972 9.12593
0.691667 9.16381
0.692361 9.20314
0.693056 9.24395
0.69375 9.28625
0.694444 9.33007
0.695139 9.37538
0.695833 9.42219
0.696528 9.47047
0.697222 9.52018
0.697917 9.57131
0.698611 9.62383
0.699306 9.67773
0.7 9.73302
0.700694 9.78966
0.701389 9.84762
0.702083 9.90682
0.702778 9.96713
0.703472 10.0283
0.704167 10.0902
0.704861 10.1524
0.705556 10.2145
0.70625 10.2762
0.706944 10.3372
0.707639 10.397
0.708333 10.4556
0.709028 10.5126
0.709722 10.568
0.710417 10.6216
0.711111 10.6735
0.711806 10.7236
0.7125 10.7717
0.713194 10.8178
0.713889 10.8618
0.714583 10.9034
0.715278 10.9426
0.715972 10.9791
0.716667 11.0129
0.717361 11.0439
0.718056 11.072
0.71875 11.0973
0.719444 11.1198
0.720139 11.1396
0.720833 11.1566
0.721528 11.1709
0.722222 11.1826
0.722917 11.1917
0.723611 11.1983
0.724306 11.2025
0.725 11.2044
0.725694 11.2044
0.726389 11.2026
0.727083 11.1992
0.727778 11.1948
0.728472 11.1893
0.729167 11.1833
0.729861 11.1768
0.730556 11.17
0.73125 11.1632
0.731944 11.1565
0.732639 11.1499
0.733333 11.1438
0.734028 11.1381
0.734722 11.1332
0.735417 11.1291
0.736111 11.126
0.736806 11.1241
0.7375 11.1234
0.738194 11.1242
0.738889 11.1263
0.739583 11.1299
0.740278 11.135
0.740972 11.1415
0.741667 11.1496
0.742361 11.1593
0.743056 11.1706
0.74375 11.1836
0.744444 11.1982
0.745139 11.2146
0.745833 11.2327
0.746528 11.2526
0.747222 11.2741
0.747917 11.2972
0.748611 11.3219
0.749306 11.3482
0.75 11.3759
0.750694 11.4051
0.751389 11.4357
0.752083 11.4677
0.752778 11.5012
0.753472 11.5361
0.754167 11.5725
0.754861 11.6104
0.755556 11.6498
0.75625 11.6907
0.756944 11.7332
0.757639 11.7772
0.758333 11.8229
0.759028 11.8702
0.759722 11.9191
0.760417 11.9696
0.761111 12.0217
0.761806 12.0753
0.7625 12.1304
0.763194 12.187
0.763889 12.245
0.764583 12.3045
0.765278 12.3655
0.765972 12.4278
0.766667 12.4914
0.767361 12.5562
0.768056 12.6219
0.76875 12.6882
0.769444 12.7549
0.770139 12.8214
0.770833 12.8875
0.771528 12.9529
0.772222 13.0171
0.772917 13.08
0.773611 13.1413
0.774306 13.2011
0.775 13.259
0.775694 13.3152
0.776389 13.3695
0.777083 13.4219
0.777778 13.4722
0.778472 13.5203
0.779167 13.5659
0.779861 13.6091
0.780556 13.6495
0.78125 13.6871
0.781944 13.7218
0.782639 13.7536
0.783333 13.7825
0.784028 13.8085
0.784722 13.8317
0.785417 13.8521
0.786111 13.8698
0.786806 13.8848
0.7875 13.8971
0.788194 13.9069
0.788889 13.9142
0.789583 13.9192
0.790278 13.9222
0.790972 13.9234
0.791667 13.923
0.792361 13.9214
0.793056 13.9189
0.79375 13.9157
0.794444 13.9119
0.795139 13.9079
0.795833 13.9037
0.796528 13.8996
0.797222 13.8955
0.797917 13.8918
0.798611 13.8885
0.799306 13.8858
0.8 13.8839
0.800694 13.883
0.801389 13.8832
0.802083 13.8845
0.802778 13.8872
0.803472 13.8912
0.804167 13.8966
0.804861 13.9034
0.805556 13.9117
0.80625 13.9214
0.806944 13.9328
0.807639 13.9457
0.808333 13.9603
0.809028 13.9766
0.809722 13.9946
0.810417 14.0144
0.811111 14.0359
0.811806 14.0591
0.8125 14.084
0.813194 14.1105
0.813889 14.1386
0.814583 14.1682
0.815278 14.1994
0.815972 14.2321
0.816667 14.2662
0.817361 14.3019
0.818056 14.3392
0.81875 14.378
0.819444 14.4184
0.820139 14.4603
0.820833 14.504
0.821528 14.5493
0.822222 14.5963
0.822917 14.6451
0.823611 14.6955
0.824306 14.7477
0.825 14.8016
0.825694 14.8572
0.826389 14.9144
0.827083 14.9732
0.827778 15.0335
0.828472 15.0955
0.829167 15.159
0.829861 15.224
0.830556 15.2905
0.83125 15.3583
0.831944 15.4273
0.832639 15.4973
0.833333 15.5679
0.834028 15.6389
0.834722 15.7098
0.835417 15.7802
0.836111 15.8498
0.836806 15.9184
0.8375 15.9855
0.838194 16.0512
0.838889 16.1153
0.839583 16.1776
0.840278 16.2381
0.840972 16.2967
0.841667 16.3534
0.842361 16.4079
0.843056 16.4602
0.84375 16.51
0.844444 16.5572
0.845139 16.6017
0.845833 16.6432
0.846528 16.6818
0.847222 16.7175
0.847917 16.7502
0.848611 16.78
0.849306 16.8069
0.85 16.831
0.850694 16.8522
0.851389 16.8708
0.852083 16.8866
0.852778 16.8997
0.853472 16.9104
0.854167 16.9188
0.854861 16.925
0.855556 16.9295
0.85625 16.9323
0.856944 16.9339
0.857639 16.9345
0.858333 16.9343
0.859028 16.9336
0.859722 16.9325
0.860417 16.9312
0.861111 16.9298
0.861806 16.9284
0.8625 16.9273
0.863194 16.9265
0.863889 16.9263
0.864583 16.9268
0.865278 16.9282
0.865972 16.9306
0.866667 16.9341
0.867361 16.9389
0.868056 16.9448
0.86875 16.9521
0.869444 16.9608
0.870139 16.9709
0.870833 16.9824
0.871528 16.9954
0.872222 17.01
0.872917 17.0263
0.873611 17.0442
0.874306 17.0639
0.875 17.0852
0.875694 17.1084
0.876389 17.1332
0.877083 17.1597
0.877778 17.1879
0.878472 17.2177
0.879167 17.249
0.879861 17.282
0.880556 17.3165
0.88125 17.3526
0.881944 17.3903
0.882639 17.4296
0.883333 17.4705
0.884028 17.5132
0.884722 17.5575
0.885417 17.6036
0.886111 17.6515
0.886806 17.7012
0.8875 17.7527
0.888194 17.8061
0.888889 17.8612
0.889583 17.9182
0.890278 17.977
0.890972 18.0375
0.891667 18.0997
0.892361 18.1636
0.893056 18.2292
0.89375 18.2964
0.894444 18.3653
0.895139 18.4357
0.895833 18.5076
0.896528 18.5807
0.897222 18.6548
0.897917 18.7296
0.898611 18.8047
0.899306 18.8797
0.9 18.9544
0.900694 19.0282
0.901389 19.101
0.902083 19.1725
0.902778 19.2424
0.903472 19.3108
0.904167 19.3774
0.904861 19.4423
0.905556 19.5053
0.90625 19.5664
0.906944 19.6252
0.907639 19.6818
0.908333 19.7359
0.909028 19.7873
0.909722 19.8359
0.910417 19.8816
0.911111 19.9243
0.911806 19.964
0.9125 20.0007
0.913194 20.0345
0.913889 20.0653
0.914583 20.0933
0.915278 20.1184
0.915972 20.1407
0.916667 20.1602
0.917361 20.1771
0.918056 20.1914
0.91875 20.2033
0.919444 20.2132
0.920139 20.2211
0.920833 20.2274
0.921528 20.2324
0.922222 20.2364
0.922917 20.2396
0.923611 20.2421
0.924306 20.2441
0.925 20.2459
0.925694 20.2475
0.926389 20.249
0.927083 20.2507
0.927778 20.2527
0.928472 20.2551
0.929167 20.2582
0.929861 20.262
0.930556 20.2668
0.93125 20.2726
0.931944 20.2795
0.932639 20.2876
0.933333 20.2969
0.934028 20.3075
0.934722 20.3194
0.935417 20.3327
0.936111 20.3474
0.936806 20.3637
0.9375 20.3816
0.938194 20.4011
0.938889 20.4224
0.939583 20.4453
0.940278 20.47
0.940972 20.4963
0.941667 20.5244
0.942361 20.5541
0.943056 20.5854
0.94375 20.6183
0.944444 20.6528
0.945139 20.689
0.945833 20.7268
0.946528 20.7662
0.947222 20.8074
0.947917 20.8502
0.948611 20.8949
0.949306 20.9413
0.95 20.9896
0.950694 21.0397
0.951389 21.0918
0.952083 21.1458
0.952778 21.2018
0.953472 21.2597
0.954167 21.3195
0.954861 21.3812
0.955556 21.4448
0.95625 21.5102
0.956944 21.5774
0.957639 21.6464
0.958333 21.7171
0.959028 21.7896
0.959722 21.8638
0.960417 21.9395
0.961111 22.0165
0.961806 22.0945
0.9625 22.1733
0.963194 22.2525
0.963889 22.3316
0.964583 22.4104
0.965278 22.4884
0.965972 22.5653
0.966667 22.641
0.967361 22.7153
0.968056 22.788
0.96875 22.859
0.969444 22.9283
0.970139 22.9957
0.970833 23.0611
0.971528 23.1244
0.972222 23.1854
0.972917 23.2438
0.973611 23.2996
0.974306 23.3525
0.975 23.4025
0.975694 23.4495
0.976389 23.4934
0.977083 23.5344
0.977778 23.5723
0.978472 23.6073
0.979167 23.6394
0.979861 23.6686
0.980556 23.6949
0.98125 23.7184
0.981944 23.7392
0.982639 23.7574
0.983333 23.7732
0.984028 23.7868
0.984722 23.7985
0.985417 23.8086
0.986111 23.8173
0.986806 23.8249
0.9875 23.8316
0.988194 23.8376
0.988889 23.8431
0.989583 23.8481
0.990278 23.8529
0.990972 23.8576
0.991667 23.8623
0.992361 23.8672
0.993056 23.8724
0.99375 23.8782
0.994444 23.8846
0.995139 23.8919
0.995833 23.9001
0.996528 23.9093
0.997222 23.9196
0.997917 23.931
0.998611 23.9436
0.999306 23.9574
1 23.9725
1.00069 23.989
1.00139 24.007
1.00208 24.0264
1.00278 24.0475
1.00347 24.0703
1.00417 24.0947
1.00486 24.1208
1.00556 24.1486
1.00625 24.178
1.00694 24.2091
1.00764 24.2417
1.00833 24.2761
1.00903 24.312
1.00972 24.3496
1.01042 24.3889
1.01111 24.4299
1.01181 24.4726
1.0125 24.5171
1.01319 24.5635
1.01389 24.6117
1.01458 24.6619
1.01528 24.7141
1.01597 24.7683
1.01667 24.8246
1.01736 24.8829
1.01806 24.9432
1.01875 25.0056
1.01944 25.07
1.02014 25.1364
1.02083 25.2047
1.02153 25.275
1.02222 25.3472
1.02292 25.4213
1.02361 25.4972
1.02431 25.5749
1.025 25.6542
1.02569 25.735
1.02639 25.8168
1.02708 25.8995
1.02778 25.9826
1.02847 26.0657
1.02917 26.1485
1.02986 26.2306
1.03056 26.3117
1.03125 26.3915
1.03194 26.47
1.03264 26.5471
1.03333 26.6225
1.03403 26.6962
1.03472 26.7681
1.03542 26.838
1.03611 26.9058
1.03681 26.9713
1.0375 27.0342
1.03819 27.0944
1.03889 27.1518
1.03958 27.2063
1.04028 27.2577
1.04097 27.306
1.04167 27.3514
1.04236 27.3938
1.04306 27.4332
1.04375 27.4696
1.04444 27.5031
1.04514 27.5337
1.04583 27.5614
1.04653 27.5864
1.04722 27.6088
1.04792 27.6287
1.04861 27.6464
1.04931 27.6621
1.05 27.6762
1.05069 27.6889
1.05139 27.7003
1.05208 27.7108
1.05278 27.7206
1.05347 27.7297
1.05417 27.7382
1.05486 27.7465
1.05556 27.7544
1.05625 27.7623
1.05694 27.7703
1.05764 27.7786
1.05833 27.7872
1.05903 27.7964
1.05972 27.8063
1.06042 27.8171
1.06111 27.8286
1.06181 27.8412
1.0625 27.8547
1.06319 27.8694
1.06389 27.8851
1.06458 27.902
1.06528 27.9203
1.06597 27.9399
1.06667 27.961
1.06736 27.9836
1.06806 28.0078
1.06875 28.0336
1.06944 28.061
1.07014 28.0901
1.07083 28.1207
1.07153 28.153
1.07222 28.1869
1.07292 28.2224
1.07361 28.2595
1.07431 28.2984
1.075 28.3389
1.07569 28.3812
1.07639 28.4253
1.07708 28.4712
1.07778 28.5191
1.07847 28.5689
1.07917 28.6208
1.07986 28.6747
1.08056 28.7308
1.08125 28.789
1.08194 28.8494
1.08264 28.912
1.08333 28.9767
1.08403 29.0435
1.08472 29.1125
1.08542 29.1835
1.08611 29.2566
1.08681 29.3318
1.0875 29.409
1.08819 29.4882
1.08889 29.5693
1.08958 29.6521
1.09028 29.7364
1.09097 29.822
1.09167 29.9084
1.09236 29.9953
1.09306 30.0823
1.09375 30.169
1.09444 30.2551
1.09514 30.3403
1.09583 30.4243
1.09653 30.5071
1.09722 30.5884
1.09792 30.6682
1.09861 30.7464
1.09931 30.8228
1.1 30.8973
1.10069 30.9697
1.10139 31.0398
1.10208 31.1073
1.10278 31.1722
1.10347 31.2342
1.10417 31.2932
1.10486 31.3492
1.10556 31.4023
1.10625 31.4522
1.10694 31.4992
1.10764 31.5432
1.10833 31.5842
1.10903 31.6223
1.10972 31.6574
1.11042 31.6896
1.11111 31.7191
1.11181 31.7458
1.1125 31.7701
1.11319 31.7922
1.11389 31.8122
1.11458 31.8306
1.11528 31.8474
1.11597 31.863
1.11667 31.8776
1.11736 31.8913
1.11806 31.9042
1.11875 31.9166
1.11944 31.9284
1.12014 31.9399
1.12083 31.9512
1.12153 31.9625
1.12222 31.9739
1.12292 31.9856
1.12361 31.9977
1.12431 32.0103
1.125 32.0237
1.12569 32.0377
1.12639 32.0526
1.12708 32.0684
1.12778 32.0851
1.12847 32.1028
1.12917 32.1216
1.12986 32.1415
1.13056 32.1628
1.13125 32.1854
1.13194 32.2094
1.13264 32.235
1.13333 32.2621
1.13403 32.2907
1.13472 32.3209
1.13542 32.3527
1.13611 32.386
1.13681 32.4209
1.1375 32.4574
1.13819 32.4956
1.13889 32.5354
1.13958 32.577
1.14028 32.6204
1.14097 32.6656
1.14167 32.7127
1.14236 32.7618
1.14306 32.813
1.14375 32.8663
1.14444 32.9217
1.14514 32.9794
1.14583 33.0393
1.14653 33.1016
1.14722 33.1661
1.14792 33.2329
1.14861 33.3019
1.14931 33.3733
1.15 33.4468
1.15069 33.5226
1.15139 33.6005
1.15208 33.6807
1.15278 33.7629
1.15347 33.8472
1.15417 33.9333
1.15486 34.0211
1.15556 34.1102
1.15625 34.2002
1.15694 34.2908
1.15764 34.3816
1.15833 34.4722
1.15903 34.5622
1.15972 34.6515
1.16042 34.7397
1.16111 34.8267
1.16181 34.9124
1.1625 34.9966
1.16319 35.0793
1.16389 35.1603
1.16458 35.2394
1.16528 35.3165
1.16597 35.3913
1.16667 35.4635
1.16736 35.5331
1.16806 35.5999
1.16875 35.6637
1.16944 35.7246
1.17014 35.7824
1.17083 35.8372
1.17153 35.889
1.17222 35.9379
1.17292 35.9837
1.17361 36.0265
1.17431 36.0664
1.175 36.1034
1.17569 36.1375
1.17639 36.169
1.17708 36.1979
1.17778 36.2246
1.17847 36.2492
1.17917 36.2721
1.17986 36.2934
1.18056 36.3134
1.18125 36.3322
1.18194 36.3501
1.18264 36.3671
1.18333 36.3834
1.18403 36.3991
1.18472 36.4143
1.18542 36.4292
1.18611 36.4439
1.18681 36.4586
1.1875 36.4735
1.18819 36.4886
1.18889 36.5042
1.18958 36.5202
1.19028 36.5369
1.19097 36.5542
1.19167 36.5722
1.19236 36.591
1.19306 36.6106
1.19375 36.6312
1.19444 36.6529
1.19514 36.6758
1.19583 36.6998
1.19653 36.7253
1.19722 36.7521
1.19792 36.7803
1.19861 36.81
1.19931 36.8412
1.2 36.8739
1.20069 36.9082
1.20139 36.9439
1.20208 36.9813
1.20278 37.0202
1.20347 37.0609
1.20417 37.1033
1.20486 37.1475
1.20556 37.1936
1.20625 37.2417
1.20694 37.2918
1.20764 37.344
1.20833 37.3985
1.20903 37.4552
1.20972 37.5143
1.21042 37.5757
1.21111 37.6395
1.21181 37.7058
1.2125 37.7744
1.21319 37.8455
1.21389 37.9189
1.21458 37.9947
1.21528 38.0729
1.21597 38.1535
1.21667 38.2364
1.21736 38.3216
1.21806 38.4089
1.21875 38.4982
1.21944 38.5892
1.22014 38.6817
1.22083 38.7753
1.22153 38.8695
1.22222 38.964
1.22292 39.0584
1.22361 39.1523
1.22431 39.2456
1.225 39.3379
1.22569 39.4292
1.22639 39.5192
1.22708 39.608
1.22778 39.6952
1.22847 39.7809
1.22917 39.8647
1.22986 39.9465
1.23056 40.0261
1.23125 40.1032
1.23194 40.1777
1.23264 40.2494
1.23333 40.3182
1.23403 40.384
1.23472 40.4468
1.23542 40.5067
1.23611 40.5636
1.23681 40.6174
1.2375 40.6683
1.23819 40.7162
1.23889 40.7611
1.23958 40.8031
1.24028 40.8422
1.24097 40.8786
1.24167 40.9124
1.24236 40.9439
1.24306 40.9734
1.24375 41.001
1.24444 41.0271
1.24514 41.0517
1.24583 41.0751
1.24653 41.0974
1.24722 41.1187
1.24792 41.1392
1.24861 41.1589
1.24931 41.178
1.25 41.1967
1.25069 41.215
1.25139 41.2332
1.25208 41.2513
1.25278 41.2696
1.25347 41.2881
1.25417 41.307
1.25486 41.3263
1.25556 41.346
1.25625 41.3663
1.25694 41.3872
1.25764 41.4089
1.25833 41.4313
1.25903 41.4546
1.25972 41.479
1.26042 41.5045
1.26111 41.5312
1.26181 41.5592
1.2625 41.5885
1.26319 41.6192
1.26389 41.6512
1.26458 41.6847
1.26528 41.7196
1.26597 41.7561
1.26667 41.794
1.26736 41.8336
1.26806 41.8748
1.26875 41.9178
1.26944 41.9627
1.27014 42.0095
1.27083 42.0583
1.27153 42.1092
1.27222 42.1622
1.27292 42.2176
1.27361 42.2754
1.27431 42.3356
1.275 42.3983
1.27569 42.4635
1.27639 42.5312
1.27708 42.6015
1.27778 42.6743
1.27847 42.7497
1.27917 42.8276
1.27986 42.908
1.28056 42.991
1.28125 43.0765
1.28194 43.1644
1.28264 43.2546
1.28333 43.3469
1.28403 43.4411
1.28472 43.5369
1.28542 43.6339
1.28611 43.7316
1.28681 43.8297
1.2875 43.9279
1.28819 44.0257
1.28889 44.1229
1.28958 44.2194
1.29028 44.3149
1.29097 44.4094
1.29167 44.5026
1.29236 44.5945
1.29306 44.6848
1.29375 44.7735
1.29444 44.8601
1.29514 44.9446
1.29583 45.0267
1.29653 45.1062
1.29722 45.183
1.29792 45.2569
1.29861 45.3279
1.29931 45.396
1.3 45.4611
1.30069 45.5232
1.30139 45.5824
1.30208 45.6385
1.30278 45.6917
1.30347 45.7418
1.30417 45.789
1.30486 45.8334
1.30556 45.875
1.30625 45.914
1.30694 45.9506
1.30764 45.9852
1.30833 46.0178
1.30903 46.0488
1.30972 46.0783
1.31042 46.1065
1.31111 46.1334
1.31181 46.1593
1.3125 46.1841
1.31319 46.2081
1.31389 46.2313
1.31458 46.2539
1.31528 46.276
1.31597 46.2978
1.31667 46.3194
1.31736 46.3409
1.31806 46.3625
1.31875 46.3842
1.31944 46.4062
1.32014 46.4284
1.32083 46.451
1.32153 46.4741
1.32222 46.4977
1.32292 46.5219
1.32361 46.5469
1.32431 46.5727
1.325 46.5996
1.32569 46.6275
1.32639 46.6565
1.32708 46.6867
1.32778 46.7182
1.32847 46.751
1.32917 46.7851
1.32986 46.8206
1.33056 46.8575
1.33125 46.8959
1.33194 46.9358
1.33264 46.9775
1.33333 47.0209
1.33403 47.0661
1.33472 47.1133
1.33542 47.1626
1.33611 47.214
1.33681 47.2677
1.3375 47.3238
1.33819 47.3824
1.33889 47.4435
1.33958 47.5072
1.34028 47.5735
1.34097 47.6425
1.34167 47.7142
1.34236 47.7886
1.34306 47.8657
1.34375 47.9455
1.34444 48.028
1.34514 48.1133
1.34583 48.2011
1.34653 48.2916
1.34722 48.3846
1.34792 48.4798
1.34861 48.5771
1.34931 48.676
1.35 48.7763
1.35069 48.8775
1.35139 48.9791
1.35208 49.081
1.35278 49.1826
1.35347 49.2838
1.35417 49.3844
1.35486 49.4842
1.35556 49.5831
1.35625 49.6809
1.35694 49.7774
1.35764 49.8726
1.35833 49.9661
1.35903 50.0577
1.35972 50.1473
1.36042 50.2345
1.36111 50.3191
1.36181 50.4011
1.3625 50.4803
1.36319 50.5567
1.36389 50.6302
1.36458 50.7007
1.36528 50.7683
1.36597 50.833
1.36667 50.8947
1.36736 50.9533
1.36806 51.009
1.36875 51.0617
1.36944 51.1115
1.37014 51.1585
1.37083 51.203
1.37153 51.245
1.37222 51.2849
1.37292 51.3228
1.37361 51.359
1.37431 51.3936
1.375 51.4268
1.37569 51.4586
1.37639 51.4892
1.37708 51.5186
1.37778 51.547
1.37847 51.5745
1.37917 51.6012
1.37986 51.6272
1.38056 51.6527
1.38125 51.6778
1.38194 51.7027
1.38264 51.7275
1.38333 51.7522
1.38403 51.7769
1.38472 51.8016
1.38542 51.8266
1.38611 51.8518
1.38681 51.8773
1.3875 51.9033
1.38819 51.9299
