0 0
0.000694444 0.00106209
0.00138889 0.00212894
0.00208333 0.00320039
0.00277778 0.0042763
0.00347222 0.00535654
0.00416667 0.00644094
0.00486111 0.00752936
0.00555556 0.00862306
0.00625 0.00971858
0.00694444 0.0108177
0.00763889 0.0119202
0.00833333 0.0130246
0.00902778 0.0141341
0.00972222 0.0152479
0.0104167 0.0163613
0.0111111 0.0174793
0.0118056 0.0186012
0.0125 0.0197222
0.0131944 0.0208473
0.0138889 0.0219745
0.0145833 0.0231036
0.0152778 0.0242345
0.0159722 0.025367
0.0166667 0.0265023
0.0173611 0.0276371
0.0180556 0.028773
0.01875 0.02991
0.0194444 0.0310464
0.0201389 0.0321854
0.0208333 0.0333264
0.0215278 0.0344644
0.0222222 0.0356046
0.0229167 0.0367462
0.0236111 0.0378846
0.0243056 0.0390245
0.025 0.0401641
0.0256944 0.0413032
0.0263889 0.0424415
0.0270833 0.043579
0.0277778 0.0447169
0.0284722 0.0458504
0.0291667 0.0469844
0.0298611 0.0481183
0.0305556 0.0492474
0.03125 0.0503766
0.0319444 0.0515051
0.0326389 0.0526284
0.0333333 0.0537513
0.0340278 0.0548718
0.0347222 0.0559897
0.0354167 0.057105
0.0361111 0.0582173
0.0368056 0.059328
0.0375 0.0604337
0.0381944 0.0615361
0.0388889 0.0626349
0.0395833 0.0637288
0.0402778 0.0648208
0.0409722 0.0659101
0.0416667 0.0669922
0.0423611 0.0680719
0.0430556 0.0691485
0.04375 0.0702174
0.0444444 0.0712834
0.0451389 0.0723445
0.0458333 0.0734007
0.0465278 0.0744517
0.0472222 0.0754974
0.0479167 0.076539
0.0486111 0.0775731
0.0493056 0.0786015
0.05 0.079624
0.0506944 0.080639
0.0513889 0.0816497
0.0520833 0.0826555
0.0527778 0.0836515
0.0534722 0.0846427
0.0541667 0.0856285
0.0548611 0.0866041
0.0555556 0.0875745
0.05625 0.0885377
0.0569444 0.0894935
0.0576389 0.0904418
0.0583333 0.0913825
0.0590278 0.0923167
0.0597222 0.0932397
0.0604167 0.0941566
0.0611111 0.0950666
0.0618056 0.0959649
0.0625 0.0968567
0.0631944 0.0977412
0.0638889 0.0986136
0.0645833 0.099479
0.0652778 0.100335
0.0659722 0.101183
0.0666667 0.10202
0.0673611 0.102849
0.0680556 0.103669
0.06875 0.104478
0.0694444 0.105276
0.0701389 0.106065
0.0708333 0.106842
0.0715278 0.107611
0.0722222 0.108371
0.0729167 0.109117
0.0736111 0.109855
0.0743056 0.110583
0.075 0.111297
0.0756944 0.112001
0.0763889 0.112695
0.0770833 0.113378
0.0777778 0.114049
0.0784722 0.114708
0.0791667 0.115358
0.0798611 0.115994
0.0805556 0.116617
0.08125 0.117229
0.0819444 0.117828
0.0826389 0.118416
0.0833333 0.118994
0.0840278 0.119555
0.0847222 0.120106
0.0854167 0.120646
0.0861111 0.12117
0.0868056 0.121683
0.0875 0.122183
0.0881944 0.12267
0.0888889 0.123144
0.0895833 0.123604
0.0902778 0.124053
0.0909722 0.124485
0.0916667 0.124905
0.0923611 0.125313
0.0930556 0.125704
0.09375 0.126083
0.0944444 0.12645
0.0951389 0.126799
0.0958333 0.127137
0.0965278 0.12746
0.0972222 0.127768
0.0979167 0.128063
0.0986111 0.128343
0.0993056 0.12861
0.1 0.12886
0.100694 0.129096
0.101389 0.129317
0.102083 0.129522
0.102778 0.129714
0.103472 0.129892
0.104167 0.130052
0.104861 0.130199
0.105556 0.130332
0.10625 0.130447
0.106944 0.130548
0.107639 0.130634
0.108333 0.130705
0.109028 0.13076
0.109722 0.1308
0.110417 0.130826
0.111111 0.130834
0.111806 0.130826
0.1125 0.130803
0.113194 0.130762
0.113889 0.130708
0.114583 0.13064
0.115278 0.130552
0.115972 0.130451
0.116667 0.130335
0.117361 0.130199
0.118056 0.13005
0.11875 0.129885
0.119444 0.129704
0.120139 0.129507
0.120833 0.129294
0.121528 0.129067
0.122222 0.12882
0.122917 0.128559
0.123611 0.128284
0.124306 0.127988
0.125 0.127679
0.125694 0.127357
0.126389 0.127013
0.127083 0.126656
0.127778 0.126284
0.128472 0.125895
0.129167 0.125491
0.129861 0.125071
0.130556 0.124637
0.13125 0.124184
0.131944 0.123716
0.132639 0.123233
0.133333 0.122731
0.134028 0.122217
0.134722 0.12169
0.135417 0.121142
0.136111 0.120582
0.136806 0.120009
0.1375 0.119416
0.138194 0.11881
0.138889 0.11819
0.139583 0.117555
0.140278 0.116906
0.140972 0.116242
0.141667 0.115566
0.142361 0.114872
0.143056 0.114165
0.14375 0.113443
0.144444 0.112706
0.145139 0.111958
0.145833 0.111199
0.146528 0.110422
0.147222 0.109635
0.147917 0.108838
0.148611 0.108022
0.149306 0.107198
0.15 0.106361
0.150694 0.105514
0.151389 0.104655
0.152083 0.103785
0.152778 0.102908
0.153472 0.102013
0.154167 0.101113
0.154861 0.100206
0.155556 0.0992828
0.15625 0.0983554
0.156944 0.0974231
0.157639 0.096476
0.158333 0.0955261
0.159028 0.0945698
0.159722 0.0936076
0.160417 0.0926403
0.161111 0.0916684
0.161806 0.0906962
0.1625 0.0897163
0.163194 0.0887342
0.163889 0.0877506
0.164583 0.0867629
0.165278 0.0857805
0.165972 0.084803
0.166667 0.0838195
0.167361 0.0828444
0.168056 0.0818779
0.16875 0.0809084
0.169444 0.0799514
0.170139 0.079003
0.170833 0.0780648
0.171528 0.0771381
0.172222 0.0762247
0.172917 0.0753304
0.173611 0.074447
0.174306 0.0735821
0.175 0.0727376
0.175694 0.071911
0.176389 0.0711149
0.177083 0.0703501
0.177778 0.0696033
0.178472 0.068894
0.179167 0.068223
0.179861 0.0675767
0.180556 0.0669753
0.18125 0.0664149
0.181944 0.0658979
0.182639 0.0654268
0.183333 0.0650041
0.184028 0.0646373
0.184722 0.0643117
0.185417 0.0640486
0.186111 0.0638485
0.186806 0.0636959
0.1875 0.0636122
0.188194 0.0635972
0.188889 0.063635
0.189583 0.0637465
0.190278 0.0639257
0.190972 0.0641735
0.191667 0.0644907
0.192361 0.0648777
0.193056 0.06534
0.19375 0.0658652
0.194444 0.0664603
0.195139 0.0671248
0.195833 0.0678531
0.196528 0.0686563
0.197222 0.0695314
0.197917 0.0704607
0.198611 0.0714612
0.199306 0.0725297
0.2 0.0736486
0.200694 0.0748342
0.201389 0.0760783
0.202083 0.0773793
0.202778 0.0787355
0.203472 0.0801453
0.204167 0.0816112
0.204861 0.0831213
0.205556 0.0846801
0.20625 0.0862858
0.206944 0.0879328
0.207639 0.0896292
0.208333 0.0913717
0.209028 0.0931458
0.209722 0.0949645
0.210417 0.0968249
0.211111 0.0987132
0.211806 0.100642
0.2125 0.102605
0.213194 0.104601
0.213889 0.106628
0.214583 0.108686
0.215278 0.110778
0.215972 0.11289
0.216667 0.115034
0.217361 0.117208
0.218056 0.119401
0.21875 0.121622
0.219444 0.123872
0.220139 0.126137
0.220833 0.128429
0.221528 0.130743
0.222222 0.133079
0.222917 0.135434
0.223611 0.13781
0.224306 0.140208
0.225 0.142621
0.225694 0.145051
0.226389 0.1475
0.227083 0.149963
0.227778 0.152446
0.228472 0.154947
0.229167 0.157458
0.229861 0.159988
0.230556 0.162534
0.23125 0.165089
0.231944 0.16766
0.232639 0.170245
0.233333 0.172843
0.234028 0.175453
0.234722 0.178075
0.235417 0.180711
0.236111 0.183356
0.236806 0.186011
0.2375 0.188677
0.238194 0.19135
0.238889 0.194037
0.239583 0.196735
0.240278 0.199437
0.240972 0.202151
0.241667 0.204876
0.242361 0.207604
0.243056 0.210342
0.24375 0.213088
0.244444 0.215841
0.245139 0.218602
0.245833 0.221369
0.246528 0.224144
0.247222 0.22692
0.247917 0.229706
0.248611 0.232498
0.249306 0.235291
0.25 0.238092
0.250694 0.240899
0.251389 0.243707
0.252083 0.24652
0.252778 0.249338
0.253472 0.25216
0.254167 0.254984
0.254861 0.257812
0.255556 0.260644
0.25625 0.263476
0.256944 0.266311
0.257639 0.269148
0.258333 0.271985
0.259028 0.274825
0.259722 0.277668
0.260417 0.280509
0.261111 0.283353
0.261806 0.286198
0.2625 0.28904
0.263194 0.291885
0.263889 0.294729
0.264583 0.297572
0.265278 0.300415
0.265972 0.303257
0.266667 0.306099
0.267361 0.308937
0.268056 0.311774
0.26875 0.314609
0.269444 0.317441
0.270139 0.320271
0.270833 0.323101
0.271528 0.325924
0.272222 0.328746
0.272917 0.331566
0.273611 0.33438
0.274306 0.337191
0.275 0.339998
0.275694 0.342801
0.276389 0.345599
0.277083 0.348392
0.277778 0.351182
0.278472 0.353964
0.279167 0.356741
0.279861 0.359514
0.280556 0.362278
0.28125 0.365038
0.281944 0.367793
0.282639 0.370538
0.283333 0.373277
0.284028 0.37601
0.284722 0.378735
0.285417 0.381453
0.286111 0.384163
0.286806 0.386866
0.2875 0.389559
0.288194 0.392244
0.288889 0.39492
0.289583 0.397586
0.290278 0.400244
0.290972 0.402894
0.291667 0.405532
0.292361 0.408161
0.293056 0.410782
0.29375 0.413389
0.294444 0.415988
0.295139 0.418576
0.295833 0.421153
0.296528 0.423718
0.297222 0.426273
0.297917 0.428816
0.298611 0.431347
0.299306 0.433865
0.3 0.436371
0.300694 0.438864
0.301389 0.441345
0.302083 0.443815
0.302778 0.446268
0.303472 0.44871
0.304167 0.45114
0.304861 0.453553
0.305556 0.455953
0.30625 0.458339
0.306944 0.460711
0.307639 0.463068
0.308333 0.465411
0.309028 0.467739
0.309722 0.47005
0.310417 0.472346
0.311111 0.474628
0.311806 0.476891
0.3125 0.47914
0.313194 0.481374
0.313889 0.483588
0.314583 0.485787
0.315278 0.48797
0.315972 0.490135
0.316667 0.492283
0.317361 0.494413
0.318056 0.496526
0.31875 0.49862
0.319444 0.500697
0.320139 0.502754
0.320833 0.504792
0.321528 0.506813
0.322222 0.508816
0.322917 0.510798
0.323611 0.512761
0.324306 0.514706
0.325 0.516629
0.325694 0.518533
0.326389 0.520417
0.327083 0.522281
0.327778 0.524125
0.328472 0.525947
0.329167 0.52775
0.329861 0.529531
0.330556 0.53129
0.33125 0.533028
0.331944 0.534744
0.332639 0.536439
0.333333 0.538113
0.334028 0.539762
0.334722 0.541391
0.335417 0.542998
0.336111 0.54458
0.336806 0.546141
0.3375 0.547679
0.338194 0.549194
0.338889 0.550685
0.339583 0.552153
0.340278 0.553598
0.340972 0.555016
0.341667 0.556413
0.342361 0.557786
0.343056 0.559132
0.34375 0.560455
0.344444 0.561755
0.345139 0.563027
0.345833 0.564276
0.346528 0.5655
0.347222 0.566698
0.347917 0.567871
0.348611 0.569018
0.349306 0.570141
0.35 0.571236
0.350694 0.572306
0.351389 0.573349
0.352083 0.574365
0.352778 0.575355
0.353472 0.57632
0.354167 0.577256
0.354861 0.578167
0.355556 0.579051
0.35625 0.579906
0.356944 0.580735
0.357639 0.581536
0.358333 0.58231
0.359028 0.583056
0.359722 0.583775
0.360417 0.584466
0.361111 0.585128
0.361806 0.585761
0.3625 0.586367
0.363194 0.586943
0.363889 0.587491
0.364583 0.588012
0.365278 0.588502
0.365972 0.588965
0.366667 0.589399
0.367361 0.589802
0.368056 0.590177
0.36875 0.590522
0.369444 0.590838
0.370139 0.591125
0.370833 0.591381
0.371528 0.591609
0.372222 0.591805
0.372917 0.591972
0.373611 0.592111
0.374306 0.592216
0.375 0.592293
0.375694 0.592341
0.376389 0.592355
0.377083 0.592341
0.377778 0.592296
0.378472 0.59222
0.379167 0.592114
0.379861 0.591977
0.380556 0.591809
0.38125 0.59161
0.381944 0.59138
0.382639 0.591118
0.383333 0.590824
0.384028 0.590501
0.384722 0.590147
0.385417 0.589759
0.386111 0.589342
0.386806 0.588894
0.3875 0.588412
0.388194 0.587899
0.388889 0.587355
0.389583 0.58678
0.390278 0.586173
0.390972 0.585534
0.391667 0.584864
0.392361 0.584161
0.393056 0.583426
0.39375 0.58266
0.394444 0.58186
0.395139 0.58103
0.395833 0.580168
0.396528 0.579273
0.397222 0.578346
0.397917 0.577389
0.398611 0.576397
0.399306 0.575375
0.4 0.57432
0.400694 0.573233
0.401389 0.572114
0.402083 0.570963
0.402778 0.569781
0.403472 0.568565
0.404167 0.567317
0.404861 0.566039
0.405556 0.564726
0.40625 0.563383
0.406944 0.562008
0.407639 0.560599
0.408333 0.559159
0.409028 0.557687
0.409722 0.556184
0.410417 0.554648
0.411111 0.55308
0.411806 0.551482
0.4125 0.54985
0.413194 0.548187
0.413889 0.546491
0.414583 0.544763
0.415278 0.543005
0.415972 0.541216
0.416667 0.539393
0.417361 0.53754
0.418056 0.535657
0.41875 0.53374
0.419444 0.531793
0.420139 0.529814
0.420833 0.527805
0.421528 0.525765
0.422222 0.523693
0.422917 0.521592
0.423611 0.519459
0.424306 0.517295
0.425 0.5151
0.425694 0.512873
0.426389 0.510618
0.427083 0.508334
0.427778 0.506017
0.428472 0.503671
0.429167 0.501297
0.429861 0.49889
0.430556 0.496455
0.43125 0.493991
0.431944 0.491497
0.432639 0.488974
0.433333 0.486422
0.434028 0.483843
0.434722 0.481232
0.435417 0.478594
0.436111 0.475929
0.436806 0.473232
0.4375 0.47051
0.438194 0.467761
0.438889 0.464981
0.439583 0.462176
0.440278 0.459344
0.440972 0.456485
0.441667 0.453599
0.442361 0.450687
0.443056 0.44775
0.44375 0.444785
0.444444 0.441794
0.445139 0.438778
0.445833 0.435735
0.446528 0.432669
0.447222 0.429581
0.447917 0.426464
0.448611 0.423326
0.449306 0.420166
0.45 0.416979
0.450694 0.413771
0.451389 0.41054
0.452083 0.407287
0.452778 0.404013
0.453472 0.400717
0.454167 0.397403
0.454861 0.394065
0.455556 0.390707
0.45625 0.387329
0.456944 0.38393
0.457639 0.380516
0.458333 0.377085
0.459028 0.373632
0.459722 0.370165
0.460417 0.366684
0.461111 0.363181
0.461806 0.359667
0.4625 0.356138
0.463194 0.352595
0.463889 0.349038
0.464583 0.34547
0.465278 0.341892
0.465972 0.338298
0.466667 0.334697
0.467361 0.331089
0.468056 0.327467
0.46875 0.323841
0.469444 0.320212
0.470139 0.316571
0.470833 0.312929
0.471528 0.309284
0.472222 0.305638
0.472917 0.30199
0.473611 0.298344
0.474306 0.294702
0.475 0.29106
0.475694 0.287422
0.476389 0.283791
0.477083 0.280165
0.477778 0.276553
0.478472 0.272956
0.479167 0.269364
0.479861 0.265793
0.480556 0.262242
0.48125 0.258704
0.481944 0.255191
0.482639 0.251704
0.483333 0.248243
0.484028 0.244813
0.484722 0.241414
0.485417 0.238055
0.486111 0.23473
0.486806 0.231446
0.4875 0.228208
0.488194 0.225014
0.488889 0.221878
0.489583 0.218803
0.490278 0.215778
0.490972 0.212824
0.491667 0.209942
0.492361 0.207125
0.493056 0.204391
0.49375 0.20174
0.494444 0.199178
0.495139 0.196708
0.495833 0.194337
0.496528 0.192075
0.497222 0.189911
0.497917 0.187867
0.498611 0.185949
0.499306 0.184145
0.5 0.182478
0.500694 0.180953
0.501389 0.179556
0.502083 0.178313
0.502778 0.177222
0.503472 0.176285
0.504167 0.175508
0.504861 0.174894
0.505556 0.174452
0.50625 0.174172
0.506944 0.174063
0.507639 0.174128
0.508333 0.174362
0.509028 0.174779
0.509722 0.175376
0.510417 0.176136
0.511111 0.177077
0.511806 0.178196
0.5125 0.179473
0.513194 0.180925
0.513889 0.182543
0.514583 0.184322
0.515278 0.18626
0.515972 0.188352
0.516667 0.1906
0.517361 0.192987
0.518056 0.195516
0.51875 0.198182
0.519444 0.200975
0.520139 0.203903
0.520833 0.206959
0.521528 0.210122
0.522222 0.213405
0.522917 0.216802
0.523611 0.220293
0.524306 0.22389
0.525 0.227583
0.525694 0.231369
0.526389 0.235242
0.527083 0.239199
0.527778 0.243241
0.528472 0.247349
0.529167 0.251537
0.529861 0.255798
0.530556 0.260117
0.53125 0.264504
0.531944 0.268956
0.532639 0.273457
0.533333 0.278018
0.534028 0.282631
0.534722 0.287295
0.535417 0.292006
0.536111 0.296763
0.536806 0.301566
0.5375 0.306406
0.538194 0.311285
0.538889 0.316201
0.539583 0.32115
0.540278 0.326136
0.540972 0.331158
0.541667 0.336203
0.542361 0.341281
0.543056 0.34639
0.54375 0.351518
0.544444 0.356674
0.545139 0.361853
0.545833 0.367055
0.546528 0.372277
0.547222 0.377519
0.547917 0.382783
0.548611 0.38806
0.549306 0.393353
0.55 0.398662
0.550694 0.403982
0.551389 0.40932
0.552083 0.414673
0.552778 0.420031
0.553472 0.425403
0.554167 0.430788
0.554861 0.436176
0.555556 0.441576
0.55625 0.446983
0.556944 0.452396
0.557639 0.457816
0.558333 0.463241
0.559028 0.468673
0.559722 0.474103
0.560417 0.479539
0.561111 0.48498
0.561806 0.490418
0.5625 0.49586
0.563194 0.501305
0.563889 0.506745
0.564583 0.512187
0.565278 0.517628
0.565972 0.523067
0.566667 0.528504
0.567361 0.533938
0.568056 0.539371
0.56875 0.544797
0.569444 0.550218
0.570139 0.555635
0.570833 0.561044
0.571528 0.566449
0.572222 0.571851
0.572917 0.57724
0.573611 0.582625
0.574306 0.588004
0.575 0.59337
0.575694 0.59873
0.576389 0.60408
0.577083 0.609421
0.577778 0.614751
0.578472 0.620071
0.579167 0.625381
0.579861 0.630677
0.580556 0.635961
0.58125 0.641233
0.581944 0.64649
0.582639 0.651736
0.583333 0.656971
0.584028 0.662187
0.584722 0.667391
0.585417 0.672582
0.586111 0.677753
0.586806 0.682911
0.5875 0.688053
0.588194 0.693178
0.588889 0.698287
0.589583 0.703378
0.590278 0.708453
0.590972 0.713506
0.591667 0.718543
0.592361 0.723563
0.593056 0.72856
0.59375 0.733539
0.594444 0.7385
0.595139 0.743437
0.595833 0.748356
0.596528 0.753253
0.597222 0.75813
0.597917 0.762984
0.598611 0.767816
0.599306 0.772628
0.6 0.777414
0.600694 0.782178
0.601389 0.786918
0.602083 0.791632
0.602778 0.796325
0.603472 0.800994
0.604167 0.805635
0.604861 0.810253
0.605556 0.814847
0.60625 0.819412
0.606944 0.823952
0.607639 0.828466
0.608333 0.832953
0.609028 0.837413
0.609722 0.841845
0.610417 0.846252
0.611111 0.850628
0.611806 0.854975
0.6125 0.859294
0.613194 0.863582
0.613889 0.867843
0.614583 0.872076
0.615278 0.876275
0.615972 0.880446
0.616667 0.884588
0.617361 0.888695
0.618056 0.892773
0.61875 0.89682
0.619444 0.900835
0.620139 0.904818
0.620833 0.908769
0.621528 0.912688
0.622222 0.916571
0.622917 0.920422
0.623611 0.924242
0.624306 0.928024
0.625 0.931775
0.625694 0.935492
0.626389 0.939171
0.627083 0.942817
0.627778 0.946428
0.628472 0.950004
0.629167 0.953544
0.629861 0.957048
0.630556 0.960517
0.63125 0.963948
0.631944 0.967341
0.632639 0.970698
0.633333 0.974016
0.634028 0.977298
0.634722 0.980544
0.635417 0.983749
0.636111 0.986917
0.636806 0.990048
0.6375 0.993137
0.638194 0.996189
0.638889 0.999201
0.639583 1.00217
0.640278 1.00511
0.640972 1.008
0.641667 1.01086
0.642361 1.01367
0.643056 1.01644
0.64375 1.01917
0.644444 1.02186
0.645139 1.0245
0.645833 1.02711
0.646528 1.02968
0.647222 1.0322
0.647917 1.03468
0.648611 1.03712
0.649306 1.03951
0.65 1.04187
0.650694 1.04418
0.651389 1.04644
0.652083 1.04866
0.652778 1.05085
0.653472 1.05298
0.654167 1.05507
0.654861 1.05712
0.655556 1.05912
0.65625 1.06108
0.656944 1.06299
0.657639 1.06486
0.658333 1.06668
0.659028 1.06846
0.659722 1.07019
0.660417 1.07188
0.661111 1.07352
0.661806 1.07512
0.6625 1.07667
0.663194 1.07817
0.663889 1.07962
0.664583 1.08103
0.665278 1.08239
0.665972 1.08371
0.666667 1.08498
0.667361 1.0862
0.668056 1.08737
0.66875 1.0885
0.669444 1.08958
0.670139 1.09061
0.670833 1.09159
0.671528 1.09253
0.672222 1.09341
0.672917 1.09426
0.673611 1.09505
0.674306 1.09579
0.675 1.09648
0.675694 1.09712
0.676389 1.09772
0.677083 1.09827
0.677778 1.09876
0.678472 1.09921
0.679167 1.09961
0.679861 1.09996
0.680556 1.10026
0.68125 1.10051
0.681944 1.10071
0.682639 1.10086
0.683333 1.10097
0.684028 1.10102
0.684722 1.10102
0.685417 1.10097
0.686111 1.10088
0.686806 1.10073
0.6875 1.10053
0.688194 1.10028
0.688889 1.09998
0.689583 1.09963
0.690278 1.09923
0.690972 1.09879
0.691667 1.09829
0.692361 1.09774
0.693056 1.09714
0.69375 1.09648
0.694444 1.09578
0.695139 1.09503
0.695833 1.09422
0.696528 1.09337
0.697222 1.09247
0.697917 1.09151
0.698611 1.0905
0.699306 1.08945
0.7 1.08834
0.700694 1.08718
0.701389 1.08597
0.702083 1.08472
0.702778 1.08341
0.703472 1.08205
0.704167 1.08064
0.704861 1.07918
0.705556 1.07766
0.70625 1.0761
0.706944 1.07449
0.707639 1.07282
0.708333 1.07111
0.709028 1.06935
0.709722 1.06753
0.710417 1.06567
0.711111 1.06376
0.711806 1.06179
0.7125 1.05978
0.713194 1.05772
0.713889 1.0556
0.714583 1.05344
0.715278 1.05123
0.715972 1.04896
0.716667 1.04665
0.717361 1.04429
0.718056 1.04188
0.71875 1.03942
0.719444 1.03692
0.720139 1.03436
0.720833 1.03175
0.721528 1.0291
0.722222 1.0264
0.722917 1.02364
0.723611 1.02085
0.724306 1.018
0.725 1.01511
0.725694 1.01216
0.726389 1.00917
0.727083 1.00613
0.727778 1.00305
0.728472 0.999919
0.729167 0.996739
0.729861 0.993514
0.730556 0.990245
0.73125 0.986926
0.731944 0.983563
0.732639 0.980154
0.733333 0.9767
0.734028 0.973201
0.734722 0.969656
0.735417 0.966069
0.736111 0.962435
0.736806 0.958757
0.7375 0.955034
0.738194 0.951266
0.738889 0.947457
0.739583 0.943607
0.740278 0.939709
0.740972 0.935772
0.741667 0.931794
0.742361 0.92777
0.743056 0.923707
0.74375 0.919603
0.744444 0.915458
0.745139 0.911272
0.745833 0.907046
0.746528 0.902783
0.747222 0.898475
0.747917 0.894131
0.748611 0.88975
0.749306 0.885326
0.75 0.880868
0.750694 0.876374
0.751389 0.871838
0.752083 0.867269
0.752778 0.862663
0.753472 0.858023
0.754167 0.853347
0.754861 0.848636
0.755556 0.843894
0.75625 0.839116
0.756944 0.834304
0.757639 0.82946
0.758333 0.824582
0.759028 0.819676
0.759722 0.814742
0.760417 0.809771
0.761111 0.804775
0.761806 0.799753
0.7625 0.794697
0.763194 0.789616
0.763889 0.784509
0.764583 0.779376
0.765278 0.774218
0.765972 0.769036
0.766667 0.763832
0.767361 0.758602
0.768056 0.75335
0.76875 0.748076
0.769444 0.74278
0.770139 0.737468
0.770833 0.73214
0.771528 0.726788
0.772222 0.721423
0.772917 0.716046
0.773611 0.710647
0.774306 0.705239
0.775 0.699818
0.775694 0.694386
0.776389 0.688944
0.777083 0.683493
0.777778 0.678037
0.778472 0.672568
0.779167 0.667098
0.779861 0.661627
0.780556 0.656147
0.78125 0.65067
0.781944 0.645197
0.782639 0.639718
0.783333 0.634248
0.784028 0.628783
0.784722 0.623324
0.785417 0.617875
0.786111 0.612436
0.786806 0.607013
0.7875 0.6016
0.788194 0.596203
0.788889 0.590824
0.789583 0.585462
0.790278 0.580128
0.790972 0.574821
0.791667 0.569534
0.792361 0.564281
0.793056 0.559063
0.79375 0.553871
0.794444 0.548721
0.795139 0.543611
0.795833 0.538544
0.796528 0.533522
0.797222 0.528548
0.797917 0.52363
0.798611 0.51876
0.799306 0.513949
0.8 0.509198
0.800694 0.504507
0.801389 0.49989
0.802083 0.495348
0.802778 0.490871
0.803472 0.486478
0.804167 0.482172
0.804861 0.477942
0.805556 0.473809
0.80625 0.469769
0.806944 0.465828
0.807639 0.461989
0.808333 0.458257
0.809028 0.45464
0.809722 0.451127
0.810417 0.44774
0.811111 0.444481
0.811806 0.441338
0.8125 0.438335
0.813194 0.435472
0.813889 0.432739
0.814583 0.430157
0.815278 0.427723
0.815972 0.425443
0.816667 0.423319
0.817361 0.421356
0.818056 0.419562
0.81875 0.417929
0.819444 0.416466
0.820139 0.415177
0.820833 0.41406
0.821528 0.41313
0.822222 0.412387
0.822917 0.411815
0.823611 0.411437
0.824306 0.411251
0.825 0.411283
0.825694 0.411471
0.826389 0.41185
0.827083 0.41242
0.827778 0.413181
0.828472 0.414134
0.829167 0.415283
0.829861 0.416614
0.830556 0.418135
0.83125 0.419843
0.831944 0.421732
0.832639 0.423812
0.833333 0.42608
0.834028 0.428516
0.834722 0.431136
0.835417 0.433936
0.836111 0.436896
0.836806 0.440032
0.8375 0.443333
0.838194 0.446797
0.838889 0.45042
0.839583 0.454198
0.840278 0.458133
0.840972 0.462204
0.841667 0.466427
0.842361 0.470795
0.843056 0.475288
0.84375 0.479922
0.844444 0.484689
0.845139 0.489571
0.845833 0.494581
0.846528 0.499709
0.847222 0.504952
0.847917 0.510305
0.848611 0.515766
0.849306 0.521335
0.85 0.526997
0.850694 0.532756
0.851389 0.538609
0.852083 0.544547
0.852778 0.550578
0.853472 0.556696
0.854167 0.562885
0.854861 0.569157
0.855556 0.575508
0.85625 0.58192
0.856944 0.588407
0.857639 0.59496
0.858333 0.601576
0.859028 0.608252
0.859722 0.614987
0.860417 0.62178
0.861111 0.628622
0.861806 0.635515
0.8625 0.642456
0.863194 0.64944
0.863889 0.656474
0.864583 0.663552
0.865278 0.670663
0.865972 0.677816
0.866667 0.685008
0.867361 0.692227
0.868056 0.699482
0.86875 0.706768
0.869444 0.714083
0.870139 0.721425
0.870833 0.728792
0.871528 0.736186
0.872222 0.743595
0.872917 0.751028
0.873611 0.758484
0.874306 0.76595
0.875 0.773437
0.875694 0.780941
0.876389 0.788452
0.877083 0.795979
0.877778 0.803516
0.878472 0.811064
0.879167 0.818619
0.879861 0.826182
0.880556 0.833753
0.88125 0.841325
0.881944 0.848901
0.882639 0.856479
0.883333 0.864056
0.884028 0.871636
0.884722 0.879219
0.885417 0.886794
0.886111 0.894369
0.886806 0.901943
0.8875 0.909507
0.888194 0.917068
0.888889 0.924622
0.889583 0.932169
0.890278 0.939707
0.890972 0.947236
0.891667 0.954757
0.892361 0.962264
0.893056 0.969758
0.89375 0.97724
0.894444 0.984705
0.895139 0.99216
0.895833 0.999602
0.896528 1.00702
0.897222 1.01443
0.897917 1.02182
0.898611 1.02919
0.899306 1.03654
0.9 1.04387
0.900694 1.05118
0.901389 1.05847
0.902083 1.06574
0.902778 1.07299
0.903472 1.08021
0.904167 1.0874
0.904861 1.09458
0.905556 1.10172
0.90625 1.10885
0.906944 1.11594
0.907639 1.12301
0.908333 1.13005
0.909028 1.13706
0.909722 1.14404
0.910417 1.151
0.911111 1.15792
0.911806 1.16481
0.9125 1.17167
0.913194 1.1785
0.913889 1.1853
0.914583 1.19206
0.915278 1.19879
0.915972 1.20548
0.916667 1.21214
0.917361 1.21876
0.918056 1.22535
0.91875 1.2319
0.919444 1.23842
0.920139 1.2449
0.920833 1.25133
0.921528 1.25774
0.922222 1.2641
0.922917 1.27042
0.923611 1.2767
0.924306 1.28294
0.925 1.28914
0.925694 1.2953
0.926389 1.30142
0.927083 1.30749
0.927778 1.31352
0.928472 1.31951
0.929167 1.32545
0.929861 1.33135
0.930556 1.33721
0.93125 1.34302
0.931944 1.34878
0.932639 1.3545
0.933333 1.36017
0.934028 1.3658
0.934722 1.37137
0.935417 1.3769
0.936111 1.38238
0.936806 1.38781
0.9375 1.3932
0.938194 1.39853
0.938889 1.40382
0.939583 1.40905
0.940278 1.41423
0.940972 1.41937
0.941667 1.42445
0.942361 1.42948
0.943056 1.43445
0.94375 1.43938
0.944444 1.44425
0.945139 1.44907
0.945833 1.45383
0.946528 1.45854
0.947222 1.4632
0.947917 1.4678
0.948611 1.47234
0.949306 1.47684
0.95 1.48127
0.950694 1.48565
0.951389 1.48997
0.952083 1.49424
0.952778 1.49845
0.953472 1.5026
0.954167 1.5067
0.954861 1.51073
0.955556 1.51471
0.95625 1.51863
0.956944 1.52249
0.957639 1.52629
0.958333 1.53004
0.959028 1.53372
0.959722 1.53734
0.960417 1.5409
0.961111 1.5444
0.961806 1.54784
0.9625 1.55122
0.963194 1.55454
0.963889 1.5578
0.964583 1.561
0.965278 1.56413
0.965972 1.5672
0.966667 1.57021
0.967361 1.57316
0.968056 1.57604
0.96875 1.57886
0.969444 1.58161
0.970139 1.5843
0.970833 1.58693
0.971528 1.5895
0.972222 1.592
0.972917 1.59443
0.973611 1.5968
0.974306 1.59911
0.975 1.60135
0.975694 1.60352
0.976389 1.60563
0.977083 1.60768
0.977778 1.60965
0.978472 1.61157
0.979167 1.61341
0.979861 1.61519
0.980556 1.61691
0.98125 1.61855
0.981944 1.62013
0.982639 1.62164
0.983333 1.62309
0.984028 1.62447
0.984722 1.62578
0.985417 1.62702
0.986111 1.6282
0.986806 1.62931
0.9875 1.63035
0.988194 1.63132
0.988889 1.63222
0.989583 1.63306
0.990278 1.63383
0.990972 1.63453
0.991667 1.63516
0.992361 1.63572
0.993056 1.63621
0.99375 1.63664
0.994444 1.637
0.995139 1.63729
0.995833 1.6375
0.996528 1.63766
0.997222 1.63774
0.997917 1.63775
0.998611 1.6377
0.999306 1.63757
1 1.63737
1.00069 1.63711
1.00139 1.63678
1.00208 1.63638
1.00278 1.6359
1.00347 1.63537
1.00417 1.63476
1.00486 1.63408
1.00556 1.63333
1.00625 1.63252
1.00694 1.63163
1.00764 1.63068
1.00833 1.62965
1.00903 1.62856
1.00972 1.6274
1.01042 1.62617
1.01111 1.62487
1.01181 1.6235
1.0125 1.62206
1.01319 1.62056
1.01389 1.61899
1.01458 1.61734
1.01528 1.61563
1.01597 1.61386
1.01667 1.61201
1.01736 1.6101
1.01806 1.60811
1.01875 1.60606
1.01944 1.60394
1.02014 1.60176
1.02083 1.5995
1.02153 1.59718
1.02222 1.59479
1.02292 1.59234
1.02361 1.58982
1.02431 1.58723
1.025 1.58458
1.02569 1.58185
1.02639 1.57907
1.02708 1.57621
1.02778 1.5733
1.02847 1.57031
1.02917 1.56726
1.02986 1.56415
1.03056 1.56097
1.03125 1.55772
1.03194 1.55442
1.03264 1.55104
1.03333 1.5476
1.03403 1.5441
1.03472 1.54054
1.03542 1.53691
1.03611 1.53322
1.03681 1.52947
1.0375 1.52566
1.03819 1.52178
1.03889 1.51784
1.03958 1.51384
1.04028 1.50978
1.04097 1.50566
1.04167 1.50148
1.04236 1.49723
1.04306 1.49294
1.04375 1.48857
1.04444 1.48415
1.04514 1.47968
1.04583 1.47514
1.04653 1.47055
1.04722 1.4659
1.04792 1.46119
1.04861 1.45643
1.04931 1.45161
1.05 1.44673
1.05069 1.4418
1.05139 1.43681
1.05208 1.43178
1.05278 1.42668
1.05347 1.42154
1.05417 1.41634
1.05486 1.41109
1.05556 1.40579
1.05625 1.40044
1.05694 1.39503
1.05764 1.38958
1.05833 1.38408
1.05903 1.37853
1.05972 1.37293
1.06042 1.36729
1.06111 1.3616
1.06181 1.35586
1.0625 1.35007
1.06319 1.34425
1.06389 1.33837
1.06458 1.33246
1.06528 1.3265
1.06597 1.3205
1.06667 1.31446
1.06736 1.30838
1.06806 1.30226
1.06875 1.2961
1.06944 1.2899
1.07014 1.28367
1.07083 1.2774
1.07153 1.27109
1.07222 1.26475
1.07292 1.25838
1.07361 1.25197
1.07431 1.24554
1.075 1.23906
1.07569 1.23257
1.07639 1.22604
1.07708 1.21949
1.07778 1.21291
1.07847 1.2063
1.07917 1.19967
1.07986 1.19302
1.08056 1.18634
1.08125 1.17965
1.08194 1.17293
1.08264 1.16619
1.08333 1.15944
1.08403 1.15267
1.08472 1.14589
1.08542 1.1391
1.08611 1.13229
1.08681 1.12547
1.0875 1.11865
1.08819 1.11182
1.08889 1.10498
1.08958 1.09814
1.09028 1.09129
1.09097 1.08444
1.09167 1.0776
1.09236 1.07076
1.09306 1.06391
1.09375 1.05708
1.09444 1.05026
1.09514 1.04343
1.09583 1.03663
1.09653 1.02984
1.09722 1.02306
1.09792 1.0163
1.09861 1.00956
1.09931 1.00285
1.1 0.996152
1.10069 0.989482
1.10139 0.98284
1.10208 0.976225
1.10278 0.969648
1.10347 0.963111
1.10417 0.956602
1.10486 0.950138
1.10556 0.943722
1.10625 0.937342
1.10694 0.931015
1.10764 0.924739
1.10833 0.918517
1.10903 0.912351
1.10972 0.906245
1.11042 0.900206
1.11111 0.894226
1.11181 0.888315
1.1125 0.882475
1.11319 0.876705
1.11389 0.871019
1.11458 0.865418
1.11528 0.859891
1.11597 0.854458
1.11667 0.849121
1.11736 0.843867
1.11806 0.838717
1.11875 0.833668
1.11944 0.828724
1.12014 0.823888
1.12083 0.819163
1.12153 0.814559
1.12222 0.810062
1.12292 0.805694
1.12361 0.801456
1.12431 0.797336
1.125 0.793356
1.12569 0.789517
1.12639 0.785806
1.12708 0.782245
1.12778 0.77883
1.12847 0.775565
1.12917 0.772454
1.12986 0.769498
1.13056 0.766708
1.13125 0.764073
1.13194 0.761603
1.13264 0.759301
1.13333 0.757166
1.13403 0.755211
1.13472 0.753438
1.13542 0.751831
1.13611 0.750411
1.13681 0.749181
1.1375 0.748122
1.13819 0.747257
1.13889 0.74658
1.13958 0.746093
1.14028 0.745798
1.14097 0.745694
1.14167 0.745788
1.14236 0.746069
1.14306 0.746544
1.14375 0.747213
1.14444 0.748072
1.14514 0.749132
1.14583 0.750393
1.14653 0.751835
1.14722 0.753478
1.14792 0.755319
1.14861 0.757339
1.14931 0.759556
1.15 0.761964
1.15069 0.764559
1.15139 0.76734
1.15208 0.770306
1.15278 0.77346
1.15347 0.776782
1.15417 0.78029
1.15486 0.78398
1.15556 0.78783
1.15625 0.791859
1.15694 0.796062
1.15764 0.800419
1.15833 0.804946
1.15903 0.809634
1.15972 0.814479
1.16042 0.819479
1.16111 0.82463
1.16181 0.829935
1.1625 0.835378
1.16319 0.840963
1.16389 0.846688
1.16458 0.852544
1.16528 0.858539
1.16597 0.864668
1.16667 0.870913
1.16736 0.877287
1.16806 0.883786
1.16875 0.89039
1.16944 0.897115
1.17014 0.90395
1.17083 0.910892
1.17153 0.917939
1.17222 0.925087
1.17292 0.932337
1.17361 0.939677
1.17431 0.947109
1.175 0.954629
1.17569 0.962232
1.17639 0.969925
1.17708 0.977702
1.17778 0.985547
1.17847 0.993473
1.17917 1.00148
1.17986 1.00954
1.18056 1.01767
1.18125 1.02587
1.18194 1.03414
1.18264 1.04246
1.18333 1.05083
1.18403 1.05927
1.18472 1.06775
1.18542 1.07629
1.18611 1.08487
1.18681 1.0935
1.1875 1.10217
1.18819 1.11089
1.18889 1.11963
1.18958 1.12842
1.19028 1.13725
1.19097 1.1461
1.19167 1.15499
1.19236 1.16391
1.19306 1.17285
1.19375 1.18182
1.19444 1.19081
1.19514 1.19982
1.19583 1.20885
1.19653 1.2179
1.19722 1.22697
1.19792 1.23605
1.19861 1.24515
1.19931 1.25426
1.2 1.26337
1.20069 1.27249
1.20139 1.28163
1.20208 1.29076
1.20278 1.29991
1.20347 1.30905
1.20417 1.3182
1.20486 1.32734
1.20556 1.33648
1.20625 1.34562
1.20694 1.35475
1.20764 1.36388
1.20833 1.373
1.20903 1.38211
1.20972 1.39122
1.21042 1.40031
1.21111 1.40939
1.21181 1.41846
1.2125 1.42751
1.21319 1.43655
1.21389 1.44557
1.21458 1.45457
1.21528 1.46356
1.21597 1.47252
1.21667 1.48147
1.21736 1.49039
1.21806 1.49928
1.21875 1.50816
1.21944 1.51701
1.22014 1.52583
1.22083 1.53463
1.22153 1.54339
1.22222 1.55213
1.22292 1.56084
1.22361 1.56952
1.22431 1.57817
1.225 1.58678
1.22569 1.59536
1.22639 1.6039
1.22708 1.61241
1.22778 1.62089
1.22847 1.62932
1.22917 1.63772
1.22986 1.64608
1.23056 1.6544
1.23125 1.66268
1.23194 1.67092
1.23264 1.67912
1.23333 1.68727
1.23403 1.69538
1.23472 1.70345
1.23542 1.71148
1.23611 1.71945
1.23681 1.72738
1.2375 1.73526
1.23819 1.74309
1.23889 1.75088
1.23958 1.75862
1.24028 1.76631
1.24097 1.77394
1.24167 1.78153
1.24236 1.78906
1.24306 1.79654
1.24375 1.80397
1.24444 1.81135
1.24514 1.81867
1.24583 1.82593
1.24653 1.83314
1.24722 1.84029
1.24792 1.84739
1.24861 1.85443
1.24931 1.86141
1.25 1.86833
1.25069 1.87519
1.25139 1.88199
1.25208 1.88873
1.25278 1.89541
1.25347 1.90203
1.25417 1.90859
1.25486 1.91509
1.25556 1.92152
1.25625 1.92789
1.25694 1.93419
1.25764 1.94043
1.25833 1.94661
1.25903 1.95272
1.25972 1.95876
1.26042 1.96473
1.26111 1.97064
1.26181 1.97649
1.2625 1.98226
1.26319 1.98797
1.26389 1.9936
1.26458 1.99917
1.26528 2.00467
1.26597 2.0101
1.26667 2.01546
1.26736 2.02074
1.26806 2.02596
1.26875 2.0311
1.26944 2.03617
1.27014 2.04117
1.27083 2.04609
1.27153 2.05094
1.27222 2.05572
1.27292 2.06043
1.27361 2.06505
1.27431 2.06961
1.275 2.07409
1.27569 2.07849
1.27639 2.08282
1.27708 2.08707
1.27778 2.09125
1.27847 2.09535
1.27917 2.09937
1.27986 2.10331
1.28056 2.10718
1.28125 2.11096
1.28194 2.11467
1.28264 2.1183
1.28333 2.12185
1.28403 2.12533
1.28472 2.12872
1.28542 2.13203
1.28611 2.13526
1.28681 2.13842
1.2875 2.14149
1.28819 2.14448
1.28889 2.14739
1.28958 2.15021
1.29028 2.15296
1.29097 2.15563
1.29167 2.15821
1.29236 2.16071
1.29306 2.16313
1.29375 2.16546
1.29444 2.16772
1.29514 2.16989
1.29583 2.17197
1.29653 2.17398
1.29722 2.1759
1.29792 2.17774
1.29861 2.17949
1.29931 2.18116
1.3 2.18274
1.30069 2.18424
1.30139 2.18566
1.30208 2.18699
1.30278 2.18824
1.30347 2.1894
1.30417 2.19048
1.30486 2.19147
1.30556 2.19238
1.30625 2.1932
1.30694 2.19394
1.30764 2.19459
1.30833 2.19516
1.30903 2.19565
1.30972 2.19604
1.31042 2.19635
1.31111 2.19658
1.31181 2.19672
1.3125 2.19677
1.31319 2.19674
1.31389 2.19662
1.31458 2.19642
1.31528 2.19613
1.31597 2.19576
1.31667 2.1953
1.31736 2.19476
1.31806 2.19413
1.31875 2.19341
1.31944 2.19261
1.32014 2.19173
1.32083 2.19075
1.32153 2.18969
1.32222 2.18855
1.32292 2.18732
1.32361 2.18601
1.32431 2.18462
1.325 2.18313
1.32569 2.18156
1.32639 2.17991
1.32708 2.17817
1.32778 2.17635
1.32847 2.17445
1.32917 2.17246
1.32986 2.17038
1.33056 2.16823
1.33125 2.16598
1.33194 2.16365
1.33264 2.16125
1.33333 2.15876
1.33403 2.15618
1.33472 2.15352
1.33542 2.15078
1.33611 2.14795
1.33681 2.14505
1.3375 2.14206
1.33819 2.13899
1.33889 2.13584
1.33958 2.13261
1.34028 2.1293
1.34097 2.1259
1.34167 2.12243
1.34236 2.11888
1.34306 2.11524
1.34375 2.11152
1.34444 2.10773
1.34514 2.10386
1.34583 2.09991
1.34653 2.09588
1.34722 2.09177
1.34792 2.08759
1.34861 2.08332
1.34931 2.07899
1.35 2.07457
1.35069 2.07008
1.35139 2.06551
1.35208 2.06087
1.35278 2.05615
1.35347 2.05136
1.35417 2.04649
1.35486 2.04155
1.35556 2.03654
1.35625 2.03145
1.35694 2.0263
1.35764 2.02107
1.35833 2.01577
1.35903 2.0104
1.35972 2.00496
1.36042 1.99945
1.36111 1.99387
1.36181 1.98823
1.3625 1.98251
1.36319 1.97672
1.36389 1.97088
1.36458 1.96496
1.36528 1.95898
1.36597 1.95294
1.36667 1.94683
1.36736 1.94065
1.36806 1.93442
1.36875 1.92812
1.36944 1.92176
1.37014 1.91535
1.37083 1.90887
1.37153 1.90233
1.37222 1.89573
1.37292 1.88908
1.37361 1.88237
1.37431 1.8756
1.375 1.86878
1.37569 1.8619
1.37639 1.85497
1.37708 1.84799
1.37778 1.84095
1.37847 1.83387
1.37917 1.82673
1.37986 1.81955
1.38056 1.81232
1.38125 1.80503
1.38194 1.79771
1.38264 1.79034
1.38333 1.78292
1.38403 1.77546
1.38472 1.76796
1.38542 1.76042
1.38611 1.75284
1.38681 1.74522
1.3875 1.73756
1.38819 1.72987
