0 0
0.000694444 0.00106355
0.00138889 0.00213935
0.00208333 0.00323402
0.00277778 0.00435396
0.00347222 0.0055053
0.00416667 0.00669385
0.00486111 0.00792508
0.00555556 0.00920537
0.00625 0.0105364
0.00694444 0.0119242
0.00763889 0.0133728
0.00833333 0.0148845
0.00902778 0.0164654
0.00972222 0.0181178
0.0104167 0.0198406
0.0111111 0.0216402
0.0118056 0.0235182
0.0125 0.0254728
0.0131944 0.0275095
0.0138889 0.0296282
0.0145833 0.0318302
0.0152778 0.0341164
0.0159722 0.0364878
0.0166667 0.038946
0.0173611 0.0414896
0.0180556 0.0441203
0.01875 0.0468387
0.0194444 0.0496444
0.0201389 0.0525394
0.0208333 0.0555236
0.0215278 0.0585949
0.0222222 0.0617559
0.0229167 0.0650065
0.0236111 0.0683445
0.0243056 0.0717724
0.025 0.0752891
0.0256944 0.0788947
0.0263889 0.082589
0.0270833 0.0863718
0.0277778 0.0902436
0.0284722 0.0942025
0.0291667 0.0982501
0.0298611 0.102386
0.0305556 0.106608
0.03125 0.110919
0.0319444 0.115317
0.0326389 0.1198
0.0333333 0.124371
0.0340278 0.129028
0.0347222 0.133771
0.0354167 0.138599
0.0361111 0.143512
0.0368056 0.148511
0.0375 0.153593
0.0381944 0.15876
0.0388889 0.16401
0.0395833 0.169344
0.0402778 0.174761
0.0409722 0.18026
0.0416667 0.185841
0.0423611 0.191504
0.0430556 0.197248
0.04375 0.203073
0.0444444 0.208978
0.0451389 0.214964
0.0458333 0.221028
0.0465278 0.227172
0.0472222 0.233395
0.0479167 0.239695
0.0486111 0.246074
0.0493056 0.252529
0.05 0.259061
0.0506944 0.26567
0.0513889 0.272354
0.0520833 0.279113
0.0527778 0.285948
0.0534722 0.292857
0.0541667 0.299839
0.0548611 0.306895
0.0555556 0.314024
0.05625 0.321225
0.0569444 0.328498
0.0576389 0.335843
0.0583333 0.343258
0.0590278 0.350744
0.0597222 0.3583
0.0604167 0.365925
0.0611111 0.373619
0.0618056 0.381381
0.0625 0.389212
0.0631944 0.397109
0.0638889 0.405074
0.0645833 0.413106
0.0652778 0.421203
0.0659722 0.429366
0.0666667 0.437593
0.0673611 0.445885
0.0680556 0.454241
0.06875 0.462661
0.0694444 0.471144
0.0701389 0.479689
0.0708333 0.488297
0.0715278 0.496966
0.0722222 0.505695
0.0729167 0.514486
0.0736111 0.523337
0.0743056 0.532247
0.075 0.541217
0.0756944 0.550246
0.0763889 0.559333
0.0770833 0.568477
0.0777778 0.57768
0.0784722 0.586939
0.0791667 0.596254
0.0798611 0.605626
0.0805556 0.615054
0.08125 0.624537
0.0819444 0.634075
0.0826389 0.643667
0.0833333 0.653313
0.0840278 0.663013
0.0847222 0.672766
0.0854167 0.682572
0.0861111 0.692431
0.0868056 0.702341
0.0875 0.712304
0.0881944 0.722317
0.0888889 0.732382
0.0895833 0.742497
0.0902778 0.752662
0.0909722 0.762878
0.0916667 0.773143
0.0923611 0.783457
0.0930556 0.793821
0.09375 0.804233
0.0944444 0.814693
0.0951389 0.825202
0.0958333 0.835759
0.0965278 0.846362
0.0972222 0.857014
0.0979167 0.867712
0.0986111 0.878457
0.0993056 0.889247
0.1 0.900085
0.100694 0.910969
0.101389 0.921899
0.102083 0.932875
0.102778 0.943896
0.103472 0.954961
0.104167 0.966073
0.104861 0.977229
0.105556 0.988428
0.10625 0.999675
0.106944 1.01096
0.107639 1.0223
0.108333 1.03368
0.109028 1.0451
0.109722 1.05656
0.110417 1.06807
0.111111 1.07963
0.111806 1.09122
0.1125 1.10287
0.113194 1.11455
0.113889 1.12628
0.114583 1.13805
0.115278 1.14987
0.115972 1.16173
0.116667 1.17363
0.117361 1.18557
0.118056 1.19756
0.11875 1.20959
0.119444 1.22167
0.120139 1.23379
0.120833 1.24595
0.121528 1.25816
0.122222 1.27041
0.122917 1.28271
0.123611 1.29504
0.124306 1.30743
0.125 1.31985
0.125694 1.33232
0.126389 1.34484
0.127083 1.3574
0.127778 1.37
0.128472 1.38265
0.129167 1.39535
0.129861 1.40809
0.130556 1.42087
0.13125 1.4337
0.131944 1.44658
0.132639 1.4595
0.133333 1.47248
0.134028 1.48549
0.134722 1.49855
0.135417 1.51166
0.136111 1.52482
0.136806 1.53802
0.1375 1.55128
0.138194 1.56458
0.138889 1.57793
0.139583 1.59132
0.140278 1.60477
0.140972 1.61826
0.141667 1.63181
0.142361 1.6454
0.143056 1.65905
0.14375 1.67275
0.144444 1.6865
0.145139 1.70029
0.145833 1.71414
0.146528 1.72805
0.147222 1.742
0.147917 1.75601
0.148611 1.77007
0.149306 1.78419
0.15 1.79835
0.150694 1.81258
0.151389 1.82685
0.152083 1.84119
0.152778 1.85557
0.153472 1.87002
0.154167 1.88452
0.154861 1.89908
0.155556 1.9137
0.15625 1.92837
0.156944 1.9431
0.157639 1.95789
0.158333 1.97274
0.159028 1.98765
0.159722 2.00261
0.160417 2.01764
0.161111 2.03273
0.161806 2.04788
0.1625 2.06309
0.163194 2.07837
0.163889 2.09371
0.164583 2.10911
0.165278 2.12457
0.165972 2.1401
0.166667 2.15569
0.167361 2.17135
0.168056 2.18707
0.16875 2.20286
0.169444 2.21871
0.170139 2.23463
0.170833 2.25061
0.171528 2.26667
0.172222 2.28279
0.172917 2.29898
0.173611 2.31524
0.174306 2.33156
0.175 2.34796
0.175694 2.36443
0.176389 2.38097
0.177083 2.39757
0.177778 2.41426
0.178472 2.43101
0.179167 2.44783
0.179861 2.46472
0.180556 2.48169
0.18125 2.49873
0.181944 2.51584
0.182639 2.53303
0.183333 2.55029
0.184028 2.56762
0.184722 2.58503
0.185417 2.60252
0.186111 2.62008
0.186806 2.63771
0.1875 2.65542
0.188194 2.67321
0.188889 2.69108
0.189583 2.70902
0.190278 2.72703
0.190972 2.74513
0.191667 2.7633
0.192361 2.78155
0.193056 2.79987
0.19375 2.81828
0.194444 2.83676
0.195139 2.85533
0.195833 2.87397
0.196528 2.89269
0.197222 2.91149
0.197917 2.93037
0.198611 2.94933
0.199306 2.96836
0.2 2.98748
0.200694 3.00667
0.201389 3.02595
0.202083 3.04531
0.202778 3.06474
0.203472 3.08426
0.204167 3.10385
0.204861 3.12352
0.205556 3.14328
0.20625 3.16312
0.206944 3.18304
0.207639 3.20303
0.208333 3.2231
0.209028 3.24326
0.209722 3.2635
0.210417 3.28381
0.211111 3.30421
0.211806 3.32468
0.2125 3.34524
0.213194 3.36587
0.213889 3.38659
0.214583 3.40738
0.215278 3.42825
0.215972 3.4492
0.216667 3.47023
0.217361 3.49133
0.218056 3.51252
0.21875 3.53379
0.219444 3.55512
0.220139 3.57655
0.220833 3.59804
0.221528 3.61962
0.222222 3.64127
0.222917 3.66299
0.223611 3.68479
0.224306 3.70667
0.225 3.72862
0.225694 3.75065
0.226389 3.77276
0.227083 3.79494
0.227778 3.81719
0.228472 3.83951
0.229167 3.86192
0.229861 3.88439
0.230556 3.90693
0.23125 3.92955
0.231944 3.95223
0.232639 3.97499
0.233333 3.99782
0.234028 4.02071
0.234722 4.04368
0.235417 4.06671
0.236111 4.08982
0.236806 4.11299
0.2375 4.13623
0.238194 4.15954
0.238889 4.18291
0.239583 4.20634
0.240278 4.22985
0.240972 4.25341
0.241667 4.27703
0.242361 4.30073
0.243056 4.32448
0.24375 4.3483
0.244444 4.37217
0.245139 4.39611
0.245833 4.4201
0.246528 4.44415
0.247222 4.46827
0.247917 4.49244
0.248611 4.51666
0.249306 4.54094
0.25 4.56528
0.250694 4.58967
0.251389 4.61411
0.252083 4.63861
0.252778 4.66316
0.253472 4.68776
0.254167 4.7124
0.254861 4.7371
0.255556 4.76185
0.25625 4.78664
0.256944 4.81148
0.257639 4.83637
0.258333 4.86131
0.259028 4.88628
0.259722 4.9113
0.260417 4.93637
0.261111 4.96147
0.261806 4.98661
0.2625 5.0118
0.263194 5.03702
0.263889 5.06228
0.264583 5.08757
0.265278 5.11291
0.265972 5.13827
0.266667 5.16367
0.267361 5.18911
0.268056 5.21457
0.26875 5.24007
0.269444 5.26561
0.270139 5.29116
0.270833 5.31674
0.271528 5.34236
0.272222 5.368
0.272917 5.39366
0.273611 5.41935
0.274306 5.44506
0.275 5.47079
0.275694 5.49654
0.276389 5.52232
0.277083 5.54811
0.277778 5.57391
0.278472 5.59975
0.279167 5.62559
0.279861 5.65144
0.280556 5.67732
0.28125 5.7032
0.281944 5.72909
0.282639 5.755
0.283333 5.78092
0.284028 5.80684
0.284722 5.83277
0.285417 5.85871
0.286111 5.88465
0.286806 5.9106
0.2875 5.93655
0.288194 5.9625
0.288889 5.98845
0.289583 6.01441
0.290278 6.04036
0.290972 6.06631
0.291667 6.09226
0.292361 6.1182
0.293056 6.14413
0.29375 6.17007
0.294444 6.19599
0.295139 6.2219
0.295833 6.2478
0.296528 6.2737
0.297222 6.29958
0.297917 6.32544
0.298611 6.35129
0.299306 6.37713
0.3 6.40296
0.300694 6.42877
0.301389 6.45455
0.302083 6.48031
0.302778 6.50607
0.303472 6.53179
0.304167 6.55749
0.304861 6.58317
0.305556 6.60883
0.30625 6.63445
0.306944 6.66005
0.307639 6.68563
0.308333 6.71117
0.309028 6.73668
0.309722 6.76217
0.310417 6.78763
0.311111 6.81304
0.311806 6.83843
0.3125 6.86378
0.313194 6.88909
0.313889 6.91438
0.314583 6.93962
0.315278 6.96482
0.315972 6.98998
0.316667 7.0151
0.317361 7.04017
0.318056 7.06521
0.31875 7.0902
0.319444 7.11515
0.320139 7.14005
0.320833 7.16491
0.321528 7.18972
0.322222 7.21447
0.322917 7.23919
0.323611 7.26385
0.324306 7.28845
0.325 7.31301
0.325694 7.33752
0.326389 7.36197
0.327083 7.38636
0.327778 7.4107
0.328472 7.43498
0.329167 7.4592
0.329861 7.48337
0.330556 7.50748
0.33125 7.53153
0.331944 7.55552
0.332639 7.57945
0.333333 7.60331
0.334028 7.62711
0.334722 7.65085
0.335417 7.67452
0.336111 7.69813
0.336806 7.72167
0.3375 7.74515
0.338194 7.76855
0.338889 7.79189
0.339583 7.81516
0.340278 7.83835
0.340972 7.86149
0.341667 7.88455
0.342361 7.90753
0.343056 7.93045
0.34375 7.95329
0.344444 7.97605
0.345139 7.99875
0.345833 8.02136
0.346528 8.04391
0.347222 8.06637
0.347917 8.08876
0.348611 8.11107
0.349306 8.1333
0.35 8.15545
0.350694 8.17753
0.351389 8.19953
0.352083 8.22145
0.352778 8.24328
0.353472 8.26503
0.354167 8.28671
0.354861 8.3083
0.355556 8.3298
0.35625 8.35123
0.356944 8.37258
0.357639 8.39383
0.358333 8.41501
0.359028 8.43609
0.359722 8.4571
0.360417 8.47801
0.361111 8.49884
0.361806 8.51959
0.3625 8.54025
0.363194 8.56083
0.363889 8.58132
0.364583 8.60171
0.365278 8.62203
0.365972 8.64225
0.366667 8.66238
0.367361 8.68243
0.368056 8.70239
0.36875 8.72226
0.369444 8.74204
0.370139 8.76173
0.370833 8.78133
0.371528 8.80084
0.372222 8.82027
0.372917 8.8396
0.373611 8.85884
0.374306 8.87799
0.375 8.89706
0.375694 8.91602
0.376389 8.93491
0.377083 8.9537
0.377778 8.9724
0.378472 8.99101
0.379167 9.00953
0.379861 9.02796
0.380556 9.0463
0.38125 9.06455
0.381944 9.08271
0.382639 9.10078
0.383333 9.11877
0.384028 9.13666
0.384722 9.15445
0.385417 9.17217
0.386111 9.18979
0.386806 9.20731
0.3875 9.22476
0.388194 9.24211
0.388889 9.25938
0.389583 9.27655
0.390278 9.29364
0.390972 9.31063
0.391667 9.32754
0.392361 9.34436
0.393056 9.3611
0.39375 9.37775
0.394444 9.39432
0.395139 9.41079
0.395833 9.42717
0.396528 9.44348
0.397222 9.4597
0.397917 9.47583
0.398611 9.49188
0.399306 9.50784
0.4 9.52372
0.400694 9.53952
0.401389 9.55523
0.402083 9.57086
0.402778 9.5864
0.403472 9.60188
0.404167 9.61726
0.404861 9.63256
0.405556 9.64779
0.40625 9.66294
0.406944 9.678
0.407639 9.69299
0.408333 9.7079
0.409028 9.72274
0.409722 9.73749
0.410417 9.75217
0.411111 9.76678
0.411806 9.7813
0.4125 9.79576
0.413194 9.81014
0.413889 9.82445
0.414583 9.8387
0.415278 9.85286
0.415972 9.86695
0.416667 9.88098
0.417361 9.89494
0.418056 9.90882
0.41875 9.92264
0.419444 9.9364
0.420139 9.95008
0.420833 9.9637
0.421528 9.97726
0.422222 9.99075
0.422917 10.0042
0.423611 10.0175
0.424306 10.0308
0.425 10.0441
0.425694 10.0573
0.426389 10.0704
0.427083 10.0835
0.427778 10.0965
0.428472 10.1094
0.429167 10.1223
0.429861 10.1352
0.430556 10.148
0.43125 10.1607
0.431944 10.1734
0.432639 10.186
0.433333 10.1986
0.434028 10.2111
0.434722 10.2236
0.435417 10.236
0.436111 10.2484
0.436806 10.2608
0.4375 10.2731
0.438194 10.2853
0.438889 10.2975
0.439583 10.3097
0.440278 10.3218
0.440972 10.3339
0.441667 10.346
0.442361 10.358
0.443056 10.3699
0.44375 10.3819
0.444444 10.3938
0.445139 10.4057
0.445833 10.4175
0.446528 10.4293
0.447222 10.4411
0.447917 10.4528
0.448611 10.4645
0.449306 10.4762
0.45 10.4879
0.450694 10.4995
0.451389 10.5111
0.452083 10.5227
0.452778 10.5343
0.453472 10.5458
0.454167 10.5573
0.454861 10.5688
0.455556 10.5803
0.45625 10.5918
0.456944 10.6032
0.457639 10.6146
0.458333 10.626
0.459028 10.6374
0.459722 10.6488
0.460417 10.6602
0.461111 10.6715
0.461806 10.6829
0.4625 10.6942
0.463194 10.7055
0.463889 10.7168
0.464583 10.7281
0.465278 10.7394
0.465972 10.7507
0.466667 10.762
0.467361 10.7733
0.468056 10.7846
0.46875 10.7959
0.469444 10.8072
0.470139 10.8184
0.470833 10.8297
0.471528 10.841
0.472222 10.8523
0.472917 10.8636
0.473611 10.8748
0.474306 10.8861
0.475 10.8974
0.475694 10.9087
0.476389 10.92
0.477083 10.9314
0.477778 10.9427
0.478472 10.954
0.479167 10.9654
0.479861 10.9767
0.480556 10.9881
0.48125 10.9994
0.481944 11.0108
0.482639 11.0222
0.483333 11.0336
0.484028 11.0451
0.484722 11.0565
0.485417 11.0679
0.486111 11.0794
0.486806 11.0909
0.4875 11.1024
0.488194 11.1139
0.488889 11.1254
0.489583 11.137
0.490278 11.1485
0.490972 11.1601
0.491667 11.1717
0.492361 11.1833
0.493056 11.195
0.49375 11.2066
0.494444 11.2183
0.495139 11.23
0.495833 11.2417
0.496528 11.2534
0.497222 11.2652
0.497917 11.277
0.498611 11.2888
0.499306 11.3006
0.5 11.3124
0.500694 11.3243
0.501389 11.3362
0.502083 11.3481
0.502778 11.36
0.503472 11.372
0.504167 11.3839
0.504861 11.3959
0.505556 11.4079
0.50625 11.42
0.506944 11.432
0.507639 11.4441
0.508333 11.4562
0.509028 11.4683
0.509722 11.4805
0.510417 11.4927
0.511111 11.5048
0.511806 11.517
0.5125 11.5293
0.513194 11.5415
0.513889 11.5538
0.514583 11.5661
0.515278 11.5784
0.515972 11.5907
0.516667 11.603
0.517361 11.6154
0.518056 11.6278
0.51875 11.6402
0.519444 11.6526
0.520139 11.665
0.520833 11.6775
0.521528 11.6899
0.522222 11.7024
0.522917 11.7149
0.523611 11.7274
0.524306 11.7399
0.525 11.7524
0.525694 11.765
0.526389 11.7775
0.527083 11.7901
0.527778 11.8027
0.528472 11.8152
0.529167 11.8278
0.529861 11.8404
0.530556 11.853
0.53125 11.8656
0.531944 11.8783
0.532639 11.8909
0.533333 11.9035
0.534028 11.9161
0.534722 11.9288
0.535417 11.9414
0.536111 11.954
0.536806 11.9666
0.5375 11.9793
0.538194 11.9919
0.538889 12.0045
0.539583 12.0171
0.540278 12.0297
0.540972 12.0423
0.541667 12.0549
0.542361 12.0675
0.543056 12.0801
0.54375 12.0927
0.544444 12.1052
0.545139 12.1177
0.545833 12.1303
0.546528 12.1428
0.547222 12.1553
0.547917 12.1677
0.548611 12.1802
0.549306 12.1926
0.55 12.205
0.550694 12.2174
0.551389 12.2298
0.552083 12.2421
0.552778 12.2544
0.553472 12.2667
0.554167 12.279
0.554861 12.2912
0.555556 12.3034
0.55625 12.3155
0.556944 12.3277
0.557639 12.3398
0.558333 12.3518
0.559028 12.3638
0.559722 12.3758
0.560417 12.3877
0.561111 12.3996
0.561806 12.4115
0.5625 12.4233
0.563194 12.435
0.563889 12.4467
0.564583 12.4584
0.565278 12.47
0.565972 12.4815
0.566667 12.493
0.567361 12.5045
0.568056 12.5158
0.56875 12.5272
0.569444 12.5384
0.570139 12.5496
0.570833 12.5608
0.571528 12.5719
0.572222 12.5829
0.572917 12.5938
0.573611 12.6047
0.574306 12.6155
0.575 12.6263
0.575694 12.6369
0.576389 12.6475
0.577083 12.658
0.577778 12.6685
0.578472 12.6788
0.579167 12.6891
0.579861 12.6993
0.580556 12.7094
0.58125 12.7195
0.581944 12.7294
0.582639 12.7393
0.583333 12.7491
0.584028 12.7588
0.584722 12.7684
0.585417 12.7779
0.586111 12.7873
0.586806 12.7966
0.5875 12.8058
0.588194 12.8149
0.588889 12.8239
0.589583 12.8329
0.590278 12.8417
0.590972 12.8504
0.591667 12.859
0.592361 12.8675
0.593056 12.8759
0.59375 12.8842
0.594444 12.8924
0.595139 12.9004
0.595833 12.9084
0.596528 12.9162
0.597222 12.9239
0.597917 12.9316
0.598611 12.939
0.599306 12.9464
0.6 12.9537
0.600694 12.9608
0.601389 12.9678
0.602083 12.9747
0.602778 12.9815
0.603472 12.9881
0.604167 12.9946
0.604861 13.001
0.605556 13.0073
0.60625 13.0134
0.606944 13.0194
0.607639 13.0253
0.608333 13.031
0.609028 13.0366
0.609722 13.042
0.610417 13.0474
0.611111 13.0525
0.611806 13.0576
0.6125 13.0625
0.613194 13.0673
0.613889 13.0719
0.614583 13.0764
0.615278 13.0808
0.615972 13.085
0.616667 13.089
0.617361 13.0929
0.618056 13.0967
0.61875 13.1003
0.619444 13.1038
0.620139 13.1071
0.620833 13.1103
0.621528 13.1134
0.622222 13.1163
0.622917 13.119
0.623611 13.1216
0.624306 13.124
0.625 13.1263
0.625694 13.1284
0.626389 13.1304
0.627083 13.1322
0.627778 13.1339
0.628472 13.1354
0.629167 13.1368
0.629861 13.138
0.630556 13.139
0.63125 13.1399
0.631944 13.1407
0.632639 13.1413
0.633333 13.1417
0.634028 13.142
0.634722 13.1421
0.635417 13.142
0.636111 13.1418
0.636806 13.1415
0.6375 13.141
0.638194 13.1403
0.638889 13.1395
0.639583 13.1385
0.640278 13.1374
0.640972 13.1361
0.641667 13.1346
0.642361 13.133
0.643056 13.1312
0.64375 13.1293
0.644444 13.1272
0.645139 13.125
0.645833 13.1226
0.646528 13.1201
0.647222 13.1174
0.647917 13.1145
0.648611 13.1115
0.649306 13.1083
0.65 13.105
0.650694 13.1016
0.651389 13.0979
0.652083 13.0942
0.652778 13.0902
0.653472 13.0862
0.654167 13.0819
0.654861 13.0776
0.655556 13.073
0.65625 13.0684
0.656944 13.0636
0.657639 13.0586
0.658333 13.0535
0.659028 13.0482
0.659722 13.0428
0.660417 13.0373
0.661111 13.0316
0.661806 13.0258
0.6625 13.0198
0.663194 13.0137
0.663889 13.0075
0.664583 13.0011
0.665278 12.9946
0.665972 12.988
0.666667 12.9812
0.667361 12.9743
0.668056 12.9673
0.66875 12.9601
0.669444 12.9528
0.670139 12.9454
0.670833 12.9379
0.671528 12.9302
0.672222 12.9224
0.672917 12.9145
0.673611 12.9065
0.674306 12.8983
0.675 12.8901
0.675694 12.8817
0.676389 12.8733
0.677083 12.8647
0.677778 12.856
0.678472 12.8472
0.679167 12.8383
0.679861 12.8293
0.680556 12.8202
0.68125 12.811
0.681944 12.8017
0.682639 12.7923
0.683333 12.7828
0.684028 12.7732
0.684722 12.7635
0.685417 12.7538
0.686111 12.744
0.686806 12.7341
0.6875 12.7241
0.688194 12.714
0.688889 12.7039
0.689583 12.6937
0.690278 12.6834
0.690972 12.673
0.691667 12.6626
0.692361 12.6522
0.693056 12.6416
0.69375 12.6311
0.694444 12.6204
0.695139 12.6097
0.695833 12.599
0.696528 12.5882
0.697222 12.5774
0.697917 12.5666
0.698611 12.5557
0.699306 12.5447
0.7 12.5338
0.700694 12.5228
0.701389 12.5118
0.702083 12.5008
0.702778 12.4897
0.703472 12.4786
0.704167 12.4676
0.704861 12.4565
0.705556 12.4454
0.70625 12.4343
0.706944 12.4232
0.707639 12.4121
0.708333 12.401
0.709028 12.39
0.709722 12.3789
0.710417 12.3679
0.711111 12.3569
0.711806 12.3459
0.7125 12.3349
0.713194 12.324
0.713889 12.3131
0.714583 12.3023
0.715278 12.2915
0.715972 12.2807
0.716667 12.27
0.717361 12.2593
0.718056 12.2487
0.71875 12.2382
0.719444 12.2277
0.720139 12.2173
0.720833 12.207
0.721528 12.1967
0.722222 12.1865
0.722917 12.1764
0.723611 12.1664
0.724306 12.1565
0.725 12.1467
0.725694 12.137
0.726389 12.1273
0.727083 12.1178
0.727778 12.1084
0.728472 12.0992
0.729167 12.09
0.729861 12.081
0.730556 12.072
0.73125 12.0633
0.731944 12.0546
0.732639 12.0461
0.733333 12.0377
0.734028 12.0295
0.734722 12.0214
0.735417 12.0135
0.736111 12.0058
0.736806 11.9982
0.7375 11.9908
0.738194 11.9835
0.738889 11.9764
0.739583 11.9695
0.740278 11.9628
0.740972 11.9563
0.741667 11.95
0.742361 11.9438
0.743056 11.9379
0.74375 11.9321
0.744444 11.9266
0.745139 11.9213
0.745833 11.9161
0.746528 11.9112
0.747222 11.9066
0.747917 11.9021
0.748611 11.8979
0.749306 11.8939
0.75 11.8902
0.750694 11.8867
0.751389 11.8834
0.752083 11.8804
0.752778 11.8776
0.753472 11.8751
0.754167 11.8729
0.754861 11.8709
0.755556 11.8691
0.75625 11.8677
0.756944 11.8665
0.757639 11.8656
0.758333 11.865
0.759028 11.8646
0.759722 11.8645
0.760417 11.8648
0.761111 11.8653
0.761806 11.8661
0.7625 11.8672
0.763194 11.8686
0.763889 11.8703
0.764583 11.8723
0.765278 11.8746
0.765972 11.8773
0.766667 11.8802
0.767361 11.8835
0.768056 11.887
0.76875 11.8909
0.769444 11.8952
0.770139 11.8997
0.770833 11.9046
0.771528 11.9098
0.772222 11.9153
0.772917 11.9212
0.773611 11.9274
0.774306 11.934
0.775 11.9408
0.775694 11.9481
0.776389 11.9556
0.777083 11.9635
0.777778 11.9718
0.778472 11.9804
0.779167 11.9894
0.779861 11.9987
0.780556 12.0083
0.78125 12.0183
0.781944 12.0287
0.782639 12.0394
0.783333 12.0505
0.784028 12.0619
0.784722 12.0737
0.785417 12.0858
0.786111 12.0983
0.786806 12.1112
0.7875 12.1244
0.788194 12.138
0.788889 12.1519
0.789583 12.1662
0.790278 12.1809
0.790972 12.1959
0.791667 12.2113
0.792361 12.227
0.793056 12.2431
0.79375 12.2595
0.794444 12.2764
0.795139 12.2935
0.795833 12.311
0.796528 12.3289
0.797222 12.3472
0.797917 12.3658
0.798611 12.3847
0.799306 12.404
0.8 12.4237
0.800694 12.4437
0.801389 12.464
0.802083 12.4847
0.802778 12.5058
0.803472 12.5272
0.804167 12.5489
0.804861 12.571
0.805556 12.5934
0.80625 12.6162
0.806944 12.6392
0.807639 12.6627
0.808333 12.6864
0.809028 12.7105
0.809722 12.735
0.810417 12.7597
0.811111 12.7848
0.811806 12.8102
0.8125 12.836
0.813194 12.862
0.813889 12.8884
0.814583 12.915
0.815278 12.942
0.815972 12.9693
0.816667 12.9969
0.817361 13.0248
0.818056 13.053
0.81875 13.0815
0.819444 13.1103
0.820139 13.1394
0.820833 13.1688
0.821528 13.1985
0.822222 13.2285
0.822917 13.2587
0.823611 13.2892
0.824306 13.32
0.825 13.351
0.825694 13.3823
0.826389 13.4139
0.827083 13.4458
0.827778 13.4779
0.828472 13.5102
0.829167 13.5429
0.829861 13.5757
0.830556 13.6088
0.83125 13.6422
0.831944 13.6758
0.832639 13.7096
0.833333 13.7436
0.834028 13.7779
0.834722 13.8124
0.835417 13.8472
0.836111 13.8821
0.836806 13.9173
0.8375 13.9526
0.838194 13.9882
0.838889 14.0239
0.839583 14.0599
0.840278 14.0961
0.840972 14.1324
0.841667 14.169
0.842361 14.2057
0.843056 14.2426
0.84375 14.2796
0.844444 14.3169
0.845139 14.3543
0.845833 14.3919
0.846528 14.4296
0.847222 14.4675
0.847917 14.5055
0.848611 14.5437
0.849306 14.5821
0.85 14.6205
0.850694 14.6591
0.851389 14.6979
0.852083 14.7368
0.852778 14.7758
0.853472 14.8149
0.854167 14.8541
0.854861 14.8935
0.855556 14.9329
0.85625 14.9725
0.856944 15.0122
0.857639 15.0519
0.858333 15.0918
0.859028 15.1317
0.859722 15.1718
0.860417 15.2119
0.861111 15.2521
0.861806 15.2924
0.8625 15.3327
0.863194 15.3731
0.863889 15.4136
0.864583 15.4542
0.865278 15.4948
0.865972 15.5354
0.866667 15.5761
0.867361 15.6168
0.868056 15.6576
0.86875 15.6984
0.869444 15.7393
0.870139 15.7802
0.870833 15.8211
0.871528 15.862
0.872222 15.903
0.872917 15.9439
0.873611 15.9849
0.874306 16.0259
0.875 16.0669
0.875694 16.1079
0.876389 16.1489
0.877083 16.1899
0.877778 16.2309
0.878472 16.2718
0.879167 16.3128
0.879861 16.3537
0.880556 16.3946
0.88125 16.4355
0.881944 16.4764
0.882639 16.5172
0.883333 16.558
0.884028 16.5987
0.884722 16.6394
0.885417 16.6801
0.886111 16.7207
0.886806 16.7613
0.8875 16.8018
0.888194 16.8422
0.888889 16.8826
0.889583 16.9229
0.890278 16.9632
0.890972 17.0034
0.891667 17.0435
0.892361 17.0835
0.893056 17.1234
0.89375 17.1633
0.894444 17.2031
0.895139 17.2428
0.895833 17.2824
0.896528 17.3219
0.897222 17.3613
0.897917 17.4006
0.898611 17.4398
0.899306 17.4789
0.9 17.5179
0.900694 17.5568
0.901389 17.5956
0.902083 17.6342
0.902778 17.6727
0.903472 17.7111
0.904167 17.7494
0.904861 17.7876
0.905556 17.8256
0.90625 17.8635
0.906944 17.9013
0.907639 17.9389
0.908333 17.9764
0.909028 18.0137
0.909722 18.0509
0.910417 18.0879
0.911111 18.1248
0.911806 18.1616
0.9125 18.1982
0.913194 18.2346
0.913889 18.2709
0.914583 18.307
0.915278 18.343
0.915972 18.3788
0.916667 18.4144
0.917361 18.4499
0.918056 18.4852
0.91875 18.5203
0.919444 18.5552
0.920139 18.59
0.920833 18.6246
0.921528 18.659
0.922222 18.6932
0.922917 18.7272
0.923611 18.7611
0.924306 18.7948
0.925 18.8282
0.925694 18.8615
0.926389 18.8946
0.927083 18.9275
0.927778 18.9602
0.928472 18.9927
0.929167 19.025
0.929861 19.0571
0.930556 19.089
0.93125 19.1207
0.931944 19.1522
0.932639 19.1835
0.933333 19.2146
0.934028 19.2455
0.934722 19.2761
0.935417 19.3066
0.936111 19.3368
0.936806 19.3668
0.9375 19.3967
0.938194 19.4262
0.938889 19.4556
0.939583 19.4848
0.940278 19.5137
0.940972 19.5424
0.941667 19.5709
0.942361 19.5992
0.943056 19.6272
0.94375 19.655
0.944444 19.6826
0.945139 19.71
0.945833 19.7371
0.946528 19.7641
0.947222 19.7907
0.947917 19.8172
0.948611 19.8434
0.949306 19.8694
0.95 19.8952
0.950694 19.9207
0.951389 19.946
0.952083 19.9711
0.952778 19.9959
0.953472 20.0205
0.954167 20.0449
0.954861 20.069
0.955556 20.0929
0.95625 20.1166
0.956944 20.14
0.957639 20.1632
0.958333 20.1861
0.959028 20.2089
0.959722 20.2313
0.960417 20.2536
0.961111 20.2756
0.961806 20.2974
0.9625 20.3189
0.963194 20.3402
0.963889 20.3613
0.964583 20.3821
0.965278 20.4027
0.965972 20.4231
0.966667 20.4432
0.967361 20.4631
0.968056 20.4827
0.96875 20.5021
0.969444 20.5213
0.970139 20.5402
0.970833 20.559
0.971528 20.5774
0.972222 20.5957
0.972917 20.6137
0.973611 20.6315
0.974306 20.649
0.975 20.6663
0.975694 20.6834
0.976389 20.7003
0.977083 20.7169
0.977778 20.7333
0.978472 20.7495
0.979167 20.7654
0.979861 20.7812
0.980556 20.7967
0.98125 20.8119
0.981944 20.827
0.982639 20.8418
0.983333 20.8564
0.984028 20.8708
0.984722 20.885
0.985417 20.8989
0.986111 20.9126
0.986806 20.9262
0.9875 20.9395
0.988194 20.9526
0.988889 20.9654
0.989583 20.9781
0.990278 20.9906
0.990972 21.0028
0.991667 21.0148
0.992361 21.0267
0.993056 21.0383
0.99375 21.0497
0.994444 21.061
0.995139 21.072
0.995833 21.0828
0.996528 21.0935
0.997222 21.1039
0.997917 21.1142
0.998611 21.1242
0.999306 21.1341
1 21.1438
1.00069 21.1533
1.00139 21.1626
1.00208 21.1717
1.00278 21.1806
1.00347 21.1894
1.00417 21.198
1.00486 21.2064
1.00556 21.2147
1.00625 21.2227
1.00694 21.2306
1.00764 21.2384
1.00833 21.246
1.00903 21.2534
1.00972 21.2606
1.01042 21.2677
1.01111 21.2747
1.01181 21.2814
1.0125 21.2881
1.01319 21.2946
1.01389 21.3009
1.01458 21.3071
1.01528 21.3131
1.01597 21.3191
1.01667 21.3248
1.01736 21.3305
1.01806 21.336
1.01875 21.3414
1.01944 21.3466
1.02014 21.3517
1.02083 21.3567
1.02153 21.3616
1.02222 21.3664
1.02292 21.3711
1.02361 21.3756
1.02431 21.38
1.025 21.3844
1.02569 21.3886
1.02639 21.3927
1.02708 21.3967
1.02778 21.4007
1.02847 21.4045
1.02917 21.4082
1.02986 21.4119
1.03056 21.4155
1.03125 21.419
1.03194 21.4224
1.03264 21.4257
1.03333 21.429
1.03403 21.4322
1.03472 21.4353
1.03542 21.4384
1.03611 21.4414
1.03681 21.4443
1.0375 21.4472
1.03819 21.4501
1.03889 21.4529
1.03958 21.4556
1.04028 21.4583
1.04097 21.461
1.04167 21.4636
1.04236 21.4662
1.04306 21.4687
1.04375 21.4713
1.04444 21.4738
1.04514 21.4763
1.04583 21.4787
1.04653 21.4812
1.04722 21.4836
1.04792 21.4861
1.04861 21.4885
1.04931 21.4909
1.05 21.4933
1.05069 21.4958
1.05139 21.4982
1.05208 21.5006
1.05278 21.5031
1.05347 21.5055
1.05417 21.508
1.05486 21.5105
1.05556 21.513
1.05625 21.5156
1.05694 21.5182
1.05764 21.5208
1.05833 21.5235
1.05903 21.5261
1.05972 21.5289
1.06042 21.5317
1.06111 21.5345
1.06181 21.5374
1.0625 21.5403
1.06319 21.5433
1.06389 21.5464
1.06458 21.5495
1.06528 21.5527
1.06597 21.5559
1.06667 21.5593
1.06736 21.5627
1.06806 21.5661
1.06875 21.5697
1.06944 21.5733
1.07014 21.5771
1.07083 21.5809
1.07153 21.5848
1.07222 21.5888
1.07292 21.5929
1.07361 21.5971
1.07431 21.6014
1.075 21.6058
1.07569 21.6103
1.07639 21.615
1.07708 21.6197
1.07778 21.6246
1.07847 21.6295
1.07917 21.6346
1.07986 21.6398
1.08056 21.6452
1.08125 21.6507
1.08194 21.6563
1.08264 21.662
1.08333 21.6678
1.08403 21.6739
1.08472 21.68
1.08542 21.6863
1.08611 21.6927
1.08681 21.6993
1.0875 21.706
1.08819 21.7128
1.08889 21.7198
1.08958 21.727
1.09028 21.7343
1.09097 21.7418
1.09167 21.7494
1.09236 21.7572
1.09306 21.7652
1.09375 21.7733
1.09444 21.7816
1.09514 21.7901
1.09583 21.7987
1.09653 21.8075
1.09722 21.8164
1.09792 21.8256
1.09861 21.8349
1.09931 21.8443
1.1 21.854
1.10069 21.8638
1.10139 21.8738
1.10208 21.884
1.10278 21.8944
1.10347 21.9049
1.10417 21.9157
1.10486 21.9266
1.10556 21.9377
1.10625 21.949
1.10694 21.9605
1.10764 21.9721
1.10833 21.984
1.10903 21.996
1.10972 22.0082
1.11042 22.0206
1.11111 22.0332
1.11181 22.046
1.1125 22.0589
1.11319 22.0721
1.11389 22.0855
1.11458 22.099
1.11528 22.1127
1.11597 22.1266
1.11667 22.1407
1.11736 22.155
1.11806 22.1695
1.11875 22.1842
1.11944 22.199
1.12014 22.2141
1.12083 22.2293
1.12153 22.2447
1.12222 22.2604
1.12292 22.2761
1.12361 22.2921
1.12431 22.3083
1.125 22.3246
1.12569 22.3412
1.12639 22.3579
1.12708 22.3748
1.12778 22.3919
1.12847 22.4091
1.12917 22.4265
1.12986 22.4441
1.13056 22.4619
1.13125 22.4799
1.13194 22.498
1.13264 22.5163
1.13333 22.5348
1.13403 22.5535
1.13472 22.5723
1.13542 22.5913
1.13611 22.6104
1.13681 22.6297
1.1375 22.6492
1.13819 22.6688
1.13889 22.6886
1.13958 22.7085
1.14028 22.7286
1.14097 22.7489
1.14167 22.7693
1.14236 22.7898
1.14306 22.8105
1.14375 22.8314
1.14444 22.8523
1.14514 22.8735
1.14583 22.8947
1.14653 22.9161
1.14722 22.9376
1.14792 22.9593
1.14861 22.9811
1.14931 23.003
1.15 23.025
1.15069 23.0472
1.15139 23.0694
1.15208 23.0918
1.15278 23.1143
1.15347 23.1369
1.15417 23.1596
1.15486 23.1824
1.15556 23.2054
1.15625 23.2284
1.15694 23.2515
1.15764 23.2747
1.15833 23.298
1.15903 23.3214
1.15972 23.3448
1.16042 23.3684
1.16111 23.392
1.16181 23.4157
1.1625 23.4395
1.16319 23.4633
1.16389 23.4872
1.16458 23.5112
1.16528 23.5352
1.16597 23.5593
1.16667 23.5835
1.16736 23.6076
1.16806 23.6319
1.16875 23.6561
1.16944 23.6805
1.17014 23.7048
1.17083 23.7292
1.17153 23.7536
1.17222 23.778
1.17292 23.8025
1.17361 23.827
1.17431 23.8515
1.175 23.876
1.17569 23.9005
1.17639 23.925
1.17708 23.9495
1.17778 23.9741
1.17847 23.9986
1.17917 24.0231
1.17986 24.0476
1.18056 24.072
1.18125 24.0965
1.18194 24.1209
1.18264 24.1453
1.18333 24.1697
1.18403 24.1941
1.18472 24.2184
1.18542 24.2426
1.18611 24.2669
1.18681 24.291
1.1875 24.3152
1.18819 24.3392
1.18889 24.3632
1.18958 24.3872
1.19028 24.4111
1.19097 24.4349
1.19167 24.4586
1.19236 24.4823
1.19306 24.5058
1.19375 24.5293
1.19444 24.5527
1.19514 24.576
1.19583 24.5993
1.19653 24.6224
1.19722 24.6454
1.19792 24.6683
1.19861 24.6911
1.19931 24.7138
1.2 24.7364
1.20069 24.7589
1.20139 24.7812
1.20208 24.8034
1.20278 24.8255
1.20347 24.8475
1.20417 24.8693
1.20486 24.891
1.20556 24.9125
1.20625 24.9339
1.20694 24.9551
1.20764 24.9762
1.20833 24.9972
1.20903 25.0179
1.20972 25.0385
1.21042 25.059
1.21111 25.0793
1.21181 25.0994
1.2125 25.1193
1.21319 25.139
1.21389 25.1586
1.21458 25.178
1.21528 25.1972
1.21597 25.2162
1.21667 25.235
1.21736 25.2536
1.21806 25.272
1.21875 25.2903
1.21944 25.3083
1.22014 25.3261
1.22083 25.3437
1.22153 25.361
1.22222 25.3782
1.22292 25.3951
1.22361 25.4119
1.22431 25.4283
1.225 25.4446
1.22569 25.4606
1.22639 25.4765
1.22708 25.492
1.22778 25.5074
1.22847 25.5224
1.22917 25.5373
1.22986 25.5519
1.23056 25.5662
1.23125 25.5804
1.23194 25.5942
1.23264 25.6078
1.23333 25.6212
1.23403 25.6342
1.23472 25.6471
1.23542 25.6596
1.23611 25.6719
1.23681 25.6839
1.2375 25.6957
1.23819 25.7072
1.23889 25.7184
1.23958 25.7293
1.24028 25.74
1.24097 25.7504
1.24167 25.7605
1.24236 25.7703
1.24306 25.7798
1.24375 25.7891
1.24444 25.798
1.24514 25.8067
1.24583 25.8151
1.24653 25.8231
1.24722 25.8309
1.24792 25.8384
1.24861 25.8456
1.24931 25.8525
1.25 25.8592
1.25069 25.8655
1.25139 25.8715
1.25208 25.8772
1.25278 25.8826
1.25347 25.8877
1.25417 25.8924
1.25486 25.8969
1.25556 25.9011
1.25625 25.905
1.25694 25.9085
1.25764 25.9118
1.25833 25.9147
1.25903 25.9173
1.25972 25.9196
1.26042 25.9216
1.26111 25.9233
1.26181 25.9247
1.2625 25.9257
1.26319 25.9265
1.26389 25.9269
1.26458 25.927
1.26528 25.9268
1.26597 25.9263
1.26667 25.9255
1.26736 25.9243
1.26806 25.9229
1.26875 25.9211
1.26944 25.919
1.27014 25.9166
1.27083 25.9139
1.27153 25.9108
1.27222 25.9075
1.27292 25.9038
1.27361 25.8998
1.27431 25.8955
1.275 25.8909
1.27569 25.886
1.27639 25.8808
1.27708 25.8752
1.27778 25.8694
1.27847 25.8632
1.27917 25.8568
1.27986 25.85
1.28056 25.8429
1.28125 25.8355
1.28194 25.8278
1.28264 25.8198
1.28333 25.8115
1.28403 25.8029
1.28472 25.794
1.28542 25.7848
1.28611 25.7753
1.28681 25.7655
1.2875 25.7554
1.28819 25.745
1.28889 25.7344
1.28958 25.7234
1.29028 25.7122
1.29097 25.7006
1.29167 25.6888
1.29236 25.6767
1.29306 25.6643
1.29375 25.6516
1.29444 25.6387
1.29514 25.6255
1.29583 25.612
1.29653 25.5982
1.29722 25.5842
1.29792 25.5699
1.29861 25.5554
1.29931 25.5406
1.3 25.5255
1.30069 25.5102
1.30139 25.4946
1.30208 25.4788
1.30278 25.4627
1.30347 25.4464
1.30417 25.4298
1.30486 25.413
1.30556 25.396
1.30625 25.3787
1.30694 25.3612
1.30764 25.3435
1.30833 25.3256
1.30903 25.3074
1.30972 25.289
1.31042 25.2704
1.31111 25.2516
1.31181 25.2326
1.3125 25.2134
1.31319 25.194
1.31389 25.1744
1.31458 25.1546
1.31528 25.1346
1.31597 25.1144
1.31667 25.0941
1.31736 25.0735
1.31806 25.0528
1.31875 25.032
1.31944 25.0109
1.32014 24.9898
1.32083 24.9684
1.32153 24.9469
1.32222 24.9253
1.32292 24.9035
1.32361 24.8816
1.32431 24.8595
1.325 24.8373
1.32569 24.815
1.32639 24.7926
1.32708 24.77
1.32778 24.7474
1.32847 24.7246
1.32917 24.7017
1.32986 24.6788
1.33056 24.6557
1.33125 24.6326
1.33194 24.6094
1.33264 24.5861
1.33333 24.5627
1.33403 24.5393
1.33472 24.5158
1.33542 24.4923
1.33611 24.4687
1.33681 24.445
1.3375 24.4214
1.33819 24.3977
1.33889 24.3739
1.33958 24.3502
1.34028 24.3264
1.34097 24.3026
1.34167 24.2788
1.34236 24.255
1.34306 24.2312
1.34375 24.2075
1.34444 24.1837
1.34514 24.16
1.34583 24.1363
1.34653 24.1126
1.34722 24.089
1.34792 24.0654
1.34861 24.0419
1.34931 24.0184
1.35 23.995
1.35069 23.9717
1.35139 23.9485
1.35208 23.9253
1.35278 23.9023
1.35347 23.8793
1.35417 23.8564
1.35486 23.8337
1.35556 23.811
1.35625 23.7885
1.35694 23.7661
1.35764 23.7438
1.35833 23.7217
1.35903 23.6997
1.35972 23.6779
1.36042 23.6562
1.36111 23.6348
1.36181 23.6134
1.3625 23.5923
1.36319 23.5713
1.36389 23.5506
1.36458 23.53
1.36528 23.5096
1.36597 23.4895
1.36667 23.4696
1.36736 23.4499
1.36806 23.4304
1.36875 23.4111
1.36944 23.3921
1.37014 23.3734
1.37083 23.3549
1.37153 23.3367
1.37222 23.3187
1.37292 23.301
1.37361 23.2836
1.37431 23.2665
1.375 23.2497
1.37569 23.2331
1.37639 23.2169
1.37708 23.201
1.37778 23.1854
1.37847 23.1701
1.37917 23.1552
1.37986 23.1406
1.38056 23.1263
1.38125 23.1124
1.38194 23.0988
1.38264 23.0856
1.38333 23.0728
1.38403 23.0604
1.38472 23.0483
1.38542 23.0366
1.38611 23.0252
1.38681 23.0143
1.3875 23.0038
1.38819 22.9937
