0 0
0.000694444 0.000765852
0.00138889 0.00227668
0.00208333 0.00480404
0.00277778 0.00840652
0.00347222 0.0130829
0.00416667 0.0188011
0.00486111 0.0255107
0.00555556 0.0331538
0.00625 0.0416879
0.00694444 0.0510694
0.00763889 0.0612821
0.00833333 0.0723346
0.00902778 0.0842235
0.00972222 0.0969526
0.0104167 0.11052
0.0111111 0.124875
0.0118056 0.139961
0.0125 0.155697
0.0131944 0.171993
0.0138889 0.188772
0.0145833 0.205984
0.0152778 0.223617
0.0159722 0.241705
0.0166667 0.260319
0.0173611 0.279577
0.0180556 0.299572
0.01875 0.320402
0.0194444 0.342149
0.0201389 0.364816
0.0208333 0.388386
0.0215278 0.412803
0.0222222 0.437984
0.0229167 0.463844
0.0236111 0.490301
0.0243056 0.517292
0.025 0.544768
0.0256944 0.572695
0.0263889 0.60104
0.0270833 0.629764
0.0277778 0.658807
0.0284722 0.68811
0.0291667 0.717552
0.0298611 0.747021
0.0305556 0.776413
0.03125 0.805584
0.0319444 0.834429
0.0326389 0.862852
0.0333333 0.890774
0.0340278 0.918131
0.0347222 0.944869
0.0354167 0.970942
0.0361111 0.9963
0.0368056 1.02088
0.0375 1.04465
0.0381944 1.06751
0.0388889 1.08939
0.0395833 1.11025
0.0402778 1.12999
0.0409722 1.14854
0.0416667 1.16589
0.0423611 1.18195
0.0430556 1.1967
0.04375 1.21011
0.0444444 1.22216
0.0451389 1.23284
0.0458333 1.24213
0.0465278 1.25006
0.0472222 1.25662
0.0479167 1.26183
0.0486111 1.26573
0.0493056 1.26833
0.05 1.26964
0.0506944 1.26971
0.0513889 1.26854
0.0520833 1.26614
0.0527778 1.26253
0.0534722 1.25775
0.0541667 1.25183
0.0548611 1.24483
0.0555556 1.23682
0.05625 1.22789
0.0569444 1.21814
0.0576389 1.2077
0.0583333 1.19668
0.0590278 1.18519
0.0597222 1.17337
0.0604167 1.16131
0.0611111 1.14912
0.0618056 1.13693
0.0625 1.12483
0.0631944 1.11294
0.0638889 1.10137
0.0645833 1.09025
0.0652778 1.0797
0.0659722 1.06982
0.0666667 1.06072
0.0673611 1.05247
0.0680556 1.04516
0.06875 1.03888
0.0694444 1.03366
0.0701389 1.02958
0.0708333 1.02674
0.0715278 1.0252
0.0722222 1.02507
0.0729167 1.02647
0.0736111 1.02945
0.0743056 1.03412
0.075 1.04052
0.0756944 1.04869
0.0763889 1.05861
0.0770833 1.07025
0.0777778 1.08354
0.0784722 1.09842
0.0791667 1.1148
0.0798611 1.13264
0.0805556 1.15187
0.08125 1.17248
0.0819444 1.19449
0.0826389 1.2179
0.0833333 1.24276
0.0840278 1.26909
0.0847222 1.2969
0.0854167 1.32618
0.0861111 1.35688
0.0868056 1.38891
0.0875 1.42216
0.0881944 1.45651
0.0888889 1.49182
0.0895833 1.52798
0.0902778 1.56487
0.0909722 1.60241
0.0916667 1.64049
0.0923611 1.67904
0.0930556 1.718
0.09375 1.75723
0.0944444 1.79665
0.0951389 1.83612
0.0958333 1.87549
0.0965278 1.91463
0.0972222 1.95336
0.0979167 1.99155
0.0986111 2.02907
0.0993056 2.0658
0.1 2.10166
0.100694 2.13653
0.101389 2.17034
0.102083 2.20303
0.102778 2.2345
0.103472 2.26465
0.104167 2.29342
0.104861 2.32068
0.105556 2.34636
0.10625 2.37035
0.106944 2.39257
0.107639 2.41295
0.108333 2.43144
0.109028 2.44797
0.109722 2.46251
0.110417 2.47502
0.111111 2.48552
0.111806 2.49395
0.1125 2.50034
0.113194 2.50473
0.113889 2.5071
0.114583 2.50751
0.115278 2.50599
0.115972 2.50259
0.116667 2.49735
0.117361 2.49032
0.118056 2.48153
0.11875 2.47103
0.119444 2.45889
0.120139 2.44516
0.120833 2.42993
0.121528 2.41329
0.122222 2.39538
0.122917 2.37633
0.123611 2.35628
0.124306 2.33542
0.125 2.31389
0.125694 2.29186
0.126389 2.26949
0.127083 2.24694
0.127778 2.22437
0.128472 2.20194
0.129167 2.17979
0.129861 2.1581
0.130556 2.13702
0.13125 2.11673
0.131944 2.09737
0.132639 2.07909
0.133333 2.06205
0.134028 2.04632
0.134722 2.03204
0.135417 2.0193
0.136111 2.00818
0.136806 1.99879
0.1375 1.99121
0.138194 1.98555
0.138889 1.98193
0.139583 1.98045
0.140278 1.98119
0.140972 1.98424
0.141667 1.98963
0.142361 1.99739
0.143056 2.00748
0.14375 2.01985
0.144444 2.03445
0.145139 2.05116
0.145833 2.06993
0.146528 2.09069
0.147222 2.1134
0.147917 2.13805
0.148611 2.16464
0.149306 2.19319
0.15 2.22371
0.150694 2.25619
0.151389 2.29062
0.152083 2.32693
0.152778 2.36502
0.153472 2.40478
0.154167 2.44604
0.154861 2.48864
0.155556 2.53244
0.15625 2.57727
0.156944 2.62299
0.157639 2.66947
0.158333 2.71659
0.159028 2.76424
0.159722 2.81228
0.160417 2.86056
0.161111 2.90894
0.161806 2.95722
0.1625 3.00525
0.163194 3.0528
0.163889 3.09969
0.164583 3.14577
0.165278 3.19086
0.165972 3.23481
0.166667 3.27752
0.167361 3.31885
0.168056 3.35868
0.16875 3.39692
0.169444 3.43343
0.170139 3.46811
0.170833 3.50082
0.171528 3.53146
0.172222 3.55989
0.172917 3.58601
0.173611 3.60974
0.174306 3.63098
0.175 3.64965
0.175694 3.66573
0.176389 3.67915
0.177083 3.68988
0.177778 3.69793
0.178472 3.70328
0.179167 3.70595
0.179861 3.70598
0.180556 3.70339
0.18125 3.69825
0.181944 3.69061
0.182639 3.68054
0.183333 3.66809
0.184028 3.65334
0.184722 3.63638
0.185417 3.61726
0.186111 3.59608
0.186806 3.57296
0.1875 3.54801
0.188194 3.52139
0.188889 3.49327
0.189583 3.46382
0.190278 3.43326
0.190972 3.4018
0.191667 3.36963
0.192361 3.33698
0.193056 3.30405
0.19375 3.27105
0.194444 3.23817
0.195139 3.20561
0.195833 3.17361
0.196528 3.14234
0.197222 3.11202
0.197917 3.08287
0.198611 3.05506
0.199306 3.02879
0.2 3.00421
0.200694 2.98147
0.201389 2.96071
0.202083 2.94204
0.202778 2.92559
0.203472 2.91146
0.204167 2.89978
0.204861 2.89067
0.205556 2.88425
0.20625 2.88061
0.206944 2.87987
0.207639 2.88207
0.208333 2.88724
0.209028 2.89538
0.209722 2.90644
0.210417 2.92036
0.211111 2.93704
0.211806 2.9564
0.2125 2.97834
0.213194 3.00281
0.213889 3.02976
0.214583 3.05917
0.215278 3.09103
0.215972 3.12534
0.216667 3.16208
0.217361 3.20122
0.218056 3.2427
0.21875 3.28641
0.219444 3.33221
0.220139 3.37993
0.220833 3.4294
0.221528 3.48041
0.222222 3.53278
0.222917 3.58633
0.223611 3.64088
0.224306 3.69626
0.225 3.75235
0.225694 3.80896
0.226389 3.86592
0.227083 3.92306
0.227778 3.98015
0.228472 4.03697
0.229167 4.09333
0.229861 4.14896
0.230556 4.20366
0.23125 4.25723
0.231944 4.30947
0.232639 4.36022
0.233333 4.40932
0.234028 4.45661
0.234722 4.50195
0.235417 4.54519
0.236111 4.5862
0.236806 4.62481
0.2375 4.66087
0.238194 4.69427
0.238889 4.72484
0.239583 4.75247
0.240278 4.77705
0.240972 4.79849
0.241667 4.81672
0.242361 4.83168
0.243056 4.84332
0.24375 4.85163
0.244444 4.85661
0.245139 4.85824
0.245833 4.85658
0.246528 4.85165
0.247222 4.84353
0.247917 4.83227
0.248611 4.81796
0.249306 4.80069
0.25 4.78054
0.250694 4.75761
0.251389 4.73201
0.252083 4.70384
0.252778 4.67325
0.253472 4.64038
0.254167 4.6054
0.254861 4.56852
0.255556 4.52995
0.25625 4.48994
0.256944 4.44872
0.257639 4.40655
0.258333 4.3637
0.259028 4.32042
0.259722 4.27695
0.260417 4.23357
0.261111 4.1905
0.261806 4.14801
0.2625 4.10634
0.263194 4.06576
0.263889 4.02651
0.264583 3.98883
0.265278 3.95296
0.265972 3.9191
0.266667 3.88745
0.267361 3.8582
0.268056 3.83147
0.26875 3.80743
0.269444 3.78623
0.270139 3.76798
0.270833 3.75283
0.271528 3.74091
0.272222 3.73234
0.272917 3.72723
0.273611 3.72567
0.274306 3.72769
0.275 3.73331
0.275694 3.7425
0.276389 3.7552
0.277083 3.7713
0.277778 3.79071
0.278472 3.81334
0.279167 3.83907
0.279861 3.86783
0.280556 3.8996
0.28125 3.93431
0.281944 3.97195
0.282639 4.01249
0.283333 4.05589
0.284028 4.10207
0.284722 4.15094
0.285417 4.20235
0.286111 4.25611
0.286806 4.31202
0.2875 4.36988
0.288194 4.42944
0.288889 4.49048
0.289583 4.55282
0.290278 4.61624
0.290972 4.68053
0.291667 4.74554
0.292361 4.81103
0.293056 4.87679
0.29375 4.94261
0.294444 5.00822
0.295139 5.07336
0.295833 5.13778
0.296528 5.20122
0.297222 5.26341
0.297917 5.32413
0.298611 5.38318
0.299306 5.44033
0.3 5.4954
0.300694 5.54822
0.301389 5.5986
0.302083 5.64637
0.302778 5.69135
0.303472 5.73336
0.304167 5.77224
0.304861 5.80782
0.305556 5.83995
0.30625 5.86849
0.306944 5.89334
0.307639 5.91439
0.308333 5.93156
0.309028 5.9448
0.309722 5.95409
0.310417 5.95938
0.311111 5.96068
0.311806 5.95803
0.3125 5.95146
0.313194 5.94103
0.313889 5.92681
0.314583 5.90891
0.315278 5.88742
0.315972 5.86246
0.316667 5.83413
0.317361 5.80258
0.318056 5.76792
0.31875 5.73034
0.319444 5.68998
0.320139 5.64705
0.320833 5.60179
0.321528 5.55441
0.322222 5.50521
0.322917 5.45447
0.323611 5.40248
0.324306 5.34955
0.325 5.29598
0.325694 5.24209
0.326389 5.18816
0.327083 5.13449
0.327778 5.08139
0.328472 5.02916
0.329167 4.97809
0.329861 4.92849
0.330556 4.88064
0.33125 4.83481
0.331944 4.79129
0.332639 4.75031
0.333333 4.71208
0.334028 4.6768
0.334722 4.64466
0.335417 4.61583
0.336111 4.59046
0.336806 4.56871
0.3375 4.55073
0.338194 4.53666
0.338889 4.52661
0.339583 4.5207
0.340278 4.51897
0.340972 4.52149
0.341667 4.52821
0.342361 4.53908
0.343056 4.55402
0.34375 4.57292
0.344444 4.59565
0.345139 4.6221
0.345833 4.65217
0.346528 4.68577
0.347222 4.72284
0.347917 4.76334
0.348611 4.8072
0.349306 4.85439
0.35 4.90483
0.350694 4.9584
0.351389 5.01495
0.352083 5.07431
0.352778 5.13626
0.353472 5.20054
0.354167 5.26693
0.354861 5.33515
0.355556 5.40496
0.35625 5.47612
0.356944 5.54841
0.357639 5.62159
0.358333 5.69545
0.359028 5.76972
0.359722 5.84416
0.360417 5.91848
0.361111 5.99242
0.361806 6.06566
0.3625 6.13789
0.363194 6.20884
0.363889 6.27822
0.364583 6.34577
0.365278 6.41124
0.365972 6.4744
0.366667 6.53504
0.367361 6.59294
0.368056 6.6479
0.36875 6.69971
0.369444 6.74816
0.370139 6.79305
0.370833 6.8342
0.371528 6.87141
0.372222 6.90454
0.372917 6.93343
0.373611 6.95795
0.374306 6.97804
0.375 6.99357
0.375694 7.00452
0.376389 7.01084
0.377083 7.01253
0.377778 7.0096
0.378472 7.00209
0.379167 6.99005
0.379861 6.97357
0.380556 6.95274
0.38125 6.9277
0.381944 6.89855
0.382639 6.86542
0.383333 6.82849
0.384028 6.78789
0.384722 6.7438
0.385417 6.69644
0.386111 6.646
0.386806 6.59273
0.3875 6.53691
0.388194 6.47884
0.388889 6.41884
0.389583 6.35725
0.390278 6.29441
0.390972 6.23068
0.391667 6.1664
0.392361 6.10195
0.393056 6.03765
0.39375 5.97385
0.394444 5.91092
0.395139 5.84918
0.395833 5.78899
0.396528 5.73068
0.397222 5.67459
0.397917 5.62104
0.398611 5.5703
0.399306 5.52266
0.4 5.47836
0.400694 5.43761
0.401389 5.40063
0.402083 5.3676
0.402778 5.33869
0.403472 5.31409
0.404167 5.29393
0.404861 5.27836
0.405556 5.26751
0.40625 5.26146
0.406944 5.26025
0.407639 5.26389
0.408333 5.27233
0.409028 5.28551
0.409722 5.30329
0.410417 5.32556
0.411111 5.35217
0.411806 5.38298
0.4125 5.41791
0.413194 5.45684
0.413889 5.49969
0.414583 5.54641
0.415278 5.59692
0.415972 5.65112
0.416667 5.70893
0.417361 5.77018
0.418056 5.83468
0.41875 5.90221
0.419444 5.97252
0.420139 6.04533
0.420833 6.12035
0.421528 6.19731
0.422222 6.27594
0.422917 6.35595
0.423611 6.4371
0.424306 6.51912
0.425 6.60174
0.425694 6.68469
0.426389 6.76765
0.427083 6.85032
0.427778 6.93235
0.428472 7.01343
0.429167 7.09321
0.429861 7.17137
0.430556 7.24761
0.43125 7.32162
0.431944 7.39315
0.432639 7.46193
0.433333 7.52772
0.434028 7.59025
0.434722 7.64933
0.435417 7.70469
0.436111 7.75609
0.436806 7.80335
0.4375 7.84622
0.438194 7.88453
0.438889 7.91808
0.439583 7.94675
0.440278 7.97039
0.440972 7.98891
0.441667 8.00223
0.442361 8.01029
0.443056 8.01308
0.44375 8.01061
0.444444 8.00288
0.445139 7.98995
0.445833 7.97192
0.446528 7.94887
0.447222 7.92093
0.447917 7.88824
0.448611 7.85095
0.449306 7.80923
0.45 7.76325
0.450694 7.71321
0.451389 7.65933
0.452083 7.60184
0.452778 7.54102
0.453472 7.47716
0.454167 7.41057
0.454861 7.34163
0.455556 7.2707
0.45625 7.19816
0.456944 7.12443
0.457639 7.04989
0.458333 6.97495
0.459028 6.90001
0.459722 6.82546
0.460417 6.75171
0.461111 6.67915
0.461806 6.60818
0.4625 6.53917
0.463194 6.47252
0.463889 6.40859
0.464583 6.34773
0.465278 6.29025
0.465972 6.23646
0.466667 6.18662
0.467361 6.14097
0.468056 6.09975
0.46875 6.06314
0.469444 6.03134
0.470139 6.00453
0.470833 5.98287
0.471528 5.96649
0.472222 5.9555
0.472917 5.94997
0.473611 5.94992
0.474306 5.95533
0.475 5.96613
0.475694 5.9822
0.476389 6.00341
0.477083 6.02961
0.477778 6.06063
0.478472 6.09634
0.479167 6.13661
0.479861 6.18133
0.480556 6.23041
0.48125 6.28376
0.481944 6.34127
0.482639 6.40284
0.483333 6.46831
0.484028 6.5375
0.484722 6.61017
0.485417 6.68606
0.486111 6.76489
0.486806 6.84633
0.4875 6.93008
0.488194 7.01584
0.488889 7.1033
0.489583 7.19216
0.490278 7.28212
0.490972 7.37291
0.491667 7.46419
0.492361 7.55566
0.493056 7.64697
0.49375 7.73777
0.494444 7.82768
0.495139 7.91633
0.495833 8.00337
0.496528 8.08842
0.497222 8.17119
0.497917 8.25132
0.498611 8.32851
0.499306 8.40251
0.5 8.47301
0.500694 8.53974
0.501389 8.60244
0.502083 8.66085
0.502778 8.71471
0.503472 8.76378
0.504167 8.80784
0.504861 8.84667
0.505556 8.8801
0.50625 8.90797
0.506944 8.93015
0.507639 8.94654
0.508333 8.95707
0.509028 8.96169
0.509722 8.96037
0.510417 8.95317
0.511111 8.94009
0.511806 8.92121
0.5125 8.89665
0.513194 8.86652
0.513889 8.83097
0.514583 8.79016
0.515278 8.74428
0.515972 8.69352
0.516667 8.63809
0.517361 8.57824
0.518056 8.51422
0.51875 8.4463
0.519444 8.37483
0.520139 8.30014
0.520833 8.2226
0.521528 8.14262
0.522222 8.06064
0.522917 7.9771
0.523611 7.89244
0.524306 7.80711
0.525 7.72157
0.525694 7.63626
0.526389 7.55164
0.527083 7.46814
0.527778 7.3862
0.528472 7.30629
0.529167 7.22882
0.529861 7.1542
0.530556 7.08286
0.53125 7.01516
0.531944 6.95145
0.532639 6.89204
0.533333 6.83723
0.534028 6.78728
0.534722 6.74242
0.535417 6.70287
0.536111 6.66884
0.536806 6.64049
0.5375 6.61801
0.538194 6.6015
0.538889 6.59105
0.539583 6.58672
0.540278 6.58848
0.540972 6.59629
0.541667 6.61005
0.542361 6.62961
0.543056 6.65481
0.54375 6.68547
0.544444 6.72142
0.545139 6.76251
0.545833 6.80859
0.546528 6.85954
0.547222 6.91525
0.547917 6.9756
0.548611 7.04048
0.549306 7.10971
0.55 7.18311
0.550694 7.26047
0.551389 7.3415
0.552083 7.4259
0.552778 7.51336
0.553472 7.60352
0.554167 7.69606
0.554861 7.79064
0.555556 7.88692
0.55625 7.98459
0.556944 8.08331
0.557639 8.18276
0.558333 8.28258
0.559028 8.3824
0.559722 8.48188
0.560417 8.58057
0.561111 8.6781
0.561806 8.77406
0.5625 8.86805
0.563194 8.95968
0.563889 9.04861
0.564583 9.13447
0.565278 9.21695
0.565972 9.29573
0.566667 9.3705
0.567361 9.44095
0.568056 9.50679
0.56875 9.56776
0.569444 9.62355
0.570139 9.67391
0.570833 9.71861
0.571528 9.75742
0.572222 9.79015
0.572917 9.81667
0.573611 9.83681
0.574306 9.8505
0.575 9.85766
0.575694 9.85826
0.576389 9.85229
0.577083 9.83979
0.577778 9.82082
0.578472 9.79547
0.579167 9.76385
0.579861 9.72615
0.580556 9.6825
0.58125 9.63311
0.581944 9.57821
0.582639 9.518
0.583333 9.45274
0.584028 9.38272
0.584722 9.30822
0.585417 9.2296
0.586111 9.14722
0.586806 9.06147
0.5875 8.97281
0.588194 8.88168
0.588889 8.78858
0.589583 8.69398
0.590278 8.5984
0.590972 8.50234
0.591667 8.40629
0.592361 8.31076
0.593056 8.21625
0.59375 8.12324
0.594444 8.03222
0.595139 7.9437
0.595833 7.85813
0.596528 7.77597
0.597222 7.69766
0.597917 7.62361
0.598611 7.55419
0.599306 7.48972
0.6 7.43054
0.600694 7.3769
0.601389 7.32905
0.602083 7.28724
0.602778 7.25166
0.603472 7.22247
0.604167 7.19985
0.604861 7.18389
0.605556 7.17466
0.60625 7.17218
0.606944 7.1764
0.607639 7.18724
0.608333 7.20455
0.609028 7.22816
0.609722 7.25789
0.610417 7.29354
0.611111 7.33493
0.611806 7.38186
0.6125 7.43419
0.613194 7.49179
0.613889 7.55451
0.614583 7.62222
0.615278 7.69474
0.615972 7.77191
0.616667 7.85348
0.617361 7.93919
0.618056 8.02873
0.61875 8.12177
0.619444 8.21795
0.620139 8.31689
0.620833 8.41824
0.621528 8.52163
0.622222 8.62672
0.622917 8.73313
0.623611 8.84051
0.624306 8.9485
0.625 9.0567
0.625694 9.16471
0.626389 9.27211
0.627083 9.37847
0.627778 9.48335
0.628472 9.58631
0.629167 9.68693
0.629861 9.78479
0.630556 9.87952
0.63125 9.97074
0.631944 10.0581
0.632639 10.1412
0.633333 10.2198
0.634028 10.2935
0.634722 10.362
0.635417 10.425
0.636111 10.4822
0.636806 10.5333
0.6375 10.5781
0.638194 10.6163
0.638889 10.6478
0.639583 10.6724
0.640278 10.6899
0.640972 10.7004
0.641667 10.7036
0.642361 10.6996
0.643056 10.6884
0.64375 10.6701
0.644444 10.6447
0.645139 10.6123
0.645833 10.5732
0.646528 10.5274
0.647222 10.4752
0.647917 10.4168
0.648611 10.3524
0.649306 10.2824
0.65 10.2069
0.650694 10.1264
0.651389 10.0411
0.652083 9.9515
0.652778 9.85798
0.653472 9.76102
0.654167 9.66108
0.654861 9.5587
0.655556 9.45442
0.65625 9.34876
0.656944 9.2423
0.657639 9.13558
0.658333 9.02915
0.659028 8.92357
0.659722 8.81938
0.660417 8.71712
0.661111 8.61734
0.661806 8.52056
0.6625 8.42731
0.663194 8.33806
0.663889 8.25327
0.664583 8.17341
0.665278 8.09883
0.665972 8.0299
0.666667 7.96697
0.667361 7.91028
0.668056 7.86012
0.66875 7.81671
0.669444 7.78026
0.670139 7.75094
0.670833 7.72888
0.671528 7.71417
0.672222 7.70683
0.672917 7.70686
0.673611 7.71418
0.674306 7.72864
0.675 7.75009
0.675694 7.77832
0.676389 7.81311
0.677083 7.85425
0.677778 7.90153
0.678472 7.95475
0.679167 8.01375
0.679861 8.07837
0.680556 8.14845
0.68125 8.22381
0.681944 8.30427
0.682639 8.38961
0.683333 8.47954
0.684028 8.57376
0.684722 8.67195
0.685417 8.77371
0.686111 8.87865
0.686806 8.98642
0.6875 9.09658
0.688194 9.20876
0.688889 9.32258
0.689583 9.43764
0.690278 9.55357
0.690972 9.66994
0.691667 9.78634
0.692361 9.90233
0.693056 10.0174
0.69375 10.1312
0.694444 10.2431
0.695139 10.3528
0.695833 10.4597
0.696528 10.5634
0.697222 10.6636
0.697917 10.7598
0.698611 10.8516
0.699306 10.9386
0.7 11.0205
0.700694 11.097
0.701389 11.1677
0.702083 11.2322
0.702778 11.2902
0.703472 11.3416
0.704167 11.3859
0.704861 11.423
0.705556 11.4527
0.70625 11.4747
0.706944 11.4891
0.707639 11.4957
0.708333 11.4944
0.709028 11.4853
0.709722 11.4684
0.710417 11.4437
0.711111 11.4113
0.711806 11.3715
0.7125 11.3243
0.713194 11.2699
0.713889 11.2087
0.714583 11.1409
0.715278 11.0666
0.715972 10.9863
0.716667 10.9003
0.717361 10.809
0.718056 10.7127
0.71875 10.6118
0.719444 10.507
0.720139 10.3986
0.720833 10.2873
0.721528 10.1736
0.722222 10.0581
0.722917 9.94139
0.723611 9.8241
0.724306 9.70683
0.725 9.59019
0.725694 9.47476
0.726389 9.36114
0.727083 9.24996
0.727778 9.14176
0.728472 9.03712
0.729167 8.93662
0.729861 8.84075
0.730556 8.75002
0.73125 8.66488
0.731944 8.58574
0.732639 8.51297
0.733333 8.44691
0.734028 8.38786
0.734722 8.33607
0.735417 8.29177
0.736111 8.25518
0.736806 8.22643
0.7375 8.20564
0.738194 8.19287
0.738889 8.18811
0.739583 8.1913
0.740278 8.20233
0.740972 8.22102
0.741667 8.24717
0.742361 8.28055
0.743056 8.32091
0.74375 8.36801
0.744444 8.42163
0.745139 8.48156
0.745833 8.54761
0.746528 8.61959
0.747222 8.69734
0.747917 8.78065
0.748611 8.86927
0.749306 8.96298
0.75 9.06143
0.750694 9.1643
0.751389 9.2712
0.752083 9.38174
0.752778 9.4955
0.753472 9.61206
0.754167 9.731
0.754861 9.85191
0.755556 9.97438
0.75625 10.098
0.756944 10.2223
0.757639 10.3469
0.758333 10.4713
0.759028 10.595
0.759722 10.7176
0.760417 10.8385
0.761111 10.9572
0.761806 11.0732
0.7625 11.186
0.763194 11.2953
0.763889 11.4005
0.764583 11.5012
0.765278 11.597
0.765972 11.6875
0.766667 11.7723
0.767361 11.8511
0.768056 11.9234
0.76875 11.9889
0.769444 12.0473
0.770139 12.0983
0.770833 12.1416
0.771528 12.177
0.772222 12.2043
0.772917 12.2233
0.773611 12.234
0.774306 12.2361
0.775 12.2298
0.775694 12.215
0.776389 12.1918
0.777083 12.1602
0.777778 12.1204
0.778472 12.0725
0.779167 12.0168
0.779861 11.9535
0.780556 11.8828
0.78125 11.805
0.781944 11.7206
0.782639 11.6297
0.783333 11.5328
0.784028 11.4303
0.784722 11.3227
0.785417 11.2104
0.786111 11.094
0.786806 10.9742
0.7875 10.8514
0.788194 10.7263
0.788889 10.5996
0.789583 10.4719
0.790278 10.3439
0.790972 10.2162
0.791667 10.0895
0.792361 9.96445
0.793056 9.84171
0.79375 9.72191
0.794444 9.60567
0.795139 9.49361
0.795833 9.38632
0.796528 9.28435
0.797222 9.18822
0.797917 9.09839
0.798611 9.01531
0.799306 8.93935
0.8 8.87085
0.800694 8.81013
0.801389 8.75742
0.802083 8.71297
0.802778 8.67694
0.803472 8.64949
0.804167 8.63067
0.804861 8.62053
0.805556 8.61901
0.80625 8.62601
0.806944 8.64136
0.807639 8.66486
0.808333 8.69627
0.809028 8.7353
0.809722 8.78172
0.810417 8.83523
0.811111 8.8956
0.811806 8.96263
0.8125 9.03608
0.813194 9.11576
0.813889 9.20145
0.814583 9.29293
0.815278 9.38993
0.815972 9.49216
0.816667 9.59926
0.817361 9.71085
0.818056 9.82653
0.81875 9.94588
0.819444 10.0684
0.820139 10.1938
0.820833 10.3214
0.821528 10.451
0.822222 10.582
0.822917 10.714
0.823611 10.8466
0.824306 10.9792
0.825 11.1114
0.825694 11.2426
0.826389 11.3723
0.827083 11.5
0.827778 11.6252
0.828472 11.7472
0.829167 11.8656
0.829861 11.98
0.830556 12.0899
0.83125 12.1947
0.831944 12.2941
0.832639 12.3876
0.833333 12.4748
0.834028 12.5553
0.834722 12.6287
0.835417 12.6947
0.836111 12.7529
0.836806 12.8031
0.8375 12.8448
0.838194 12.8779
0.838889 12.9023
0.839583 12.9177
0.840278 12.924
0.840972 12.9213
0.841667 12.9094
0.842361 12.8884
0.843056 12.8583
0.84375 12.8193
0.844444 12.7715
0.845139 12.7152
0.845833 12.6505
0.846528 12.5777
0.847222 12.4971
0.847917 12.4091
0.848611 12.314
0.849306 12.2122
0.85 12.1041
0.850694 11.9902
0.851389 11.871
0.852083 11.7471
0.852778 11.6191
0.853472 11.4875
0.854167 11.3532
0.854861 11.2167
0.855556 11.0788
0.85625 10.9402
0.856944 10.8016
0.857639 10.6637
0.858333 10.5272
0.859028 10.3928
0.859722 10.2612
0.860417 10.1332
0.861111 10.0093
0.861806 9.89029
0.8625 9.77672
0.863194 9.6692
0.863889 9.56825
0.864583 9.47436
0.865278 9.38799
0.865972 9.30951
0.866667 9.23927
0.867361 9.17759
0.868056 9.1247
0.86875 9.08082
0.869444 9.04611
0.870139 9.02067
0.870833 9.00455
0.871528 8.99772
0.872222 9.00011
0.872917 9.01155
0.873611 9.03182
0.874306 9.0607
0.875 9.09788
0.875694 9.14308
0.876389 9.19599
0.877083 9.25634
0.877778 9.32387
0.878472 9.39833
0.879167 9.4795
0.879861 9.56714
0.880556 9.66102
0.88125 9.76088
0.881944 9.86641
0.882639 9.97728
0.883333 10.0931
0.884028 10.2135
0.884722 10.338
0.885417 10.4661
0.886111 10.5975
0.886806 10.7315
0.8875 10.8678
0.888194 11.0059
0.888889 11.1453
0.889583 11.2856
0.890278 11.4262
0.890972 11.5666
0.891667 11.7063
0.892361 11.8448
0.893056 11.9814
0.89375 12.1156
0.894444 12.2468
0.895139 12.3745
0.895833 12.4982
0.896528 12.6173
0.897222 12.7314
0.897917 12.8399
0.898611 12.9424
0.899306 13.0384
0.9 13.1275
0.900694 13.2093
0.901389 13.2834
0.902083 13.3493
0.902778 13.4068
0.903472 13.4555
0.904167 13.4951
0.904861 13.5254
0.905556 13.5463
0.90625 13.5576
0.906944 13.5591
0.907639 13.5508
0.908333 13.5328
0.909028 13.505
0.909722 13.4676
0.910417 13.4206
0.911111 13.3644
0.911806 13.2991
0.9125 13.2249
0.913194 13.1423
0.913889 13.0514
0.914583 12.9527
0.915278 12.8466
0.915972 12.7336
0.916667 12.614
0.917361 12.4884
0.918056 12.3575
0.91875 12.2218
0.919444 12.082
0.920139 11.9387
0.920833 11.7928
0.921528 11.6449
0.922222 11.4959
0.922917 11.3464
0.923611 11.1973
0.924306 11.0494
0.925 10.9033
0.925694 10.7599
0.926389 10.6199
0.927083 10.484
0.927778 10.353
0.928472 10.2275
0.929167 10.1082
0.929861 9.99565
0.930556 9.8905
0.93125 9.7932
0.931944 9.70421
0.932639 9.62393
0.933333 9.55269
0.934028 9.49078
0.934722 9.43847
0.935417 9.39592
0.936111 9.36327
0.936806 9.34059
0.9375 9.32788
0.938194 9.32506
0.938889 9.332
0.939583 9.34849
0.940278 9.37428
0.940972 9.40906
0.941667 9.45252
0.942361 9.50433
0.943056 9.56417
0.94375 9.63175
0.944444 9.70678
0.945139 9.789
0.945833 9.87817
0.946528 9.97403
0.947222 10.0763
0.947917 10.1847
0.948611 10.2989
0.949306 10.4185
0.95 10.5431
0.950694 10.6723
0.951389 10.8056
0.952083 10.9425
0.952778 11.0825
0.953472 11.2252
0.954167 11.37
0.954861 11.5165
0.955556 11.6641
0.95625 11.8125
0.956944 11.9609
0.957639 12.1089
0.958333 12.2559
0.959028 12.4013
0.959722 12.5445
0.960417 12.6848
0.961111 12.8218
0.961806 12.9549
0.9625 13.0834
0.963194 13.2068
0.963889 13.3247
0.964583 13.4364
0.965278 13.5416
0.965972 13.6397
0.966667 13.7302
0.967361 13.8128
0.968056 13.8869
0.96875 13.9523
0.969444 14.0085
0.970139 14.0552
0.970833 14.0922
0.971528 14.1192
0.972222 14.136
0.972917 14.1425
0.973611 14.1386
0.974306 14.1243
0.975 14.0996
0.975694 14.0645
0.976389 14.0193
0.977083 13.9639
0.977778 13.8988
0.978472 13.824
0.979167 13.74
0.979861 13.647
0.980556 13.5455
0.98125 13.4358
0.981944 13.3183
0.982639 13.1937
0.983333 13.0624
0.984028 12.9249
0.984722 12.782
0.985417 12.6344
0.986111 12.4826
0.986806 12.3276
0.9875 12.1701
0.988194 12.0109
0.988889 11.8508
0.989583 11.6906
0.990278 11.5312
0.990972 11.3735
0.991667 11.2181
0.992361 11.066
0.993056 10.9179
0.99375 10.7746
0.994444 10.6369
0.995139 10.5054
0.995833 10.381
0.996528 10.2641
0.997222 10.1554
0.997917 10.0554
0.998611 9.96449
0.999306 9.88314
1 9.81165
1.00069 9.75031
1.00139 9.69934
1.00208 9.65889
1.00278 9.62906
1.00347 9.60987
1.00417 9.60128
1.00486 9.60315
1.00556 9.61528
1.00625 9.63743
1.00694 9.66928
1.00764 9.71048
1.00833 9.7607
1.00903 9.81957
1.00972 9.88674
1.01042 9.96191
1.01111 10.0448
1.01181 10.135
1.0125 10.2324
1.01319 10.3367
1.01389 10.4475
1.01458 10.5645
1.01528 10.6875
1.01597 10.8159
1.01667 10.9493
1.01736 11.0872
1.01806 11.2293
1.01875 11.3748
1.01944 11.5235
1.02014 11.6747
1.02083 11.8279
1.02153 11.9826
1.02222 12.1383
1.02292 12.2945
1.02361 12.4505
1.02431 12.6058
1.025 12.7598
1.02569 12.9119
1.02639 13.0613
1.02708 13.2075
1.02778 13.3499
1.02847 13.4879
1.02917 13.6209
1.02986 13.7482
1.03056 13.8694
1.03125 13.984
1.03194 14.0914
1.03264 14.191
1.03333 14.2825
1.03403 14.3653
1.03472 14.439
1.03542 14.5033
1.03611 14.5577
1.03681 14.6019
1.0375 14.6356
1.03819 14.6587
1.03889 14.6709
1.03958 14.6722
1.04028 14.6624
1.04097 14.6415
1.04167 14.6096
1.04236 14.5667
1.04306 14.5131
1.04375 14.4489
1.04444 14.3743
1.04514 14.2897
1.04583 14.1954
1.04653 14.0917
1.04722 13.9791
1.04792 13.858
1.04861 13.7289
1.04931 13.5924
1.05 13.4491
1.05069 13.2995
1.05139 13.1445
1.05208 12.9847
1.05278 12.821
1.05347 12.6542
1.05417 12.4851
1.05486 12.3145
1.05556 12.1435
1.05625 11.9728
1.05694 11.8034
1.05764 11.6361
1.05833 11.4717
1.05903 11.3113
1.05972 11.1555
1.06042 11.0053
1.06111 10.8614
1.06181 10.7246
1.0625 10.5956
1.06319 10.475
1.06389 10.3634
1.06458 10.2614
1.06528 10.1694
1.06597 10.0877
1.06667 10.0168
1.06736 9.95678
1.06806 9.90793
1.06875 9.87038
1.06944 9.84414
1.07014 9.82918
1.07083 9.82542
1.07153 9.83264
1.07222 9.85059
1.07292 9.87898
1.07361 9.91743
1.07431 9.96556
1.075 10.023
1.07569 10.0893
1.07639 10.1642
1.07708 10.2472
1.07778 10.3382
1.07847 10.4367
1.07917 10.5425
1.07986 10.6554
1.08056 10.7748
1.08125 10.9006
1.08194 11.0323
1.08264 11.1695
1.08333 11.3117
1.08403 11.4584
1.08472 11.6091
1.08542 11.7632
1.08611 11.9204
1.08681 12.0799
1.0875 12.2413
1.08819 12.4041
1.08889 12.5677
1.08958 12.7315
1.09028 12.8948
1.09097 13.0572
1.09167 13.2179
1.09236 13.3762
1.09306 13.5316
1.09375 13.6833
1.09444 13.8308
1.09514 13.9733
1.09583 14.1103
1.09653 14.2412
1.09722 14.3653
1.09792 14.4822
1.09861 14.5913
1.09931 14.6921
1.1 14.784
1.10069 14.8665
1.10139 14.9393
1.10208 15.0019
1.10278 15.0539
1.10347 15.0951
1.10417 15.1251
1.10486 15.1437
1.10556 15.1508
1.10625 15.1463
1.10694 15.13
1.10764 15.102
1.10833 15.0624
1.10903 15.0113
1.10972 14.9488
1.11042 14.8752
1.11111 14.7908
1.11181 14.6959
1.1125 14.5908
1.11319 14.476
1.11389 14.352
1.11458 14.2192
1.11528 14.0782
1.11597 13.9295
1.11667 13.774
1.11736 13.6121
1.11806 13.4448
1.11875 13.2729
1.11944 13.0971
1.12014 12.9185
1.12083 12.7378
1.12153 12.5561
1.12222 12.3742
1.12292 12.1932
1.12361 12.0139
1.12431 11.8373
1.125 11.6644
1.12569 11.496
1.12639 11.333
1.12708 11.1764
1.12778 11.0269
1.12847 10.8853
1.12917 10.7524
1.12986 10.6288
1.13056 10.5151
1.13125 10.4118
1.13194 10.3194
1.13264 10.2383
1.13333 10.1687
1.13403 10.1109
1.13472 10.065
1.13542 10.0311
1.13611 10.0092
1.13681 9.99924
1.1375 10.001
1.13819 10.0142
1.13889 10.0386
1.13958 10.0738
1.14028 10.1193
1.14097 10.1748
1.14167 10.2399
1.14236 10.314
1.14306 10.3969
1.14375 10.4881
1.14444 10.5874
1.14514 10.6944
1.14583 10.8088
1.14653 10.9303
1.14722 11.0585
1.14792 11.1931
1.14861 11.3336
1.14931 11.4795
1.15 11.6304
1.15069 11.7857
1.15139 11.945
1.15208 12.1076
1.15278 12.273
1.15347 12.4408
1.15417 12.6102
1.15486 12.7808
1.15556 12.952
1.15625 13.1232
1.15694 13.2936
1.15764 13.4627
1.15833 13.6298
1.15903 13.7942
1.15972 13.9551
1.16042 14.112
1.16111 14.2641
1.16181 14.4108
1.1625 14.5514
1.16319 14.6853
1.16389 14.812
1.16458 14.9308
1.16528 15.0411
1.16597 15.1425
1.16667 15.2343
1.16736 15.3161
1.16806 15.3874
1.16875 15.4478
1.16944 15.497
1.17014 15.5346
1.17083 15.5603
1.17153 15.5739
1.17222 15.5753
1.17292 15.5644
1.17361 15.5412
1.17431 15.5056
1.175 15.4578
1.17569 15.3979
1.17639 15.3261
1.17708 15.2427
1.17778 15.148
1.17847 15.0423
1.17917 14.9262
1.17986 14.7999
1.18056 14.6641
1.18125 14.5192
1.18194 14.366
1.18264 14.205
1.18333 14.037
1.18403 13.8627
1.18472 13.683
1.18542 13.4988
1.18611 13.3109
1.18681 13.1205
1.1875 12.9283
1.18819 12.7355
1.18889 12.543
1.18958 12.3518
1.19028 12.163
1.19097 11.9775
1.19167 11.7963
1.19236 11.6204
1.19306 11.4507
1.19375 11.2882
1.19444 11.1337
1.19514 10.988
1.19583 10.8519
1.19653 10.726
1.19722 10.6109
1.19792 10.5072
1.19861 10.4153
1.19931 10.3355
1.2 10.2681
1.20069 10.2133
1.20139 10.1712
1.20208 10.1418
1.20278 10.125
1.20347 10.1208
1.20417 10.1287
1.20486 10.1486
1.20556 10.18
1.20625 10.2225
1.20694 10.2757
1.20764 10.339
1.20833 10.412
1.20903 10.4943
1.20972 10.5855
1.21042 10.6851
1.21111 10.7929
1.21181 10.9085
1.2125 11.0316
1.21319 11.1618
1.21389 11.2988
1.21458 11.4421
1.21528 11.5913
1.21597 11.7459
1.21667 11.9054
1.21736 12.0692
1.21806 12.2369
1.21875 12.4078
1.21944 12.5814
1.22014 12.7571
1.22083 12.9344
1.22153 13.1126
1.22222 13.2911
1.22292 13.4694
1.22361 13.6466
1.22431 13.8221
1.225 13.9953
1.22569 14.1653
1.22639 14.3315
1.22708 14.4931
1.22778 14.6495
1.22847 14.8
1.22917 14.9438
1.22986 15.0804
1.23056 15.2091
1.23125 15.3293
1.23194 15.4404
1.23264 15.5419
1.23333 15.6331
1.23403 15.7137
1.23472 15.783
1.23542 15.8407
1.23611 15.8865
1.23681 15.9199
1.2375 15.9408
1.23819 15.949
1.23889 15.9442
1.23958 15.9265
1.24028 15.8957
1.24097 15.852
1.24167 15.7955
1.24236 15.7264
1.24306 15.6448
1.24375 15.5511
1.24444 15.4457
1.24514 15.3289
1.24583 15.2012
1.24653 15.0631
1.24722 14.9152
1.24792 14.758
1.24861 14.5923
1.24931 14.4187
1.25 14.238
1.25069 14.0512
1.25139 13.859
1.25208 13.6624
1.25278 13.4625
1.25347 13.2602
1.25417 13.0567
1.25486 12.8529
1.25556 12.6499
1.25625 12.4489
1.25694 12.2508
1.25764 12.0567
1.25833 11.8677
1.25903 11.6848
1.25972 11.5089
1.26042 11.3412
1.26111 11.1823
1.26181 11.0332
1.2625 10.8946
1.26319 10.7672
1.26389 10.6515
1.26458 10.5482
1.26528 10.4576
1.26597 10.38
1.26667 10.3157
1.26736 10.2648
1.26806 10.2273
1.26875 10.2032
1.26944 10.1924
1.27014 10.1946
1.27083 10.2095
1.27153 10.2367
1.27222 10.2756
1.27292 10.326
1.27361 10.3871
1.27431 10.4586
1.275 10.54
1.27569 10.6307
1.27639 10.7303
1.27708 10.8386
1.27778 10.955
1.27847 11.0793
1.27917 11.2112
1.27986 11.3501
1.28056 11.4958
1.28125 11.6478
1.28194 11.8056
1.28264 11.9687
1.28333 12.1367
1.28403 12.3089
1.28472 12.4847
1.28542 12.6637
1.28611 12.8453
1.28681 13.0287
1.2875 13.2136
1.28819 13.3992
1.28889 13.5848
1.28958 13.7698
1.29028 13.9535
1.29097 14.1352
1.29167 14.3141
1.29236 14.4894
1.29306 14.6605
1.29375 14.8265
1.29444 14.9868
1.29514 15.1406
1.29583 15.2872
1.29653 15.426
1.29722 15.5563
1.29792 15.6775
1.29861 15.789
1.29931 15.89
1.3 15.9802
1.30069 16.059
1.30139 16.1258
1.30208 16.1803
1.30278 16.2221
1.30347 16.2509
1.30417 16.2665
1.30486 16.2686
1.30556 16.2571
1.30625 16.232
1.30694 16.1933
1.30764 16.141
1.30833 16.0753
1.30903 15.9964
1.30972 15.9046
1.31042 15.8003
1.31111 15.6837
1.31181 15.5554
1.3125 15.4158
1.31319 15.2656
1.31389 15.1052
1.31458 14.9355
1.31528 14.757
1.31597 14.5706
1.31667 14.3771
1.31736 14.1775
1.31806 13.9727
1.31875 13.7638
1.31944 13.5519
1.32014 13.3379
1.32083 13.123
1.32153 12.9085
1.32222 12.6953
1.32292 12.4846
1.32361 12.2776
1.32431 12.0753
1.325 11.879
1.32569 11.6895
1.32639 11.5081
1.32708 11.3356
1.32778 11.1731
1.32847 11.0213
1.32917 10.881
1.32986 10.7529
1.33056 10.6376
1.33125 10.5356
1.33194 10.4472
1.33264 10.3728
1.33333 10.3124
1.33403 10.2663
1.33472 10.2343
1.33542 10.2164
1.33611 10.2123
1.33681 10.2217
1.3375 10.2441
1.33819 10.2791
1.33889 10.3262
1.33958 10.3849
1.34028 10.4545
1.34097 10.5345
1.34167 10.6244
1.34236 10.7237
1.34306 10.8321
1.34375 10.9491
1.34444 11.0742
1.34514 11.2073
1.34583 11.3478
1.34653 11.4954
1.34722 11.6497
1.34792 11.8103
1.34861 11.9765
1.34931 12.1481
1.35 12.3243
1.35069 12.5046
1.35139 12.6885
1.35208 12.8753
1.35278 13.0646
1.35347 13.2556
1.35417 13.4477
1.35486 13.6403
1.35556 13.8328
1.35625 14.0243
1.35694 14.2142
1.35764 14.4016
1.35833 14.5859
1.35903 14.7662
1.35972 14.9418
1.36042 15.1118
1.36111 15.2756
1.36181 15.4323
1.3625 15.5813
1.36319 15.7219
1.36389 15.8534
1.36458 15.9751
1.36528 16.0863
1.36597 16.1866
1.36667 16.2752
1.36736 16.3516
1.36806 16.4155
1.36875 16.4663
1.36944 16.5036
1.37014 16.5273
1.37083 16.537
1.37153 16.5325
1.37222 16.5139
1.37292 16.4809
1.37361 16.4337
1.37431 16.3723
1.375 16.297
1.37569 16.208
1.37639 16.1055
1.37708 15.99
1.37778 15.8619
1.37847 15.7217
1.37917 15.57
1.37986 15.4072
1.38056 15.2341
1.38125 15.0515
1.38194 14.86
1.38264 14.6606
1.38333 14.4542
1.38403 14.2418
1.38472 14.0244
1.38542 13.8031
1.38611 13.5791
1.38681 13.3535
1.3875 13.1275
1.38819 12.9023
1.38889 12.6792
1.38958 12.4592
1.39028 12.2436
1.39097 12.0336
1.39167 11.8304
1.39236 11.635
1.39306 11.4486
1.39375 11.2722
1.39444 11.1067
1.39514 10.953
1.39583 10.8118
1.39653 10.6839
1.39722 10.5699
1.39792 10.4701
1.39861 10.3849
1.39931 10.3145
1.4 10.2591
1.40069 10.2187
1.40139 10.1932
1.40208 10.1822
1.40278 10.1856
1.40347 10.2029
1.40417 10.2335
1.40486 10.277
1.40556 10.3327
1.40625 10.4001
1.40694 10.4784
1.40764 10.5673
1.40833 10.666
1.40903 10.7742
1.40972 10.8913
1.41042 11.017
1.41111 11.1509
1.41181 11.2926
1.4125 11.4418
1.41319 11.598
1.41389 11.7608
1.41458 11.9297
1.41528 12.1043
1.41597 12.2839
1.41667 12.4682
1.41736 12.6564
1.41806 12.848
1.41875 13.0425
1.41944 13.2391
1.42014 13.4373
1.42083 13.6365
1.42153 13.8359
1.42222 14.0348
1.42292 14.2325
1.42361 14.4282
1.42431 14.6211
1.425 14.8104
1.42569 14.9953
1.42639 15.175
1.42708 15.3487
1.42778 15.5155
1.42847 15.6748
1.42917 15.8258
1.42986 15.9678
1.43056 16.1
1.43125 16.2217
1.43194 16.3323
1.43264 16.4312
1.43333 16.5177
1.43403 16.5914
1.43472 16.6517
1.43542 16.6983
1.43611 16.7307
1.43681 16.7487
1.4375 16.7521
1.43819 16.7406
1.43889 16.7142
1.43958 16.6729
1.44028 16.6167
1.44097 16.5458
1.44167 16.4604
1.44236 16.3608
1.44306 16.2472
1.44375 16.1203
1.44444 15.9803
1.44514 15.8278
1.44583 15.6635
1.44653 15.4879
1.44722 15.3019
1.44792 15.1061
1.44861 14.9015
1.44931 14.6889
1.45 14.4694
1.45069 14.2441
1.45139 14.014
1.45208 13.7803
1.45278 13.5443
1.45347 13.3072
1.45417 13.0703
1.45486 12.8347
1.45556 12.6018
1.45625 12.3729
1.45694 12.1492
1.45764 11.9319
1.45833 11.7223
1.45903 11.5216
1.45972 11.3309
1.46042 11.1512
1.46111 10.9836
1.46181 10.8288
1.4625 10.6877
1.46319 10.561
1.46389 10.4491
1.46458 10.3526
1.46528 10.2716
1.46597 10.2064
1.46667 10.1569
1.46736 10.1232
1.46806 10.1049
1.46875 10.1018
1.46944 10.1135
1.47014 10.1393
1.47083 10.1788
1.47153 10.2313
1.47222 10.296
1.47292 10.3725
1.47361 10.4599
1.47431 10.5578
1.475 10.6655
1.47569 10.7826
1.47639 10.9085
1.47708 11.043
1.47778 11.1856
1.47847 11.3358
1.47917 11.4935
1.47986 11.6581
1.48056 11.8291
1.48125 12.0062
1.48194 12.1888
1.48264 12.3763
1.48333 12.5683
1.48403 12.7642
1.48472 12.9633
1.48542 13.165
1.48611 13.3688
1.48681 13.5739
1.4875 13.7798
1.48819 13.9856
1.48889 14.1907
1.48958 14.3942
1.49028 14.5954
1.49097 14.7934
1.49167 14.9874
1.49236 15.1765
1.49306 15.36
1.49375 15.5369
1.49444 15.7064
1.49514 15.8679
1.49583 16.0204
1.49653 16.1633
1.49722 16.2957
1.49792 16.417
1.49861 16.5265
1.49931 16.6236
1.5 16.7076
1.50069 16.778
1.50139 16.8344
1.50208 16.8762
1.50278 16.9032
1.50347 16.9151
1.50417 16.9116
1.50486 16.8926
1.50556 16.858
1.50625 16.8079
1.50694 16.7423
1.50764 16.6614
1.50833 16.5655
1.50903 16.4548
1.50972 16.3298
1.51042 16.1909
1.51111 16.0386
1.51181 15.8736
1.5125 15.6964
1.51319 15.5077
1.51389 15.3084
1.51458 15.0993
1.51528 14.8813
1.51597 14.6554
1.51667 14.4227
1.51736 14.1844
1.51806 13.9417
1.51875 13.6957
1.51944 13.4478
1.52014 13.1993
1.52083 12.9515
1.52153 12.7058
1.52222 12.4635
1.52292 12.226
1.52361 11.9946
1.52431 11.7706
1.525 11.5552
1.52569 11.3498
1.52639 11.1555
1.52708 10.9734
1.52778 10.8045
1.52847 10.6496
1.52917 10.5096
1.52986 10.385
1.53056 10.2764
1.53125 10.1841
1.53194 10.1084
1.53264 10.0494
1.53333 10.0069
1.53403 9.98083
1.53472 9.97081
1.53542 9.97642
1.53611 9.99711
1.53681 10.0322
1.5375 10.0811
1.53819 10.1431
1.53889 10.2173
1.53958 10.3032
1.54028 10.3999
1.54097 10.507
1.54167 10.6237
1.54236 10.7497
1.54306 10.8845
1.54375 11.0276
1.54444 11.1786
1.54514 11.3373
1.54583 11.5032
1.54653 11.6759
1.54722 11.8549
1.54792 12.0399
1.54861 12.2302
1.54931 12.4253
1.55 12.6247
1.55069 12.8278
1.55139 13.0341
1.55208 13.2428
1.55278 13.4533
1.55347 13.6651
1.55417 13.8773
1.55486 14.0892
1.55556 14.3001
1.55625 14.5091
1.55694 14.7155
1.55764 14.9182
1.55833 15.1165
1.55903 15.3095
1.55972 15.4963
1.56042 15.6761
1.56111 15.848
1.56181 16.0112
1.5625 16.1648
1.56319 16.3082
1.56389 16.4404
1.56458 16.5609
1.56528 16.6688
1.56597 16.7636
1.56667 16.8446
1.56736 16.9113
1.56806 16.9632
1.56875 16.9998
1.56944 17.0209
1.57014 17.0261
1.57083 17.0153
1.57153 16.9883
1.57222 16.9451
1.57292 16.8857
1.57361 16.8102
1.57431 16.7189
1.575 16.6121
1.57569 16.49
1.57639 16.3531
1.57708 16.202
1.57778 16.0371
1.57847 15.8591
1.57917 15.6687
1.57986 15.4667
1.58056 15.2539
1.58125 15.0312
1.58194 14.7997
1.58264 14.5603
1.58333 14.3144
1.58403 14.063
1.58472 13.8076
1.58542 13.5493
1.58611 13.2896
1.58681 13.0299
1.5875 12.7715
1.58819 12.5159
1.58889 12.2646
1.58958 12.0189
1.59028 11.7802
1.59097 11.55
1.59167 11.3296
1.59236 11.1202
1.59306 10.9231
1.59375 10.7394
1.59444 10.5701
1.59514 10.4161
1.59583 10.2782
1.59653 10.1569
1.59722 10.0527
1.59792 9.96591
1.59861 9.89665
1.59931 9.84489
1.6 9.8105
1.60069 9.79311
1.60139 9.79228
1.60208 9.80747
1.60278 9.83796
1.60347 9.88304
1.60417 9.94192
1.60486 10.0138
1.60556 10.0978
1.60625 10.1933
1.60694 10.2995
1.60764 10.4158
1.60833 10.5416
1.60903 10.6764
1.60972 10.8198
1.61042 10.9713
1.61111 11.1307
1.61181 11.2975
1.6125 11.4713
1.61319 11.6518
1.61389 11.8385
1.61458 12.0309
1.61528 12.2285
1.61597 12.4308
1.61667 12.6373
1.61736 12.8473
1.61806 13.0603
1.61875 13.2756
1.61944 13.4926
1.62014 13.7106
1.62083 13.9288
1.62153 14.1465
1.62222 14.3628
1.62292 14.577
1.62361 14.7881
1.62431 14.9952
1.625 15.1975
1.62569 15.394
1.62639 15.5838
1.62708 15.7661
1.62778 15.9399
1.62847 16.1044
1.62917 16.2588
1.62986 16.4022
1.63056 16.5338
1.63125 16.653
1.63194 16.759
1.63264 16.851
1.63333 16.9285
1.63403 16.991
1.63472 17.038
1.63542 17.0689
1.63611 17.0836
1.63681 17.0818
1.6375 17.0632
1.63819 17.0277
1.63889 16.9754
1.63958 16.9063
1.64028 16.8206
1.64097 16.7184
1.64167 16.6002
1.64236 16.4663
1.64306 16.3172
1.64375 16.1534
1.64444 15.9756
1.64514 15.7844
1.64583 15.5806
1.64653 15.3649
1.64722 15.1384
1.64792 14.9019
1.64861 14.6567
1.64931 14.4038
1.65 14.1445
1.65069 13.8801
1.65139 13.6119
1.65208 13.3415
1.65278 13.0701
1.65347 12.7993
1.65417 12.5306
1.65486 12.2654
1.65556 12.0054
1.65625 11.7519
1.65694 11.5066
1.65764 11.2708
1.65833 11.0459
1.65903 10.8333
1.65972 10.6343
1.66042 10.45
1.66111 10.2814
1.66181 10.1294
1.6625 9.99469
1.66319 9.87788
1.66389 9.77933
1.66458 9.69927
1.66528 9.63769
1.66597 9.59446
1.66667 9.56927
1.66736 9.56165
1.66806 9.57101
1.66875 9.59661
1.66944 9.63767
1.67014 9.69331
1.67083 9.76266
1.67153 9.84481
1.67222 9.93893
1.67292 10.0442
1.67361 10.1599
1.67431 10.2854
1.675 10.4201
1.67569 10.5636
1.67639 10.7153
1.67708 10.875
1.67778 11.0423
1.67847 11.2168
1.67917 11.3982
1.67986 11.586
1.68056 11.7799
1.68125 11.9793
1.68194 12.1838
1.68264 12.3929
1.68333 12.606
1.68403 12.8225
1.68472 13.0419
1.68542 13.2634
1.68611 13.4864
1.68681 13.7102
1.6875 13.9341
1.68819 14.1571
1.68889 14.3786
1.68958 14.5975
1.69028 14.8131
1.69097 15.0242
1.69167 15.2301
1.69236 15.4297
1.69306 15.6221
1.69375 15.8065
1.69444 15.9819
1.69514 16.1473
1.69583 16.302
1.69653 16.4451
1.69722 16.5757
1.69792 16.6932
1.69861 16.7967
1.69931 16.8856
1.7 16.9592
1.70069 17.017
1.70139 17.0586
1.70208 17.0835
1.70278 17.0913
1.70347 17.0819
1.70417 17.0551
1.70486 17.0107
1.70556 16.9489
1.70625 16.8697
1.70694 16.7733
1.70764 16.6599
1.70833 16.53
1.70903 16.3839
1.70972 16.2222
1.71042 16.0455
1.71111 15.8544
1.71181 15.6496
1.7125 15.4321
1.71319 15.2026
1.71389 14.9621
1.71458 14.7117
1.71528 14.4526
1.71597 14.1861
1.71667 13.9134
1.71736 13.6359
1.71806 13.3551
1.71875 13.0724
1.71944 12.7895
1.72014 12.5078
1.72083 12.229
1.72153 11.9546
1.72222 11.6863
1.72292 11.4256
1.72361 11.1741
1.72431 10.9333
1.725 10.7048
1.72569 10.4899
1.72639 10.2899
1.72708 10.106
1.72778 9.93927
1.72847 9.79047
1.72917 9.66034
1.72986 9.54937
1.73056 9.45785
1.73125 9.38586
1.73194 9.33332
1.73264 9.29991
1.73333 9.28515
1.73403 9.28843
1.73472 9.30895
1.73542 9.34585
1.73611 9.3982
1.73681 9.46499
1.7375 9.54523
1.73819 9.63799
1.73889 9.74233
1.73958 9.85744
1.74028 9.98258
1.74097 10.1171
1.74167 10.2605
1.74236 10.4123
1.74306 10.572
1.74375 10.7394
1.74444 10.9142
1.74514 11.0959
1.74583 11.2843
1.74653 11.4789
1.74722 11.6794
1.74792 11.8854
1.74861 12.0963
1.74931 12.3116
1.75 12.5308
1.75069 12.7534
1.75139 12.9786
1.75208 13.2059
1.75278 13.4345
1.75347 13.6638
1.75417 13.8929
1.75486 14.1209
1.75556 14.3471
1.75625 14.5705
1.75694 14.79
1.75764 15.0049
1.75833 15.214
1.75903 15.4164
1.75972 15.6111
1.76042 15.7972
1.76111 15.9737
1.76181 16.1398
1.7625 16.2944
1.76319 16.4367
1.76389 16.566
1.76458 16.6813
1.76528 16.7819
1.76597 16.8672
1.76667 16.9365
1.76736 16.9892
1.76806 17.025
1.76875 17.0433
1.76944 17.0439
1.77014 17.0266
1.77083 16.9911
1.77153 16.9375
1.77222 16.8657
1.77292 16.776
1.77361 16.6684
1.77431 16.5435
1.775 16.4015
1.77569 16.2429
1.77639 16.0683
1.77708 15.8783
1.77778 15.6736
1.77847 15.4551
1.77917 15.2235
1.77986 14.9799
1.78056 14.7253
1.78125 14.4609
1.78194 14.1878
1.78264 13.9075
1.78333 13.6213
1.78403 13.3308
1.78472 13.0373
1.78542 12.7426
1.78611 12.4483
1.78681 12.156
1.7875 11.8673
1.78819 11.584
1.78889 11.3078
1.78958 11.0404
1.79028 10.7834
1.79097 10.5385
1.79167 10.3071
1.79236 10.0908
1.79306 9.89096
1.79375 9.70868
1.79444 9.54502
1.79514 9.40082
1.79583 9.2767
1.79653 9.17307
1.79722 9.0901
1.79792 9.02772
1.79861 8.9857
1.79931 8.96351
1.8 8.96049
1.80069 8.97583
1.80139 9.00855
1.80208 9.05762
1.80278 9.12192
1.80347 9.20037
1.80417 9.29186
1.80486 9.39538
1.80556 9.50999
1.80625 9.63483
1.80694 9.76919
1.80764 9.91244
1.80833 10.0641
1.80903 10.2237
1.80972 10.3909
1.81042 10.5654
1.81111 10.747
1.81181 10.9353
1.8125 11.13
1.81319 11.3309
1.81389 11.5374
1.81458 11.7492
1.81528 11.9659
1.81597 12.1869
1.81667 12.4117
1.81736 12.6397
1.81806 12.8703
1.81875 13.1029
1.81944 13.3367
1.82014 13.571
1.82083 13.8049
1.82153 14.0376
1.82222 14.2681
1.82292 14.4955
1.82361 14.7188
1.82431 14.9369
1.825 15.1489
1.82569 15.3537
1.82639 15.5504
1.82708 15.7379
1.82778 15.9152
1.82847 16.0815
1.82917 16.2357
1.82986 16.3769
1.83056 16.5043
1.83125 16.6171
1.83194 16.7145
1.83264 16.7958
1.83333 16.8604
1.83403 16.9076
1.83472 16.9372
1.83542 16.9486
1.83611 16.9415
1.83681 16.9158
1.8375 16.8713
1.83819 16.8079
1.83889 16.7259
1.83958 16.6252
1.84028 16.5063
1.84097 16.3694
1.84167 16.215
1.84236 16.0435
1.84306 15.8557
1.84375 15.6522
1.84444 15.4336
1.84514 15.201
1.84583 14.9553
1.84653 14.6973
1.84722 14.4284
1.84792 14.1498
1.84861 13.8626
1.84931 13.5685
1.85 13.2688
1.85069 12.9652
1.85139 12.6592
1.85208 12.3525
1.85278 12.0469
1.85347 11.7441
1.85417 11.446
1.85486 11.1542
1.85556 10.8706
1.85625 10.597
1.85694 10.3352
1.85764 10.0869
1.85833 9.85365
1.85903 9.63708
1.85972 9.43853
1.86042 9.25922
1.86111 9.10017
1.86181 8.96215
1.8625 8.84571
1.86319 8.75114
1.86389 8.67845
1.86458 8.62741
1.86528 8.59753
1.86597 8.58811
1.86667 8.59823
1.86736 8.62685
1.86806 8.6728
1.86875 8.73484
1.86944 8.81174
1.87014 8.90225
1.87083 9.00522
1.87153 9.11954
1.87222 9.24429
1.87292 9.37859
1.87361 9.52176
1.87431 9.67322
1.875 9.83251
1.87569 9.99928
1.87639 10.1732
1.87708 10.3541
1.87778 10.5417
1.87847 10.7358
1.87917 10.9361
1.87986 11.1423
1.88056 11.3541
1.88125 11.5711
1.88194 11.7928
1.88264 12.0188
1.88333 12.2486
1.88403 12.4815
1.88472 12.717
1.88542 12.9543
1.88611 13.1928
1.88681 13.4317
1.8875 13.67
1.88819 13.9069
1.88889 14.1414
1.88958 14.3724
1.89028 14.599
1.89097 14.8201
1.89167 15.0347
1.89236 15.2416
1.89306 15.4399
1.89375 15.6284
1.89444 15.8063
1.89514 15.9724
1.89583 16.1258
1.89653 16.2655
1.89722 16.3908
1.89792 16.5007
1.89861 16.5945
1.89931 16.6714
1.9 16.7308
1.90069 16.7723
1.90139 16.7952
1.90208 16.7993
1.90278 16.7842
1.90347 16.7497
1.90417 16.6958
1.90486 16.6224
1.90556 16.5297
1.90625 16.4179
1.90694 16.2871
1.90764 16.138
1.90833 15.9708
1.90903 15.7862
1.90972 15.5849
1.91042 15.3675
1.91111 15.1349
1.91181 14.888
1.9125 14.6278
1.91319 14.3554
1.91389 14.072
1.91458 13.779
1.91528 13.4777
1.91597 13.1696
1.91667 12.8564
1.91736 12.5397
1.91806 12.2212
1.91875 11.9027
1.91944 11.586
1.92014 11.273
1.92083 10.9656
1.92153 10.6657
1.92222 10.3753
1.92292 10.0962
1.92361 9.83033
1.92431 9.57955
1.925 9.34554
1.92569 9.12994
1.92639 8.93415
1.92708 8.7594
1.92778 8.60667
1.92847 8.47669
1.92917 8.36988
1.92986 8.28636
1.93056 8.22596
1.93125 8.18819
1.93194 8.1723
1.93264 8.17733
1.93333 8.20208
1.93403 8.24526
1.93472 8.30547
1.93542 8.38128
1.93611 8.47128
1.93681 8.57415
1.9375 8.68864
1.93819 8.81362
1.93889 8.94815
1.93958 9.0914
1.94028 9.24274
1.94097 9.40164
1.94167 9.56774
1.94236 9.74076
1.94306 9.92047
1.94375 10.1067
1.94444 10.2994
1.94514 10.4983
1.94583 10.7032
1.94653 10.9138
1.94722 11.13
1.94792 11.3512
1.94861 11.5772
1.94931 11.8075
1.95 12.0415
1.95069 12.2786
1.95139 12.5184
1.95208 12.76
1.95278 13.0026
1.95347 13.2456
1.95417 13.4878
1.95486 13.7285
1.95556 13.9666
1.95625 14.2009
1.95694 14.4305
1.95764 14.6543
1.95833 14.8711
1.95903 15.0798
1.95972 15.2793
1.96042 15.4686
1.96111 15.6466
1.96181 15.8123
1.9625 15.9646
1.96319 16.1026
1.96389 16.2253
1.96458 16.332
1.96528 16.4218
1.96597 16.494
1.96667 16.548
1.96736 16.5833
1.96806 16.5993
1.96875 16.5957
1.96944 16.5722
1.97014 16.5287
1.97083 16.465
1.97153 16.3813
1.97222 16.2776
1.97292 16.1542
1.97361 16.0114
1.97431 15.8496
1.975 15.6695
1.97569 15.4715
1.97639 15.2563
1.97708 15.0249
1.97778 14.778
1.97847 14.5165
1.97917 14.2417
1.97986 13.9547
1.98056 13.6567
1.98125 13.3491
1.98194 13.0336
1.98264 12.7116
1.98333 12.3848
1.98403 12.055
1.98472 11.7241
1.98542 11.3938
1.98611 11.0662
1.98681 10.7433
1.9875 10.427
1.98819 10.1195
1.98889 9.82276
1.98958 9.53889
1.99028 9.26989
1.99097 9.01772
1.99167 8.78422
1.99236 8.57105
1.99306 8.37971
1.99375 8.2114
1.99444 8.06709
1.99514 7.94737
1.99583 7.85252
1.99653 7.78242
1.99722 7.73665
1.99792 7.7144
1.99861 7.7146
1.99931 7.73595
2 7.77694
2.00069 7.83599
2.00139 7.91145
2.00208 8.0017
2.00278 8.10519
2.00347 8.22048
2.00417 8.34629
2.00486 8.48151
2.00556 8.62518
2.00625 8.77659
2.00694 8.93514
2.00764 9.10043
2.00833 9.2722
2.00903 9.45025
2.00972 9.6345
2.01042 9.8249
2.01111 10.0214
2.01181 10.2238
2.0125 10.4321
2.01319 10.6461
2.01389 10.8655
2.01458 11.09
2.01528 11.3193
2.01597 11.5529
2.01667 11.7904
2.01736 12.0311
2.01806 12.2744
2.01875 12.5196
2.01944 12.7659
2.02014 13.0124
2.02083 13.2582
2.02153 13.5023
2.02222 13.7435
2.02292 13.9808
2.02361 14.2131
2.02431 14.4392
2.025 14.6579
2.02569 14.8681
2.02639 15.0687
2.02708 15.2584
2.02778 15.4363
2.02847 15.6012
2.02917 15.7521
2.02986 15.888
2.03056 16.008
2.03125 16.1112
2.03194 16.1967
2.03264 16.2639
2.03333 16.3122
2.03403 16.3409
2.03472 16.3496
2.03542 16.3381
2.03611 16.3059
2.03681 16.253
2.0375 16.1793
2.03819 16.0849
2.03889 15.97
2.03958 15.8348
2.04028 15.6796
2.04097 15.5051
2.04167 15.3117
2.04236 15.1
2.04306 14.8709
2.04375 14.6251
2.04444 14.3637
2.04514 14.0876
2.04583 13.798
2.04653 13.4961
2.04722 13.1834
2.04792 12.8613
2.04861 12.5313
2.04931 12.1953
2.05 11.855
2.05069 11.5122
2.05139 11.1688
2.05208 10.8269
2.05278 10.4886
2.05347 10.156
2.05417 9.83124
2.05486 9.51656
2.05556 9.21419
2.05625 8.92637
2.05694 8.65528
2.05764 8.40301
2.05833 8.17153
2.05903 7.96262
2.05972 7.77781
2.06042 7.61831
2.06111 7.48497
2.06181 7.37827
2.0625 7.29823
2.06319 7.24443
2.06389 7.21607
2.06458 7.21197
2.06528 7.23065
2.06597 7.27037
2.06667 7.3293
2.06736 7.40552
2.06806 7.49713
2.06875 7.60233
2.06944 7.71942
2.07014 7.84692
2.07083 7.98354
2.07153 8.12818
2.07222 8.27999
2.07292 8.43834
2.07361 8.60275
2.07431 8.77297
2.075 8.94886
2.07569 9.13038
2.07639 9.31757
2.07708 9.51049
2.07778 9.7092
2.07847 9.9137
2.07917 10.124
2.07986 10.3399
2.08056 10.5613
2.08125 10.7879
2.08194 11.0194
2.08264 11.2554
2.08333 11.4954
2.08403 11.7388
2.08472 11.9849
2.08542 12.2331
2.08611 12.4824
2.08681 12.732
2.0875 12.9809
2.08819 13.2279
2.08889 13.4719
2.08958 13.7119
2.09028 13.9465
2.09097 14.1746
2.09167 14.395
2.09236 14.6065
2.09306 14.8078
2.09375 14.9978
2.09444 15.1753
2.09514 15.3392
2.09583 15.4885
2.09653 15.6221
2.09722 15.739
2.09792 15.8384
2.09861 15.9194
2.09931 15.9814
2.1 16.0236
2.10069 16.0456
2.10139 16.0468
2.10208 16.027
2.10278 15.9859
2.10347 15.9234
2.10417 15.8394
2.10486 15.7341
2.10556 15.6077
2.10625 15.4605
2.10694 15.2928
2.10764 15.1052
2.10833 14.8983
2.10903 14.6728
2.10972 14.4295
2.11042 14.1693
2.11111 13.8932
2.11181 13.6022
2.1125 13.2977
2.11319 12.9809
2.11389 12.6533
2.11458 12.3165
2.11528 11.9722
2.11597 11.6221
2.11667 11.2682
2.11736 10.9124
2.11806 10.5567
2.11875 10.2033
2.11944 9.85447
2.12014 9.51245
2.12083 9.1796
2.12153 8.85833
2.12222 8.55111
2.12292 8.26033
2.12361 7.9884
2.12431 7.73762
2.125 7.51011
2.12569 7.30776
2.12639 7.13214
2.12708 6.98444
2.12778 6.86539
2.12847 6.77519
2.12917 6.71353
2.12986 6.67959
2.13056 6.67203
2.13125 6.68919
2.13194 6.72905
2.13264 6.7894
2.13333 6.86801
2.13403 6.9626
2.13472 7.07104
2.13542 7.19137
2.13611 7.32181
2.13681 7.46085
2.1375 7.60725
2.13819 7.76002
2.13889 7.91842
2.13958 8.08196
2.14028 8.25037
2.14097 8.42354
2.14167 8.60151
2.14236 8.78445
2.14306 8.97254
2.14375 9.16598
2.14444 9.36499
2.14514 9.56969
2.14583 9.78015
2.14653 9.99636
2.14722 10.2182
2.14792 10.4455
2.14861 10.6779
2.14931 10.9151
2.15 11.1566
2.15069 11.4018
2.15139 11.6499
2.15208 11.9004
2.15278 12.1521
2.15347 12.4042
2.15417 12.6556
2.15486 12.9051
2.15556 13.1517
2.15625 13.3939
2.15694 13.6306
2.15764 13.8605
2.15833 14.0824
2.15903 14.2949
2.15972 14.4967
2.16042 14.6867
2.16111 14.8637
2.16181 15.0265
2.1625 15.1739
2.16319 15.305
2.16389 15.4187
2.16458 15.5141
2.16528 15.5904
2.16597 15.6469
2.16667 15.6829
2.16736 15.6979
2.16806 15.6914
2.16875 15.6632
2.16944 15.6129
2.17014 15.5406
2.17083 15.4462
2.17153 15.3298
2.17222 15.1917
2.17292 15.0323
2.17361 14.8519
2.17431 14.6511
2.175 14.4306
2.17569 14.1912
2.17639 13.9335
2.17708 13.6587
2.17778 13.3678
2.17847 13.0619
2.17917 12.7424
2.17986 12.4106
2.18056 12.0681
2.18125 11.7166
2.18194 11.3578
2.18264 10.9937
2.18333 10.6261
2.18403 10.2573
2.18472 9.88939
2.18542 9.52465
2.18611 9.16549
2.18681 8.81441
2.1875 8.47396
2.18819 8.1468
2.18889 7.83563
2.18958 7.54314
2.19028 7.27201
2.19097 7.02477
2.19167 6.80377
2.19236 6.61103
2.19306 6.44817
2.19375 6.31631
2.19444 6.2159
2.19514 6.14679
2.19583 6.10815
2.19653 6.09852
2.19722 6.11591
2.19792 6.15797
2.19861 6.22202
2.19931 6.30535
2.2 6.40524
2.20069 6.51913
2.20139 6.64466
2.20208 6.77976
2.20278 6.92267
2.20347 7.07193
2.20417 7.2264
2.20486 7.38528
2.20556 7.54801
2.20625 7.71431
2.20694 7.88415
2.20764 8.05763
2.20833 8.23503
2.20903 8.41671
2.20972 8.60307
2.21042 8.7945
2.21111 8.99137
2.21181 9.19394
2.2125 9.40242
2.21319 9.61689
2.21389 9.83733
2.21458 10.0636
2.21528 10.2954
2.21597 10.5325
2.21667 10.7742
2.21736 11.0201
2.21806 11.2694
2.21875 11.5212
2.21944 11.7747
2.22014 12.0288
2.22083 12.2822
2.22153 12.5339
2.22222 12.7826
2.22292 13.0268
2.22361 13.2654
2.22431 13.4969
2.225 13.72
2.22569 13.9333
2.22639 14.1356
2.22708 14.3255
2.22778 14.5018
2.22847 14.6633
2.22917 14.8087
2.22986 14.9371
2.23056 15.0475
2.23125 15.1388
2.23194 15.2102
2.23264 15.2611
2.23333 15.2907
2.23403 15.2986
2.23472 15.2843
2.23542 15.2475
2.23611 15.188
2.23681 15.1058
2.2375 15.0008
2.23819 14.8733
2.23889 14.7234
2.23958 14.5516
2.24028 14.3585
2.24097 14.1444
2.24167 13.9103
2.24236 13.6568
2.24306 13.3848
2.24375 13.0953
2.24444 12.7896
2.24514 12.4687
2.24583 12.1341
2.24653 11.7873
2.24722 11.4299
2.24792 11.0637
2.24861 10.6905
2.24931 10.3123
2.25 9.93119
2.25069 9.54943
2.25139 9.16935
2.25208 8.7934
2.25278 8.42419
2.25347 8.06444
2.25417 7.71698
2.25486 7.38479
2.25556 7.07089
2.25625 6.77837
2.25694 6.51024
2.25764 6.26939
2.25833 6.05847
2.25903 5.87965
2.25972 5.73457
2.26042 5.62413
2.26111 5.5484
2.26181 5.50657
2.2625 5.49699
2.26319 5.51732
2.26389 5.56464
2.26458 5.63569
2.26528 5.72711
2.26597 5.83557
2.26667 5.95793
2.26736 6.0914
2.26806 6.23349
2.26875 6.38214
2.26944 6.5357
2.27014 6.69287
2.27083 6.85273
2.27153 7.01472
2.27222 7.17856
2.27292 7.34426
2.27361 7.51205
2.27431 7.68234
2.275 7.85566
2.27569 8.03265
2.27639 8.21393
2.27708 8.40012
2.27778 8.59176
2.27847 8.78933
2.27917 8.99313
2.27986 9.20336
2.28056 9.42012
2.28125 9.6433
2.28194 9.87269
2.28264 10.108
2.28333 10.3486
2.28403 10.594
2.28472 10.8433
2.28542 11.0957
2.28611 11.3502
2.28681 11.6056
2.2875 11.8606
2.28819 12.1141
2.28889 12.3645
2.28958 12.6105
2.29028 12.8507
2.29097 13.0837
2.29167 13.3079
2.29236 13.522
2.29306 13.7246
2.29375 13.9144
2.29444 14.0899
2.29514 14.25
2.29583 14.3935
2.29653 14.5192
2.29722 14.6261
2.29792 14.7132
2.29861 14.7798
2.29931 14.825
2.3 14.8483
2.30069 14.849
2.30139 14.8268
2.30208 14.7814
2.30278 14.7126
2.30347 14.6204
2.30417 14.5048
2.30486 14.3661
2.30556 14.2045
2.30625 14.0204
2.30694 13.8145
2.30764 13.5872
2.30833 13.3394
2.30903 13.0719
2.30972 12.7856
2.31042 12.4816
2.31111 12.161
2.31181 11.8253
2.3125 11.4758
2.31319 11.114
2.31389 10.7418
2.31458 10.3609
2.31528 9.97337
2.31597 9.5812
2.31667 9.18666
2.31736 8.7921
2.31806 8.40003
2.31875 8.01315
2.31944 7.63426
2.32014 7.26639
2.32083 6.91277
2.32153 6.57676
2.32222 6.26187
2.32292 5.97171
2.32361 5.70983
2.32431 5.47963
2.325 5.28411
2.32569 5.12565
2.32639 5.00577
2.32708 4.92494
2.32778 4.88242
2.32847 4.87631
2.32917 4.90368
2.32986 4.96088
2.33056 5.04375
2.33125 5.14802
2.33194 5.26955
2.33264 5.40449
2.33333 5.54944
2.33403 5.70149
2.33472 5.85826
2.33542 6.01784
2.33611 6.17883
2.33681 6.34023
2.3375 6.50145
2.33819 6.66227
2.33889 6.82276
2.33958 6.98329
2.34028 7.14441
2.34097 7.30691
2.34167 7.47161
2.34236 7.63945
2.34306 7.81137
2.34375 7.98821
2.34444 8.17075
2.34514 8.35964
2.34583 8.55538
2.34653 8.75829
2.34722 8.96855
2.34792 9.18613
2.34861 9.41087
2.34931 9.6424
2.35 9.88024
2.35069 10.1237
2.35139 10.3719
2.35208 10.6239
2.35278 10.8785
2.35347 11.1346
2.35417 11.3908
2.35486 11.6455
2.35556 11.8975
2.35625 12.1451
2.35694 12.3868
2.35764 12.6211
2.35833 12.8465
2.35903 13.0613
2.35972 13.2643
2.36042 13.4539
2.36111 13.6287
2.36181 13.7875
2.3625 13.929
2.36319 14.0521
2.36389 14.1556
2.36458 14.2386
2.36528 14.3004
2.36597 14.34
2.36667 14.3569
2.36736 14.3505
2.36806 14.3205
2.36875 14.2666
2.36944 14.1886
2.37014 14.0865
2.37083 13.9604
2.37153 13.8106
2.37222 13.6374
2.37292 13.4412
2.37361 13.2226
2.37431 12.9823
2.375 12.721
2.37569 12.4397
2.37639 12.1393
2.37708 11.8209
2.37778 11.4858
2.37847 11.1354
2.37917 10.7712
2.37986 10.3948
2.38056 10.008
2.38125 9.61273
2.38194 9.21107
2.38264 8.8052
2.38333 8.39749
2.38403 7.99045
2.38472 7.58677
2.38542 7.18941
2.38611 6.80149
2.38681 6.42644
2.3875 6.06798
2.38819 5.73008
2.38889 5.41696
2.38958 5.13303
2.39028 4.88266
2.39097 4.66996
2.39167 4.49845
2.39236 4.37062
2.39306 4.2875
2.39375 4.24851
2.39444 4.25133
2.39514 4.29214
2.39583 4.36605
2.39653 4.46763
2.39722 4.59132
2.39792 4.73188
2.39861 4.88459
2.39931 5.04537
2.4 5.21085
2.40069 5.37834
2.40139 5.54577
2.40208 5.71163
2.40278 5.8749
2.40347 6.03506
2.40417 6.19191
2.40486 6.34566
2.40556 6.49682
2.40625 6.64614
2.40694 6.79459
2.40764 6.94333
2.40833 7.09357
2.40903 7.24659
2.40972 7.40365
2.41042 7.56591
2.41111 7.7344
2.41181 7.91
2.4125 8.09342
2.41319 8.2851
2.41389 8.48534
2.41458 8.6942
2.41528 8.91152
2.41597 9.13696
2.41667 9.36996
2.41736 9.60976
2.41806 9.85543
2.41875 10.1059
2.41944 10.3598
2.42014 10.6159
2.42083 10.8726
2.42153 11.1284
2.42222 11.3816
2.42292 11.6307
2.42361 11.8739
2.42431 12.1095
2.425 12.3361
2.42569 12.5518
2.42639 12.7552
2.42708 12.9448
2.42778 13.1191
2.42847 13.2768
2.42917 13.4165
2.42986 13.537
2.43056 13.6374
2.43125 13.7165
2.43194 13.7735
2.43264 13.8077
2.43333 13.8185
2.43403 13.8052
2.43472 13.7676
2.43542 13.7054
2.43611 13.6184
2.43681 13.5067
2.4375 13.3704
2.43819 13.2098
2.43889 13.0253
2.43958 12.8173
2.44028 12.5864
2.44097 12.3334
2.44167 12.059
2.44236 11.7643
2.44306 11.4502
2.44375 11.118
2.44444 10.7688
2.44514 10.4043
2.44583 10.0259
2.44653 9.63535
2.44722 9.23456
2.44792 8.82553
2.44861 8.41039
2.44931 7.99146
2.45 7.57125
2.45069 7.15245
2.45139 6.73801
2.45208 6.33119
2.45278 5.93556
2.45347 5.55512
2.45417 5.19431
2.45486 4.85807
2.45556 4.55175
2.45625 4.28102
2.45694 4.05159
2.45764 3.86861
2.45833 3.73605
2.45903 3.65593
2.45972 3.62776
2.46042 3.64837
2.46111 3.71238
2.46181 3.81291
2.4625 3.94252
2.46319 4.09396
2.46389 4.26061
2.46458 4.43682
2.46528 4.6179
2.46597 4.80011
2.46667 4.98058
2.46736 5.15717
2.46806 5.32841
2.46875 5.49333
2.46944 5.65149
2.47014 5.80284
2.47083 5.9477
2.47153 6.08673
2.47222 6.22087
2.47292 6.35134
2.47361 6.47953
2.47431 6.60701
2.475 6.73544
2.47569 6.86648
2.47639 7.00176
2.47708 7.14281
2.47778 7.29098
2.47847 7.44742
2.47917 7.61306
2.47986 7.78856
2.48056 7.97432
2.48125 8.17048
2.48194 8.37693
2.48264 8.59329
2.48333 8.81893
2.48403 9.05302
2.48472 9.29446
2.48542 9.54201
2.48611 9.79424
2.48681 10.0496
2.4875 10.3063
2.48819 10.5628
2.48889 10.8172
2.48958 11.0676
2.49028 11.3124
2.49097 11.5495
2.49167 11.7774
2.49236 11.9943
2.49306 12.1985
2.49375 12.3883
2.49444 12.5624
2.49514 12.7192
2.49583 12.8574
2.49653 12.9758
2.49722 13.0733
2.49792 13.1489
2.49861 13.2016
2.49931 13.2308
2.5 13.2357
2.50069 13.216
2.50139 13.1711
2.50208 13.101
2.50278 13.0055
2.50347 12.8847
2.50417 12.7387
2.50486 12.5678
2.50556 12.3725
2.50625 12.1532
2.50694 11.9107
2.50764 11.6457
2.50833 11.359
2.50903 11.0516
2.50972 10.7246
2.51042 10.3793
2.51111 10.0171
2.51181 9.63936
2.5125 9.24784
2.51319 8.8443
2.51389 8.43069
2.51458 8.0091
2.51528 7.5818
2.51597 7.15124
2.51667 6.72008
2.51736 6.29127
2.51806 5.86809
2.51875 5.45423
2.51944 5.05394
2.52014 4.67209
2.52083 4.31435
2.52153 3.98725
2.52222 3.69813
2.52292 3.45485
2.52361 3.26507
2.52431 3.13499
2.525 3.06793
2.52569 3.0631
2.52639 3.11542
2.52708 3.21649
2.52778 3.35624
2.52847 3.5245
2.52917 3.71202
2.52986 3.91098
2.53056 4.11504
2.53125 4.31924
2.53194 4.51979
2.53264 4.71389
2.53333 4.89954
2.53403 5.0754
2.53472 5.24069
2.53542 5.39509
2.53611 5.53866
2.53681 5.67188
2.5375 5.79551
2.53819 5.91064
2.53889 6.01865
2.53958 6.12118
2.54028 6.22005
2.54097 6.31729
2.54167 6.41499
2.54236 6.51528
2.54306 6.62023
2.54375 6.73179
2.54444 6.85172
2.54514 6.98152
2.54583 7.12243
2.54653 7.27535
2.54722 7.44087
2.54792 7.61924
2.54861 7.81037
2.54931 8.01385
2.55 8.22897
2.55069 8.45475
2.55139 8.6899
2.55208 8.93297
2.55278 9.18229
2.55347 9.43606
2.55417 9.69236
2.55486 9.94923
2.55556 10.2046
2.55625 10.4566
2.55694 10.703
2.55764 10.942
2.55833 11.1717
2.55903 11.3901
2.55972 11.5954
2.56042 11.7861
2.56111 11.9604
2.56181 12.1169
2.5625 12.2542
2.56319 12.371
2.56389 12.4662
2.56458 12.5387
2.56528 12.5877
2.56597 12.6124
2.56667 12.6121
2.56736 12.5865
2.56806 12.5351
2.56875 12.4578
2.56944 12.3545
2.57014 12.2252
2.57083 12.0703
2.57153 11.89
2.57222 11.6849
2.57292 11.4554
2.57361 11.2022
2.57431 10.9263
2.575 10.6284
2.57569 10.3097
2.57639 9.9713
2.57708 9.61449
2.57778 9.24075
2.57847 8.85165
2.57917 8.44894
2.57986 8.03451
2.58056 7.61038
2.58125 7.17879
2.58194 6.74215
2.58264 6.30309
2.58333 5.86456
2.58403 5.42988
2.58472 5.00286
2.58542 4.58798
2.58611 4.1906
2.58681 3.81723
2.5875 3.4758
2.58819 3.17581
2.58889 2.92806
2.58958 2.74362
2.59028 2.63153
2.59097 2.59592
2.59167 2.63392
2.59236 2.73604
2.59306 2.88891
2.59375 3.07843
2.59444 3.29188
2.59514 3.51882
2.59583 3.75109
2.59653 3.98247
2.59722 4.20831
2.59792 4.42521
2.59861 4.63068
2.59931 4.82301
2.6 5.00108
2.60069 5.16428
2.60139 5.31238
2.60208 5.44556
2.60278 5.5643
2.60347 5.66942
2.60417 5.76204
2.60486 5.84358
2.60556 5.91576
2.60625 5.98056
2.60694 6.04024
2.60764 6.09722
2.60833 6.15408
2.60903 6.21344
2.60972 6.27791
2.61042 6.34995
2.61111 6.43187
2.61181 6.52565
2.6125 6.63295
2.61319 6.75508
2.61389 6.89287
2.61458 7.04676
2.61528 7.21674
2.61597 7.40237
2.61667 7.60283
2.61736 7.81694
2.61806 8.04317
2.61875 8.27978
2.61944 8.52477
2.62014 8.77603
2.62083 9.03133
2.62153 9.28837
2.62222 9.54488
2.62292 9.79854
2.62361 10.0471
2.62431 10.2885
2.625 10.5204
2.62569 10.741
2.62639 10.9483
2.62708 11.1405
2.62778 11.3158
2.62847 11.4728
2.62917 11.6099
2.62986 11.7259
2.63056 11.8196
2.63125 11.89
2.63194 11.936
2.63264 11.9571
2.63333 11.9526
2.63403 11.922
2.63472 11.865
2.63542 11.7815
2.63611 11.6715
2.63681 11.5351
2.6375 11.3725
2.63819 11.1841
2.63889 10.9706
2.63958 10.7324
2.64028 10.4703
2.64097 10.1853
2.64167 9.87824
2.64236 9.55035
2.64306 9.20286
2.64375 8.83716
2.64444 8.45484
2.64514 8.05759
2.64583 7.64728
2.64653 7.22597
2.64722 6.79587
2.64792 6.35945
2.64861 5.91941
2.64931 5.4788
2.65 5.04111
2.65069 4.61045
2.65139 4.19177
2.65208 3.7912
2.65278 3.41646
2.65347 3.07742
2.65417 2.7863
2.65486 2.55736
2.65556 2.40482
2.65625 2.33874
2.65694 2.36043
2.65764 2.46093
2.65833 2.62421
2.65903 2.83237
2.65972 3.06933
2.66042 3.3222
2.66111 3.58118
2.66181 3.83902
2.6625 4.09031
2.66319 4.33112
2.66389 4.55851
2.66458 4.77036
2.66528 4.96519
2.66597 5.142
2.66667 5.30023
2.66736 5.43967
2.66806 5.56044
2.66875 5.66294
2.66944 5.74787
2.67014 5.81622
2.67083 5.86927
2.67153 5.90863
2.67222 5.93621
2.67292 5.95427
2.67361 5.96533
2.67431 5.9722
2.675 5.9779
2.67569 5.98557
2.67639 5.99839
2.67708 6.01949
2.67778 6.05186
2.67847 6.09818
2.67917 6.16078
2.67986 6.24155
2.68056 6.34182
2.68125 6.46237
2.68194 6.6034
2.68264 6.76452
2.68333 6.94477
2.68403 7.14274
2.68472 7.35661
2.68542 7.58419
2.68611 7.82308
2.68681 8.07072
2.6875 8.32443
2.68819 8.58151
2.68889 8.8393
2.68958 9.09516
2.69028 9.34654
2.69097 9.59101
2.69167 9.82623
2.69236 10.05
2.69306 10.2602
2.69375 10.455
2.69444 10.6324
2.69514 10.791
2.69583 10.9291
2.69653 11.0454
2.69722 11.1388
2.69792 11.2081
2.69861 11.2525
2.69931 11.2712
2.7 11.2637
2.70069 11.2296
2.70139 11.1685
2.70208 11.0804
2.70278 10.9653
2.70347 10.8234
2.70417 10.655
2.70486 10.4607
2.70556 10.2409
2.70625 9.99643
2.70694 9.72811
2.70764 9.4369
2.70833 9.12392
2.70903 8.79044
2.70972 8.43787
2.71042 8.06778
2.71111 7.68194
2.71181 7.28228
2.7125 6.87097
2.71319 6.45038
2.71389 6.02317
2.71458 5.59235
2.71528 5.16136
2.71597 4.73424
2.71667 4.31586
2.71736 3.91224
2.71806 3.531
2.71875 3.18187
2.71944 2.87718
2.72014 2.63169
2.72083 2.46101
2.72153 2.37768
2.72222 2.38594
2.72292 2.47905
2.72361 2.64165
2.72431 2.85518
2.725 3.10237
2.72569 3.36912
2.72639 3.64461
2.72708 3.92072
2.72778 4.19139
2.72847 4.45205
2.72917 4.69921
2.72986 4.93026
2.73056 5.1432
2.73125 5.33655
2.73194 5.50929
2.73264 5.66075
2.73333 5.79056
2.73403 5.89867
2.73472 5.98528
2.73542 6.05083
2.73611 6.09604
2.73681 6.12191
2.7375 6.12973
2.73819 6.12111
2.73889 6.09803
2.73958 6.06279
2.74028 6.01809
2.74097 5.96694
2.74167 5.91268
2.74236 5.85887
2.74306 5.80927
2.74375 5.76774
2.74444 5.73806
2.74514 5.72387
2.74583 5.72848
2.74653 5.75473
2.74722 5.80485
2.74792 5.88033
2.74861 5.98184
2.74931 6.10927
2.75 6.26164
2.75069 6.43731
2.75139 6.63405
2.75208 6.84914
2.75278 7.07959
2.75347 7.32219
2.75417 7.57366
2.75486 7.83074
2.75556 8.09022
2.75625 8.34904
2.75694 8.60423
2.75764 8.85302
2.75833 9.09281
2.75903 9.32113
2.75972 9.53574
2.76042 9.73456
2.76111 9.91567
2.76181 10.0773
2.7625 10.218
2.76319 10.3362
2.76389 10.4309
2.76458 10.5009
2.76528 10.5453
2.76597 10.5635
2.76667 10.5549
2.76736 10.5192
2.76806 10.4561
2.76875 10.3656
2.76944 10.2479
2.77014 10.1031
2.77083 9.93185
2.77153 9.73456
2.77222 9.51198
2.77292 9.26497
2.77361 8.99451
2.77431 8.70175
2.775 8.38802
2.77569 8.0548
2.77639 7.7038
2.77708 7.33691
2.77778 6.9563
2.77847 6.5644
2.77917 6.16396
2.77986 5.75812
2.78056 5.35054
2.78125 4.94549
2.78194 4.54811
2.78264 4.16466
2.78333 3.80291
2.78403 3.47246
2.78472 3.18499
2.78542 2.95384
2.78611 2.79252
2.78681 2.71164
2.7875 2.71523
2.78819 2.79874
2.78889 2.95037
2.78958 3.15474
2.79028 3.39647
2.79097 3.66215
2.79167 3.94088
2.79236 4.22413
2.79306 4.50522
2.79375 4.77897
2.79444 5.04126
2.79514 5.28883
2.79583 5.5191
2.79653 5.73002
2.79722 5.91999
2.79792 6.08781
2.79861 6.23258
2.79931 6.35376
2.8 6.45101
2.80069 6.52427
2.80139 6.57369
2.80208 6.59967
2.80278 6.60283
2.80347 6.58406
2.80417 6.54453
2.80486 6.48577
2.80556 6.40961
2.80625 6.31827
2.80694 6.21439
2.80764 6.10097
2.80833 5.98141
2.80903 5.85951
2.80972 5.73937
2.81042 5.62539
2.81111 5.52217
2.81181 5.43438
2.8125 5.36657
2.81319 5.32301
2.81389 5.30736
2.81458 5.32248
2.81528 5.37019
2.81597 5.45112
2.81667 5.56468
2.81736 5.70918
2.81806 5.88194
2.81875 6.0796
2.81944 6.29831
2.82014 6.53397
2.82083 6.78242
2.82153 7.03956
2.82222 7.30146
2.82292 7.5644
2.82361 7.8249
2.82431 8.07973
2.825 8.32594
2.82569 8.56079
2.82639 8.7818
2.82708 8.98673
2.82778 9.17355
2.82847 9.34042
2.82917 9.48574
2.82986 9.6081
2.83056 9.70627
2.83125 9.77921
2.83194 9.8261
2.83264 9.84626
2.83333 9.83923
2.83403 9.80471
2.83472 9.74261
2.83542 9.653
2.83611 9.53611
2.83681 9.39236
2.8375 9.22233
2.83819 9.02674
2.83889 8.80649
2.83958 8.56266
2.84028 8.29649
2.84097 8.00944
2.84167 7.70317
2.84236 7.37961
2.84306 7.04097
2.84375 6.68979
2.84444 6.32898
2.84514 5.96193
2.84583 5.59256
2.84653 5.22548
2.84722 4.86615
2.84792 4.5211
2.84861 4.19808
2.84931 3.90621
2.85 3.65586
2.85069 3.458
2.85139 3.32291
2.85208 3.25806
2.85278 3.26619
2.85347 3.34422
2.85417 3.484
2.85486 3.67436
2.85556 3.90327
2.85625 4.15936
2.85694 4.43272
2.85764 4.71502
2.85833 4.99943
2.85903 5.28036
2.85972 5.5532
2.86042 5.81416
2.86111 6.06007
2.86181 6.28834
2.8625 6.4968
2.86319 6.6837
2.86389 6.84763
2.86458 6.9875
2.86528 7.10249
2.86597 7.19205
2.86667 7.25584
2.86736 7.29375
2.86806 7.30584
2.86875 7.29242
2.86944 7.25398
2.87014 7.19127
2.87083 7.10531
2.87153 6.99741
2.87222 6.86921
2.87292 6.72272
2.87361 6.56032
2.87431 6.38479
2.875 6.19934
2.87569 6.00761
2.87639 5.81367
2.87708 5.62209
2.87778 5.43786
2.87847 5.26639
2.87917 5.1134
2.87986 4.98472
2.88056 4.88597
2.88125 4.82223
2.88194 4.79746
2.88264 4.81419
2.88333 4.87317
2.88403 4.97328
2.88472 5.11173
2.88542 5.28445
2.88611 5.48647
2.88681 5.71237
2.8875 5.95668
2.88819 6.21404
2.88889 6.47944
2.88958 6.74822
2.89028 7.01617
2.89097 7.27947
2.89167 7.53467
2.89236 7.77872
2.89306 8.00886
2.89375 8.22266
2.89444 8.41797
2.89514 8.59286
2.89583 8.74571
2.89653 8.87507
2.89722 8.97976
2.89792 9.05878
2.89861 9.11135
2.89931 9.13691
2.9 9.13509
2.90069 9.10572
2.90139 9.04885
2.90208 8.96471
2.90278 8.85372
2.90347 8.7165
2.90417 8.55384
2.90486 8.36676
2.90556 8.15646
2.90625 7.92436
2.90694 7.67214
2.90764 7.40175
2.90833 7.11548
2.90903 6.81596
2.90972 6.50625
2.91042 6.18993
2.91111 5.87114
2.91181 5.55468
2.9125 5.24616
2.91319 4.95204
2.91389 4.67968
2.91458 4.43727
2.91528 4.23348
2.91597 4.07691
2.91667 3.97497
2.91736 3.9328
2.91806 3.95216
2.91875 4.03103
2.91944 4.16403
2.92014 4.34338
2.92083 4.56022
2.92153 4.80557
2.92222 5.07104
2.92292 5.34912
2.92361 5.63328
2.92431 5.91793
2.925 6.19824
2.92569 6.47009
2.92639 6.72996
2.92708 6.97479
2.92778 7.20197
2.92847 7.40926
2.92917 7.59477
2.92986 7.75693
2.93056 7.89445
2.93125 8.00632
2.93194 8.09177
2.93264 8.15025
2.93333 8.18141
2.93403 8.18508
2.93472 8.16126
2.93542 8.11016
2.93611 8.03218
2.93681 7.92792
2.9375 7.79824
2.93819 7.64427
2.93889 7.46742
2.93958 7.26943
2.94028 7.05237
2.94097 6.81867
2.94167 6.57113
2.94236 6.31297
2.94306 6.04786
2.94375 5.77999
2.94444 5.51413
2.94514 5.2557
2.94583 5.01085
2.94653 4.78639
2.94722 4.58967
2.94792 4.42826
2.94861 4.30935
2.94931 4.23894
2.95 4.221
2.95069 4.25681
2.95139 4.3447
2.95208 4.48037
2.95278 4.6576
2.95347 4.86913
2.95417 5.10739
2.95486 5.3651
2.95556 5.6355
2.95625 5.91254
2.95694 6.19093
2.95764 6.46597
2.95833 6.73364
2.95903 6.99042
2.95972 7.23326
2.96042 7.45951
2.96111 7.6669
2.96181 7.85346
2.9625 8.01753
2.96319 8.15771
2.96389 8.27285
2.96458 8.36205
2.96528 8.42466
2.96597 8.46024
2.96667 8.4686
2.96736 8.44974
2.96806 8.40395
2.96875 8.33167
2.96944 8.23361
2.97014 8.11068
2.97083 7.96405
2.97153 7.79512
2.97222 7.60556
2.97292 7.39735
2.97361 7.17279
2.97431 6.93459
2.975 6.68587
2.97569 6.43027
2.97639 6.17196
2.97708 5.91574
2.97778 5.66703
2.97847 5.43191
2.97917 5.21701
2.97986 5.02935
2.98056 4.87601
2.98125 4.76357
2.98194 4.69752
2.98264 4.68152
2.98333 4.71692
2.98403 4.80254
2.98472 4.9349
2.98542 5.10876
2.98611 5.31772
2.98681 5.555
2.9875 5.81381
2.98819 6.0877
2.98889 6.37081
2.98958 6.65783
2.99028 6.94403
2.99097 7.22522
2.99167 7.49767
2.99236 7.7581
2.99306 8.00356
2.99375 8.23148
2.99444 8.43958
2.99514 8.62588
2.99583 8.78868
2.99653 8.92656
2.99722 9.03832
2.99792 9.12306
2.99861 9.18002
2.99931 9.20867
3 9.20867
3.00069 9.17982
3.00139 9.1221
3.00208 9.03564
3.00278 8.92077
3.00347 8.778
3.00417 8.60807
3.00486 8.41196
3.00556 8.19091
3.00625 7.94641
3.00694 7.68025
3.00764 7.39452
3.00833 7.09157
3.00903 6.77412
3.00972 6.44525
3.01042 6.10844
3.01111 5.76777
3.01181 5.42793
3.0125 5.09446
3.01319 4.7739
3.01389 4.47392
3.01458 4.20341
3.01528 3.97222
3.01597 3.79058
3.01667 3.66787
3.01736 3.61099
3.01806 3.62272
3.01875 3.70096
3.01944 3.83917
3.02014 4.02782
3.02083 4.25618
3.02153 4.51369
3.02222 4.79077
3.02292 5.0791
3.02361 5.37167
3.02431 5.66262
3.025 5.94707
3.02569 6.22095
3.02639 6.48085
3.02708 6.72393
3.02778 6.94779
3.02847 7.15047
3.02917 7.33031
3.02986 7.486
3.03056 7.61653
3.03125 7.72112
3.03194 7.79932
3.03264 7.85088
3.03333 7.87587
3.03403 7.87457
3.03472 7.84753
3.03542 7.79557
3.03611 7.71976
3.03681 7.62144
3.0375 7.50226
3.03819 7.36417
3.03889 7.20944
3.03958 7.04075
3.04028 6.86119
3.04097 6.67428
3.04167 6.48406
3.04236 6.29505
3.04306 6.11226
3.04375 5.94115
3.04444 5.7875
3.04514 5.65718
3.04583 5.5559
3.04653 5.48885
3.04722 5.46023
3.04792 5.47293
3.04861 5.52818
3.04931 5.62554
3.05 5.76289
3.05069 5.93678
3.05139 6.14279
3.05208 6.37587
3.05278 6.63072
3.05347 6.90207
3.05417 7.18482
3.05486 7.47419
3.05556 7.76574
3.05625 8.05539
3.05694 8.33944
3.05764 8.61449
3.05833 8.87746
3.05903 9.12556
3.05972 9.35623
3.06042 9.56721
3.06111 9.75647
3.06181 9.92222
3.0625 10.0629
3.06319 10.1773
3.06389 10.2642
3.06458 10.3229
3.06528 10.3526
3.06597 10.3528
3.06667 10.3232
3.06736 10.2637
3.06806 10.1741
3.06875 10.0546
3.06944 9.90551
3.07014 9.72728
3.07083 9.52058
3.07153 9.28633
3.07222 9.02563
3.07292 8.73985
3.07361 8.43056
3.07431 8.09959
3.075 7.74896
3.07569 7.38097
3.07639 6.99813
3.07708 6.60332
3.07778 6.19975
3.07847 5.79117
3.07917 5.38197
3.07986 4.97743
3.08056 4.58399
3.08125 4.20964
3.08194 3.86423
3.08264 3.55974
3.08333 3.30997
3.08403 3.12924
3.08472 3.0297
3.08542 3.01761
3.08611 3.09092
3.08681 3.23959
3.0875 3.44884
3.08819 3.70277
3.08889 3.98687
3.08958 4.28898
3.09028 4.59937
3.09097 4.91038
3.09167 5.21598
3.09236 5.51139
3.09306 5.79284
3.09375 6.05726
3.09444 6.30222
3.09514 6.52576
3.09583 6.72634
3.09653 6.90281
3.09722 7.05431
3.09792 7.18032
3.09861 7.28062
3.09931 7.35528
3.1 7.40465
3.10069 7.42937
3.10139 7.43039
3.10208 7.40895
3.10278 7.36656
3.10347 7.30508
3.10417 7.22671
3.10486 7.13397
3.10556 7.02977
3.10625 6.91743
3.10694 6.80064
3.10764 6.6835
3.10833 6.57048
3.10903 6.46632
3.10972 6.37593
3.11042 6.3042
3.11111 6.25582
3.11181 6.23498
3.1125 6.24514
3.11319 6.28876
3.11389 6.36718
3.11458 6.48052
3.11528 6.6277
3.11597 6.80662
3.11667 7.0143
3.11736 7.24716
3.11806 7.5012
3.11875 7.77223
3.11944 8.05602
3.12014 8.34839
3.12083 8.64534
3.12153 8.94309
3.12222 9.23802
3.12292 9.52683
3.12361 9.8064
3.12431 10.0738
3.125 10.3264
3.12569 10.5617
3.12639 10.7775
3.12708 10.9717
3.12778 11.1425
3.12847 11.2882
3.12917 11.4074
3.12986 11.499
3.13056 11.562
3.13125 11.5955
3.13194 11.5991
3.13264 11.5722
3.13333 11.5145
3.13403 11.4258
3.13472 11.3063
3.13542 11.1559
3.13611 10.975
3.13681 10.764
3.1375 10.5238
3.13819 10.255
3.13889 9.95884
3.13958 9.63658
3.14028 9.28972
3.14097 8.91991
3.14167 8.52903
3.14236 8.11906
3.14306 7.69225
3.14375 7.251
3.14444 6.79796
3.14514 6.33615
3.14583 5.86899
3.14653 5.40054
3.14722 4.93567
3.14792 4.48044
3.14861 4.04257
3.14931 3.63212
3.15 3.26225
3.15069 2.94971
3.15139 2.71422
3.15208 2.57497
3.15278 2.54399
3.15347 2.6198
3.15417 2.7873
3.15486 3.02427
3.15556 3.30849
3.15625 3.62141
3.15694 3.9489
3.15764 4.28051
3.15833 4.60857
3.15903 4.92738
3.15972 5.23266
3.16042 5.52113
3.16111 5.79031
3.16181 6.03831
3.1625 6.26374
3.16319 6.4656
3.16389 6.64329
3.16458 6.79656
3.16528 6.92548
3.16597 7.03045
3.16667 7.11219
3.16736 7.17171
3.16806 7.21037
3.16875 7.22983
3.16944 7.23205
3.17014 7.21935
3.17083 7.19435
3.17153 7.16002
3.17222 7.11965
3.17292 7.07683
3.17361 7.0354
3.17431 6.99942
3.175 6.97303
3.17569 6.96032
3.17639 6.96522
3.17708 6.99125
3.17778 7.04142
3.17847 7.11801
3.17917 7.22249
3.17986 7.35547
3.18056 7.51665
3.18125 7.70493
3.18194 7.91849
3.18264 8.15489
3.18333 8.41125
3.18403 8.68439
3.18472 8.97088
3.18542 9.26726
3.18611 9.57004
3.18681 9.87577
3.1875 10.1811
3.18819 10.483
3.18889 10.7782
3.18958 11.0639
3.19028 11.3375
3.19097 11.5963
3.19167 11.8379
3.19236 12.0602
3.19306 12.261
3.19375 12.4385
3.19444 12.591
3.19514 12.717
3.19583 12.8153
3.19653 12.8847
3.19722 12.9244
3.19792 12.9338
3.19861 12.9121
3.19931 12.8591
3.2 12.7746
3.20069 12.6583
3.20139 12.5103
3.20208 12.3309
3.20278 12.1203
3.20347 11.879
3.20417 11.6079
3.20486 11.3078
3.20556 10.9798
3.20625 10.6252
3.20694 10.2455
3.20764 9.84247
3.20833 9.41775
3.20903 8.97334
3.20972 8.51132
3.21042 8.03393
3.21111 7.54362
3.21181 7.04305
3.2125 6.53521
3.21319 6.02352
3.21389 5.51198
3.21458 5.00539
3.21528 4.50975
3.21597 4.03274
3.21667 3.58459
3.21736 3.17905
3.21806 2.83438
3.21875 2.57319
3.21944 2.41855
3.22014 2.38527
3.22083 2.47089
3.22153 2.65575
3.22222 2.91252
3.22292 3.21553
3.22361 3.54465
3.22431 3.88532
3.225 4.22725
3.22569 4.56317
3.22639 4.88786
3.22708 5.19755
3.22778 5.48948
3.22847 5.76168
3.22917 6.01278
3.22986 6.2419
3.23056 6.4486
3.23125 6.63286
3.23194 6.79498
3.23264 6.93566
3.23333 7.05588
3.23403 7.157
3.23472 7.24065
3.23542 7.30881
3.23611 7.36372
3.23681 7.40793
3.2375 7.44426
3.23819 7.47575
3.23889 7.50567
3.23958 7.53744
3.24028 7.57453
3.24097 7.62042
3.24167 7.67844
3.24236 7.75167
3.24306 7.84281
3.24375 7.95406
3.24444 8.08704
3.24514 8.24275
3.24583 8.42148
3.24653 8.6229
3.24722 8.84605
3.24792 9.08945
3.24861 9.35115
3.24931 9.62881
3.25 9.91984
3.25069 10.2214
3.25139 10.5307
3.25208 10.8445
3.25278 11.1601
3.25347 11.4743
3.25417 11.7843
3.25486 12.0873
3.25556 12.3807
3.25625 12.6618
3.25694 12.9282
3.25764 13.1776
3.25833 13.4077
3.25903 13.6166
3.25972 13.8023
3.26042 13.9632
3.26111 14.0975
3.26181 14.2042
3.2625 14.2818
3.26319 14.3296
3.26389 14.3466
3.26458 14.3324
3.26528 14.2864
3.26597 14.2082
3.26667 14.0978
3.26736 13.955
3.26806 13.7801
3.26875 13.5731
3.26944 13.3345
3.27014 13.065
3.27083 12.7654
3.27153 12.4365
3.27222 12.0797
3.27292 11.6963
3.27361 11.2879
3.27431 10.8562
3.275 10.4029
3.27569 9.9302
3.27639 9.44011
3.27708 8.93494
3.27778 8.41714
3.27847 7.88939
3.27917 7.35468
3.27986 6.81636
3.28056 6.27825
3.28125 5.74489
3.28194 5.22172
3.28264 4.71549
3.28333 4.23481
3.28403 3.7908
3.28472 3.3979
3.28542 3.07409
3.28611 2.83959
3.28681 2.71226
3.2875 2.70037
3.28819 2.79743
3.28889 2.98435
3.28958 3.23699
3.29028 3.53283
3.29097 3.85382
3.29167 4.18651
3.29236 4.5212
3.29306 4.8509
3.29375 5.17063
3.29444 5.47682
3.29514 5.76697
3.29583 6.03936
3.29653 6.29297
3.29722 6.52727
3.29792 6.74224
3.29861 6.93827
3.29931 7.11613
3.3 7.27694
3.30069 7.42216
3.30139 7.55353
3.30208 7.6731
3.30278 7.78313
3.30347 7.88614
3.30417 7.98482
3.30486 8.082
3.30556 8.1806
3.30625 8.28355
3.30694 8.39372
3.30764 8.51383
3.30833 8.64634
3.30903 8.79342
3.30972 8.95677
3.31042 9.13767
3.31111 9.33687
3.31181 9.5546
3.3125 9.7906
3.31319 10.0441
3.31389 10.3139
3.31458 10.5985
3.31528 10.896
3.31597 11.2041
3.31667 11.5206
3.31736 11.8429
3.31806 12.1685
3.31875 12.4946
3.31944 12.8186
3.32014 13.138
3.32083 13.45
3.32153 13.7521
3.32222 14.042
3.32292 14.3172
3.32361 14.5756
3.32431 14.8148
3.325 15.033
3.32569 15.2282
3.32639 15.3986
3.32708 15.5427
3.32778 15.6591
3.32847 15.7464
3.32917 15.8037
3.32986 15.8301
3.33056 15.825
3.33125 15.7877
3.33194 15.7179
3.33264 15.6153
3.33333 15.4799
3.33403 15.3117
3.33472 15.1108
3.33542 14.8776
3.33611 14.6126
3.33681 14.3165
3.3375 13.9903
3.33819 13.635
3.33889 13.2519
3.33958 12.8426
3.34028 12.4087
3.34097 11.952
3.34167 11.4745
3.34236 10.9783
3.34306 10.4658
3.34375 9.93919
3.34444 9.40129
3.34514 8.85491
3.34583 8.30326
3.34653 7.74988
3.34722 7.19885
3.34792 6.65484
3.34861 6.12335
3.34931 5.61097
3.35 5.12562
3.35069 4.67699
3.35139 4.27671
3.35208 3.93823
3.35278 3.6759
3.35347 3.50264
3.35417 3.42638
3.35486 3.44696
3.35556 3.5554
3.35625 3.73645
3.35694 3.97251
3.35764 4.24695
3.35833 4.54567
3.35903 4.85747
3.35972 5.1738
3.36042 5.48823
3.36111 5.79603
3.36181 6.09381
3.3625 6.37918
3.36319 6.65059
3.36389 6.90718
3.36458 7.14868
3.36528 7.37527
3.36597 7.58759
3.36667 7.78666
3.36736 7.9738
3.36806 8.15066
3.36875 8.31909
3.36944 8.4812
3.37014 8.63922
3.37083 8.79553
3.37153 8.95255
3.37222 9.11272
3.37292 9.27842
3.37361 9.45188
3.37431 9.63514
3.375 9.82998
3.37569 10.0378
3.37639 10.2597
3.37708 10.4963
3.37778 10.7479
3.37847 11.0142
3.37917 11.2947
3.37986 11.5884
3.38056 11.8941
3.38125 12.2102
3.38194 12.5349
3.38264 12.8661
3.38333 13.2017
3.38403 13.5394
3.38472 13.8768
3.38542 14.2115
3.38611 14.5411
3.38681 14.863
3.3875 15.175
3.38819 15.4746
3.38889 15.7597
3.38958 16.028
3.39028 16.2775
3.39097 16.506
3.39167 16.7117
3.39236 16.8928
3.39306 17.0477
3.39375 17.175
3.39444 17.2732
3.39514 17.3414
3.39583 17.3785
3.39653 17.3838
3.39722 17.3567
3.39792 17.2968
3.39861 17.2037
3.39931 17.0773
3.4 16.9176
3.40069 16.7247
3.40139 16.4989
3.40208 16.2406
3.40278 15.9504
3.40347 15.6292
3.40417 15.2781
3.40486 14.8982
3.40556 14.491
3.40625 14.0582
3.40694 13.6015
3.40764 13.1229
3.40833 12.6246
3.40903 12.1088
3.40972 11.578
3.41042 11.0349
3.41111 10.4823
3.41181 9.92331
3.4125 9.36146
3.41319 8.8006
3.41389 8.24504
3.41458 7.6997
3.41528 7.17022
3.41597 6.66305
3.41667 6.18561
3.41736 5.74643
3.41806 5.35499
3.41875 5.02143
3.41944 4.75577
3.42014 4.56654
3.42083 4.4591
3.42153 4.43413
3.42222 4.4871
3.42292 4.60903
3.42361 4.78815
3.42431 5.01189
3.425 5.26832
3.42569 5.54694
3.42639 5.83903
3.42708 6.13761
3.42778 6.4372
3.42847 6.73369
3.42917 7.02403
3.42986 7.30612
3.43056 7.57863
3.43125 7.84085
3.43194 8.09266
3.43264 8.33437
3.43333 8.56672
3.43403 8.79077
3.43472 9.00785
3.43542 9.21954
3.43611 9.4276
3.43681 9.6339
3.4375 9.84041
3.43819 10.0491
3.43889 10.2619
3.43958 10.4807
3.44028 10.7072
3.44097 10.9428
3.44167 11.1889
3.44236 11.4462
3.44306 11.7153
3.44375 11.9966
3.44444 12.29
3.44514 12.5948
3.44583 12.9105
3.44653 13.236
3.44722 13.5699
3.44792 13.9106
3.44861 14.2565
3.44931 14.6056
3.45 14.9559
3.45069 15.3051
3.45139 15.6511
3.45208 15.9915
3.45278 16.3242
3.45347 16.6468
3.45417 16.9571
3.45486 17.2529
3.45556 17.5321
3.45625 17.7926
3.45694 18.0323
3.45764 18.2495
3.45833 18.4423
3.45903 18.609
3.45972 18.7481
3.46042 18.8583
3.46111 18.9383
3.46181 18.9873
3.4625 19.0042
3.46319 18.9886
3.46389 18.9398
3.46458 18.8575
3.46528 18.7416
3.46597 18.5919
3.46667 18.4085
3.46736 18.1917
3.46806 17.9417
3.46875 17.6592
3.46944 17.345
3.47014 17
3.47083 16.6253
3.47153 16.2224
