0 0
0.000694444 0.000766478
0.00138889 0.00227752
0.00208333 0.00480435
0.00277778 0.00840596
0.00347222 0.0130815
0.00416667 0.0187991
0.00486111 0.0255088
0.00555556 0.0331526
0.00625 0.0416883
0.00694444 0.0510723
0.00763889 0.0612887
0.00833333 0.0723463
0.00902778 0.084242
0.00972222 0.0969801
0.0104167 0.110558
0.0111111 0.124928
0.0118056 0.140032
0.0125 0.155789
0.0131944 0.17211
0.0138889 0.188918
0.0145833 0.206162
0.0152778 0.223832
0.0159722 0.241961
0.0166667 0.26062
0.0173611 0.279928
0.0180556 0.299978
0.01875 0.320868
0.0194444 0.34268
0.0201389 0.365417
0.0208333 0.389064
0.0215278 0.413563
0.0222222 0.438834
0.0229167 0.464789
0.0236111 0.491348
0.0243056 0.518447
0.025 0.546039
0.0256944 0.574088
0.0263889 0.602562
0.0270833 0.631423
0.0277778 0.660608
0.0284722 0.69006
0.0291667 0.719659
0.0298611 0.749291
0.0305556 0.778853
0.03125 0.8082
0.0319444 0.837227
0.0326389 0.865839
0.0333333 0.893954
0.0340278 0.92151
0.0347222 0.948453
0.0354167 0.974736
0.0361111 1.00031
0.0368056 1.02511
0.0375 1.0491
0.0381944 1.07219
0.0388889 1.0943
0.0395833 1.11539
0.0402778 1.13537
0.0409722 1.15417
0.0416667 1.17175
0.0423611 1.18806
0.0430556 1.20306
0.04375 1.21672
0.0444444 1.22903
0.0451389 1.23996
0.0458333 1.24951
0.0465278 1.25769
0.0472222 1.2645
0.0479167 1.26997
0.0486111 1.27413
0.0493056 1.27697
0.05 1.27854
0.0506944 1.27886
0.0513889 1.27794
0.0520833 1.27579
0.0527778 1.27244
0.0534722 1.2679
0.0541667 1.26223
0.0548611 1.25548
0.0555556 1.24772
0.05625 1.23904
0.0569444 1.22955
0.0576389 1.21936
0.0583333 1.20859
0.0590278 1.19736
0.0597222 1.1858
0.0604167 1.17401
0.0611111 1.16209
0.0618056 1.15018
0.0625 1.13836
0.0631944 1.12677
0.0638889 1.11551
0.0645833 1.10471
0.0652778 1.09448
0.0659722 1.08495
0.0666667 1.07621
0.0673611 1.06835
0.0680556 1.06145
0.06875 1.05558
0.0694444 1.05081
0.0701389 1.0472
0.0708333 1.04485
0.0715278 1.04383
0.0722222 1.04423
0.0729167 1.04618
0.0736111 1.04975
0.0743056 1.05503
0.075 1.06206
0.0756944 1.07088
0.0763889 1.08148
0.0770833 1.09381
0.0777778 1.10783
0.0784722 1.12345
0.0791667 1.1406
0.0798611 1.15923
0.0805556 1.17926
0.08125 1.2007
0.0819444 1.22355
0.0826389 1.24782
0.0833333 1.27356
0.0840278 1.30078
0.0847222 1.3295
0.0854167 1.3597
0.0861111 1.39132
0.0868056 1.42429
0.0875 1.45849
0.0881944 1.4938
0.0888889 1.53008
0.0895833 1.56721
0.0902778 1.60507
0.0909722 1.64359
0.0916667 1.68265
0.0923611 1.72218
0.0930556 1.76211
0.09375 1.80233
0.0944444 1.84272
0.0951389 1.88316
0.0958333 1.92349
0.0965278 1.96358
0.0972222 2.00326
0.0979167 2.04239
0.0986111 2.08084
0.0993056 2.11848
0.1 2.15524
0.100694 2.19101
0.101389 2.22569
0.102083 2.25925
0.102778 2.29156
0.103472 2.32255
0.104167 2.35213
0.104861 2.38019
0.105556 2.40665
0.10625 2.43141
0.106944 2.45439
0.107639 2.47551
0.108333 2.49471
0.109028 2.51195
0.109722 2.52718
0.110417 2.54037
0.111111 2.55152
0.111806 2.5606
0.1125 2.56762
0.113194 2.57261
0.113889 2.57558
0.114583 2.57658
0.115278 2.57563
0.115972 2.57279
0.116667 2.5681
0.117361 2.5616
0.118056 2.55334
0.11875 2.54337
0.119444 2.53173
0.120139 2.51851
0.120833 2.50378
0.121528 2.48763
0.122222 2.47022
0.122917 2.45166
0.123611 2.43211
0.124306 2.41175
0.125 2.39072
0.125694 2.36921
0.126389 2.34736
0.127083 2.32535
0.127778 2.30332
0.128472 2.28145
0.129167 2.25988
0.129861 2.23879
0.130556 2.21834
0.13125 2.1987
0.131944 2.18003
0.132639 2.16246
0.133333 2.14616
0.134028 2.13122
0.134722 2.11774
0.135417 2.10586
0.136111 2.09564
0.136806 2.08717
0.1375 2.08056
0.138194 2.07592
0.138889 2.07335
0.139583 2.07296
0.140278 2.07484
0.140972 2.07906
0.141667 2.08568
0.142361 2.09471
0.143056 2.10611
0.14375 2.11983
0.144444 2.13582
0.145139 2.15398
0.145833 2.17424
0.146528 2.19653
0.147222 2.22081
0.147917 2.24707
0.148611 2.27531
0.149306 2.30554
0.15 2.33778
0.150694 2.37201
0.151389 2.40822
0.152083 2.44633
0.152778 2.48624
0.153472 2.52784
0.154167 2.57095
0.154861 2.61541
0.155556 2.66109
0.15625 2.70779
0.156944 2.75539
0.157639 2.80375
0.158333 2.85274
0.159028 2.90226
0.159722 2.95215
0.160417 3.00228
0.161111 3.05249
0.161806 3.10258
0.1625 3.15239
0.163194 3.2017
0.163889 3.25033
0.164583 3.29811
0.165278 3.34488
0.165972 3.39047
0.166667 3.43479
0.167361 3.47769
0.168056 3.51907
0.16875 3.5588
0.169444 3.59678
0.170139 3.63289
0.170833 3.667
0.171528 3.69898
0.172222 3.72873
0.172917 3.75614
0.173611 3.78111
0.174306 3.80356
0.175 3.82341
0.175694 3.84062
0.176389 3.85515
0.177083 3.86696
0.177778 3.87604
0.178472 3.88241
0.179167 3.88606
0.179861 3.88704
0.180556 3.88538
0.18125 3.88114
0.181944 3.87438
0.182639 3.86516
0.183333 3.85355
0.184028 3.83962
0.184722 3.82346
0.185417 3.80512
0.186111 3.78472
0.186806 3.76236
0.1875 3.73817
0.188194 3.71231
0.188889 3.68493
0.189583 3.65625
0.190278 3.62644
0.190972 3.59574
0.191667 3.56435
0.192361 3.53249
0.193056 3.50036
0.19375 3.46818
0.194444 3.43614
0.195139 3.40446
0.195833 3.37335
0.196528 3.34302
0.197222 3.31366
0.197917 3.28552
0.198611 3.25876
0.199306 3.23357
0.2 3.21013
0.200694 3.18858
0.201389 3.16906
0.202083 3.15168
0.202778 3.13657
0.203472 3.12384
0.204167 3.1136
0.204861 3.106
0.205556 3.10114
0.20625 3.09912
0.206944 3.10006
0.207639 3.10399
0.208333 3.11097
0.209028 3.12098
0.209722 3.13399
0.210417 3.14991
0.211111 3.16867
0.211806 3.19017
0.2125 3.21433
0.213194 3.24107
0.213889 3.27037
0.214583 3.30218
0.215278 3.3365
0.215972 3.37334
0.216667 3.41266
0.217361 3.45442
0.218056 3.49857
0.21875 3.54498
0.219444 3.59351
0.220139 3.644
0.220833 3.69624
0.221528 3.75005
0.222222 3.80522
0.222917 3.86157
0.223611 3.91893
0.224306 3.97711
0.225 4.03599
0.225694 4.09537
0.226389 4.15507
0.227083 4.21493
0.227778 4.27471
0.228472 4.33418
0.229167 4.39314
0.229861 4.45134
0.230556 4.50856
0.23125 4.56459
0.231944 4.61925
0.232639 4.67235
0.233333 4.72374
0.234028 4.77327
0.234722 4.82079
0.235417 4.86615
0.236111 4.90922
0.236806 4.94983
0.2375 4.98783
0.238194 5.02311
0.238889 5.0555
0.239583 5.08489
0.240278 5.11117
0.240972 5.13426
0.241667 5.15409
0.242361 5.17059
0.243056 5.18374
0.24375 5.19349
0.244444 5.19987
0.245139 5.20286
0.245833 5.20251
0.246528 5.19886
0.247222 5.19198
0.247917 5.18192
0.248611 5.16878
0.249306 5.15265
0.25 5.13362
0.250694 5.11178
0.251389 5.08725
0.252083 5.06014
0.252778 5.03059
0.253472 4.99875
0.254167 4.9648
0.254861 4.92895
0.255556 4.8914
0.25625 4.85242
0.256944 4.81224
0.257639 4.77112
0.258333 4.72934
0.259028 4.68714
0.259722 4.64478
0.260417 4.60254
0.261111 4.56063
0.261806 4.51934
0.2625 4.47892
0.263194 4.43961
0.263889 4.40169
0.264583 4.36539
0.265278 4.33095
0.265972 4.29857
0.266667 4.26846
0.267361 4.24081
0.268056 4.21574
0.26875 4.19342
0.269444 4.17401
0.270139 4.15761
0.270833 4.14438
0.271528 4.13444
0.272222 4.12793
0.272917 4.12496
0.273611 4.12561
0.274306 4.12992
0.275 4.13792
0.275694 4.14958
0.276389 4.16484
0.277083 4.1836
0.277778 4.20576
0.278472 4.23123
0.279167 4.2599
0.279861 4.2917
0.280556 4.3266
0.28125 4.36453
0.281944 4.40547
0.282639 4.44939
0.283333 4.49625
0.284028 4.54596
0.284722 4.59841
0.285417 4.65345
0.286111 4.71089
0.286806 4.77052
0.2875 4.83211
0.288194 4.89542
0.288889 4.96023
0.289583 5.02633
0.290278 5.0935
0.290972 5.16153
0.291667 5.23026
0.292361 5.29943
0.293056 5.36885
0.29375 5.43826
0.294444 5.50742
0.295139 5.57606
0.295833 5.64391
0.296528 5.7107
0.297222 5.77619
0.297917 5.84012
0.298611 5.90229
0.299306 5.96249
0.3 6.02052
0.300694 6.07623
0.301389 6.1294
0.302083 6.17987
0.302778 6.22747
0.303472 6.27202
0.304167 6.31335
0.304861 6.3513
0.305556 6.38572
0.30625 6.41647
0.306944 6.44345
0.307639 6.46656
0.308333 6.48572
0.309028 6.50088
0.309722 6.51202
0.310417 6.51911
0.311111 6.52214
0.311806 6.52117
0.3125 6.51623
0.313194 6.50737
0.313889 6.49469
0.314583 6.47828
0.315278 6.45825
0.315972 6.4347
0.316667 6.40777
0.317361 6.37758
0.318056 6.34427
0.31875 6.30802
0.319444 6.26898
0.320139 6.22736
0.320833 6.18341
0.321528 6.13735
0.322222 6.08946
0.322917 6.04005
0.323611 5.9894
0.324306 5.93783
0.325 5.88565
0.325694 5.83316
0.326389 5.78067
0.327083 5.72849
0.327778 5.6769
0.328472 5.62622
0.329167 5.57675
0.329861 5.52881
0.330556 5.48266
0.33125 5.4386
0.331944 5.3969
0.332639 5.3578
0.333333 5.32151
0.334028 5.28825
0.334722 5.2582
0.335417 5.23151
0.336111 5.20837
0.336806 5.18891
0.3375 5.1733
0.338194 5.16168
0.338889 5.15417
0.339583 5.15089
0.340278 5.15189
0.340972 5.15724
0.341667 5.1669
0.342361 5.18082
0.343056 5.19894
0.34375 5.22114
0.344444 5.2473
0.345139 5.2773
0.345833 5.31105
0.346528 5.34846
0.347222 5.38946
0.347917 5.43401
0.348611 5.48204
0.349306 5.5335
0.35 5.58831
0.350694 5.64633
0.351389 5.70742
0.352083 5.77139
0.352778 5.83799
0.353472 5.90696
0.354167 5.97808
0.354861 6.05104
0.355556 6.1256
0.35625 6.20151
0.356944 6.27852
0.357639 6.35641
0.358333 6.43493
0.359028 6.51382
0.359722 6.59282
0.360417 6.67164
0.361111 6.74999
0.361806 6.82756
0.3625 6.90404
0.363194 6.97914
0.363889 7.05256
0.364583 7.12405
0.365278 7.19335
0.365972 7.26023
0.366667 7.32447
0.367361 7.38586
0.368056 7.4442
0.36875 7.49927
0.369444 7.55087
0.370139 7.5988
0.370833 7.64287
0.371528 7.68291
0.372222 7.71876
0.372917 7.75027
0.373611 7.77732
0.374306 7.79983
0.375 7.81772
0.375694 7.83093
0.376389 7.83943
0.377083 7.84323
0.377778 7.84235
0.378472 7.83681
0.379167 7.82669
0.379861 7.81208
0.380556 7.79306
0.38125 7.76979
0.381944 7.74236
0.382639 7.71093
0.383333 7.67567
0.384028 7.63671
0.384722 7.59425
0.385417 7.54851
0.386111 7.49967
0.386806 7.44801
0.3875 7.39381
0.388194 7.33736
0.388889 7.27899
0.389583 7.21905
0.390278 7.15788
0.390972 7.09585
0.391667 7.0333
0.392361 6.97061
0.393056 6.90811
0.39375 6.84615
0.394444 6.78511
0.395139 6.7253
0.395833 6.6671
0.396528 6.61083
0.397222 6.55684
0.397917 6.50544
0.398611 6.45693
0.399306 6.41157
0.4 6.36962
0.400694 6.3313
0.401389 6.29681
0.402083 6.26635
0.402778 6.24008
0.403472 6.2182
0.404167 6.20084
0.404861 6.18817
0.405556 6.18032
0.40625 6.17737
0.406944 6.17938
0.407639 6.18637
0.408333 6.1983
0.409028 6.2151
0.409722 6.23667
0.410417 6.26288
0.411111 6.29359
0.411806 6.32868
0.4125 6.36804
0.413194 6.41157
0.413889 6.45917
0.414583 6.51081
0.415278 6.56637
0.415972 6.62577
0.416667 6.6889
0.417361 6.75558
0.418056 6.82561
0.41875 6.89874
0.419444 6.97472
0.420139 7.05325
0.420833 7.13402
0.421528 7.21675
0.422222 7.30114
0.422917 7.3869
0.423611 7.47379
0.424306 7.5615
0.425 7.64975
0.425694 7.73826
0.426389 7.82671
0.427083 7.91476
0.427778 8.00208
0.428472 8.08833
0.429167 8.17316
0.429861 8.25624
0.430556 8.33726
0.43125 8.41593
0.431944 8.49196
0.432639 8.5651
0.433333 8.6351
0.434028 8.70171
0.434722 8.76471
0.435417 8.82385
0.436111 8.8789
0.436806 8.92966
0.4375 8.9759
0.438194 9.01744
0.438889 9.05411
0.439583 9.08577
0.440278 9.11229
0.440972 9.13358
0.441667 9.14957
0.442361 9.16021
0.443056 9.16548
0.44375 9.16541
0.444444 9.16001
0.445139 9.14933
0.445833 9.1335
0.446528 9.11258
0.447222 9.08672
0.447917 9.05607
0.448611 9.02078
0.449306 8.98103
0.45 8.93699
0.450694 8.88889
0.451389 8.83692
0.452083 8.78135
0.452778 8.72244
0.453472 8.6605
0.454167 8.59585
0.454861 8.52886
0.455556 8.4599
0.45625 8.38936
0.456944 8.31766
0.457639 8.24519
0.458333 8.17235
0.459028 8.09956
0.459722 8.0272
0.460417 7.95569
0.461111 7.88541
0.461806 7.81677
0.4625 7.75016
0.463194 7.68595
0.463889 7.62453
0.464583 7.56622
0.465278 7.51137
0.465972 7.46027
0.466667 7.41319
0.467361 7.37035
0.468056 7.33202
0.46875 7.29837
0.469444 7.2696
0.470139 7.24591
0.470833 7.22745
0.471528 7.21438
0.472222 7.20682
0.472917 7.20484
0.473611 7.20848
0.474306 7.21774
0.475 7.23256
0.475694 7.25282
0.476389 7.27841
0.477083 7.3092
0.477778 7.34501
0.478472 7.38571
0.479167 7.43119
0.479861 7.48132
0.480556 7.53601
0.48125 7.59516
0.481944 7.65867
0.482639 7.72639
0.483333 7.79818
0.484028 7.87381
0.484722 7.95304
0.485417 8.03558
0.486111 8.12114
0.486806 8.20937
0.4875 8.29993
0.488194 8.39253
0.488889 8.48681
0.489583 8.58246
0.490278 8.67919
0.490972 8.77667
0.491667 8.87457
0.492361 8.97256
0.493056 9.07029
0.49375 9.16737
0.494444 9.26343
0.495139 9.35808
0.495833 9.45096
0.496528 9.5417
0.497222 9.62997
0.497917 9.71543
0.498611 9.79778
0.499306 9.87675
0.5 9.95204
0.500694 10.0234
0.501389 10.0905
0.502083 10.1532
0.502778 10.2111
0.503472 10.2641
0.504167 10.312
0.504861 10.3544
0.505556 10.3913
0.50625 10.4225
0.506944 10.4479
0.507639 10.4673
0.508333 10.4808
0.509028 10.4883
0.509722 10.4898
0.510417 10.4852
0.511111 10.4747
0.511806 10.4584
0.5125 10.4362
0.513194 10.4085
0.513889 10.3753
0.514583 10.3368
0.515278 10.2932
0.515972 10.2447
0.516667 10.1915
0.517361 10.1338
0.518056 10.072
0.51875 10.0064
0.519444 9.93712
0.520139 9.86469
0.520833 9.78943
0.521528 9.71177
0.522222 9.63214
0.522917 9.55098
0.523611 9.46874
0.524306 9.38588
0.525 9.30285
0.525694 9.2201
0.526389 9.13808
0.527083 9.05724
0.527778 8.97802
0.528472 8.90087
0.529167 8.8262
0.529861 8.75445
0.530556 8.68602
0.53125 8.62129
0.531944 8.5606
0.532639 8.50427
0.533333 8.45259
0.534028 8.40583
0.534722 8.36423
0.535417 8.32801
0.536111 8.29737
0.536806 8.2725
0.5375 8.2536
0.538194 8.24077
0.538889 8.23414
0.539583 8.23378
0.540278 8.23968
0.540972 8.25181
0.541667 8.2701
0.542361 8.29441
0.543056 8.32459
0.54375 8.36049
0.544444 8.40192
0.545139 8.44875
0.545833 8.50083
0.546528 8.55803
0.547222 8.62024
0.547917 8.68733
0.548611 8.75917
0.549306 8.83557
0.55 8.91632
0.550694 9.00119
0.551389 9.08987
0.552083 9.18203
0.552778 9.27732
0.553472 9.37538
0.554167 9.47585
0.554861 9.57836
0.555556 9.68256
0.55625 9.7881
0.556944 9.89463
0.557639 10.0018
0.558333 10.1092
0.559028 10.2166
0.559722 10.3234
0.560417 10.4293
0.561111 10.5338
0.561806 10.6366
0.5625 10.7372
0.563194 10.8353
0.563889 10.9304
0.564583 11.0222
0.565278 11.1105
0.565972 11.1948
0.566667 11.2749
0.567361 11.3505
0.568056 11.4212
0.56875 11.4869
0.569444 11.5472
0.570139 11.6019
0.570833 11.6507
0.571528 11.6934
0.572222 11.7299
0.572917 11.7601
0.573611 11.7837
0.574306 11.8007
0.575 11.8111
0.575694 11.8148
0.576389 11.8118
0.577083 11.8022
0.577778 11.7861
0.578472 11.7635
0.579167 11.7346
0.579861 11.6995
0.580556 11.6584
0.58125 11.6116
0.581944 11.5592
0.582639 11.5016
0.583333 11.4388
0.584028 11.3713
0.584722 11.2994
0.585417 11.2233
0.586111 11.1436
0.586806 11.0604
0.5875 10.9744
0.588194 10.886
0.588889 10.7957
0.589583 10.7039
0.590278 10.6112
0.590972 10.518
0.591667 10.4249
0.592361 10.3324
0.593056 10.2409
0.59375 10.151
0.594444 10.0632
0.595139 9.97783
0.595833 9.8955
0.596528 9.81663
0.597222 9.74166
0.597917 9.67097
0.598611 9.60496
0.599306 9.54395
0.6 9.48826
0.600694 9.43815
0.601389 9.39389
0.602083 9.35573
0.602778 9.32385
0.603472 9.29846
0.604167 9.27975
0.604861 9.26781
0.605556 9.26276
0.60625 9.26463
0.606944 9.2734
0.607639 9.28901
0.608333 9.31135
0.609028 9.34027
0.609722 9.37558
0.610417 9.41711
0.611111 9.46469
0.611806 9.51813
0.6125 9.57729
0.613194 9.64202
0.613889 9.71218
0.614583 9.7876
0.615278 9.86812
0.615972 9.95352
0.616667 10.0435
0.617361 10.1379
0.618056 10.2362
0.61875 10.3382
0.619444 10.4433
0.620139 10.5513
0.620833 10.6618
0.621528 10.7743
0.622222 10.8884
0.622917 11.0038
0.623611 11.1201
0.624306 11.2368
0.625 11.3537
0.625694 11.4702
0.626389 11.5859
0.627083 11.7003
0.627778 11.813
0.628472 11.9236
0.629167 12.0316
0.629861 12.1366
0.630556 12.2382
0.63125 12.3361
0.631944 12.4298
0.632639 12.519
0.633333 12.6034
0.634028 12.6827
0.634722 12.7565
0.635417 12.8246
0.636111 12.8866
0.636806 12.9424
0.6375 12.9916
0.638194 13.0341
0.638889 13.0696
0.639583 13.098
0.640278 13.1193
0.640972 13.1333
0.641667 13.1399
0.642361 13.1393
0.643056 13.1313
0.64375 13.1161
0.644444 13.0937
0.645139 13.0643
0.645833 13.0281
0.646528 12.9852
0.647222 12.9358
0.647917 12.8803
0.648611 12.8187
0.649306 12.7515
0.65 12.6789
0.650694 12.6012
0.651389 12.5188
0.652083 12.4322
0.652778 12.3416
0.653472 12.2477
0.654167 12.1508
0.654861 12.0516
0.655556 11.9505
0.65625 11.8481
0.656944 11.745
0.657639 11.6416
0.658333 11.5386
0.659028 11.4365
0.659722 11.3359
0.660417 11.2372
0.661111 11.141
0.661806 11.0479
0.6625 10.9584
0.663194 10.8728
0.663889 10.7918
0.664583 10.7157
0.665278 10.6449
0.665972 10.5797
0.666667 10.5206
0.667361 10.4678
0.668056 10.4215
0.66875 10.382
0.669444 10.3495
0.670139 10.3243
0.670833 10.3064
0.671528 10.296
0.672222 10.2931
0.672917 10.2978
0.673611 10.3101
0.674306 10.3298
0.675 10.3567
0.675694 10.3908
0.676389 10.4318
0.677083 10.4795
0.677778 10.5337
0.678472 10.5942
0.679167 10.6609
0.679861 10.7336
0.680556 10.8121
0.68125 10.8962
0.681944 10.9857
0.682639 11.0804
0.683333 11.18
0.684028 11.284
0.684722 11.3922
0.685417 11.5041
0.686111 11.6193
0.686806 11.7373
0.6875 11.8578
0.688194 11.9802
0.688889 12.1043
0.689583 12.2295
0.690278 12.3554
0.690972 12.4816
0.691667 12.6077
0.692361 12.7332
0.693056 12.8575
0.69375 12.9802
0.694444 13.1009
0.695139 13.2189
0.695833 13.334
0.696528 13.4455
0.697222 13.5532
0.697917 13.6566
0.698611 13.7552
0.699306 13.8489
0.7 13.9371
0.700694 14.0195
0.701389 14.0959
0.702083 14.1658
0.702778 14.2291
0.703472 14.2853
0.704167 14.3343
0.704861 14.3759
0.705556 14.4098
0.70625 14.4359
0.706944 14.4542
0.707639 14.4646
0.708333 14.4669
0.709028 14.4613
0.709722 14.4478
0.710417 14.4264
0.711111 14.3973
0.711806 14.3606
0.7125 14.3165
0.713194 14.2653
0.713889 14.2072
0.714583 14.1424
0.715278 14.0713
0.715972 13.9942
0.716667 13.9113
0.717361 13.8232
0.718056 13.7301
0.71875 13.6326
0.719444 13.5312
0.720139 13.4263
0.720833 13.3185
0.721528 13.2084
0.722222 13.0966
0.722917 12.9837
0.723611 12.8702
0.724306 12.7569
0.725 12.6442
0.725694 12.5327
0.726389 12.4232
0.727083 12.3161
0.727778 12.212
0.728472 12.1115
0.729167 12.0151
0.729861 11.9233
0.730556 11.8367
0.73125 11.7557
0.731944 11.6807
0.732639 11.612
0.733333 11.5501
0.734028 11.4951
0.734722 11.4474
0.735417 11.4072
0.736111 11.3748
0.736806 11.3504
0.7375 11.3339
0.738194 11.3257
0.738889 11.3257
0.739583 11.3339
0.740278 11.3502
0.740972 11.3745
0.741667 11.4067
0.742361 11.4464
0.743056 11.4936
0.74375 11.5479
0.744444 11.6092
0.745139 11.6773
0.745833 11.752
0.746528 11.833
0.747222 11.9202
0.747917 12.0134
0.748611 12.1123
0.749306 12.2165
0.75 12.3258
0.750694 12.4398
0.751389 12.558
0.752083 12.6799
0.752778 12.8052
0.753472 12.9333
0.754167 13.0638
0.754861 13.1963
0.755556 13.3302
0.75625 13.4651
0.756944 13.6006
0.757639 13.7361
0.758333 13.8712
0.759028 14.0054
0.759722 14.1381
0.760417 14.2689
0.761111 14.3971
0.761806 14.5223
0.7625 14.644
0.763194 14.7617
0.763889 14.875
0.764583 14.9834
0.765278 15.0866
0.765972 15.1842
0.766667 15.2756
0.767361 15.3607
0.768056 15.4391
0.76875 15.5103
0.769444 15.5741
0.770139 15.6302
0.770833 15.6784
0.771528 15.7185
0.772222 15.7502
0.772917 15.7735
0.773611 15.7882
0.774306 15.7942
0.775 15.7917
0.775694 15.7806
0.776389 15.7609
0.777083 15.7328
0.777778 15.6964
0.778472 15.6519
0.779167 15.5995
0.779861 15.5395
0.780556 15.4722
0.78125 15.3979
0.781944 15.3168
0.782639 15.2294
0.783333 15.136
0.784028 15.0371
0.784722 14.9332
0.785417 14.8247
0.786111 14.7122
0.786806 14.5963
0.7875 14.4775
0.788194 14.3566
0.788889 14.2341
0.789583 14.1107
0.790278 13.9871
0.790972 13.8639
0.791667 13.7417
0.792361 13.6212
0.793056 13.503
0.79375 13.3878
0.794444 13.2762
0.795139 13.1687
0.795833 13.066
0.796528 12.9686
0.797222 12.8769
0.797917 12.7916
0.798611 12.7129
0.799306 12.6413
0.8 12.5771
0.800694 12.5206
0.801389 12.4722
0.802083 12.432
0.802778 12.4003
0.803472 12.3772
0.804167 12.363
0.804861 12.3576
0.805556 12.361
0.80625 12.3733
0.806944 12.3942
0.807639 12.4237
0.808333 12.4616
0.809028 12.5075
0.809722 12.5614
0.810417 12.6229
0.811111 12.6917
0.811806 12.7678
0.8125 12.8508
0.813194 12.9406
0.813889 13.0369
0.814583 13.1394
0.815278 13.2479
0.815972 13.362
0.816667 13.4813
0.817361 13.6053
0.818056 13.7336
0.81875 13.8657
0.819444 14.0012
0.820139 14.1394
0.820833 14.28
0.821528 14.4223
0.822222 14.566
0.822917 14.7106
0.823611 14.8555
0.824306 15.0002
0.825 15.1441
0.825694 15.2868
0.826389 15.4276
0.827083 15.566
0.827778 15.7015
0.828472 15.8334
0.829167 15.9614
0.829861 16.0849
0.830556 16.2033
0.83125 16.3164
0.831944 16.4236
0.832639 16.5245
0.833333 16.6187
0.834028 16.7059
0.834722 16.7856
0.835417 16.8575
0.836111 16.9214
0.836806 16.9768
0.8375 17.0236
0.838194 17.0615
0.838889 17.0904
0.839583 17.1101
0.840278 17.1207
0.840972 17.1219
0.841667 17.1139
0.842361 17.0966
0.843056 17.0703
0.84375 17.0349
0.844444 16.9907
0.845139 16.9379
0.845833 16.8768
0.846528 16.8076
0.847222 16.7306
0.847917 16.6463
0.848611 16.5549
0.849306 16.4569
0.85 16.3528
0.850694 16.2429
0.851389 16.1279
0.852083 16.0082
0.852778 15.8846
0.853472 15.7576
0.854167 15.6278
0.854861 15.4961
0.855556 15.363
0.85625 15.2293
0.856944 15.0956
0.857639 14.9628
0.858333 14.8314
0.859028 14.7021
0.859722 14.5757
0.860417 14.4528
0.861111 14.334
0.861806 14.2201
0.8625 14.1115
0.863194 14.0089
0.863889 13.9128
0.864583 13.8236
0.865278 13.7419
0.865972 13.6679
0.866667 13.6022
0.867361 13.5448
0.868056 13.4963
0.86875 13.4567
0.869444 13.4264
0.870139 13.4054
0.870833 13.3939
0.871528 13.3919
0.872222 13.3994
0.872917 13.4163
0.873611 13.4425
0.874306 13.4778
0.875 13.5219
0.875694 13.5745
0.876389 13.6355
0.877083 13.7046
0.877778 13.7815
0.878472 13.866
0.879167 13.9578
0.879861 14.0566
0.880556 14.1623
0.88125 14.2745
0.881944 14.3929
0.882639 14.517
0.883333 14.6464
0.884028 14.7807
0.884722 14.9192
0.885417 15.0616
0.886111 15.2072
0.886806 15.3556
0.8875 15.5062
0.888194 15.6584
0.888889 15.8118
0.889583 15.9659
0.890278 16.12
0.890972 16.2736
0.891667 16.4262
0.892361 16.5771
0.893056 16.7257
0.89375 16.8715
0.894444 17.0138
0.895139 17.1521
0.895833 17.286
0.896528 17.4147
0.897222 17.5379
0.897917 17.6551
0.898611 17.7658
0.899306 17.8696
0.9 17.966
0.900694 18.0547
0.901389 18.1352
0.902083 18.2072
0.902778 18.2704
0.903472 18.3245
0.904167 18.3693
0.904861 18.4045
0.905556 18.43
0.90625 18.4456
0.906944 18.4513
0.907639 18.4472
0.908333 18.4331
0.909028 18.4092
0.909722 18.3756
0.910417 18.3324
0.911111 18.2799
0.911806 18.2183
0.9125 18.148
0.913194 18.0691
0.913889 17.9822
0.914583 17.8875
0.915278 17.7855
0.915972 17.6767
0.916667 17.5615
0.917361 17.4404
0.918056 17.3141
0.91875 17.1832
0.919444 17.0483
0.920139 16.9101
0.920833 16.7694
0.921528 16.6269
0.922222 16.4834
0.922917 16.3395
0.923611 16.196
0.924306 16.0538
0.925 15.9134
0.925694 15.7758
0.926389 15.6415
0.927083 15.5113
0.927778 15.3858
0.928472 15.2659
0.929167 15.152
0.929861 15.0447
0.930556 14.9447
0.93125 14.8523
0.931944 14.7681
0.932639 14.6925
0.933333 14.6257
0.934028 14.5682
0.934722 14.5202
0.935417 14.4819
0.936111 14.4536
0.936806 14.4353
0.9375 14.4272
0.938194 14.4293
0.938889 14.4414
0.939583 14.4636
0.940278 14.4955
0.940972 14.5371
0.941667 14.5879
0.942361 14.6478
0.943056 14.7164
0.94375 14.7935
0.944444 14.8788
0.945139 14.9721
0.945833 15.073
0.946528 15.1814
0.947222 15.2968
0.947917 15.4189
0.948611 15.5474
0.949306 15.6817
0.95 15.8214
0.950694 15.966
0.951389 16.1149
0.952083 16.2676
0.952778 16.4234
0.953472 16.5819
0.954167 16.7424
0.954861 16.9045
0.955556 17.0675
0.95625 17.2309
0.956944 17.3941
0.957639 17.5564
0.958333 17.7173
0.959028 17.8761
0.959722 18.0322
0.960417 18.185
0.961111 18.3338
0.961806 18.4781
0.9625 18.6174
0.963194 18.751
0.963889 18.8784
0.964583 18.9992
0.965278 19.1129
0.965972 19.219
0.966667 19.317
0.967361 19.4066
0.968056 19.4874
0.96875 19.5589
0.969444 19.6209
0.970139 19.6731
0.970833 19.7152
0.971528 19.7471
0.972222 19.7685
0.972917 19.7794
0.973611 19.7798
0.974306 19.7696
0.975 19.7489
0.975694 19.7178
0.976389 19.6764
0.977083 19.625
0.977778 19.5637
0.978472 19.4929
0.979167 19.4129
0.979861 19.324
0.980556 19.2267
0.98125 19.1213
0.981944 19.0084
0.982639 18.8884
0.983333 18.7619
0.984028 18.6295
0.984722 18.4918
0.985417 18.3495
0.986111 18.2033
0.986806 18.054
0.9875 17.9024
0.988194 17.7493
0.988889 17.5953
0.989583 17.4415
0.990278 17.2884
0.990972 17.1371
0.991667 16.9881
0.992361 16.8424
0.993056 16.7006
0.99375 16.5635
0.994444 16.4319
0.995139 16.3064
0.995833 16.1877
0.996528 16.0764
0.997222 15.973
0.997917 15.8781
0.998611 15.7921
0.999306 15.7153
1 15.6483
1.00069 15.5912
1.00139 15.5444
1.00208 15.508
1.00278 15.4824
1.00347 15.4675
1.00417 15.4634
1.00486 15.4701
1.00556 15.4875
1.00625 15.5154
1.00694 15.5537
1.00764 15.602
1.00833 15.6601
1.00903 15.7277
1.00972 15.8044
1.01042 15.8899
1.01111 15.9841
1.01181 16.0865
1.0125 16.197
1.01319 16.315
1.01389 16.4404
1.01458 16.5727
1.01528 16.7115
1.01597 16.8562
1.01667 17.0064
1.01736 17.1614
1.01806 17.3207
1.01875 17.4837
1.01944 17.6497
1.02014 17.8183
1.02083 17.9887
1.02153 18.1605
1.02222 18.333
1.02292 18.5055
1.02361 18.6775
1.02431 18.8483
1.025 19.0172
1.02569 19.1837
1.02639 19.3469
1.02708 19.5063
1.02778 19.6613
1.02847 19.8111
1.02917 19.9553
1.02986 20.0933
1.03056 20.2245
1.03125 20.3484
1.03194 20.4645
1.03264 20.5724
1.03333 20.6715
1.03403 20.7614
1.03472 20.8418
1.03542 20.9123
1.03611 20.9724
1.03681 21.0221
1.0375 21.0609
1.03819 21.0888
1.03889 21.1057
1.03958 21.1113
1.04028 21.1057
1.04097 21.0889
1.04167 21.0611
1.04236 21.0222
1.04306 20.9725
1.04375 20.9123
1.04444 20.8418
1.04514 20.7613
1.04583 20.6712
1.04653 20.5719
1.04722 20.4638
1.04792 20.3474
1.04861 20.2233
1.04931 20.0919
1.05 19.954
1.05069 19.81
1.05139 19.6608
1.05208 19.5071
1.05278 19.3497
1.05347 19.1893
1.05417 19.0268
1.05486 18.8631
1.05556 18.699
1.05625 18.5354
1.05694 18.3731
1.05764 18.2129
1.05833 18.0557
1.05903 17.9022
1.05972 17.7534
1.06042 17.61
1.06111 17.4727
1.06181 17.3422
1.0625 17.2192
1.06319 17.1044
1.06389 16.9983
1.06458 16.9014
1.06528 16.8142
1.06597 16.737
1.06667 16.6703
1.06736 16.6143
1.06806 16.5694
1.06875 16.5356
1.06944 16.5133
1.07014 16.5023
1.07083 16.5029
1.07153 16.5148
1.07222 16.5381
1.07292 16.5723
1.07361 16.6174
1.07431 16.673
1.075 16.7388
1.07569 16.8145
1.07639 16.8997
1.07708 16.9942
1.07778 17.0976
1.07847 17.2095
1.07917 17.3298
1.07986 17.4579
1.08056 17.5935
1.08125 17.7362
1.08194 17.8854
1.08264 18.0407
1.08333 18.2014
1.08403 18.3669
1.08472 18.5366
1.08542 18.7099
1.08611 18.8862
1.08681 19.0648
1.0875 19.245
1.08819 19.4263
1.08889 19.6081
1.08958 19.7896
1.09028 19.9702
1.09097 20.1492
1.09167 20.3259
1.09236 20.4996
1.09306 20.6696
1.09375 20.8353
1.09444 20.9959
1.09514 21.1509
1.09583 21.2996
1.09653 21.4414
1.09722 21.5759
1.09792 21.7023
1.09861 21.8204
1.09931 21.9294
1.1 22.029
1.10069 22.1187
1.10139 22.1981
1.10208 22.2668
1.10278 22.3246
1.10347 22.3711
1.10417 22.4061
1.10486 22.4294
1.10556 22.441
1.10625 22.4408
1.10694 22.4287
1.10764 22.4048
1.10833 22.3692
1.10903 22.322
1.10972 22.2636
1.11042 22.1941
1.11111 22.1138
1.11181 22.0232
1.1125 21.9227
1.11319 21.8126
1.11389 21.6934
1.11458 21.5658
1.11528 21.4302
1.11597 21.2872
1.11667 21.1376
1.11736 20.982
1.11806 20.8212
1.11875 20.6561
1.11944 20.4874
1.12014 20.316
1.12083 20.1428
1.12153 19.9687
1.12222 19.7946
1.12292 19.6215
1.12361 19.4501
1.12431 19.2815
1.125 19.1164
1.12569 18.9557
1.12639 18.8003
1.12708 18.6509
1.12778 18.5084
1.12847 18.3735
1.12917 18.2469
1.12986 18.1292
1.13056 18.021
1.13125 17.9227
1.13194 17.8349
1.13264 17.758
1.13333 17.6923
1.13403 17.6381
1.13472 17.5956
1.13542 17.5651
1.13611 17.5467
1.13681 17.5404
1.1375 17.5462
1.13819 17.564
1.13889 17.5935
1.13958 17.6347
1.14028 17.6871
1.14097 17.7505
1.14167 17.8245
1.14236 17.9087
1.14306 18.0028
1.14375 18.1066
1.14444 18.2195
1.14514 18.3414
1.14583 18.4717
1.14653 18.6101
1.14722 18.7562
1.14792 18.9095
1.14861 19.0694
1.14931 19.2353
1.15 19.4066
1.15069 19.5826
1.15139 19.7628
1.15208 19.9464
1.15278 20.1328
1.15347 20.3213
1.15417 20.5112
1.15486 20.702
1.15556 20.8928
1.15625 21.083
1.15694 21.272
1.15764 21.4589
1.15833 21.643
1.15903 21.8236
1.15972 22
1.16042 22.1715
1.16111 22.3374
1.16181 22.497
1.1625 22.6498
1.16319 22.795
1.16389 22.9322
1.16458 23.0607
1.16528 23.18
1.16597 23.2897
1.16667 23.3892
1.16736 23.478
1.16806 23.5558
1.16875 23.6223
1.16944 23.677
1.17014 23.7197
1.17083 23.7503
1.17153 23.7685
1.17222 23.7742
1.17292 23.7675
1.17361 23.7483
1.17431 23.7167
1.175 23.6728
1.17569 23.6169
1.17639 23.5492
1.17708 23.47
1.17778 23.3796
1.17847 23.2785
1.17917 23.1671
1.17986 23.0458
1.18056 22.9153
1.18125 22.7761
1.18194 22.6288
1.18264 22.4741
1.18333 22.3127
1.18403 22.1454
1.18472 21.973
1.18542 21.7964
1.18611 21.6164
1.18681 21.4341
1.1875 21.2504
1.18819 21.0661
1.18889 20.8823
1.18958 20.6999
1.19028 20.5199
1.19097 20.3431
1.19167 20.1705
1.19236 20.003
1.19306 19.8415
1.19375 19.6868
1.19444 19.5397
1.19514 19.4009
1.19583 19.2712
1.19653 19.1512
1.19722 19.0415
1.19792 18.9425
1.19861 18.8548
1.19931 18.7788
1.2 18.7147
1.20069 18.663
1.20139 18.6237
1.20208 18.5971
1.20278 18.5832
1.20347 18.5821
1.20417 18.5937
1.20486 18.6179
1.20556 18.6544
1.20625 18.7029
1.20694 18.7631
1.20764 18.8347
1.20833 18.9173
1.20903 19.0106
1.20972 19.114
1.21042 19.2274
1.21111 19.3503
1.21181 19.4823
1.2125 19.623
1.21319 19.772
1.21389 19.9288
1.21458 20.0927
1.21528 20.2634
1.21597 20.44
1.21667 20.622
1.21736 20.8086
1.21806 20.9992
1.21875 21.1931
1.21944 21.3895
1.22014 21.5878
1.22083 21.7873
1.22153 21.9873
1.22222 22.187
1.22292 22.3857
1.22361 22.5827
1.22431 22.7772
1.225 22.9684
1.22569 23.1556
1.22639 23.338
1.22708 23.5149
1.22778 23.6855
1.22847 23.8493
1.22917 24.0056
1.22986 24.1537
1.23056 24.2931
1.23125 24.4231
1.23194 24.5432
1.23264 24.6529
1.23333 24.7516
1.23403 24.839
1.23472 24.9147
1.23542 24.9782
1.23611 25.0292
1.23681 25.0676
1.2375 25.0931
1.23819 25.1055
1.23889 25.1049
1.23958 25.0911
1.24028 25.0642
1.24097 25.0244
1.24167 24.9718
1.24236 24.9066
1.24306 24.8291
1.24375 24.7398
1.24444 24.6388
1.24514 24.5268
1.24583 24.4042
1.24653 24.2715
1.24722 24.1294
1.24792 23.9783
1.24861 23.8191
1.24931 23.6525
1.25 23.4792
1.25069 23.3001
1.25139 23.1161
1.25208 22.9281
1.25278 22.737
1.25347 22.5439
1.25417 22.3497
1.25486 22.1555
1.25556 21.9623
1.25625 21.7709
1.25694 21.5826
1.25764 21.3981
1.25833 21.2184
1.25903 21.0446
1.25972 20.8775
1.26042 20.7179
1.26111 20.5667
1.26181 20.4247
1.2625 20.2926
1.26319 20.1709
1.26389 20.0603
1.26458 19.9613
1.26528 19.8744
1.26597 19.7999
1.26667 19.7381
1.26736 19.6895
1.26806 19.654
1.26875 19.6319
1.26944 19.6233
1.27014 19.628
1.27083 19.646
1.27153 19.6771
1.27222 19.721
1.27292 19.7774
1.27361 19.8459
1.27431 19.9262
1.275 20.0178
1.27569 20.1204
1.27639 20.2336
1.27708 20.3569
1.27778 20.49
1.27847 20.6325
1.27917 20.7839
1.27986 20.9436
1.28056 21.1112
1.28125 21.2861
1.28194 21.4676
1.28264 21.655
1.28333 21.8477
1.28403 22.0449
1.28472 22.2459
1.28542 22.4499
1.28611 22.6563
1.28681 22.8643
1.2875 23.0732
1.28819 23.2821
1.28889 23.4905
1.28958 23.6974
1.29028 23.9022
1.29097 24.1039
1.29167 24.3018
1.29236 24.4952
1.29306 24.6831
1.29375 24.865
1.29444 25.04
1.29514 25.2075
1.29583 25.3668
1.29653 25.5173
1.29722 25.6582
1.29792 25.7891
1.29861 25.9094
1.29931 26.0186
1.3 26.116
1.30069 26.2014
1.30139 26.2742
1.30208 26.3342
1.30278 26.381
1.30347 26.4144
1.30417 26.4342
1.30486 26.4403
1.30556 26.4326
1.30625 26.4112
1.30694 26.3762
1.30764 26.3276
1.30833 26.2657
1.30903 26.1908
1.30972 26.1031
1.31042 26.0031
1.31111 25.8913
1.31181 25.768
1.3125 25.6339
1.31319 25.4894
1.31389 25.3354
1.31458 25.1723
1.31528 25.0011
1.31597 24.8224
1.31667 24.6372
1.31736 24.4462
1.31806 24.2506
1.31875 24.0512
1.31944 23.8492
1.32014 23.6454
1.32083 23.4411
1.32153 23.2372
1.32222 23.0347
1.32292 22.8348
1.32361 22.6385
1.32431 22.4467
1.325 22.2605
1.32569 22.0808
1.32639 21.9086
1.32708 21.7448
1.32778 21.5901
1.32847 21.4454
1.32917 21.3114
1.32986 21.1888
1.33056 21.078
1.33125 20.9796
1.33194 20.8941
1.33264 20.8218
1.33333 20.763
1.33403 20.7181
1.33472 20.6871
1.33542 20.6702
1.33611 20.6673
1.33681 20.6784
1.3375 20.7034
1.33819 20.7419
1.33889 20.7938
1.33958 20.8585
1.34028 20.9358
1.34097 21.0252
1.34167 21.1263
1.34236 21.2386
1.34306 21.3618
1.34375 21.4955
1.34444 21.6391
1.34514 21.7923
1.34583 21.9545
1.34653 22.1252
1.34722 22.3038
1.34792 22.4897
1.34861 22.6821
1.34931 22.8804
1.35 23.0838
1.35069 23.2915
1.35139 23.5028
1.35208 23.7169
1.35278 23.9331
1.35347 24.1506
1.35417 24.3687
1.35486 24.5865
1.35556 24.8032
1.35625 25.018
1.35694 25.2302
1.35764 25.4388
1.35833 25.6431
1.35903 25.8422
1.35972 26.0353
1.36042 26.2216
1.36111 26.4005
1.36181 26.5712
1.3625 26.733
1.36319 26.8852
1.36389 27.0273
1.36458 27.1585
1.36528 27.2784
1.36597 27.3864
1.36667 27.4819
1.36736 27.5646
1.36806 27.634
1.36875 27.6899
1.36944 27.7318
1.37014 27.7596
1.37083 27.7731
1.37153 27.7723
1.37222 27.7571
1.37292 27.7276
1.37361 27.6838
1.37431 27.626
1.375 27.5543
1.37569 27.4691
1.37639 27.3709
1.37708 27.2599
1.37778 27.1367
1.37847 27.0018
1.37917 26.8558
1.37986 26.6994
1.38056 26.5332
1.38125 26.358
1.38194 26.1745
1.38264 25.9837
1.38333 25.7865
1.38403 25.5837
1.38472 25.3765
1.38542 25.1659
1.38611 24.953
1.38681 24.7388
1.3875 24.5245
1.38819 24.3112
