0 0
0.000694444 0.000765235
0.00138889 0.00227633
0.00208333 0.00480399
0.00277778 0.00840665
0.00347222 0.0130832
0.00416667 0.0188015
0.00486111 0.0255114
0.00555556 0.033153
0.00625 0.0416907
0.00694444 0.0510737
0.00763889 0.061286
0.00833333 0.0723443
0.00902778 0.0842367
0.00972222 0.096967
0.0104167 0.110543
0.0111111 0.124904
0.0118056 0.139997
0.0125 0.15574
0.0131944 0.172045
0.0138889 0.188834
0.0145833 0.206056
0.0152778 0.2237
0.0159722 0.2418
0.0166667 0.260423
0.0173611 0.2797
0.0180556 0.299709
0.01875 0.320551
0.0194444 0.342319
0.0201389 0.365003
0.0208333 0.388592
0.0215278 0.413027
0.0222222 0.438227
0.0229167 0.464107
0.0236111 0.490585
0.0243056 0.517597
0.025 0.545095
0.0256944 0.573045
0.0263889 0.601413
0.0270833 0.630161
0.0277778 0.659223
0.0284722 0.688557
0.0291667 0.718024
0.0298611 0.747514
0.0305556 0.77694
0.03125 0.806138
0.0319444 0.835012
0.0326389 0.863464
0.0333333 0.891416
0.0340278 0.918802
0.0347222 0.945571
0.0354167 0.971674
0.0361111 0.997062
0.0368056 1.02167
0.0375 1.04547
0.0381944 1.06836
0.0388889 1.09027
0.0395833 1.11116
0.0402778 1.13092
0.0409722 1.1495
0.0416667 1.16688
0.0423611 1.18296
0.0430556 1.19773
0.04375 1.21116
0.0444444 1.22323
0.0451389 1.23392
0.0458333 1.24323
0.0465278 1.25116
0.0472222 1.25773
0.0479167 1.26294
0.0486111 1.26685
0.0493056 1.26944
0.05 1.27074
0.0506944 1.2708
0.0513889 1.26961
0.0520833 1.26719
0.0527778 1.26356
0.0534722 1.25875
0.0541667 1.2528
0.0548611 1.24576
0.0555556 1.23771
0.05625 1.22873
0.0569444 1.21894
0.0576389 1.20844
0.0583333 1.19736
0.0590278 1.1858
0.0597222 1.17392
0.0604167 1.16179
0.0611111 1.14952
0.0618056 1.13726
0.0625 1.12507
0.0631944 1.11309
0.0638889 1.10143
0.0645833 1.09022
0.0652778 1.07957
0.0659722 1.06959
0.0666667 1.06039
0.0673611 1.05204
0.0680556 1.04462
0.06875 1.03824
0.0694444 1.03291
0.0701389 1.02873
0.0708333 1.02579
0.0715278 1.02415
0.0722222 1.02392
0.0729167 1.02522
0.0736111 1.02812
0.0743056 1.03271
0.075 1.03903
0.0756944 1.04713
0.0763889 1.05698
0.0770833 1.06857
0.0777778 1.08181
0.0784722 1.09665
0.0791667 1.11299
0.0798611 1.13082
0.0805556 1.15003
0.08125 1.17063
0.0819444 1.19264
0.0826389 1.21607
0.0833333 1.24094
0.0840278 1.2673
0.0847222 1.29515
0.0854167 1.32447
0.0861111 1.35521
0.0868056 1.38729
0.0875 1.42061
0.0881944 1.45502
0.0888889 1.49041
0.0895833 1.52665
0.0902778 1.56362
0.0909722 1.60125
0.0916667 1.63943
0.0923611 1.67807
0.0930556 1.71713
0.09375 1.75648
0.0944444 1.796
0.0951389 1.83558
0.0958333 1.87507
0.0965278 1.91432
0.0972222 1.95318
0.0979167 1.99149
0.0986111 2.02914
0.0993056 2.06598
0.1 2.10197
0.100694 2.13697
0.101389 2.1709
0.102083 2.20372
0.102778 2.23531
0.103472 2.26558
0.104167 2.29447
0.104861 2.32185
0.105556 2.34763
0.10625 2.37173
0.106944 2.39406
0.107639 2.41454
0.108333 2.43311
0.109028 2.44973
0.109722 2.46435
0.110417 2.47694
0.111111 2.4875
0.111806 2.496
0.1125 2.50243
0.113194 2.50686
0.113889 2.50927
0.114583 2.5097
0.115278 2.5082
0.115972 2.50481
0.116667 2.49956
0.117361 2.49251
0.118056 2.4837
0.11875 2.47317
0.119444 2.46098
0.120139 2.4472
0.120833 2.4319
0.121528 2.41518
0.122222 2.39719
0.122917 2.37804
0.123611 2.35788
0.124306 2.33691
0.125 2.31525
0.125694 2.29309
0.126389 2.27058
0.127083 2.24788
0.127778 2.22515
0.128472 2.20254
0.129167 2.18022
0.129861 2.15834
0.130556 2.13707
0.13125 2.1166
0.131944 2.09704
0.132639 2.07855
0.133333 2.06131
0.134028 2.04538
0.134722 2.03088
0.135417 2.01794
0.136111 2.00662
0.136806 1.99702
0.1375 1.98924
0.138194 1.98339
0.138889 1.97958
0.139583 1.97791
0.140278 1.97849
0.140972 1.98137
0.141667 1.98661
0.142361 1.99424
0.143056 2.0042
0.14375 2.01645
0.144444 2.03095
0.145139 2.04758
0.145833 2.06628
0.146528 2.08698
0.147222 2.10966
0.147917 2.13428
0.148611 2.16087
0.149306 2.18942
0.15 2.21996
0.150694 2.25248
0.151389 2.28696
0.152083 2.32334
0.152778 2.3615
0.153472 2.40136
0.154167 2.44272
0.154861 2.48543
0.155556 2.52937
0.15625 2.57433
0.156944 2.6202
0.157639 2.66684
0.158333 2.71413
0.159028 2.76195
0.159722 2.81017
0.160417 2.85865
0.161111 2.90723
0.161806 2.95571
0.1625 3.00395
0.163194 3.05171
0.163889 3.09881
0.164583 3.14512
0.165278 3.19043
0.165972 3.2346
0.166667 3.27754
0.167361 3.31908
0.168056 3.35914
0.16875 3.39759
0.169444 3.43432
0.170139 3.46921
0.170833 3.50213
0.171528 3.53296
0.172222 3.56159
0.172917 3.58789
0.173611 3.61181
0.174306 3.63321
0.175 3.65204
0.175694 3.66827
0.176389 3.68183
0.177083 3.69269
0.177778 3.70085
0.178472 3.7063
0.179167 3.70906
0.179861 3.70915
0.180556 3.70663
0.18125 3.70153
0.181944 3.69392
0.182639 3.68386
0.183333 3.67141
0.184028 3.65663
0.184722 3.63964
0.185417 3.62047
0.186111 3.59921
0.186806 3.57601
0.1875 3.55096
0.188194 3.52422
0.188889 3.49596
0.189583 3.46636
0.190278 3.43564
0.190972 3.40399
0.191667 3.37163
0.192361 3.33877
0.193056 3.3056
0.19375 3.27238
0.194444 3.23925
0.195139 3.20643
0.195833 3.17416
0.196528 3.14261
0.197222 3.112
0.197917 3.08256
0.198611 3.05445
0.199306 3.02787
0.2 3.00298
0.200694 2.97994
0.201389 2.95886
0.202083 2.93989
0.202778 2.92313
0.203472 2.9087
0.204167 2.89671
0.204861 2.88733
0.205556 2.88062
0.20625 2.87671
0.206944 2.87573
0.207639 2.87769
0.208333 2.88264
0.209028 2.89058
0.209722 2.90146
0.210417 2.91521
0.211111 2.93175
0.211806 2.95098
0.2125 2.97282
0.213194 2.99722
0.213889 3.02411
0.214583 3.05348
0.215278 3.08532
0.215972 3.11965
0.216667 3.15642
0.217361 3.1956
0.218056 3.23716
0.21875 3.28096
0.219444 3.32687
0.220139 3.37473
0.220833 3.42435
0.221528 3.47553
0.222222 3.52808
0.222917 3.58183
0.223611 3.63659
0.224306 3.69221
0.225 3.74855
0.225694 3.80541
0.226389 3.86263
0.227083 3.92006
0.227778 3.97743
0.228472 4.03455
0.229167 4.09121
0.229861 4.14715
0.230556 4.20217
0.23125 4.25605
0.231944 4.30861
0.232639 4.35968
0.233333 4.40909
0.234028 4.4567
0.234722 4.50236
0.235417 4.5459
0.236111 4.58723
0.236806 4.62614
0.2375 4.66249
0.238194 4.69617
0.238889 4.72702
0.239583 4.75491
0.240278 4.77974
0.240972 4.80142
0.241667 4.81987
0.242361 4.83503
0.243056 4.84687
0.24375 4.85536
0.244444 4.86049
0.245139 4.86226
0.245833 4.86072
0.246528 4.85588
0.247222 4.84785
0.247917 4.83665
0.248611 4.82236
0.249306 4.80511
0.25 4.78495
0.250694 4.76199
0.251389 4.73634
0.252083 4.7081
0.252778 4.6774
0.253472 4.64441
0.254167 4.60929
0.254861 4.57225
0.255556 4.53348
0.25625 4.49327
0.256944 4.45182
0.257639 4.40939
0.258333 4.36628
0.259028 4.32271
0.259722 4.27893
0.260417 4.23523
0.261111 4.19182
0.261806 4.14898
0.2625 4.10694
0.263194 4.06598
0.263889 4.02634
0.264583 3.98827
0.265278 3.95199
0.265972 3.91773
0.266667 3.88566
0.267361 3.85599
0.268056 3.82886
0.26875 3.8044
0.269444 3.78279
0.270139 3.76415
0.270833 3.74861
0.271528 3.73631
0.272222 3.72738
0.272917 3.72193
0.273611 3.72003
0.274306 3.72175
0.275 3.72709
0.275694 3.73601
0.276389 3.74847
0.277083 3.76436
0.277778 3.78358
0.278472 3.80606
0.279167 3.83166
0.279861 3.86032
0.280556 3.89202
0.28125 3.92669
0.281944 3.96432
0.282639 4.00487
0.283333 4.04832
0.284028 4.09457
0.284722 4.14354
0.285417 4.19507
0.286111 4.24898
0.286806 4.30507
0.2875 4.36313
0.288194 4.42292
0.288889 4.4842
0.289583 4.54682
0.290278 4.61052
0.290972 4.67512
0.291667 4.74045
0.292361 4.80628
0.293056 4.8724
0.29375 4.93858
0.294444 5.00457
0.295139 5.0701
0.295833 5.13492
0.296528 5.19876
0.297222 5.26136
0.297917 5.32249
0.298611 5.38196
0.299306 5.43953
0.3 5.495
0.300694 5.54825
0.301389 5.59903
0.302083 5.64721
0.302778 5.69258
0.303472 5.73498
0.304167 5.77424
0.304861 5.81018
0.305556 5.84266
0.30625 5.87154
0.306944 5.8967
0.307639 5.91806
0.308333 5.93551
0.309028 5.94901
0.309722 5.95854
0.310417 5.96405
0.311111 5.96554
0.311806 5.96308
0.3125 5.95665
0.313194 5.94634
0.313889 5.93222
0.314583 5.91438
0.315278 5.89293
0.315972 5.86798
0.316667 5.83964
0.317361 5.80804
0.318056 5.7733
0.31875 5.73562
0.319444 5.69513
0.320139 5.65204
0.320833 5.60659
0.321528 5.559
0.322222 5.50954
0.322917 5.45854
0.323611 5.40625
0.324306 5.353
0.325 5.29909
0.325694 5.24482
0.326389 5.19049
0.327083 5.13642
0.327778 5.08289
0.328472 5.0302
0.329167 4.97866
0.329861 4.92859
0.330556 4.88024
0.33125 4.83391
0.331944 4.78989
0.332639 4.74839
0.333333 4.70964
0.334028 4.67385
0.334722 4.64119
0.335417 4.61185
0.336111 4.58598
0.336806 4.56373
0.3375 4.54527
0.338194 4.53073
0.338889 4.52024
0.339583 4.5139
0.340278 4.51178
0.340972 4.51393
0.341667 4.5203
0.342361 4.53084
0.343056 4.54551
0.34375 4.56416
0.344444 4.58667
0.345139 4.61294
0.345833 4.64285
0.346528 4.67634
0.347222 4.71333
0.347917 4.75378
0.348611 4.79764
0.349306 4.84485
0.35 4.89536
0.350694 4.94902
0.351389 5.0057
0.352083 5.06524
0.352778 5.12737
0.353472 5.19188
0.354167 5.25853
0.354861 5.32703
0.355556 5.39716
0.35625 5.46866
0.356944 5.54131
0.357639 5.61488
0.358333 5.68913
0.359028 5.76383
0.359722 5.83871
0.360417 5.91349
0.361111 5.98791
0.361806 6.06162
0.3625 6.13434
0.363194 6.2058
0.363889 6.27569
0.364583 6.34374
0.365278 6.40973
0.365972 6.4734
0.366667 6.53455
0.367361 6.59296
0.368056 6.64842
0.36875 6.70072
0.369444 6.74965
0.370139 6.79502
0.370833 6.83662
0.371528 6.87427
0.372222 6.90784
0.372917 6.93713
0.373611 6.96204
0.374306 6.98249
0.375 6.99836
0.375694 7.00962
0.376389 7.01623
0.377083 7.01818
0.377778 7.01548
0.378472 7.00817
0.379167 6.9963
0.379861 6.97996
0.380556 6.95924
0.38125 6.93427
0.381944 6.90516
0.382639 6.87203
0.383333 6.83507
0.384028 6.79441
0.384722 6.75022
0.385417 6.70272
0.386111 6.65211
0.386806 6.59864
0.3875 6.54258
0.388194 6.48424
0.388889 6.42394
0.389583 6.36201
0.390278 6.2988
0.390972 6.23467
0.391667 6.16996
0.392361 6.10506
0.393056 6.04028
0.39375 5.97597
0.394444 5.91251
0.395139 5.85023
0.395833 5.78947
0.396528 5.73058
0.397222 5.67389
0.397917 5.61973
0.398611 5.56838
0.399306 5.52012
0.4 5.47519
0.400694 5.43382
0.401389 5.39622
0.402083 5.36258
0.402778 5.33307
0.403472 5.30789
0.404167 5.28716
0.404861 5.27104
0.405556 5.25967
0.40625 5.25312
0.406944 5.25144
0.407639 5.25465
0.408333 5.26269
0.409028 5.2755
0.409722 5.29295
0.410417 5.31493
0.411111 5.34129
0.411806 5.37189
0.4125 5.40666
0.413194 5.44547
0.413889 5.48823
0.414583 5.53492
0.415278 5.58543
0.415972 5.63968
0.416667 5.69758
0.417361 5.75896
0.418056 5.82362
0.41875 5.89136
0.419444 5.96191
0.420139 6.035
0.420833 6.11034
0.421528 6.18765
0.422222 6.26665
0.422917 6.34707
0.423611 6.42867
0.424306 6.51116
0.425 6.59426
0.425694 6.67773
0.426389 6.76122
0.427083 6.84443
0.427778 6.92703
0.428472 7.00869
0.429167 7.08906
0.429861 7.16782
0.430556 7.24466
0.43125 7.31928
0.431944 7.39142
0.432639 7.46081
0.433333 7.5272
0.434028 7.59033
0.434722 7.65001
0.435417 7.70595
0.436111 7.75792
0.436806 7.80573
0.4375 7.84914
0.438194 7.88796
0.438889 7.92202
0.439583 7.95115
0.440278 7.97524
0.440972 7.99418
0.441667 8.00789
0.442361 8.01632
0.443056 8.01943
0.44375 8.01726
0.444444 8.00979
0.445139 7.99709
0.445833 7.97925
0.446528 7.95636
0.447222 7.92852
0.447917 7.89592
0.448611 7.85866
0.449306 7.81693
0.45 7.7709
0.450694 7.72077
0.451389 7.66676
0.452083 7.6091
0.452778 7.54807
0.453472 7.48395
0.454167 7.41707
0.454861 7.3478
0.455556 7.2765
0.45625 7.20354
0.456944 7.12938
0.457639 7.05436
0.458333 6.97891
0.459028 6.90343
0.459722 6.82831
0.460417 6.75396
0.461111 6.68078
0.461806 6.60915
0.4625 6.53948
0.463194 6.47214
0.463889 6.4075
0.464583 6.34593
0.465278 6.28772
0.465972 6.23322
0.466667 6.18265
0.467361 6.13627
0.468056 6.09434
0.46875 6.05702
0.469444 6.02453
0.470139 5.99704
0.470833 5.97472
0.471528 5.95771
0.472222 5.94612
0.472917 5.94003
0.473611 5.93945
0.474306 5.94435
0.475 5.95471
0.475694 5.97037
0.476389 5.9912
0.477083 6.01709
0.477778 6.04784
0.478472 6.08331
0.479167 6.12342
0.479861 6.16801
0.480556 6.21701
0.48125 6.27033
0.481944 6.32787
0.482639 6.38951
0.483333 6.45509
0.484028 6.52444
0.484722 6.59732
0.485417 6.67346
0.486111 6.75259
0.486806 6.83437
0.4875 6.91849
0.488194 7.00468
0.488889 7.09259
0.489583 7.18193
0.490278 7.27242
0.490972 7.36375
0.491667 7.45562
0.492361 7.54769
0.493056 7.63962
0.49375 7.73106
0.494444 7.82162
0.495139 7.91095
0.495833 7.99867
0.496528 8.08442
0.497222 8.1679
0.497917 8.24873
0.498611 8.32663
0.499306 8.40134
0.5 8.47253
0.500694 8.53995
0.501389 8.60334
0.502083 8.66241
0.502778 8.71693
0.503472 8.76663
0.504167 8.8113
0.504861 8.85073
0.505556 8.88471
0.50625 8.91313
0.506944 8.93582
0.507639 8.95267
0.508333 8.96365
0.509028 8.96867
0.509722 8.96772
0.510417 8.96085
0.511111 8.94806
0.511806 8.92943
0.5125 8.90507
0.513194 8.8751
0.513889 8.83967
0.514583 8.79893
0.515278 8.75307
0.515972 8.70229
0.516667 8.64678
0.517361 8.58683
0.518056 8.52264
0.51875 8.4545
0.519444 8.38278
0.520139 8.30778
0.520833 8.22989
0.521528 8.14952
0.522222 8.0671
0.522917 7.98308
0.523611 7.89789
0.524306 7.81201
0.525 7.72587
0.525694 7.63992
0.526389 7.55463
0.527083 7.47044
0.527778 7.38777
0.528472 7.30712
0.529167 7.22887
0.529861 7.15345
0.530556 7.08131
0.53125 7.01279
0.531944 6.94824
0.532639 6.88801
0.533333 6.83236
0.534028 6.78159
0.534722 6.73591
0.535417 6.69556
0.536111 6.66074
0.536806 6.63163
0.5375 6.60841
0.538194 6.5912
0.538889 6.58006
0.539583 6.57511
0.540278 6.57628
0.540972 6.58353
0.541667 6.5968
0.542361 6.61591
0.543056 6.64071
0.54375 6.67102
0.544444 6.70669
0.545139 6.74754
0.545833 6.79344
0.546528 6.84426
0.547222 6.8999
0.547917 6.96023
0.548611 7.02516
0.549306 7.09449
0.55 7.16803
0.550694 7.24561
0.551389 7.32689
0.552083 7.4116
0.552778 7.49941
0.553472 7.58997
0.554167 7.68296
0.554861 7.77802
0.555556 7.87483
0.55625 7.97307
0.556944 8.07239
0.557639 8.17247
0.558333 8.27296
0.559028 8.37347
0.559722 8.47366
0.560417 8.5731
0.561111 8.67137
0.561806 8.76812
0.5625 8.86289
0.563194 8.95532
0.563889 9.04504
0.564583 9.13171
0.565278 9.21499
0.565972 9.29456
0.566667 9.37012
0.567361 9.44136
0.568056 9.50796
0.56875 9.56969
0.569444 9.62621
0.570139 9.67728
0.570833 9.72267
0.571528 9.76214
0.572222 9.7955
0.572917 9.82262
0.573611 9.84332
0.574306 9.85754
0.575 9.86518
0.575694 9.86623
0.576389 9.86066
0.577083 9.84852
0.577778 9.82985
0.578472 9.80477
0.579167 9.77336
0.579861 9.73583
0.580556 9.69229
0.58125 9.64296
0.581944 9.58807
0.582639 9.52782
0.583333 9.46247
0.584028 9.39229
0.584722 9.31759
0.585417 9.23872
0.586111 9.15602
0.586806 9.06992
0.5875 8.98084
0.588194 8.88925
0.588889 8.79564
0.589583 8.70048
0.590278 8.60429
0.590972 8.50759
0.591667 8.41086
0.592361 8.31459
0.593056 8.21932
0.59375 8.12551
0.594444 8.03367
0.595139 7.94428
0.595833 7.85783
0.596528 7.77478
0.597222 7.69556
0.597917 7.62058
0.598611 7.55022
0.599306 7.48481
0.6 7.4247
0.600694 7.37013
0.601389 7.32136
0.602083 7.27867
0.602778 7.2422
0.603472 7.21216
0.604167 7.18873
0.604861 7.17199
0.605556 7.16203
0.60625 7.15885
0.606944 7.16242
0.607639 7.17266
0.608333 7.18943
0.609028 7.21256
0.609722 7.24186
0.610417 7.27714
0.611111 7.31823
0.611806 7.36492
0.6125 7.41706
0.613194 7.47455
0.613889 7.53722
0.614583 7.60493
0.615278 7.67752
0.615972 7.75482
0.616667 7.83658
0.617361 7.92254
0.618056 8.01239
0.61875 8.10579
0.619444 8.20238
0.620139 8.30179
0.620833 8.40366
0.621528 8.5076
0.622222 8.6133
0.622917 8.72036
0.623611 8.82842
0.624306 8.93714
0.625 9.0461
0.625694 9.1549
0.626389 9.26311
0.627083 9.3703
0.627778 9.47603
0.628472 9.57986
0.629167 9.68136
0.629861 9.78012
0.630556 9.87574
0.63125 9.96787
0.631944 10.0561
0.632639 10.1401
0.633333 10.2196
0.634028 10.2942
0.634722 10.3635
0.635417 10.4274
0.636111 10.4854
0.636806 10.5373
0.6375 10.5828
0.638194 10.6218
0.638889 10.6539
0.639583 10.6792
0.640278 10.6973
0.640972 10.7083
0.641667 10.7121
0.642361 10.7086
0.643056 10.6978
0.64375 10.6799
0.644444 10.6548
0.645139 10.6227
0.645833 10.5838
0.646528 10.5382
0.647222 10.4861
0.647917 10.4277
0.648611 10.3633
0.649306 10.2932
0.65 10.2176
0.650694 10.1369
0.651389 10.0514
0.652083 9.96149
0.652778 9.8676
0.653472 9.77022
0.654167 9.66981
0.654861 9.56689
0.655556 9.46203
0.65625 9.35574
0.656944 9.24858
0.657639 9.14112
0.658333 9.03392
0.659028 8.92751
0.659722 8.82245
0.660417 8.7193
0.661111 8.61859
0.661806 8.52083
0.6625 8.4266
0.663194 8.33634
0.663889 8.25053
0.664583 8.16963
0.665278 8.09402
0.665972 8.02404
0.666667 7.96007
0.667361 7.90236
0.668056 7.85119
0.66875 7.80679
0.669444 7.76938
0.670139 7.73913
0.670833 7.71618
0.671528 7.70061
0.672222 7.69248
0.672917 7.69174
0.673611 7.69837
0.674306 7.7122
0.675 7.73306
0.675694 7.76079
0.676389 7.79513
0.677083 7.83589
0.677778 7.88285
0.678472 7.93583
0.679167 7.99466
0.679861 8.05917
0.680556 8.12921
0.68125 8.20461
0.681944 8.28517
0.682639 8.37067
0.683333 8.46083
0.684028 8.55535
0.684722 8.6539
0.685417 8.75608
0.686111 8.8615
0.686806 8.96981
0.6875 9.08056
0.688194 9.19338
0.688889 9.30789
0.689583 9.42369
0.690278 9.54039
0.690972 9.65758
0.691667 9.77483
0.692361 9.89169
0.693056 10.0077
0.69375 10.1224
0.694444 10.2353
0.695139 10.3459
0.695833 10.4538
0.696528 10.5585
0.697222 10.6597
0.697917 10.7568
0.698611 10.8496
0.699306 10.9377
0.7 11.0206
0.700694 11.098
0.701389 11.1696
0.702083 11.235
0.702778 11.294
0.703472 11.3461
0.704167 11.3913
0.704861 11.4292
0.705556 11.4596
0.70625 11.4824
0.706944 11.4974
0.707639 11.5046
0.708333 11.5039
0.709028 11.4953
0.709722 11.4788
0.710417 11.4545
0.711111 11.4225
0.711806 11.383
0.7125 11.336
0.713194 11.2818
0.713889 11.2207
0.714583 11.1528
0.715278 11.0786
0.715972 10.9982
0.716667 10.912
0.717361 10.8204
0.718056 10.7238
0.71875 10.6227
0.719444 10.5174
0.720139 10.4085
0.720833 10.2967
0.721528 10.1824
0.722222 10.0662
0.722917 9.94877
0.723611 9.83071
0.724306 9.7126
0.725 9.59508
0.725694 9.47873
0.726389 9.36414
0.727083 9.25196
0.727778 9.14272
0.728472 9.037
0.729167 8.93541
0.729861 8.83843
0.730556 8.74656
0.73125 8.66028
0.731944 8.57999
0.732639 8.50608
0.733333 8.43888
0.734028 8.3787
0.734722 8.32581
0.735417 8.28043
0.736111 8.2428
0.736806 8.21304
0.7375 8.19127
0.738194 8.1776
0.738889 8.17197
0.739583 8.17436
0.740278 8.18465
0.740972 8.20266
0.741667 8.22821
0.742361 8.26105
0.743056 8.30094
0.74375 8.34765
0.744444 8.40095
0.745139 8.46064
0.745833 8.52653
0.746528 8.59842
0.747222 8.67617
0.747917 8.75954
0.748611 8.84829
0.749306 8.94221
0.75 9.04095
0.750694 9.14417
0.751389 9.25149
0.752083 9.36252
0.752778 9.47682
0.753472 9.59399
0.754167 9.7136
0.754861 9.83524
0.755556 9.95847
0.75625 10.0829
0.756944 10.2081
0.757639 10.3336
0.758333 10.459
0.759028 10.5837
0.759722 10.7072
0.760417 10.8291
0.761111 10.9489
0.761806 11.0659
0.7625 11.1799
0.763194 11.2902
0.763889 11.3965
0.764583 11.4983
0.765278 11.5952
0.765972 11.6868
0.766667 11.7726
0.767361 11.8524
0.768056 11.9257
0.76875 11.9922
0.769444 12.0516
0.770139 12.1035
0.770833 12.1477
0.771528 12.184
0.772222 12.2121
0.772917 12.2319
0.773611 12.2432
0.774306 12.246
0.775 12.2403
0.775694 12.2261
0.776389 12.2033
0.777083 12.1721
0.777778 12.1327
0.778472 12.0851
0.779167 12.0296
0.779861 11.9664
0.780556 11.8958
0.78125 11.8181
0.781944 11.7336
0.782639 11.6425
0.783333 11.5454
0.784028 11.4427
0.784722 11.3347
0.785417 11.222
0.786111 11.1052
0.786806 10.9847
0.7875 10.8613
0.788194 10.7356
0.788889 10.6081
0.789583 10.4796
0.790278 10.3507
0.790972 10.2221
0.791667 10.0944
0.792361 9.96838
0.793056 9.84457
0.79375 9.72365
0.794444 9.60627
0.795139 9.49303
0.795833 9.38453
0.796528 9.28133
0.797222 9.18396
0.797917 9.09287
0.798611 9.00855
0.799306 8.93134
0.8 8.86159
0.800694 8.79965
0.801389 8.74575
0.802083 8.70013
0.802778 8.66298
0.803472 8.63444
0.804167 8.6146
0.804861 8.60348
0.805556 8.60104
0.80625 8.60719
0.806944 8.62176
0.807639 8.64455
0.808333 8.67532
0.809028 8.7138
0.809722 8.75974
0.810417 8.81286
0.811111 8.87292
0.811806 8.93972
0.8125 9.01303
0.813194 9.09264
0.813889 9.17835
0.814583 9.26993
0.815278 9.36711
0.815972 9.46959
0.816667 9.57702
0.817361 9.68903
0.818056 9.80519
0.81875 9.9251
0.819444 10.0483
0.820139 10.1743
0.820833 10.3027
0.821528 10.4331
0.822222 10.5649
0.822917 10.6979
0.823611 10.8314
0.824306 10.965
0.825 11.0982
0.825694 11.2305
0.826389 11.3614
0.827083 11.4902
0.827778 11.6165
0.828472 11.7397
0.829167 11.8593
0.829861 11.9749
0.830556 12.0859
0.83125 12.1919
0.831944 12.2924
0.832639 12.3871
0.833333 12.4755
0.834028 12.5571
0.834722 12.6316
0.835417 12.6987
0.836111 12.7579
0.836806 12.809
0.8375 12.8517
0.838194 12.8858
0.838889 12.911
0.839583 12.9272
0.840278 12.9343
0.840972 12.9322
0.841667 12.9209
0.842361 12.9005
0.843056 12.8709
0.84375 12.8323
0.844444 12.7849
0.845139 12.7288
0.845833 12.6643
0.846528 12.5917
0.847222 12.5112
0.847917 12.4232
0.848611 12.328
0.849306 12.226
0.85 12.1176
0.850694 12.0034
0.851389 11.8838
0.852083 11.7595
0.852778 11.6309
0.853472 11.4987
0.854167 11.3637
0.854861 11.2265
0.855556 11.0877
0.85625 10.9482
0.856944 10.8086
0.857639 10.6697
0.858333 10.5321
0.859028 10.3966
0.859722 10.2638
0.860417 10.1346
0.861111 10.0095
0.861806 9.88915
0.8625 9.77425
0.863194 9.6654
0.863889 9.56309
0.864583 9.46785
0.865278 9.38011
0.865972 9.30028
0.866667 9.22871
0.867361 9.16571
0.868056 9.11154
0.86875 9.06641
0.869444 9.0305
0.870139 9.00391
0.870833 8.98669
0.871528 8.97882
0.872222 8.98026
0.872917 8.9908
0.873611 9.01025
0.874306 9.0384
0.875 9.07493
0.875694 9.11956
0.876389 9.17199
0.877083 9.23195
0.877778 9.29917
0.878472 9.37342
0.879167 9.45446
0.879861 9.54207
0.880556 9.63599
0.88125 9.73601
0.881944 9.84176
0.882639 9.95293
0.883333 10.0692
0.884028 10.19
0.884722 10.3151
0.885417 10.4438
0.886111 10.5759
0.886806 10.7107
0.8875 10.8478
0.888194 10.9868
0.888889 11.1272
0.889583 11.2684
0.890278 11.4101
0.890972 11.5516
0.891667 11.6924
0.892361 11.8321
0.893056 11.9699
0.89375 12.1053
0.894444 12.2378
0.895139 12.3668
0.895833 12.4917
0.896528 12.6121
0.897222 12.7274
0.897917 12.8372
0.898611 12.941
0.899306 13.0383
0.9 13.1286
0.900694 13.2116
0.901389 13.2868
0.902083 13.3539
0.902778 13.4125
0.903472 13.4622
0.904167 13.5029
0.904861 13.5341
0.905556 13.5559
0.90625 13.568
0.906944 13.5703
0.907639 13.5627
0.908333 13.5454
0.909028 13.5182
0.909722 13.4812
0.910417 13.4348
0.911111 13.3789
0.911806 13.3138
0.9125 13.2399
0.913194 13.1574
0.913889 13.0665
0.914583 12.9678
0.915278 12.8616
0.915972 12.7483
0.916667 12.6284
0.917361 12.5025
0.918056 12.3711
0.91875 12.2349
0.919444 12.0944
0.920139 11.9505
0.920833 11.8038
0.921528 11.655
0.922222 11.5051
0.922917 11.3546
0.923611 11.2045
0.924306 11.0554
0.925 10.9081
0.925694 10.7635
0.926389 10.6222
0.927083 10.485
0.927778 10.3526
0.928472 10.2257
0.929167 10.1049
0.929861 9.99098
0.930556 9.88437
0.93125 9.7856
0.931944 9.69515
0.932639 9.61341
0.933333 9.54074
0.934028 9.47742
0.934722 9.42375
0.935417 9.37987
0.936111 9.34594
0.936806 9.32205
0.9375 9.30818
0.938194 9.30428
0.938889 9.31021
0.939583 9.32577
0.940278 9.35071
0.940972 9.38474
0.941667 9.42753
0.942361 9.47877
0.943056 9.53812
0.94375 9.60533
0.944444 9.68007
0.945139 9.76209
0.945833 9.85117
0.946528 9.94702
0.947222 10.0494
0.947917 10.158
0.948611 10.2724
0.949306 10.3924
0.95 10.5175
0.950694 10.6472
0.951389 10.7811
0.952083 10.9187
0.952778 11.0595
0.953472 11.203
0.954167 11.3488
0.954861 11.4962
0.955556 11.6449
0.95625 11.7943
0.956944 11.9439
0.957639 12.0931
0.958333 12.2414
0.959028 12.388
0.959722 12.5325
0.960417 12.6742
0.961111 12.8126
0.961806 12.947
0.9625 13.0768
0.963194 13.2016
0.963889 13.3209
0.964583 13.434
0.965278 13.5405
0.965972 13.6399
0.966667 13.7318
0.967361 13.8156
0.968056 13.891
0.96875 13.9576
0.969444 14.0149
0.970139 14.0628
0.970833 14.1008
0.971528 14.1288
0.972222 14.1465
0.972917 14.1539
0.973611 14.1509
0.974306 14.1373
0.975 14.1133
0.975694 14.0788
0.976389 14.034
0.977083 13.9792
0.977778 13.9143
0.978472 13.8399
0.979167 13.756
0.979861 13.6631
0.980556 13.5616
0.98125 13.4518
0.981944 13.3342
0.982639 13.2093
0.983333 13.0777
0.984028 12.9398
0.984722 12.7964
0.985417 12.6481
0.986111 12.4957
0.986806 12.3399
0.9875 12.1815
0.988194 12.0213
0.988889 11.8602
0.989583 11.699
0.990278 11.5384
0.990972 11.3794
0.991667 11.2228
0.992361 11.0693
0.993056 10.9198
0.99375 10.7751
0.994444 10.6359
0.995139 10.5029
0.995833 10.3769
0.996528 10.2585
0.997222 10.1482
0.997917 10.0466
0.998611 9.95415
0.999306 9.87126
1 9.79824
1.00069 9.73541
1.00139 9.68298
1.00208 9.64113
1.00278 9.60996
1.00347 9.58949
1.00417 9.57969
1.00486 9.58043
1.00556 9.5915
1.00625 9.61271
1.00694 9.64369
1.00764 9.68411
1.00833 9.73367
1.00903 9.79196
1.00972 9.85865
1.01042 9.93345
1.01111 10.016
1.01181 10.1061
1.0125 10.2035
1.01319 10.3078
1.01389 10.4187
1.01458 10.536
1.01528 10.6593
1.01597 10.7881
1.01667 10.922
1.01736 11.0606
1.01806 11.2033
1.01875 11.3497
1.01944 11.4992
1.02014 11.6513
1.02083 11.8055
1.02153 11.9613
1.02222 12.1182
1.02292 12.2755
1.02361 12.4328
1.02431 12.5894
1.025 12.7447
1.02569 12.8981
1.02639 13.049
1.02708 13.1966
1.02778 13.3405
1.02847 13.4799
1.02917 13.6143
1.02986 13.7431
1.03056 13.8658
1.03125 13.9818
1.03194 14.0906
1.03264 14.1917
1.03333 14.2845
1.03403 14.3687
1.03472 14.4438
1.03542 14.5093
1.03611 14.5649
1.03681 14.6102
1.0375 14.6451
1.03819 14.6692
1.03889 14.6824
1.03958 14.6846
1.04028 14.6756
1.04097 14.6555
1.04167 14.6243
1.04236 14.5821
1.04306 14.529
1.04375 14.4652
1.04444 14.391
1.04514 14.3066
1.04583 14.2124
1.04653 14.1088
1.04722 13.9962
1.04792 13.875
1.04861 13.7457
1.04931 13.6089
1.05 13.4651
1.05069 13.3151
1.05139 13.1595
1.05208 12.9991
1.05278 12.8346
1.05347 12.6669
1.05417 12.4968
1.05486 12.3253
1.05556 12.1531
1.05625 11.9812
1.05694 11.8105
1.05764 11.6419
1.05833 11.4762
1.05903 11.3142
1.05972 11.157
1.06042 11.0052
1.06111 10.8597
1.06181 10.7213
1.0625 10.5906
1.06319 10.4683
1.06389 10.3551
1.06458 10.2514
1.06528 10.1577
1.06597 10.0744
1.06667 10.0018
1.06736 9.94024
1.06806 9.88986
1.06875 9.85084
1.06944 9.82319
1.07014 9.80689
1.07083 9.80188
1.07153 9.80794
1.07222 9.82481
1.07292 9.85222
1.07361 9.88978
1.07431 9.93713
1.075 9.99387
1.07569 10.0596
1.07639 10.134
1.07708 10.2167
1.07778 10.3074
1.07847 10.4058
1.07917 10.5116
1.07986 10.6245
1.08056 10.7442
1.08125 10.8703
1.08194 11.0024
1.08264 11.1401
1.08333 11.2828
1.08403 11.4302
1.08472 11.5817
1.08542 11.7367
1.08611 11.8948
1.08681 12.0553
1.0875 12.2179
1.08819 12.3818
1.08889 12.5466
1.08958 12.7117
1.09028 12.8764
1.09097 13.0401
1.09167 13.2023
1.09236 13.3621
1.09306 13.519
1.09375 13.6722
1.09444 13.8212
1.09514 13.9653
1.09583 14.1038
1.09653 14.2362
1.09722 14.362
1.09792 14.4804
1.09861 14.591
1.09931 14.6932
1.1 14.7866
1.10069 14.8706
1.10139 14.9447
1.10208 15.0087
1.10278 15.062
1.10347 15.1043
1.10417 15.1355
1.10486 15.1552
1.10556 15.1634
1.10625 15.1597
1.10694 15.1443
1.10764 15.1172
1.10833 15.0782
1.10903 15.0277
1.10972 14.9658
1.11042 14.8926
1.11111 14.8085
1.11181 14.7138
1.1125 14.6089
1.11319 14.4942
1.11389 14.3701
1.11458 14.2371
1.11528 14.0958
1.11597 13.9469
1.11667 13.7908
1.11736 13.6284
1.11806 13.4605
1.11875 13.2878
1.11944 13.1112
1.12014 12.9316
1.12083 12.7499
1.12153 12.567
1.12222 12.3839
1.12292 12.2016
1.12361 12.021
1.12431 11.8429
1.125 11.6685
1.12569 11.4985
1.12639 11.3339
1.12708 11.1756
1.12778 11.0244
1.12847 10.8811
1.12917 10.7464
1.12986 10.621
1.13056 10.5055
1.13125 10.4005
1.13194 10.3063
1.13264 10.2234
1.13333 10.1521
1.13403 10.0926
1.13472 10.0451
1.13542 10.0097
1.13611 9.98637
1.13681 9.97501
1.1375 9.97547
1.13819 9.9875
1.13889 10.0108
1.13958 10.045
1.14028 10.0896
1.14097 10.1443
1.14167 10.2087
1.14236 10.2823
1.14306 10.3647
1.14375 10.4556
1.14444 10.5547
1.14514 10.6616
1.14583 10.776
1.14653 10.8977
1.14722 11.0261
1.14792 11.161
1.14861 11.3019
1.14931 11.4484
1.15 11.6
1.15069 11.756
1.15139 11.9161
1.15208 12.0797
1.15278 12.2462
1.15347 12.4151
1.15417 12.5857
1.15486 12.7576
1.15556 12.9301
1.15625 13.1026
1.15694 13.2745
1.15764 13.4451
1.15833 13.6137
1.15903 13.7797
1.15972 13.9422
1.16042 14.1007
1.16111 14.2544
1.16181 14.4028
1.1625 14.5451
1.16319 14.6806
1.16389 14.8089
1.16458 14.9294
1.16528 15.0413
1.16597 15.1442
1.16667 15.2376
1.16736 15.3208
1.16806 15.3936
1.16875 15.4554
1.16944 15.5059
1.17014 15.5447
1.17083 15.5717
1.17153 15.5864
1.17222 15.5889
1.17292 15.579
1.17361 15.5566
1.17431 15.5218
1.175 15.4747
1.17569 15.4154
1.17639 15.3442
1.17708 15.2612
1.17778 15.1668
1.17847 15.0613
1.17917 14.9453
1.17986 14.819
1.18056 14.6831
1.18125 14.5381
1.18194 14.3845
1.18264 14.2231
1.18333 14.0546
1.18403 13.8796
1.18472 13.6992
1.18542 13.5142
1.18611 13.3254
1.18681 13.1339
1.1875 12.9406
1.18819 12.7466
1.18889 12.5528
1.18958 12.3602
1.19028 12.1699
1.19097 11.9828
1.19167 11.8
1.19236 11.6224
1.19306 11.451
1.19375 11.2867
1.19444 11.1304
1.19514 10.9828
1.19583 10.8448
1.19653 10.717
1.19722 10.6
1.19792 10.4945
1.19861 10.4007
1.19931 10.319
1.2 10.2498
1.20069 10.1933
1.20139 10.1495
1.20208 10.1185
1.20278 10.1003
1.20347 10.0946
1.20417 10.1012
1.20486 10.1199
1.20556 10.1501
1.20625 10.1916
1.20694 10.2439
1.20764 10.3064
1.20833 10.3788
1.20903 10.4605
1.20972 10.5513
1.21042 10.6506
1.21111 10.7582
1.21181 10.8738
1.2125 10.9969
1.21319 11.1273
1.21389 11.2646
1.21458 11.4083
1.21528 11.558
1.21597 11.7132
1.21667 11.8735
1.21736 12.0381
1.21806 12.2067
1.21875 12.3787
1.21944 12.5534
1.22014 12.7303
1.22083 12.9089
1.22153 13.0885
1.22222 13.2684
1.22292 13.4482
1.22361 13.6269
1.22431 13.8041
1.225 13.9789
1.22569 14.1506
1.22639 14.3184
1.22708 14.4818
1.22778 14.6399
1.22847 14.7921
1.22917 14.9377
1.22986 15.076
1.23056 15.2064
1.23125 15.3284
1.23194 15.4412
1.23264 15.5443
1.23333 15.6371
1.23403 15.7192
1.23472 15.79
1.23542 15.8492
1.23611 15.8963
1.23681 15.9311
1.2375 15.9532
1.23819 15.9625
1.23889 15.9588
1.23958 15.9421
1.24028 15.9122
1.24097 15.8693
1.24167 15.8135
1.24236 15.745
1.24306 15.6639
1.24375 15.5707
1.24444 15.4655
1.24514 15.3489
1.24583 15.2213
1.24653 15.0832
1.24722 14.9352
1.24792 14.7777
1.24861 14.6116
1.24931 14.4376
1.25 14.2563
1.25069 14.0687
1.25139 13.8757
1.25208 13.6783
1.25278 13.4773
1.25347 13.274
1.25417 13.0692
1.25486 12.8641
1.25556 12.6597
1.25625 12.4571
1.25694 12.2575
1.25764 12.0617
1.25833 11.871
1.25903 11.6863
1.25972 11.5085
1.26042 11.3388
1.26111 11.178
1.26181 11.0269
1.2625 10.8863
1.26319 10.7569
1.26389 10.6393
1.26458 10.534
1.26528 10.4414
1.26597 10.3619
1.26667 10.2957
1.26736 10.243
1.26806 10.2038
1.26875 10.178
1.26944 10.1657
1.27014 10.1664
1.27083 10.1799
1.27153 10.2058
1.27222 10.2437
1.27292 10.293
1.27361 10.3532
1.27431 10.424
1.275 10.5047
1.27569 10.5948
1.27639 10.6941
1.27708 10.8021
1.27778 10.9184
1.27847 11.0427
1.27917 11.1746
1.27986 11.3138
1.28056 11.4599
1.28125 11.6123
1.28194 11.7707
1.28264 11.9346
1.28333 12.1033
1.28403 12.2764
1.28472 12.4533
1.28542 12.6334
1.28611 12.8162
1.28681 13.001
1.2875 13.1872
1.28819 13.3742
1.28889 13.5614
1.28958 13.748
1.29028 13.9334
1.29097 14.1167
1.29167 14.2974
1.29236 14.4745
1.29306 14.6473
1.29375 14.8152
1.29444 14.9773
1.29514 15.1329
1.29583 15.2814
1.29653 15.422
1.29722 15.5541
1.29792 15.6771
1.29861 15.7903
1.29931 15.893
1.3 15.9849
1.30069 16.0653
1.30139 16.1337
1.30208 16.1897
1.30278 16.2329
1.30347 16.2631
1.30417 16.2799
1.30486 16.2832
1.30556 16.2728
1.30625 16.2487
1.30694 16.2109
1.30764 16.1594
1.30833 16.0944
1.30903 16.0162
1.30972 15.9249
1.31042 15.8209
1.31111 15.7046
1.31181 15.5765
1.3125 15.4369
1.31319 15.2866
1.31389 15.1261
1.31458 14.956
1.31528 14.7771
1.31597 14.5901
1.31667 14.396
1.31736 14.1957
1.31806 13.99
1.31875 13.7801
1.31944 13.567
1.32014 13.3518
1.32083 13.1357
1.32153 12.9197
1.32222 12.7049
1.32292 12.4927
1.32361 12.284
1.32431 12.0799
1.325 11.8817
1.32569 11.6904
1.32639 11.5069
1.32708 11.3324
1.32778 11.1678
1.32847 11.0139
1.32917 10.8715
1.32986 10.7413
1.33056 10.6239
1.33125 10.5198
1.33194 10.4293
1.33264 10.3529
1.33333 10.2906
1.33403 10.2426
1.33472 10.2088
1.33542 10.1892
1.33611 10.1835
1.33681 10.1914
1.3375 10.2124
1.33819 10.2462
1.33889 10.2921
1.33958 10.3498
1.34028 10.4185
1.34097 10.4977
1.34167 10.587
1.34236 10.6859
1.34306 10.7939
1.34375 10.9106
1.34444 11.0357
1.34514 11.1688
1.34583 11.3095
1.34653 11.4574
1.34722 11.6121
1.34792 11.7732
1.34861 11.9402
1.34931 12.1124
1.35 12.2895
1.35069 12.4709
1.35139 12.6559
1.35208 12.8439
1.35278 13.0345
1.35347 13.2268
1.35417 13.4205
1.35486 13.6147
1.35556 13.8087
1.35625 14.0019
1.35694 14.1936
1.35764 14.3828
1.35833 14.5689
1.35903 14.7511
1.35972 14.9285
1.36042 15.1005
1.36111 15.2662
1.36181 15.4249
1.3625 15.5758
1.36319 15.7183
1.36389 15.8517
1.36458 15.9752
1.36528 16.0883
1.36597 16.1903
1.36667 16.2806
1.36736 16.3587
1.36806 16.4242
1.36875 16.4765
1.36944 16.5154
1.37014 16.5404
1.37083 16.5514
1.37153 16.5482
1.37222 16.5306
1.37292 16.4987
1.37361 16.4524
1.37431 16.3918
1.375 16.3172
1.37569 16.2288
1.37639 16.1268
1.37708 16.0117
1.37778 15.8838
1.37847 15.7438
1.37917 15.592
1.37986 15.4291
1.38056 15.2558
1.38125 15.0728
1.38194 14.8809
1.38264 14.6809
1.38333 14.4737
1.38403 14.2605
1.38472 14.0421
1.38542 13.8197
1.38611 13.5945
1.38681 13.3676
1.3875 13.1402
1.38819 12.9135
