0 0
0.000694444 0.00418083
0.00138889 0.00836015
0.00208333 0.0125397
0.00277778 0.0167193
0.00347222 0.0208991
0.00416667 0.0250791
0.00486111 0.0292591
0.00555556 0.033441
0.00625 0.0376213
0.00694444 0.0418016
0.00763889 0.0459837
0.00833333 0.0501642
0.00902778 0.0543448
0.00972222 0.0585254
0.0104167 0.062706
0.0111111 0.0668867
0.0118056 0.0710674
0.0125 0.075248
0.0131944 0.0794287
0.0138889 0.0836093
0.0145833 0.0877899
0.0152778 0.0919704
0.0159722 0.0961509
0.0166667 0.100333
0.0173611 0.104513
0.0180556 0.108694
0.01875 0.112875
0.0194444 0.117055
0.0201389 0.121235
0.0208333 0.125415
0.0215278 0.129595
0.0222222 0.133774
0.0229167 0.137953
0.0236111 0.142132
0.0243056 0.146311
0.025 0.15049
0.0256944 0.154669
0.0263889 0.158847
0.0270833 0.163025
0.0277778 0.167204
0.0284722 0.171382
0.0291667 0.175559
0.0298611 0.179738
0.0305556 0.183915
0.03125 0.188091
0.0319444 0.192267
0.0326389 0.196443
0.0333333 0.200619
0.0340278 0.204794
0.0347222 0.208969
0.0354167 0.213143
0.0361111 0.217317
0.0368056 0.221493
0.0375 0.225666
0.0381944 0.229839
0.0388889 0.234014
0.0395833 0.238186
0.0402778 0.242358
0.0409722 0.246529
0.0416667 0.2507
0.0423611 0.25487
0.0430556 0.259041
0.04375 0.26321
0.0444444 0.267379
0.0451389 0.271548
0.0458333 0.275716
0.0465278 0.279884
0.0472222 0.284051
0.0479167 0.288219
0.0486111 0.292385
0.0493056 0.296551
0.05 0.300718
0.0506944 0.304882
0.0513889 0.309046
0.0520833 0.31321
0.0527778 0.317372
0.0534722 0.321535
0.0541667 0.325696
0.0548611 0.329857
0.0555556 0.334018
0.05625 0.338178
0.0569444 0.342337
0.0576389 0.346496
0.0583333 0.350654
0.0590278 0.354813
0.0597222 0.358969
0.0604167 0.363126
0.0611111 0.367283
0.0618056 0.371437
0.0625 0.375591
0.0631944 0.379745
0.0638889 0.383898
0.0645833 0.38805
0.0652778 0.392201
0.0659722 0.396352
0.0666667 0.400501
0.0673611 0.404651
0.0680556 0.408801
0.06875 0.412948
0.0694444 0.417095
0.0701389 0.421243
0.0708333 0.425389
0.0715278 0.429533
0.0722222 0.433677
0.0729167 0.437821
0.0736111 0.441963
0.0743056 0.446105
0.075 0.450245
0.0756944 0.454386
0.0763889 0.458525
0.0770833 0.462663
0.0777778 0.466801
0.0784722 0.470938
0.0791667 0.475075
0.0798611 0.479211
0.0805556 0.483345
0.08125 0.48748
0.0819444 0.491613
0.0826389 0.495745
0.0833333 0.499876
0.0840278 0.504006
0.0847222 0.508135
0.0854167 0.512263
0.0861111 0.516391
0.0868056 0.520518
0.0875 0.524643
0.0881944 0.528768
0.0888889 0.532892
0.0895833 0.537016
0.0902778 0.541139
0.0909722 0.545261
0.0916667 0.549381
0.0923611 0.553503
0.0930556 0.557621
0.09375 0.561739
0.0944444 0.565856
0.0951389 0.569972
0.0958333 0.574087
0.0965278 0.578201
0.0972222 0.582314
0.0979167 0.586426
0.0986111 0.590537
0.0993056 0.594649
0.1 0.598759
0.100694 0.602867
0.101389 0.606976
0.102083 0.611083
0.102778 0.615188
0.103472 0.619293
0.104167 0.623397
0.104861 0.627499
0.105556 0.631601
0.10625 0.635702
0.106944 0.639802
0.107639 0.643901
0.108333 0.647998
0.109028 0.652095
0.109722 0.656191
0.110417 0.660288
0.111111 0.664382
0.111806 0.668475
0.1125 0.672569
0.113194 0.67666
0.113889 0.68075
0.114583 0.684839
0.115278 0.688927
0.115972 0.693014
0.116667 0.6971
0.117361 0.701185
0.118056 0.70527
0.11875 0.709353
0.119444 0.713435
0.120139 0.717516
0.120833 0.721596
0.121528 0.725677
0.122222 0.729755
0.122917 0.733832
0.123611 0.73791
0.124306 0.741985
0.125 0.74606
0.125694 0.750133
0.126389 0.754205
0.127083 0.758276
0.127778 0.762346
0.128472 0.766415
0.129167 0.770484
0.129861 0.774551
0.130556 0.778619
0.13125 0.782684
0.131944 0.786748
0.132639 0.790813
0.133333 0.794875
0.134028 0.798936
0.134722 0.802997
0.135417 0.807056
0.136111 0.811114
0.136806 0.815171
0.1375 0.819228
0.138194 0.823283
0.138889 0.827337
0.139583 0.83139
0.140278 0.835443
0.140972 0.839494
0.141667 0.843546
0.142361 0.847595
0.143056 0.851643
0.14375 0.855692
0.144444 0.859739
0.145139 0.863784
0.145833 0.867828
0.146528 0.871872
0.147222 0.875914
0.147917 0.879956
0.148611 0.883996
0.149306 0.888036
0.15 0.892074
0.150694 0.896112
0.151389 0.900148
0.152083 0.904184
0.152778 0.90822
0.153472 0.912254
0.154167 0.916287
0.154861 0.92032
0.155556 0.924351
0.15625 0.928381
0.156944 0.93241
0.157639 0.936438
0.158333 0.940465
0.159028 0.944491
0.159722 0.948516
0.160417 0.952541
0.161111 0.956564
0.161806 0.960588
0.1625 0.964609
0.163194 0.96863
0.163889 0.972651
0.164583 0.97667
0.165278 0.980687
0.165972 0.984704
0.166667 0.98872
0.167361 0.992735
0.168056 0.996749
0.16875 1.00076
0.169444 1.00477
0.170139 1.00879
0.170833 1.0128
0.171528 1.01681
0.172222 1.02081
0.172917 1.02482
0.173611 1.02883
0.174306 1.03284
0.175 1.03684
0.175694 1.04085
0.176389 1.04485
0.177083 1.04885
0.177778 1.05286
0.178472 1.05686
0.179167 1.06086
0.179861 1.06486
0.180556 1.06885
0.18125 1.07285
0.181944 1.07685
0.182639 1.08084
0.183333 1.08484
0.184028 1.08883
0.184722 1.09283
0.185417 1.09682
0.186111 1.10081
0.186806 1.1048
0.1875 1.10879
0.188194 1.11278
0.188889 1.11677
0.189583 1.12076
0.190278 1.12474
0.190972 1.12873
0.191667 1.13272
0.192361 1.1367
0.193056 1.14068
0.19375 1.14467
0.194444 1.14865
0.195139 1.15263
0.195833 1.15661
0.196528 1.16059
0.197222 1.16457
0.197917 1.16855
0.198611 1.17253
0.199306 1.1765
0.2 1.18048
0.200694 1.18445
0.201389 1.18843
0.202083 1.1924
0.202778 1.19637
0.203472 1.20035
0.204167 1.20432
0.204861 1.20829
0.205556 1.21226
0.20625 1.21623
0.206944 1.2202
0.207639 1.22417
0.208333 1.22813
0.209028 1.2321
0.209722 1.23607
0.210417 1.24003
0.211111 1.244
0.211806 1.24796
0.2125 1.25192
0.213194 1.25588
0.213889 1.25985
0.214583 1.26381
0.215278 1.26777
0.215972 1.27173
0.216667 1.27569
0.217361 1.27965
0.218056 1.2836
0.21875 1.28756
0.219444 1.29152
0.220139 1.29547
0.220833 1.29943
0.221528 1.30338
0.222222 1.30734
0.222917 1.31129
0.223611 1.31524
0.224306 1.31919
0.225 1.32315
0.225694 1.3271
0.226389 1.33105
0.227083 1.335
0.227778 1.33895
0.228472 1.34289
0.229167 1.34684
0.229861 1.35079
0.230556 1.35473
0.23125 1.35868
0.231944 1.36263
0.232639 1.36657
0.233333 1.37051
0.234028 1.37446
0.234722 1.3784
0.235417 1.38234
0.236111 1.38629
0.236806 1.39023
0.2375 1.39417
0.238194 1.39811
0.238889 1.40205
0.239583 1.40599
0.240278 1.40993
0.240972 1.41386
0.241667 1.4178
0.242361 1.42174
0.243056 1.42567
0.24375 1.42961
0.244444 1.43354
0.245139 1.43748
0.245833 1.44141
0.246528 1.44535
0.247222 1.44928
0.247917 1.45321
0.248611 1.45715
0.249306 1.46108
0.25 1.46501
0.250694 1.46894
0.251389 1.47287
0.252083 1.4768
0.252778 1.48073
0.253472 1.48466
0.254167 1.48858
0.254861 1.49251
0.255556 1.49644
0.25625 1.50037
0.256944 1.50429
0.257639 1.50822
0.258333 1.51214
0.259028 1.51607
0.259722 1.51999
0.260417 1.52391
0.261111 1.52784
0.261806 1.53176
0.2625 1.53568
0.263194 1.5396
0.263889 1.54352
0.264583 1.54744
0.265278 1.55136
0.265972 1.55528
0.266667 1.5592
0.267361 1.56312
0.268056 1.56704
0.26875 1.57096
0.269444 1.57488
0.270139 1.57879
0.270833 1.58271
0.271528 1.58662
0.272222 1.59054
0.272917 1.59445
0.273611 1.59837
0.274306 1.60228
0.275 1.6062
0.275694 1.61011
0.276389 1.61402
0.277083 1.61793
0.277778 1.62185
0.278472 1.62576
0.279167 1.62967
0.279861 1.63358
0.280556 1.63749
0.28125 1.6414
0.281944 1.64531
0.282639 1.64921
0.283333 1.65312
0.284028 1.65703
0.284722 1.66093
0.285417 1.66484
0.286111 1.66875
0.286806 1.67265
0.2875 1.67656
0.288194 1.68046
0.288889 1.68437
0.289583 1.68827
0.290278 1.69217
0.290972 1.69608
0.291667 1.69998
0.292361 1.70388
0.293056 1.70778
0.29375 1.71168
0.294444 1.71558
0.295139 1.71948
0.295833 1.72338
0.296528 1.72728
0.297222 1.73118
0.297917 1.73508
0.298611 1.73897
0.299306 1.74287
0.3 1.74677
0.300694 1.75066
0.301389 1.75456
0.302083 1.75845
0.302778 1.76235
0.303472 1.76624
0.304167 1.77013
0.304861 1.77403
0.305556 1.77792
0.30625 1.78181
0.306944 1.7857
0.307639 1.78959
0.308333 1.79348
0.309028 1.79737
0.309722 1.80126
0.310417 1.80515
0.311111 1.80904
0.311806 1.81293
0.3125 1.81682
0.313194 1.8207
0.313889 1.82459
0.314583 1.82847
0.315278 1.83236
0.315972 1.83624
0.316667 1.84013
0.317361 1.84401
0.318056 1.8479
0.31875 1.85178
0.319444 1.85566
0.320139 1.85954
0.320833 1.86342
0.321528 1.8673
0.322222 1.87118
0.322917 1.87506
0.323611 1.87894
0.324306 1.88282
0.325 1.88669
0.325694 1.89057
0.326389 1.89445
0.327083 1.89832
0.327778 1.9022
0.328472 1.90607
0.329167 1.90995
0.329861 1.91382
0.330556 1.91769
0.33125 1.92156
0.331944 1.92543
0.332639 1.92931
0.333333 1.93317
0.334028 1.93704
0.334722 1.94091
0.335417 1.94478
0.336111 1.94865
0.336806 1.95251
0.3375 1.95638
0.338194 1.96025
0.338889 1.96411
0.339583 1.96797
0.340278 1.97184
0.340972 1.9757
0.341667 1.97956
0.342361 1.98343
0.343056 1.98729
0.34375 1.99115
0.344444 1.99501
0.345139 1.99887
0.345833 2.00272
0.346528 2.00658
0.347222 2.01044
0.347917 2.01429
0.348611 2.01815
0.349306 2.02201
0.35 2.02586
0.350694 2.02971
0.351389 2.03357
0.352083 2.03742
0.352778 2.04127
0.353472 2.04512
0.354167 2.04897
0.354861 2.05282
0.355556 2.05666
0.35625 2.06051
0.356944 2.06436
0.357639 2.0682
0.358333 2.07205
0.359028 2.07589
0.359722 2.07973
0.360417 2.08358
0.361111 2.08742
0.361806 2.09126
0.3625 2.0951
0.363194 2.09894
0.363889 2.10278
0.364583 2.10662
0.365278 2.11045
0.365972 2.11429
0.366667 2.11812
0.367361 2.12196
0.368056 2.12579
0.36875 2.12962
0.369444 2.13345
0.370139 2.13728
0.370833 2.14111
0.371528 2.14494
0.372222 2.14877
0.372917 2.1526
0.373611 2.15643
0.374306 2.16025
0.375 2.16408
0.375694 2.1679
0.376389 2.17172
0.377083 2.17555
0.377778 2.17937
0.378472 2.18319
0.379167 2.18701
0.379861 2.19082
0.380556 2.19464
0.38125 2.19846
0.381944 2.20227
0.382639 2.20609
0.383333 2.2099
0.384028 2.21372
0.384722 2.21753
0.385417 2.22134
0.386111 2.22515
0.386806 2.22896
0.3875 2.23276
0.388194 2.23657
0.388889 2.24038
0.389583 2.24418
0.390278 2.24798
0.390972 2.25179
0.391667 2.25559
0.392361 2.25939
0.393056 2.26319
0.39375 2.26699
0.394444 2.27079
0.395139 2.27459
0.395833 2.27838
0.396528 2.28218
0.397222 2.28597
0.397917 2.28976
0.398611 2.29355
0.399306 2.29734
0.4 2.30113
0.400694 2.30492
0.401389 2.30871
0.402083 2.31249
0.402778 2.31628
0.403472 2.32007
0.404167 2.32385
0.404861 2.32763
0.405556 2.33141
0.40625 2.33519
0.406944 2.33897
0.407639 2.34275
0.408333 2.34653
0.409028 2.3503
0.409722 2.35408
0.410417 2.35785
0.411111 2.36162
0.411806 2.36539
0.4125 2.36916
0.413194 2.37293
0.413889 2.3767
0.414583 2.38047
0.415278 2.38423
0.415972 2.388
0.416667 2.39176
0.417361 2.39552
0.418056 2.39928
0.41875 2.40304
0.419444 2.4068
0.420139 2.41056
0.420833 2.41432
0.421528 2.41807
0.422222 2.42183
0.422917 2.42558
0.423611 2.42933
0.424306 2.43308
0.425 2.43684
0.425694 2.44058
0.426389 2.44433
0.427083 2.44808
0.427778 2.45182
0.428472 2.45557
0.429167 2.45931
0.429861 2.46305
0.430556 2.46679
0.43125 2.47053
0.431944 2.47427
0.432639 2.47801
0.433333 2.48174
0.434028 2.48548
0.434722 2.48921
0.435417 2.49295
0.436111 2.49668
0.436806 2.50041
0.4375 2.50414
0.438194 2.50787
0.438889 2.51159
0.439583 2.51532
0.440278 2.51904
0.440972 2.52277
0.441667 2.52649
0.442361 2.53021
0.443056 2.53393
0.44375 2.53765
0.444444 2.54137
0.445139 2.54509
0.445833 2.5488
0.446528 2.55252
0.447222 2.55623
0.447917 2.55994
0.448611 2.56365
0.449306 2.56736
0.45 2.57107
0.450694 2.57478
0.451389 2.57849
0.452083 2.58219
0.452778 2.5859
0.453472 2.5896
0.454167 2.5933
0.454861 2.59701
0.455556 2.60071
0.45625 2.60441
0.456944 2.6081
0.457639 2.6118
0.458333 2.6155
0.459028 2.61919
0.459722 2.62288
0.460417 2.62658
0.461111 2.63027
0.461806 2.63396
0.4625 2.63765
0.463194 2.64134
0.463889 2.64502
0.464583 2.64871
0.465278 2.6524
0.465972 2.65608
0.466667 2.65976
0.467361 2.66345
0.468056 2.66713
0.46875 2.67081
0.469444 2.67449
0.470139 2.67816
0.470833 2.68184
0.471528 2.68552
0.472222 2.68919
0.472917 2.69287
0.473611 2.69654
0.474306 2.70021
0.475 2.70389
0.475694 2.70756
0.476389 2.71123
0.477083 2.7149
0.477778 2.71856
0.478472 2.72223
0.479167 2.7259
0.479861 2.72956
0.480556 2.73322
0.48125 2.73689
0.481944 2.74055
0.482639 2.74421
0.483333 2.74787
0.484028 2.75153
0.484722 2.75519
0.485417 2.75885
0.486111 2.76251
0.486806 2.76616
0.4875 2.76982
0.488194 2.77348
0.488889 2.77713
0.489583 2.78078
0.490278 2.78444
0.490972 2.78809
0.491667 2.79174
0.492361 2.79539
0.493056 2.79904
0.49375 2.80269
0.494444 2.80634
0.495139 2.80999
0.495833 2.81363
0.496528 2.81728
0.497222 2.82093
0.497917 2.82457
0.498611 2.82822
0.499306 2.83186
0.5 2.83551
0.500694 2.83915
0.501389 2.84279
0.502083 2.84643
0.502778 2.85007
0.503472 2.85371
0.504167 2.85735
0.504861 2.86099
0.505556 2.86464
0.50625 2.86827
0.506944 2.87191
0.507639 2.87555
0.508333 2.87919
0.509028 2.88283
0.509722 2.88646
0.510417 2.8901
0.511111 2.89373
0.511806 2.89737
0.5125 2.901
0.513194 2.90464
0.513889 2.90827
0.514583 2.91191
0.515278 2.91554
0.515972 2.91918
0.516667 2.92281
0.517361 2.92644
0.518056 2.93008
0.51875 2.93371
0.519444 2.93734
0.520139 2.94098
0.520833 2.94461
0.521528 2.94824
0.522222 2.95187
0.522917 2.9555
0.523611 2.95914
0.524306 2.96277
0.525 2.9664
0.525694 2.97003
0.526389 2.97366
0.527083 2.97729
0.527778 2.98093
0.528472 2.98456
0.529167 2.98819
0.529861 2.99183
0.530556 2.99546
0.53125 2.99909
0.531944 3.00272
0.532639 3.00635
0.533333 3.00999
0.534028 3.01362
0.534722 3.01725
0.535417 3.02089
0.536111 3.02452
0.536806 3.02815
0.5375 3.03179
0.538194 3.03542
0.538889 3.03906
0.539583 3.04269
0.540278 3.04633
0.540972 3.04997
0.541667 3.0536
0.542361 3.05724
0.543056 3.06088
0.54375 3.06451
0.544444 3.06815
0.545139 3.07179
0.545833 3.07543
0.546528 3.07907
0.547222 3.08271
0.547917 3.08635
0.548611 3.08999
0.549306 3.09364
0.55 3.09728
0.550694 3.10092
0.551389 3.10457
0.552083 3.10821
0.552778 3.11186
0.553472 3.11551
0.554167 3.11915
0.554861 3.1228
0.555556 3.12645
0.55625 3.1301
0.556944 3.13375
0.557639 3.1374
0.558333 3.14106
0.559028 3.14471
0.559722 3.14836
0.560417 3.15202
0.561111 3.15568
0.561806 3.15934
0.5625 3.163
0.563194 3.16666
0.563889 3.17032
0.564583 3.17398
0.565278 3.17764
0.565972 3.18131
0.566667 3.18497
0.567361 3.18864
0.568056 3.19231
0.56875 3.19598
0.569444 3.19965
0.570139 3.20332
0.570833 3.207
0.571528 3.21067
0.572222 3.21435
0.572917 3.21803
0.573611 3.22171
0.574306 3.22539
0.575 3.22907
0.575694 3.23275
0.576389 3.23644
0.577083 3.24013
0.577778 3.24381
0.578472 3.2475
0.579167 3.2512
0.579861 3.25489
0.580556 3.25859
0.58125 3.26229
0.581944 3.26598
0.582639 3.26968
0.583333 3.27339
0.584028 3.27709
0.584722 3.2808
0.585417 3.28451
0.586111 3.28822
0.586806 3.29193
0.5875 3.29564
0.588194 3.29936
0.588889 3.30308
0.589583 3.3068
0.590278 3.31052
0.590972 3.31424
0.591667 3.31797
0.592361 3.3217
0.593056 3.32543
0.59375 3.32916
0.594444 3.3329
0.595139 3.33663
0.595833 3.34037
0.596528 3.34412
0.597222 3.34786
0.597917 3.35161
0.598611 3.35536
0.599306 3.35911
0.6 3.36286
0.600694 3.36662
0.601389 3.37038
0.602083 3.37414
0.602778 3.3779
0.603472 3.38167
0.604167 3.38544
0.604861 3.38921
0.605556 3.39298
0.60625 3.39676
0.606944 3.40054
0.607639 3.40432
0.608333 3.40811
0.609028 3.41189
0.609722 3.41568
0.610417 3.41948
0.611111 3.42327
0.611806 3.42707
0.6125 3.43088
0.613194 3.43468
0.613889 3.43849
0.614583 3.4423
0.615278 3.44611
0.615972 3.44993
0.616667 3.45375
0.617361 3.45757
0.618056 3.46139
0.61875 3.46522
0.619444 3.46905
0.620139 3.47289
0.620833 3.47673
0.621528 3.48057
0.622222 3.48442
0.622917 3.48826
0.623611 3.49212
0.624306 3.49597
0.625 3.49983
0.625694 3.50369
0.626389 3.50755
0.627083 3.51142
0.627778 3.51529
0.628472 3.51917
0.629167 3.52304
0.629861 3.52693
0.630556 3.53081
0.63125 3.5347
0.631944 3.53859
0.632639 3.54249
0.633333 3.54639
0.634028 3.55029
0.634722 3.5542
0.635417 3.55811
0.636111 3.56202
0.636806 3.56594
0.6375 3.56986
0.638194 3.57379
0.638889 3.57771
0.639583 3.58165
0.640278 3.58558
0.640972 3.58953
0.641667 3.59348
0.642361 3.59743
0.643056 3.60138
0.64375 3.60533
0.644444 3.60929
0.645139 3.61326
0.645833 3.61723
0.646528 3.6212
0.647222 3.62517
0.647917 3.62915
0.648611 3.63314
0.649306 3.63712
0.65 3.64112
0.650694 3.64511
0.651389 3.64911
0.652083 3.65312
0.652778 3.65713
0.653472 3.66114
0.654167 3.66515
0.654861 3.66918
0.655556 3.6732
0.65625 3.67723
0.656944 3.68127
0.657639 3.6853
0.658333 3.68935
0.659028 3.69339
0.659722 3.69744
0.660417 3.7015
0.661111 3.70556
0.661806 3.70963
0.6625 3.71369
0.663194 3.71777
0.663889 3.72185
0.664583 3.72593
0.665278 3.73002
0.665972 3.73411
0.666667 3.7382
0.667361 3.7423
0.668056 3.74641
0.66875 3.75052
0.669444 3.75463
0.670139 3.75875
0.670833 3.76287
0.671528 3.767
0.672222 3.77113
0.672917 3.77527
0.673611 3.77941
0.674306 3.78356
0.675 3.78771
0.675694 3.79186
0.676389 3.79602
0.677083 3.80019
0.677778 3.80436
0.678472 3.80853
0.679167 3.81271
0.679861 3.8169
0.680556 3.82109
0.68125 3.82528
0.681944 3.82948
0.682639 3.83368
0.683333 3.83789
0.684028 3.8421
0.684722 3.84632
0.685417 3.85054
0.686111 3.85477
0.686806 3.859
0.6875 3.86324
0.688194 3.86748
0.688889 3.87173
0.689583 3.87598
0.690278 3.88024
0.690972 3.8845
0.691667 3.88876
0.692361 3.89303
0.693056 3.89731
0.69375 3.90159
0.694444 3.90588
0.695139 3.91017
0.695833 3.91447
0.696528 3.91877
0.697222 3.92308
0.697917 3.92739
0.698611 3.9317
0.699306 3.93602
0.7 3.94035
0.700694 3.94468
0.701389 3.94901
0.702083 3.95336
0.702778 3.9577
0.703472 3.96205
0.704167 3.96641
0.704861 3.97077
0.705556 3.97514
0.70625 3.97951
0.706944 3.98388
0.707639 3.98827
0.708333 3.99265
0.709028 3.99704
0.709722 4.00144
0.710417 4.00584
0.711111 4.01025
0.711806 4.01466
0.7125 4.01907
0.713194 4.02349
0.713889 4.02792
0.714583 4.03235
0.715278 4.03679
0.715972 4.04123
0.716667 4.04568
0.717361 4.05013
0.718056 4.05459
0.71875 4.05905
0.719444 4.06351
0.720139 4.06798
0.720833 4.07246
0.721528 4.07694
0.722222 4.08143
0.722917 4.08592
0.723611 4.09042
0.724306 4.09492
0.725 4.09943
0.725694 4.10394
0.726389 4.10845
0.727083 4.11298
0.727778 4.1175
0.728472 4.12203
0.729167 4.12657
0.729861 4.13111
0.730556 4.13566
0.73125 4.14021
0.731944 4.14476
0.732639 4.14932
0.733333 4.15389
0.734028 4.15846
0.734722 4.16303
0.735417 4.16762
0.736111 4.1722
0.736806 4.17679
0.7375 4.18139
0.738194 4.18599
0.738889 4.19059
0.739583 4.1952
0.740278 4.19982
0.740972 4.20444
0.741667 4.20906
0.742361 4.21369
0.743056 4.21832
0.74375 4.22296
0.744444 4.2276
0.745139 4.23225
0.745833 4.2369
0.746528 4.24156
0.747222 4.24622
0.747917 4.25089
0.748611 4.25556
0.749306 4.26024
0.75 4.26492
0.750694 4.2696
0.751389 4.27429
0.752083 4.27899
0.752778 4.28369
0.753472 4.28839
0.754167 4.2931
0.754861 4.29781
0.755556 4.30253
0.75625 4.30725
0.756944 4.31198
0.757639 4.31671
0.758333 4.32144
0.759028 4.32618
0.759722 4.33093
0.760417 4.33568
0.761111 4.34043
0.761806 4.34519
0.7625 4.34995
0.763194 4.35471
0.763889 4.35948
0.764583 4.36426
0.765278 4.36904
0.765972 4.37382
0.766667 4.37861
0.767361 4.3834
0.768056 4.3882
0.76875 4.393
0.769444 4.3978
0.770139 4.40261
0.770833 4.40742
0.771528 4.41224
0.772222 4.41706
0.772917 4.42188
0.773611 4.42671
0.774306 4.43154
0.775 4.43638
0.775694 4.44122
0.776389 4.44607
0.777083 4.45091
0.777778 4.45577
0.778472 4.46063
0.779167 4.46549
0.779861 4.47035
0.780556 4.47522
0.78125 4.48009
0.781944 4.48497
0.782639 4.48985
0.783333 4.49473
0.784028 4.49961
0.784722 4.50451
0.785417 4.5094
0.786111 4.5143
0.786806 4.5192
0.7875 4.5241
0.788194 4.52901
0.788889 4.53393
0.789583 4.53884
0.790278 4.54376
0.790972 4.54868
0.791667 4.55361
0.792361 4.55854
0.793056 4.56347
0.79375 4.56841
0.794444 4.57335
0.795139 4.57829
0.795833 4.58323
0.796528 4.58818
0.797222 4.59313
0.797917 4.59809
0.798611 4.60305
0.799306 4.60801
0.8 4.61298
0.800694 4.61795
0.801389 4.62292
0.802083 4.62789
0.802778 4.63287
0.803472 4.63785
0.804167 4.64283
0.804861 4.64782
0.805556 4.6528
0.80625 4.6578
0.806944 4.66279
0.807639 4.66779
0.808333 4.67279
0.809028 4.67779
0.809722 4.6828
0.810417 4.6878
0.811111 4.69281
0.811806 4.69783
0.8125 4.70284
0.813194 4.70786
0.813889 4.71288
0.814583 4.71791
0.815278 4.72293
0.815972 4.72796
0.816667 4.73299
0.817361 4.73802
0.818056 4.74306
0.81875 4.7481
0.819444 4.75314
0.820139 4.75818
0.820833 4.76322
0.821528 4.76827
0.822222 4.77332
0.822917 4.77837
0.823611 4.78342
0.824306 4.78848
0.825 4.79353
0.825694 4.79859
0.826389 4.80365
0.827083 4.80871
0.827778 4.81378
0.828472 4.81884
0.829167 4.82391
0.829861 4.82898
0.830556 4.83405
0.83125 4.83913
0.831944 4.8442
0.832639 4.84928
0.833333 4.85436
0.834028 4.85944
0.834722 4.86452
0.835417 4.8696
0.836111 4.87469
0.836806 4.87977
0.8375 4.88486
0.838194 4.88995
0.838889 4.89504
0.839583 4.90013
0.840278 4.90523
0.840972 4.91032
0.841667 4.91542
0.842361 4.92051
0.843056 4.92561
0.84375 4.93071
0.844444 4.93581
0.845139 4.94091
0.845833 4.94601
0.846528 4.95111
0.847222 4.95622
0.847917 4.96132
0.848611 4.96643
0.849306 4.97154
0.85 4.97664
0.850694 4.98175
0.851389 4.98686
0.852083 4.99197
0.852778 4.99708
0.853472 5.00219
0.854167 5.00731
0.854861 5.01242
0.855556 5.01753
0.85625 5.02264
0.856944 5.02776
0.857639 5.03287
0.858333 5.03799
0.859028 5.0431
0.859722 5.04822
0.860417 5.05334
0.861111 5.05845
0.861806 5.06357
0.8625 5.06869
0.863194 5.0738
0.863889 5.07892
0.864583 5.08404
0.865278 5.08916
0.865972 5.09427
0.866667 5.09939
0.867361 5.10451
0.868056 5.10963
0.86875 5.11474
0.869444 5.11986
0.870139 5.12498
0.870833 5.1301
0.871528 5.13521
0.872222 5.14033
0.872917 5.14545
0.873611 5.15057
0.874306 5.15568
0.875 5.1608
0.875694 5.16591
0.876389 5.17103
0.877083 5.17614
0.877778 5.18126
0.878472 5.18637
0.879167 5.19148
0.879861 5.19659
0.880556 5.20171
0.88125 5.20682
0.881944 5.21193
0.882639 5.21704
0.883333 5.22215
0.884028 5.22726
0.884722 5.23237
0.885417 5.23747
0.886111 5.24258
0.886806 5.24768
0.8875 5.25279
0.888194 5.25789
0.888889 5.26299
0.889583 5.26809
0.890278 5.2732
0.890972 5.27829
0.891667 5.28339
0.892361 5.28849
0.893056 5.29359
0.89375 5.29868
0.894444 5.30378
0.895139 5.30887
0.895833 5.31396
0.896528 5.31905
0.897222 5.32414
0.897917 5.32923
0.898611 5.33431
0.899306 5.3394
0.9 5.34448
0.900694 5.34956
0.901389 5.35464
0.902083 5.35972
0.902778 5.3648
0.903472 5.36988
0.904167 5.37495
0.904861 5.38003
0.905556 5.3851
0.90625 5.39017
0.906944 5.39523
0.907639 5.4003
0.908333 5.40536
0.909028 5.41043
0.909722 5.41549
0.910417 5.42055
0.911111 5.4256
0.911806 5.43066
0.9125 5.43571
0.913194 5.44077
0.913889 5.44582
0.914583 5.45086
0.915278 5.45591
0.915972 5.46095
0.916667 5.466
0.917361 5.47104
0.918056 5.47607
0.91875 5.48111
0.919444 5.48614
0.920139 5.49117
0.920833 5.4962
0.921528 5.50123
0.922222 5.50625
0.922917 5.51128
0.923611 5.5163
0.924306 5.52132
0.925 5.52633
0.925694 5.53135
0.926389 5.53636
0.927083 5.54137
0.927778 5.54637
0.928472 5.55138
0.929167 5.55638
0.929861 5.56138
0.930556 5.56637
0.93125 5.57137
0.931944 5.57636
0.932639 5.58135
0.933333 5.58634
0.934028 5.59132
0.934722 5.5963
0.935417 5.60128
0.936111 5.60626
0.936806 5.61123
0.9375 5.61621
0.938194 5.62117
0.938889 5.62614
0.939583 5.6311
0.940278 5.63606
0.940972 5.64102
0.941667 5.64598
0.942361 5.65093
0.943056 5.65588
0.94375 5.66083
0.944444 5.66577
0.945139 5.67071
0.945833 5.67565
0.946528 5.68059
0.947222 5.68552
0.947917 5.69045
0.948611 5.69538
0.949306 5.7003
0.95 5.70522
0.950694 5.71014
0.951389 5.71505
0.952083 5.71997
0.952778 5.72488
0.953472 5.72978
0.954167 5.73469
0.954861 5.73959
0.955556 5.74449
0.95625 5.74938
0.956944 5.75427
0.957639 5.75916
0.958333 5.76405
0.959028 5.76893
0.959722 5.77381
0.960417 5.77868
0.961111 5.78356
0.961806 5.78843
0.9625 5.79329
0.963194 5.79816
0.963889 5.80302
0.964583 5.80788
0.965278 5.81273
0.965972 5.81758
0.966667 5.82243
0.967361 5.82728
0.968056 5.83212
0.96875 5.83696
0.969444 5.84179
0.970139 5.84662
0.970833 5.85145
0.971528 5.85628
0.972222 5.8611
0.972917 5.86592
0.973611 5.87074
0.974306 5.87555
0.975 5.88036
0.975694 5.88517
0.976389 5.88997
0.977083 5.89477
0.977778 5.89957
0.978472 5.90436
0.979167 5.90915
0.979861 5.91394
0.980556 5.91873
0.98125 5.92351
0.981944 5.92828
0.982639 5.93306
0.983333 5.93783
0.984028 5.9426
0.984722 5.94736
0.985417 5.95212
0.986111 5.95688
0.986806 5.96164
0.9875 5.96639
0.988194 5.97114
0.988889 5.97588
0.989583 5.98062
0.990278 5.98536
0.990972 5.9901
0.991667 5.99483
0.992361 5.99956
0.993056 6.00428
0.99375 6.009
0.994444 6.01372
0.995139 6.01844
0.995833 6.02315
0.996528 6.02786
0.997222 6.03257
0.997917 6.03727
0.998611 6.04197
0.999306 6.04667
1 6.05136
1.00069 6.05605
1.00139 6.06074
1.00208 6.06542
1.00278 6.0701
1.00347 6.07478
1.00417 6.07946
1.00486 6.08413
1.00556 6.0888
1.00625 6.09346
1.00694 6.09812
1.00764 6.10278
1.00833 6.10744
1.00903 6.11209
1.00972 6.11674
1.01042 6.12138
1.01111 6.12603
1.01181 6.13067
1.0125 6.1353
1.01319 6.13994
1.01389 6.14457
1.01458 6.1492
1.01528 6.15382
1.01597 6.15844
1.01667 6.16306
1.01736 6.16768
1.01806 6.17229
1.01875 6.1769
1.01944 6.18151
1.02014 6.18611
1.02083 6.19071
1.02153 6.19531
1.02222 6.19991
1.02292 6.2045
1.02361 6.20909
1.02431 6.21367
1.025 6.21826
1.02569 6.22284
1.02639 6.22741
1.02708 6.23199
1.02778 6.23656
1.02847 6.24113
1.02917 6.2457
1.02986 6.25026
1.03056 6.25482
1.03125 6.25938
1.03194 6.26394
1.03264 6.26849
1.03333 6.27304
1.03403 6.27759
1.03472 6.28213
1.03542 6.28668
1.03611 6.29122
1.03681 6.29575
1.0375 6.30029
1.03819 6.30482
1.03889 6.30935
1.03958 6.31388
1.04028 6.3184
1.04097 6.32292
1.04167 6.32744
1.04236 6.33196
1.04306 6.33648
1.04375 6.34099
1.04444 6.3455
1.04514 6.35
1.04583 6.35451
1.04653 6.35901
1.04722 6.36351
1.04792 6.36801
1.04861 6.37251
1.04931 6.377
1.05 6.38149
1.05069 6.38598
1.05139 6.39047
1.05208 6.39495
1.05278 6.39944
1.05347 6.40392
1.05417 6.4084
1.05486 6.41287
1.05556 6.41735
1.05625 6.42182
1.05694 6.42629
1.05764 6.43076
1.05833 6.43522
1.05903 6.43969
1.05972 6.44415
1.06042 6.44861
1.06111 6.45307
1.06181 6.45753
1.0625 6.46198
1.06319 6.46644
1.06389 6.47089
1.06458 6.47534
1.06528 6.47978
1.06597 6.48423
1.06667 6.48867
1.06736 6.49312
1.06806 6.49756
1.06875 6.502
1.06944 6.50644
1.07014 6.51087
1.07083 6.51531
1.07153 6.51974
1.07222 6.52417
1.07292 6.5286
1.07361 6.53303
1.07431 6.53746
1.075 6.54189
1.07569 6.54631
1.07639 6.55073
1.07708 6.55516
1.07778 6.55958
1.07847 6.564
1.07917 6.56841
1.07986 6.57283
1.08056 6.57725
1.08125 6.58166
1.08194 6.58608
1.08264 6.59049
1.08333 6.5949
1.08403 6.59931
1.08472 6.60372
1.08542 6.60813
1.08611 6.61254
1.08681 6.61694
1.0875 6.62135
1.08819 6.62575
1.08889 6.63016
1.08958 6.63456
1.09028 6.63896
1.09097 6.64336
1.09167 6.64777
1.09236 6.65217
1.09306 6.65657
1.09375 6.66096
1.09444 6.66536
1.09514 6.66976
1.09583 6.67416
1.09653 6.67855
1.09722 6.68295
1.09792 6.68734
1.09861 6.69174
1.09931 6.69613
1.1 6.70053
1.10069 6.70492
1.10139 6.70932
1.10208 6.71371
1.10278 6.7181
1.10347 6.72249
1.10417 6.72689
1.10486 6.73128
1.10556 6.73567
1.10625 6.74006
1.10694 6.74445
1.10764 6.74884
1.10833 6.75323
1.10903 6.75762
1.10972 6.76202
1.11042 6.76641
1.11111 6.7708
1.11181 6.77519
1.1125 6.77958
1.11319 6.78397
1.11389 6.78837
1.11458 6.79276
1.11528 6.79715
1.11597 6.80154
1.11667 6.80593
1.11736 6.81033
1.11806 6.81472
1.11875 6.81911
1.11944 6.82351
1.12014 6.8279
1.12083 6.83229
1.12153 6.83669
1.12222 6.84109
1.12292 6.84548
1.12361 6.84988
1.12431 6.85428
1.125 6.85867
1.12569 6.86307
1.12639 6.86747
1.12708 6.87187
1.12778 6.87627
1.12847 6.88067
1.12917 6.88507
1.12986 6.88948
1.13056 6.89388
1.13125 6.89828
1.13194 6.90269
1.13264 6.9071
1.13333 6.9115
1.13403 6.91591
1.13472 6.92032
1.13542 6.92473
1.13611 6.92914
1.13681 6.93355
1.1375 6.93796
1.13819 6.94238
1.13889 6.94679
1.13958 6.95121
1.14028 6.95562
1.14097 6.96004
1.14167 6.96446
1.14236 6.96888
1.14306 6.97331
1.14375 6.97773
1.14444 6.98216
1.14514 6.98658
1.14583 6.99101
1.14653 6.99544
1.14722 6.99987
1.14792 7.0043
1.14861 7.00873
1.14931 7.01316
1.15 7.0176
1.15069 7.02204
1.15139 7.02648
1.15208 7.03092
1.15278 7.03536
1.15347 7.0398
1.15417 7.04425
1.15486 7.0487
1.15556 7.05314
1.15625 7.05759
1.15694 7.06205
1.15764 7.0665
1.15833 7.07095
1.15903 7.07541
1.15972 7.07987
1.16042 7.08433
1.16111 7.08879
1.16181 7.09326
1.1625 7.09773
1.16319 7.10219
1.16389 7.10666
1.16458 7.11114
1.16528 7.11561
1.16597 7.12009
1.16667 7.12456
1.16736 7.12904
1.16806 7.13352
1.16875 7.13801
1.16944 7.14249
1.17014 7.14698
1.17083 7.15147
1.17153 7.15596
1.17222 7.16046
1.17292 7.16495
1.17361 7.16945
1.17431 7.17395
1.175 7.17846
1.17569 7.18296
1.17639 7.18747
1.17708 7.19198
1.17778 7.19649
1.17847 7.201
1.17917 7.20552
1.17986 7.21004
1.18056 7.21456
1.18125 7.21908
1.18194 7.22361
1.18264 7.22813
1.18333 7.23266
1.18403 7.2372
1.18472 7.24173
1.18542 7.24627
1.18611 7.25081
1.18681 7.25535
1.1875 7.2599
1.18819 7.26444
1.18889 7.26899
1.18958 7.27354
1.19028 7.2781
1.19097 7.28265
1.19167 7.28721
1.19236 7.29177
1.19306 7.29634
1.19375 7.30091
1.19444 7.30548
1.19514 7.31005
1.19583 7.31462
1.19653 7.3192
1.19722 7.32378
1.19792 7.32836
1.19861 7.33294
1.19931 7.33753
1.2 7.34212
1.20069 7.34671
1.20139 7.35131
1.20208 7.3559
1.20278 7.3605
1.20347 7.3651
1.20417 7.36971
1.20486 7.37432
1.20556 7.37893
1.20625 7.38354
1.20694 7.38816
1.20764 7.39278
1.20833 7.3974
1.20903 7.40202
1.20972 7.40664
1.21042 7.41127
1.21111 7.4159
1.21181 7.42054
1.2125 7.42517
1.21319 7.42981
1.21389 7.43445
1.21458 7.4391
1.21528 7.44375
1.21597 7.4484
1.21667 7.45305
1.21736 7.4577
1.21806 7.46236
1.21875 7.46702
1.21944 7.47168
1.22014 7.47635
1.22083 7.48102
1.22153 7.48569
1.22222 7.49036
1.22292 7.49504
1.22361 7.49971
1.22431 7.5044
1.225 7.50908
1.22569 7.51377
1.22639 7.51846
1.22708 7.52315
1.22778 7.52784
1.22847 7.53254
1.22917 7.53724
1.22986 7.54194
1.23056 7.54664
1.23125 7.55135
1.23194 7.55606
1.23264 7.56077
1.23333 7.56548
1.23403 7.5702
1.23472 7.57492
1.23542 7.57964
1.23611 7.58437
1.23681 7.5891
1.2375 7.59383
1.23819 7.59856
1.23889 7.60329
1.23958 7.60803
1.24028 7.61277
1.24097 7.61751
1.24167 7.62225
1.24236 7.627
1.24306 7.63175
1.24375 7.6365
1.24444 7.64125
1.24514 7.64601
1.24583 7.65077
1.24653 7.65553
1.24722 7.66029
1.24792 7.66506
1.24861 7.66983
1.24931 7.67459
1.25 7.67937
1.25069 7.68414
1.25139 7.68892
1.25208 7.6937
1.25278 7.69848
1.25347 7.70326
1.25417 7.70804
1.25486 7.71283
1.25556 7.71762
1.25625 7.72241
1.25694 7.72721
1.25764 7.732
1.25833 7.7368
1.25903 7.7416
1.25972 7.7464
1.26042 7.75121
1.26111 7.75601
1.26181 7.76082
1.2625 7.76563
1.26319 7.77044
1.26389 7.77526
1.26458 7.78007
1.26528 7.78489
1.26597 7.78971
1.26667 7.79453
1.26736 7.79935
1.26806 7.80418
1.26875 7.809
1.26944 7.81383
1.27014 7.81866
1.27083 7.82349
1.27153 7.82833
1.27222 7.83316
1.27292 7.838
1.27361 7.84283
1.27431 7.84767
1.275 7.85251
1.27569 7.85736
1.27639 7.8622
1.27708 7.86705
1.27778 7.8719
1.27847 7.87674
1.27917 7.88159
1.27986 7.88645
1.28056 7.8913
1.28125 7.89615
1.28194 7.90101
1.28264 7.90586
1.28333 7.91072
1.28403 7.91558
1.28472 7.92044
1.28542 7.9253
1.28611 7.93016
1.28681 7.93503
1.2875 7.93989
1.28819 7.94476
1.28889 7.94963
1.28958 7.95449
1.29028 7.95936
1.29097 7.96423
1.29167 7.9691
1.29236 7.97397
1.29306 7.97885
1.29375 7.98372
1.29444 7.98859
1.29514 7.99347
1.29583 7.99834
1.29653 8.00322
1.29722 8.0081
1.29792 8.01297
1.29861 8.01785
1.29931 8.02273
1.3 8.02761
1.30069 8.03249
1.30139 8.03737
1.30208 8.04225
1.30278 8.04713
1.30347 8.05201
1.30417 8.0569
1.30486 8.06178
1.30556 8.06666
1.30625 8.07154
1.30694 8.07643
1.30764 8.08131
1.30833 8.08619
1.30903 8.09108
1.30972 8.09596
1.31042 8.10084
1.31111 8.10573
1.31181 8.11061
1.3125 8.1155
1.31319 8.12038
1.31389 8.12526
1.31458 8.13015
1.31528 8.13503
1.31597 8.13991
1.31667 8.1448
1.31736 8.14968
1.31806 8.15456
1.31875 8.15945
1.31944 8.16433
1.32014 8.16921
1.32083 8.17409
1.32153 8.17897
1.32222 8.18385
1.32292 8.18873
1.32361 8.19361
1.32431 8.19849
1.325 8.20337
1.32569 8.20824
1.32639 8.21312
1.32708 8.218
1.32778 8.22287
1.32847 8.22774
1.32917 8.23262
1.32986 8.23749
1.33056 8.24236
1.33125 8.24724
1.33194 8.25211
1.33264 8.25697
1.33333 8.26184
1.33403 8.26671
1.33472 8.27157
1.33542 8.27644
1.33611 8.2813
1.33681 8.28616
1.3375 8.29102
1.33819 8.29588
1.33889 8.30074
1.33958 8.3056
1.34028 8.31046
1.34097 8.31531
1.34167 8.32016
1.34236 8.32501
1.34306 8.32986
1.34375 8.33471
1.34444 8.33956
1.34514 8.3444
1.34583 8.34925
1.34653 8.35409
1.34722 8.35893
1.34792 8.36377
1.34861 8.3686
1.34931 8.37344
1.35 8.37827
1.35069 8.3831
1.35139 8.38793
1.35208 8.39276
1.35278 8.39759
1.35347 8.40241
1.35417 8.40723
1.35486 8.41205
1.35556 8.41687
1.35625 8.42168
1.35694 8.42649
1.35764 8.4313
1.35833 8.43611
1.35903 8.44092
1.35972 8.44572
1.36042 8.45052
1.36111 8.45532
1.36181 8.46012
1.3625 8.46491
1.36319 8.46971
1.36389 8.4745
1.36458 8.47928
1.36528 8.48407
1.36597 8.48885
1.36667 8.49363
1.36736 8.4984
1.36806 8.50318
1.36875 8.50795
1.36944 8.51271
1.37014 8.51748
1.37083 8.52224
1.37153 8.527
1.37222 8.53176
1.37292 8.53651
1.37361 8.54127
1.37431 8.54602
1.375 8.55076
1.37569 8.5555
1.37639 8.56024
1.37708 8.56498
1.37778 8.56971
1.37847 8.57444
1.37917 8.57917
1.37986 8.58389
1.38056 8.58861
1.38125 8.59333
1.38194 8.59805
1.38264 8.60276
1.38333 8.60747
1.38403 8.61217
1.38472 8.61687
1.38542 8.62157
1.38611 8.62626
1.38681 8.63095
1.3875 8.63564
1.38819 8.64032
