0 0
0.000694444 0.00418697
0.00138889 0.00838472
0.00208333 0.0125949
0.00277778 0.0168175
0.00347222 0.0210524
0.00416667 0.0252997
0.00486111 0.0295593
0.00555556 0.0338328
0.00625 0.0381168
0.00694444 0.042413
0.00763889 0.046723
0.00833333 0.0510434
0.00902778 0.0553758
0.00972222 0.0597202
0.0104167 0.0640766
0.0111111 0.0684448
0.0118056 0.0728248
0.0125 0.0772166
0.0131944 0.0816201
0.0138889 0.0860352
0.0145833 0.0904619
0.0152778 0.0949002
0.0159722 0.0993499
0.0166667 0.103813
0.0173611 0.108285
0.0180556 0.112769
0.01875 0.117265
0.0194444 0.121771
0.0201389 0.126288
0.0208333 0.130816
0.0215278 0.135355
0.0222222 0.139905
0.0229167 0.144465
0.0236111 0.149036
0.0243056 0.153617
0.025 0.158209
0.0256944 0.162812
0.0263889 0.167424
0.0270833 0.172047
0.0277778 0.176682
0.0284722 0.181325
0.0291667 0.185978
0.0298611 0.190643
0.0305556 0.195315
0.03125 0.199997
0.0319444 0.204689
0.0326389 0.20939
0.0333333 0.214101
0.0340278 0.21882
0.0347222 0.223549
0.0354167 0.228287
0.0361111 0.233034
0.0368056 0.237791
0.0375 0.242556
0.0381944 0.247329
0.0388889 0.252112
0.0395833 0.256901
0.0402778 0.261699
0.0409722 0.266506
0.0416667 0.27132
0.0423611 0.276142
0.0430556 0.280972
0.04375 0.285809
0.0444444 0.290654
0.0451389 0.295506
0.0458333 0.300366
0.0465278 0.305233
0.0472222 0.310107
0.0479167 0.31499
0.0486111 0.319877
0.0493056 0.324771
0.05 0.329674
0.0506944 0.334581
0.0513889 0.339494
0.0520833 0.344414
0.0527778 0.349339
0.0534722 0.354271
0.0541667 0.359208
0.0548611 0.36415
0.0555556 0.369099
0.05625 0.374052
0.0569444 0.37901
0.0576389 0.383974
0.0583333 0.388942
0.0590278 0.393917
0.0597222 0.398895
0.0604167 0.403877
0.0611111 0.408865
0.0618056 0.413856
0.0625 0.41885
0.0631944 0.423849
0.0638889 0.428851
0.0645833 0.433857
0.0652778 0.438866
0.0659722 0.443878
0.0666667 0.448894
0.0673611 0.453912
0.0680556 0.458935
0.06875 0.463959
0.0694444 0.468985
0.0701389 0.474016
0.0708333 0.479047
0.0715278 0.484079
0.0722222 0.489114
0.0729167 0.494151
0.0736111 0.499189
0.0743056 0.504228
0.075 0.509269
0.0756944 0.51431
0.0763889 0.519353
0.0770833 0.524396
0.0777778 0.52944
0.0784722 0.534485
0.0791667 0.539531
0.0798611 0.544576
0.0805556 0.549621
0.08125 0.554667
0.0819444 0.559711
0.0826389 0.564755
0.0833333 0.569798
0.0840278 0.57484
0.0847222 0.579881
0.0854167 0.584921
0.0861111 0.58996
0.0868056 0.594997
0.0875 0.600032
0.0881944 0.605066
0.0888889 0.610098
0.0895833 0.615127
0.0902778 0.620156
0.0909722 0.62518
0.0916667 0.630202
0.0923611 0.635223
0.0930556 0.640239
0.09375 0.645253
0.0944444 0.650262
0.0951389 0.655269
0.0958333 0.660271
0.0965278 0.66527
0.0972222 0.670265
0.0979167 0.675256
0.0986111 0.680243
0.0993056 0.685227
0.1 0.690204
0.100694 0.695177
0.101389 0.700147
0.102083 0.705109
0.102778 0.710067
0.103472 0.715019
0.104167 0.719966
0.104861 0.724907
0.105556 0.729842
0.10625 0.734771
0.106944 0.739694
0.107639 0.744611
0.108333 0.749521
0.109028 0.754425
0.109722 0.759322
0.110417 0.764213
0.111111 0.769096
0.111806 0.773971
0.1125 0.778841
0.113194 0.783702
0.113889 0.788555
0.114583 0.7934
0.115278 0.798237
0.115972 0.803066
0.116667 0.807887
0.117361 0.812699
0.118056 0.817503
0.11875 0.822298
0.119444 0.827084
0.120139 0.831862
0.120833 0.83663
0.121528 0.84139
0.122222 0.84614
0.122917 0.85088
0.123611 0.855612
0.124306 0.860333
0.125 0.865044
0.125694 0.869745
0.126389 0.874436
0.127083 0.879116
0.127778 0.883786
0.128472 0.888446
0.129167 0.893095
0.129861 0.897733
0.130556 0.902362
0.13125 0.906978
0.131944 0.911584
0.132639 0.916179
0.133333 0.920762
0.134028 0.925334
0.134722 0.929894
0.135417 0.934442
0.136111 0.938978
0.136806 0.943503
0.1375 0.948016
0.138194 0.952517
0.138889 0.957005
0.139583 0.961482
0.140278 0.965946
0.140972 0.970398
0.141667 0.974839
0.142361 0.979266
0.143056 0.98368
0.14375 0.988083
0.144444 0.992472
0.145139 0.996848
0.145833 1.00121
0.146528 1.00556
0.147222 1.0099
0.147917 1.01422
0.148611 1.01853
0.149306 1.02283
0.15 1.02712
0.150694 1.03139
0.151389 1.03564
0.152083 1.03989
0.152778 1.04412
0.153472 1.04834
0.154167 1.05254
0.154861 1.05673
0.155556 1.06091
0.15625 1.06507
0.156944 1.06922
0.157639 1.07336
0.158333 1.07748
0.159028 1.08159
0.159722 1.08569
0.160417 1.08977
0.161111 1.09383
0.161806 1.09789
0.1625 1.10193
0.163194 1.10596
0.163889 1.10997
0.164583 1.11397
0.165278 1.11796
0.165972 1.12193
0.166667 1.12589
0.167361 1.12983
0.168056 1.13376
0.16875 1.13768
0.169444 1.14158
0.170139 1.14547
0.170833 1.14935
0.171528 1.15322
0.172222 1.15707
0.172917 1.16091
0.173611 1.16473
0.174306 1.16854
0.175 1.17234
0.175694 1.17613
0.176389 1.1799
0.177083 1.18366
0.177778 1.18741
0.178472 1.19114
0.179167 1.19487
0.179861 1.19858
0.180556 1.20227
0.18125 1.20596
0.181944 1.20963
0.182639 1.21329
0.183333 1.21694
0.184028 1.22058
0.184722 1.22421
0.185417 1.22783
0.186111 1.23143
0.186806 1.23503
0.1875 1.23861
0.188194 1.24218
0.188889 1.24574
0.189583 1.24929
0.190278 1.25283
0.190972 1.25636
0.191667 1.25988
0.192361 1.26339
0.193056 1.26689
0.19375 1.27038
0.194444 1.27387
0.195139 1.27734
0.195833 1.28081
0.196528 1.28426
0.197222 1.28771
0.197917 1.29115
0.198611 1.29458
0.199306 1.29801
0.2 1.30143
0.200694 1.30484
0.201389 1.30824
0.202083 1.31164
0.202778 1.31503
0.203472 1.31841
0.204167 1.32179
0.204861 1.32517
0.205556 1.32853
0.20625 1.3319
0.206944 1.33526
0.207639 1.33861
0.208333 1.34196
0.209028 1.34531
0.209722 1.34865
0.210417 1.35199
0.211111 1.35533
0.211806 1.35866
0.2125 1.362
0.213194 1.36533
0.213889 1.36866
0.214583 1.37199
0.215278 1.37532
0.215972 1.37864
0.216667 1.38197
0.217361 1.3853
0.218056 1.38863
0.21875 1.39196
0.219444 1.39529
0.220139 1.39862
0.220833 1.40196
0.221528 1.4053
0.222222 1.40864
0.222917 1.41199
0.223611 1.41533
0.224306 1.41869
0.225 1.42205
0.225694 1.42541
0.226389 1.42878
0.227083 1.43215
0.227778 1.43554
0.228472 1.43892
0.229167 1.44232
0.229861 1.44572
0.230556 1.44914
0.23125 1.45256
0.231944 1.45599
0.232639 1.45942
0.233333 1.46287
0.234028 1.46633
0.234722 1.4698
0.235417 1.47329
0.236111 1.47678
0.236806 1.48029
0.2375 1.48381
0.238194 1.48734
0.238889 1.49089
0.239583 1.49445
0.240278 1.49803
0.240972 1.50162
0.241667 1.50523
0.242361 1.50885
0.243056 1.51249
0.24375 1.51615
0.244444 1.51983
0.245139 1.52352
0.245833 1.52723
0.246528 1.53097
0.247222 1.53472
0.247917 1.53849
0.248611 1.54229
0.249306 1.54611
0.25 1.54994
0.250694 1.5538
0.251389 1.55769
0.252083 1.56159
0.252778 1.56553
0.253472 1.56948
0.254167 1.57346
0.254861 1.57747
0.255556 1.5815
0.25625 1.58556
0.256944 1.58965
0.257639 1.59376
0.258333 1.5979
0.259028 1.60207
0.259722 1.60627
0.260417 1.6105
0.261111 1.61476
0.261806 1.61905
0.2625 1.62337
0.263194 1.62773
0.263889 1.63211
0.264583 1.63653
0.265278 1.64098
0.265972 1.64546
0.266667 1.64998
0.267361 1.65454
0.268056 1.65913
0.26875 1.66375
0.269444 1.66841
0.270139 1.67311
0.270833 1.67784
0.271528 1.68261
0.272222 1.68742
0.272917 1.69227
0.273611 1.69715
0.274306 1.70208
0.275 1.70704
0.275694 1.71205
0.276389 1.71709
0.277083 1.72218
0.277778 1.72731
0.278472 1.73247
0.279167 1.73769
0.279861 1.74294
0.280556 1.74824
0.28125 1.75357
0.281944 1.75896
0.282639 1.76439
0.283333 1.76986
0.284028 1.77537
0.284722 1.78093
0.285417 1.78654
0.286111 1.79219
0.286806 1.79789
0.2875 1.80364
0.288194 1.80943
0.288889 1.81527
0.289583 1.82115
0.290278 1.82709
0.290972 1.83307
0.291667 1.8391
0.292361 1.84517
0.293056 1.8513
0.29375 1.85747
0.294444 1.8637
0.295139 1.86997
0.295833 1.8763
0.296528 1.88267
0.297222 1.88909
0.297917 1.89556
0.298611 1.90209
0.299306 1.90866
0.3 1.91529
0.300694 1.92196
0.301389 1.92869
0.302083 1.93547
0.302778 1.9423
0.303472 1.94918
0.304167 1.95611
0.304861 1.96309
0.305556 1.97013
0.30625 1.97721
0.306944 1.98435
0.307639 1.99154
0.308333 1.99879
0.309028 2.00608
0.309722 2.01343
0.310417 2.02083
0.311111 2.02828
0.311806 2.03578
0.3125 2.04334
0.313194 2.05095
0.313889 2.05861
0.314583 2.06632
0.315278 2.07409
0.315972 2.0819
0.316667 2.08977
0.317361 2.09769
0.318056 2.10567
0.31875 2.11369
0.319444 2.12177
0.320139 2.1299
0.320833 2.13808
0.321528 2.14631
0.322222 2.15459
0.322917 2.16292
0.323611 2.17131
0.324306 2.17975
0.325 2.18823
0.325694 2.19677
0.326389 2.20536
0.327083 2.214
0.327778 2.22268
0.328472 2.23142
0.329167 2.24021
0.329861 2.24905
0.330556 2.25793
0.33125 2.26687
0.331944 2.27585
0.332639 2.28489
0.333333 2.29397
0.334028 2.3031
0.334722 2.31227
0.335417 2.3215
0.336111 2.33077
0.336806 2.34009
0.3375 2.34945
0.338194 2.35887
0.338889 2.36832
0.339583 2.37783
0.340278 2.38738
0.340972 2.39697
0.341667 2.40661
0.342361 2.41629
0.343056 2.42602
0.34375 2.43579
0.344444 2.4456
0.345139 2.45546
0.345833 2.46536
0.346528 2.4753
0.347222 2.48529
0.347917 2.49531
0.348611 2.50538
0.349306 2.51548
0.35 2.52563
0.350694 2.53582
0.351389 2.54604
0.352083 2.55631
0.352778 2.56661
0.353472 2.57695
0.354167 2.58733
0.354861 2.59775
0.355556 2.6082
0.35625 2.61869
0.356944 2.62922
0.357639 2.63978
0.358333 2.65037
0.359028 2.661
0.359722 2.67167
0.360417 2.68237
0.361111 2.6931
0.361806 2.70386
0.3625 2.71465
0.363194 2.72548
0.363889 2.73634
0.364583 2.74722
0.365278 2.75814
0.365972 2.76909
0.366667 2.78006
0.367361 2.79107
0.368056 2.8021
0.36875 2.81316
0.369444 2.82424
0.370139 2.83535
0.370833 2.84649
0.371528 2.85765
0.372222 2.86884
0.372917 2.88005
0.373611 2.89129
0.374306 2.90254
0.375 2.91382
0.375694 2.92512
0.376389 2.93645
0.377083 2.94779
0.377778 2.95915
0.378472 2.97054
0.379167 2.98194
0.379861 2.99336
0.380556 3.0048
0.38125 3.01625
0.381944 3.02772
0.382639 3.03921
0.383333 3.05071
0.384028 3.06223
0.384722 3.07376
0.385417 3.08531
0.386111 3.09687
0.386806 3.10844
0.3875 3.12002
0.388194 3.13161
0.388889 3.14322
0.389583 3.15483
0.390278 3.16646
0.390972 3.17809
0.391667 3.18973
0.392361 3.20138
0.393056 3.21303
0.39375 3.22469
0.394444 3.23636
0.395139 3.24803
0.395833 3.25971
0.396528 3.27139
0.397222 3.28307
0.397917 3.29476
0.398611 3.30645
0.399306 3.31814
0.4 3.32983
0.400694 3.34152
0.401389 3.35321
0.402083 3.3649
0.402778 3.37659
0.403472 3.38827
0.404167 3.39995
0.404861 3.41163
0.405556 3.4233
0.40625 3.43497
0.406944 3.44664
0.407639 3.45829
0.408333 3.46995
0.409028 3.48159
0.409722 3.49322
0.410417 3.50485
0.411111 3.51647
0.411806 3.52807
0.4125 3.53967
0.413194 3.55126
0.413889 3.56283
0.414583 3.57439
0.415278 3.58594
0.415972 3.59748
0.416667 3.609
0.417361 3.6205
0.418056 3.63199
0.41875 3.64347
0.419444 3.65493
0.420139 3.66637
0.420833 3.67779
0.421528 3.68919
0.422222 3.70058
0.422917 3.71194
0.423611 3.72329
0.424306 3.73461
0.425 3.74591
0.425694 3.75719
0.426389 3.76845
0.427083 3.77968
0.427778 3.79089
0.428472 3.80207
0.429167 3.81323
0.429861 3.82436
0.430556 3.83547
0.43125 3.84655
0.431944 3.8576
0.432639 3.86862
0.433333 3.87962
0.434028 3.89058
0.434722 3.90151
0.435417 3.91242
0.436111 3.92329
0.436806 3.93413
0.4375 3.94494
0.438194 3.95571
0.438889 3.96645
0.439583 3.97716
0.440278 3.98783
0.440972 3.99847
0.441667 4.00907
0.442361 4.01964
0.443056 4.03016
0.44375 4.04065
0.444444 4.0511
0.445139 4.06151
0.445833 4.07189
0.446528 4.08222
0.447222 4.09251
0.447917 4.10276
0.448611 4.11297
0.449306 4.12314
0.45 4.13326
0.450694 4.14335
0.451389 4.15338
0.452083 4.16338
0.452778 4.17333
0.453472 4.18323
0.454167 4.19308
0.454861 4.20289
0.455556 4.21266
0.45625 4.22237
0.456944 4.23204
0.457639 4.24166
0.458333 4.25123
0.459028 4.26075
0.459722 4.27022
0.460417 4.27964
0.461111 4.28901
0.461806 4.29832
0.4625 4.30759
0.463194 4.3168
0.463889 4.32596
0.464583 4.33506
0.465278 4.34411
0.465972 4.35311
0.466667 4.36205
0.467361 4.37093
0.468056 4.37976
0.46875 4.38853
0.469444 4.39725
0.470139 4.40591
0.470833 4.41451
0.471528 4.42305
0.472222 4.43153
0.472917 4.43995
0.473611 4.44832
0.474306 4.45662
0.475 4.46486
0.475694 4.47304
0.476389 4.48116
0.477083 4.48922
0.477778 4.49722
0.478472 4.50515
0.479167 4.51302
0.479861 4.52082
0.480556 4.52857
0.48125 4.53624
0.481944 4.54386
0.482639 4.5514
0.483333 4.55888
0.484028 4.5663
0.484722 4.57365
0.485417 4.58093
0.486111 4.58814
0.486806 4.59529
0.4875 4.60237
0.488194 4.60938
0.488889 4.61632
0.489583 4.62319
0.490278 4.62999
0.490972 4.63673
0.491667 4.64339
0.492361 4.64998
0.493056 4.6565
0.49375 4.66295
0.494444 4.66933
0.495139 4.67564
0.495833 4.68187
0.496528 4.68803
0.497222 4.69412
0.497917 4.70014
0.498611 4.70608
0.499306 4.71195
0.5 4.71774
0.500694 4.72346
0.501389 4.72911
0.502083 4.73468
0.502778 4.74017
0.503472 4.74559
0.504167 4.75094
0.504861 4.75621
0.505556 4.7614
0.50625 4.76651
0.506944 4.77155
0.507639 4.77651
0.508333 4.78139
0.509028 4.7862
0.509722 4.79092
0.510417 4.79557
0.511111 4.80015
0.511806 4.80464
0.5125 4.80905
0.513194 4.81339
0.513889 4.81765
0.514583 4.82182
0.515278 4.82592
0.515972 4.82994
0.516667 4.83387
0.517361 4.83773
0.518056 4.84151
0.51875 4.8452
0.519444 4.84882
0.520139 4.85235
0.520833 4.8558
0.521528 4.85918
0.522222 4.86247
0.522917 4.86568
0.523611 4.8688
0.524306 4.87185
0.525 4.87481
0.525694 4.8777
0.526389 4.88049
0.527083 4.88321
0.527778 4.88584
0.528472 4.8884
0.529167 4.89087
0.529861 4.89325
0.530556 4.89555
0.53125 4.89778
0.531944 4.89991
0.532639 4.90197
0.533333 4.90394
0.534028 4.90583
0.534722 4.90763
0.535417 4.90935
0.536111 4.91099
0.536806 4.91254
0.5375 4.91401
0.538194 4.9154
0.538889 4.9167
0.539583 4.91792
0.540278 4.91905
0.540972 4.92011
0.541667 4.92107
0.542361 4.92196
0.543056 4.92276
0.54375 4.92347
0.544444 4.9241
0.545139 4.92465
0.545833 4.92512
0.546528 4.9255
0.547222 4.92579
0.547917 4.926
0.548611 4.92613
0.549306 4.92618
0.55 4.92614
0.550694 4.92601
0.551389 4.92581
0.552083 4.92552
0.552778 4.92514
0.553472 4.92469
0.554167 4.92415
0.554861 4.92352
0.555556 4.92282
0.55625 4.92202
0.556944 4.92115
0.557639 4.92019
0.558333 4.91915
0.559028 4.91803
0.559722 4.91682
0.560417 4.91553
0.561111 4.91416
0.561806 4.91271
0.5625 4.91117
0.563194 4.90955
0.563889 4.90785
0.564583 4.90607
0.565278 4.90421
0.565972 4.90226
0.566667 4.90023
0.567361 4.89812
0.568056 4.89593
0.56875 4.89366
0.569444 4.89131
0.570139 4.88887
0.570833 4.88636
0.571528 4.88376
0.572222 4.88109
0.572917 4.87833
0.573611 4.8755
0.574306 4.87258
0.575 4.86959
0.575694 4.86652
0.576389 4.86336
0.577083 4.86013
0.577778 4.85682
0.578472 4.85343
0.579167 4.84996
0.579861 4.84642
0.580556 4.8428
0.58125 4.83909
0.581944 4.83532
0.582639 4.83146
0.583333 4.82753
0.584028 4.82352
0.584722 4.81943
0.585417 4.81527
0.586111 4.81104
0.586806 4.80672
0.5875 4.80233
0.588194 4.79787
0.588889 4.79333
0.589583 4.78872
0.590278 4.78403
0.590972 4.77927
0.591667 4.77444
0.592361 4.76953
0.593056 4.76455
0.59375 4.75949
0.594444 4.75437
0.595139 4.74917
0.595833 4.7439
0.596528 4.73856
0.597222 4.73315
0.597917 4.72766
0.598611 4.72211
0.599306 4.71648
0.6 4.71079
0.600694 4.70503
0.601389 4.69919
0.602083 4.69329
0.602778 4.68732
0.603472 4.68128
0.604167 4.67518
0.604861 4.669
0.605556 4.66276
0.60625 4.65646
0.606944 4.65008
0.607639 4.64364
0.608333 4.63714
0.609028 4.63057
0.609722 4.62393
0.610417 4.61723
0.611111 4.61047
0.611806 4.60364
0.6125 4.59675
0.613194 4.58979
0.613889 4.58278
0.614583 4.5757
0.615278 4.56856
0.615972 4.56136
0.616667 4.5541
0.617361 4.54677
0.618056 4.53939
0.61875 4.53195
0.619444 4.52445
0.620139 4.51689
0.620833 4.50927
0.621528 4.50159
0.622222 4.49386
0.622917 4.48607
0.623611 4.47822
0.624306 4.47032
0.625 4.46236
0.625694 4.45434
0.626389 4.44627
0.627083 4.43815
0.627778 4.42997
0.628472 4.42174
0.629167 4.41345
0.629861 4.40512
0.630556 4.39673
0.63125 4.38829
0.631944 4.37979
0.632639 4.37125
0.633333 4.36266
0.634028 4.35401
0.634722 4.34532
0.635417 4.33658
0.636111 4.32779
0.636806 4.31895
0.6375 4.31007
0.638194 4.30114
0.638889 4.29216
0.639583 4.28314
0.640278 4.27407
0.640972 4.26494
0.641667 4.25578
0.642361 4.24658
0.643056 4.23733
0.64375 4.22804
0.644444 4.21871
0.645139 4.20933
0.645833 4.19992
0.646528 4.19046
0.647222 4.18096
0.647917 4.17143
0.648611 4.16185
0.649306 4.15223
0.65 4.14258
0.650694 4.13289
0.651389 4.12316
0.652083 4.11339
0.652778 4.10358
0.653472 4.09374
0.654167 4.08387
0.654861 4.07396
0.655556 4.06402
0.65625 4.05404
0.656944 4.04403
0.657639 4.03398
0.658333 4.02391
0.659028 4.0138
0.659722 4.00366
0.660417 3.99349
0.661111 3.98329
0.661806 3.97306
0.6625 3.9628
0.663194 3.95251
0.663889 3.94219
0.664583 3.93185
0.665278 3.92148
0.665972 3.91108
0.666667 3.90066
0.667361 3.89021
0.668056 3.87974
0.66875 3.86924
0.669444 3.85872
0.670139 3.84817
0.670833 3.83761
0.671528 3.82702
0.672222 3.81641
0.672917 3.80577
0.673611 3.79512
0.674306 3.78445
0.675 3.77375
0.675694 3.76304
0.676389 3.75231
0.677083 3.74156
0.677778 3.7308
0.678472 3.72001
0.679167 3.70921
0.679861 3.6984
0.680556 3.68757
0.68125 3.67673
0.681944 3.66587
0.682639 3.655
0.683333 3.64411
0.684028 3.63321
0.684722 3.6223
0.685417 3.61138
0.686111 3.60045
0.686806 3.5895
0.6875 3.57855
0.688194 3.56759
0.688889 3.55662
0.689583 3.54564
0.690278 3.53466
0.690972 3.52366
0.691667 3.51266
0.692361 3.50166
0.693056 3.49064
0.69375 3.47963
0.694444 3.46861
0.695139 3.45758
0.695833 3.44655
0.696528 3.43552
0.697222 3.42449
0.697917 3.41345
0.698611 3.40241
0.699306 3.39138
0.7 3.38034
0.700694 3.3693
0.701389 3.35827
0.702083 3.34723
0.702778 3.3362
0.703472 3.32517
0.704167 3.31414
0.704861 3.30312
0.705556 3.2921
0.70625 3.28108
0.706944 3.27007
0.707639 3.25907
0.708333 3.24807
0.709028 3.23708
0.709722 3.2261
0.710417 3.21512
0.711111 3.20415
0.711806 3.19319
0.7125 3.18224
0.713194 3.1713
0.713889 3.16037
0.714583 3.14946
0.715278 3.13855
0.715972 3.12765
0.716667 3.11677
0.717361 3.1059
0.718056 3.09504
0.71875 3.0842
0.719444 3.07337
0.720139 3.06256
0.720833 3.05176
0.721528 3.04098
0.722222 3.03022
0.722917 3.01947
0.723611 3.00874
0.724306 2.99803
0.725 2.98733
0.725694 2.97666
0.726389 2.966
0.727083 2.95537
0.727778 2.94475
0.728472 2.93416
0.729167 2.92359
0.729861 2.91304
0.730556 2.90251
0.73125 2.89201
0.731944 2.88153
0.732639 2.87107
0.733333 2.86064
0.734028 2.85023
0.734722 2.83985
0.735417 2.82949
0.736111 2.81916
0.736806 2.80886
0.7375 2.79858
0.738194 2.78834
0.738889 2.77812
0.739583 2.76793
0.740278 2.75777
0.740972 2.74764
0.741667 2.73754
0.742361 2.72747
0.743056 2.71743
0.74375 2.70742
0.744444 2.69745
0.745139 2.6875
0.745833 2.67759
0.746528 2.66771
0.747222 2.65787
0.747917 2.64806
0.748611 2.63829
0.749306 2.62855
0.75 2.61885
0.750694 2.60918
0.751389 2.59955
0.752083 2.58996
0.752778 2.5804
0.753472 2.57089
0.754167 2.56141
0.754861 2.55197
0.755556 2.54256
0.75625 2.5332
0.756944 2.52388
0.757639 2.5146
0.758333 2.50536
0.759028 2.49616
0.759722 2.487
0.760417 2.47788
0.761111 2.46881
0.761806 2.45978
0.7625 2.45079
0.763194 2.44185
0.763889 2.43295
0.764583 2.4241
0.765278 2.41529
0.765972 2.40652
0.766667 2.3978
0.767361 2.38913
0.768056 2.3805
0.76875 2.37192
0.769444 2.36339
0.770139 2.3549
0.770833 2.34646
0.771528 2.33807
0.772222 2.32973
0.772917 2.32144
0.773611 2.3132
0.774306 2.305
0.775 2.29686
0.775694 2.28877
0.776389 2.28072
0.777083 2.27273
0.777778 2.26479
0.778472 2.2569
0.779167 2.24906
0.779861 2.24128
0.780556 2.23355
0.78125 2.22587
0.781944 2.21824
0.782639 2.21067
0.783333 2.20315
0.784028 2.19568
0.784722 2.18827
0.785417 2.18092
0.786111 2.17361
0.786806 2.16637
0.7875 2.15917
0.788194 2.15204
0.788889 2.14496
0.789583 2.13793
0.790278 2.13097
0.790972 2.12406
0.791667 2.1172
0.792361 2.11041
0.793056 2.10367
0.79375 2.09698
0.794444 2.09036
0.795139 2.08379
0.795833 2.07728
0.796528 2.07083
0.797222 2.06444
0.797917 2.05811
0.798611 2.05183
0.799306 2.04562
0.8 2.03946
0.800694 2.03336
0.801389 2.02732
0.802083 2.02135
0.802778 2.01543
0.803472 2.00957
0.804167 2.00377
0.804861 1.99803
0.805556 1.99235
0.80625 1.98674
0.806944 1.98118
0.807639 1.97568
0.808333 1.97025
0.809028 1.96487
0.809722 1.95955
0.810417 1.9543
0.811111 1.9491
0.811806 1.94397
0.8125 1.9389
0.813194 1.93389
0.813889 1.92894
0.814583 1.92405
0.815278 1.91922
0.815972 1.91445
0.816667 1.90975
0.817361 1.9051
0.818056 1.90052
0.81875 1.89599
0.819444 1.89153
0.820139 1.88713
0.820833 1.88279
0.821528 1.87851
0.822222 1.87429
0.822917 1.87013
0.823611 1.86603
0.824306 1.86199
0.825 1.85802
0.825694 1.8541
0.826389 1.85024
0.827083 1.84644
0.827778 1.84271
0.828472 1.83903
0.829167 1.83541
0.829861 1.83185
0.830556 1.82835
0.83125 1.82491
0.831944 1.82153
0.832639 1.8182
0.833333 1.81494
0.834028 1.81173
0.834722 1.80859
0.835417 1.8055
0.836111 1.80247
0.836806 1.79949
0.8375 1.79657
0.838194 1.79371
0.838889 1.79091
0.839583 1.78816
0.840278 1.78547
0.840972 1.78284
0.841667 1.78026
0.842361 1.77773
0.843056 1.77527
0.84375 1.77285
0.844444 1.77049
0.845139 1.76819
0.845833 1.76594
0.846528 1.76374
0.847222 1.7616
0.847917 1.75951
0.848611 1.75747
0.849306 1.75548
0.85 1.75355
0.850694 1.75167
0.851389 1.74984
0.852083 1.74806
0.852778 1.74633
0.853472 1.74465
0.854167 1.74302
0.854861 1.74144
0.855556 1.73991
0.85625 1.73842
0.856944 1.73699
0.857639 1.7356
0.858333 1.73426
0.859028 1.73297
0.859722 1.73172
0.860417 1.73052
0.861111 1.72937
0.861806 1.72826
0.8625 1.72719
0.863194 1.72617
0.863889 1.7252
0.864583 1.72427
0.865278 1.72338
0.865972 1.72253
0.866667 1.72172
0.867361 1.72096
0.868056 1.72024
0.86875 1.71956
0.869444 1.71892
0.870139 1.71832
0.870833 1.71775
0.871528 1.71723
0.872222 1.71675
0.872917 1.7163
0.873611 1.71589
0.874306 1.71552
0.875 1.71518
0.875694 1.71488
0.876389 1.71462
0.877083 1.71439
0.877778 1.71419
0.878472 1.71403
0.879167 1.7139
0.879861 1.71381
0.880556 1.71374
0.88125 1.71371
0.881944 1.71372
0.882639 1.71375
0.883333 1.71381
0.884028 1.7139
0.884722 1.71403
0.885417 1.71418
0.886111 1.71436
0.886806 1.71457
0.8875 1.7148
0.888194 1.71507
0.888889 1.71536
0.889583 1.71567
0.890278 1.71602
0.890972 1.71638
0.891667 1.71677
0.892361 1.71719
0.893056 1.71763
0.89375 1.71809
0.894444 1.71857
0.895139 1.71908
0.895833 1.71961
0.896528 1.72016
0.897222 1.72073
0.897917 1.72132
0.898611 1.72193
0.899306 1.72256
0.9 1.72321
0.900694 1.72388
0.901389 1.72456
0.902083 1.72527
0.902778 1.72598
0.903472 1.72672
0.904167 1.72747
0.904861 1.72824
0.905556 1.72902
0.90625 1.72982
0.906944 1.73063
0.907639 1.73145
0.908333 1.73229
0.909028 1.73314
0.909722 1.734
0.910417 1.73488
0.911111 1.73577
0.911806 1.73666
0.9125 1.73757
0.913194 1.73849
0.913889 1.73941
0.914583 1.74035
0.915278 1.74129
0.915972 1.74225
0.916667 1.74321
0.917361 1.74418
0.918056 1.74516
0.91875 1.74614
0.919444 1.74713
0.920139 1.74812
0.920833 1.74912
0.921528 1.75013
0.922222 1.75114
0.922917 1.75215
0.923611 1.75317
0.924306 1.75419
0.925 1.75521
0.925694 1.75624
0.926389 1.75726
0.927083 1.7583
0.927778 1.75933
0.928472 1.76036
0.929167 1.76139
0.929861 1.76243
0.930556 1.76346
0.93125 1.76449
0.931944 1.76553
0.932639 1.76656
0.933333 1.76759
0.934028 1.76861
0.934722 1.76964
0.935417 1.77066
0.936111 1.77168
0.936806 1.77269
0.9375 1.7737
0.938194 1.77471
0.938889 1.77571
0.939583 1.77671
0.940278 1.77771
0.940972 1.7787
0.941667 1.77968
0.942361 1.78065
0.943056 1.78162
0.94375 1.78259
0.944444 1.78354
0.945139 1.78449
0.945833 1.78543
0.946528 1.78636
0.947222 1.78729
0.947917 1.7882
0.948611 1.78911
0.949306 1.79001
0.95 1.79089
0.950694 1.79177
0.951389 1.79264
0.952083 1.7935
0.952778 1.79434
0.953472 1.79518
0.954167 1.796
0.954861 1.79682
0.955556 1.79762
0.95625 1.7984
0.956944 1.79918
0.957639 1.79994
0.958333 1.80069
0.959028 1.80143
0.959722 1.80216
0.960417 1.80287
0.961111 1.80356
0.961806 1.80425
0.9625 1.80491
0.963194 1.80557
0.963889 1.8062
0.964583 1.80683
0.965278 1.80743
0.965972 1.80802
0.966667 1.8086
0.967361 1.80915
0.968056 1.8097
0.96875 1.81022
0.969444 1.81073
0.970139 1.81122
0.970833 1.8117
0.971528 1.81216
0.972222 1.8126
0.972917 1.81302
0.973611 1.81342
0.974306 1.8138
0.975 1.81417
0.975694 1.81452
0.976389 1.81484
0.977083 1.81515
0.977778 1.81544
0.978472 1.81571
0.979167 1.81596
0.979861 1.81619
0.980556 1.8164
0.98125 1.81659
0.981944 1.81676
0.982639 1.81691
0.983333 1.81704
0.984028 1.81714
0.984722 1.81723
0.985417 1.81729
0.986111 1.81733
0.986806 1.81735
0.9875 1.81735
0.988194 1.81733
0.988889 1.81728
0.989583 1.81721
0.990278 1.81712
0.990972 1.81701
0.991667 1.81687
0.992361 1.81671
0.993056 1.81653
0.99375 1.81632
0.994444 1.8161
0.995139 1.81584
0.995833 1.81557
0.996528 1.81527
0.997222 1.81494
0.997917 1.81459
0.998611 1.81422
0.999306 1.81382
1 1.8134
1.00069 1.81296
1.00139 1.81249
1.00208 1.81199
1.00278 1.81148
1.00347 1.81093
1.00417 1.81036
1.00486 1.80977
1.00556 1.80915
1.00625 1.8085
1.00694 1.80783
1.00764 1.80713
1.00833 1.80641
1.00903 1.80566
1.00972 1.80489
1.01042 1.80409
1.01111 1.80327
1.01181 1.80242
1.0125 1.80154
1.01319 1.80064
1.01389 1.79971
1.01458 1.79875
1.01528 1.79777
1.01597 1.79676
1.01667 1.79573
1.01736 1.79466
1.01806 1.79358
1.01875 1.79246
1.01944 1.79132
1.02014 1.79015
1.02083 1.78896
1.02153 1.78773
1.02222 1.78649
1.02292 1.78521
1.02361 1.78391
1.02431 1.78258
1.025 1.78122
1.02569 1.77984
1.02639 1.77843
1.02708 1.77699
1.02778 1.77553
1.02847 1.77404
1.02917 1.77252
1.02986 1.77097
1.03056 1.7694
1.03125 1.7678
1.03194 1.76617
1.03264 1.76452
1.03333 1.76284
1.03403 1.76113
1.03472 1.7594
1.03542 1.75764
1.03611 1.75585
1.03681 1.75403
1.0375 1.75219
1.03819 1.75032
1.03889 1.74842
1.03958 1.7465
1.04028 1.74454
1.04097 1.74257
1.04167 1.74056
1.04236 1.73853
1.04306 1.73647
1.04375 1.73439
1.04444 1.73228
1.04514 1.73014
1.04583 1.72798
1.04653 1.72579
1.04722 1.72357
1.04792 1.72132
1.04861 1.71905
1.04931 1.71676
1.05 1.71443
1.05069 1.71208
1.05139 1.70971
1.05208 1.70731
1.05278 1.70488
1.05347 1.70243
1.05417 1.69995
1.05486 1.69745
1.05556 1.69492
1.05625 1.69237
1.05694 1.68979
1.05764 1.68718
1.05833 1.68455
1.05903 1.6819
1.05972 1.67922
1.06042 1.67651
1.06111 1.67378
1.06181 1.67103
1.0625 1.66825
1.06319 1.66545
1.06389 1.66262
1.06458 1.65977
1.06528 1.65689
1.06597 1.65399
1.06667 1.65107
1.06736 1.64813
1.06806 1.64516
1.06875 1.64216
1.06944 1.63915
1.07014 1.63611
1.07083 1.63305
1.07153 1.62996
1.07222 1.62686
1.07292 1.62373
1.07361 1.62058
1.07431 1.61741
1.075 1.61421
1.07569 1.611
1.07639 1.60776
1.07708 1.6045
1.07778 1.60123
1.07847 1.59793
1.07917 1.5946
1.07986 1.59126
1.08056 1.5879
1.08125 1.58452
1.08194 1.58112
1.08264 1.5777
1.08333 1.57426
1.08403 1.5708
1.08472 1.56733
1.08542 1.56383
1.08611 1.56032
1.08681 1.55678
1.0875 1.55323
1.08819 1.54966
1.08889 1.54608
1.08958 1.54248
1.09028 1.53885
1.09097 1.53522
1.09167 1.53157
1.09236 1.52789
1.09306 1.52421
1.09375 1.52051
1.09444 1.51679
1.09514 1.51306
1.09583 1.50932
1.09653 1.50556
1.09722 1.50178
1.09792 1.498
1.09861 1.49419
1.09931 1.49038
1.1 1.48655
1.10069 1.48271
1.10139 1.47885
1.10208 1.47499
1.10278 1.47111
1.10347 1.46722
1.10417 1.46332
1.10486 1.45941
1.10556 1.45549
1.10625 1.45156
1.10694 1.44762
1.10764 1.44368
1.10833 1.43972
1.10903 1.43575
1.10972 1.43177
1.11042 1.42779
1.11111 1.4238
1.11181 1.4198
1.1125 1.4158
1.11319 1.41179
1.11389 1.40777
1.11458 1.40375
1.11528 1.39972
1.11597 1.39569
1.11667 1.39165
1.11736 1.38761
1.11806 1.38357
1.11875 1.37952
1.11944 1.37547
1.12014 1.37142
1.12083 1.36737
1.12153 1.36331
1.12222 1.35926
1.12292 1.3552
1.12361 1.35115
1.12431 1.34709
1.125 1.34304
1.12569 1.33899
1.12639 1.33494
1.12708 1.33089
1.12778 1.32684
1.12847 1.3228
1.12917 1.31876
1.12986 1.31473
1.13056 1.3107
1.13125 1.30668
1.13194 1.30266
1.13264 1.29865
1.13333 1.29465
1.13403 1.29066
1.13472 1.28667
1.13542 1.28269
1.13611 1.27872
1.13681 1.27476
1.1375 1.27082
1.13819 1.26688
1.13889 1.26295
1.13958 1.25904
1.14028 1.25514
1.14097 1.25125
1.14167 1.24738
1.14236 1.24352
1.14306 1.23968
1.14375 1.23585
1.14444 1.23204
1.14514 1.22824
1.14583 1.22447
1.14653 1.22071
1.14722 1.21697
1.14792 1.21325
1.14861 1.20955
1.14931 1.20588
1.15 1.20222
1.15069 1.19858
1.15139 1.19497
1.15208 1.19139
1.15278 1.18782
1.15347 1.18428
1.15417 1.18077
1.15486 1.17728
1.15556 1.17382
1.15625 1.17039
1.15694 1.16699
1.15764 1.16362
1.15833 1.16027
1.15903 1.15696
1.15972 1.15368
1.16042 1.15043
1.16111 1.14721
1.16181 1.14403
1.1625 1.14088
1.16319 1.13777
1.16389 1.13469
1.16458 1.13165
1.16528 1.12864
1.16597 1.12568
1.16667 1.12275
1.16736 1.11986
1.16806 1.11702
1.16875 1.11421
1.16944 1.11145
1.17014 1.10872
1.17083 1.10605
1.17153 1.10341
1.17222 1.10082
1.17292 1.09828
1.17361 1.09578
1.17431 1.09333
1.175 1.09092
1.17569 1.08857
1.17639 1.08626
1.17708 1.08401
1.17778 1.0818
1.17847 1.07965
1.17917 1.07755
1.17986 1.0755
1.18056 1.07351
1.18125 1.07157
1.18194 1.06969
1.18264 1.06786
1.18333 1.06608
1.18403 1.06437
1.18472 1.06271
1.18542 1.06111
1.18611 1.05957
1.18681 1.05809
1.1875 1.05668
1.18819 1.05532
1.18889 1.05402
1.18958 1.05279
1.19028 1.05162
1.19097 1.05051
1.19167 1.04947
1.19236 1.0485
1.19306 1.04758
1.19375 1.04674
1.19444 1.04596
1.19514 1.04525
1.19583 1.0446
1.19653 1.04403
1.19722 1.04352
1.19792 1.04308
1.19861 1.04271
1.19931 1.04241
1.2 1.04219
1.20069 1.04203
1.20139 1.04195
1.20208 1.04193
1.20278 1.04199
1.20347 1.04212
1.20417 1.04232
1.20486 1.0426
1.20556 1.04295
1.20625 1.04337
1.20694 1.04387
1.20764 1.04444
1.20833 1.04509
1.20903 1.04581
1.20972 1.04661
1.21042 1.04748
1.21111 1.04843
1.21181 1.04945
1.2125 1.05055
1.21319 1.05173
1.21389 1.05298
1.21458 1.05431
1.21528 1.05571
1.21597 1.05719
1.21667 1.05874
1.21736 1.06037
1.21806 1.06208
1.21875 1.06386
1.21944 1.06572
1.22014 1.06766
1.22083 1.06967
1.22153 1.07176
1.22222 1.07393
1.22292 1.07617
1.22361 1.07848
1.22431 1.08088
1.225 1.08334
1.22569 1.08589
1.22639 1.0885
1.22708 1.0912
1.22778 1.09396
1.22847 1.09681
1.22917 1.09972
1.22986 1.10272
1.23056 1.10578
1.23125 1.10892
1.23194 1.11213
1.23264 1.11542
1.23333 1.11878
1.23403 1.12221
1.23472 1.12571
1.23542 1.12929
1.23611 1.13293
1.23681 1.13665
1.2375 1.14044
1.23819 1.1443
1.23889 1.14823
1.23958 1.15223
1.24028 1.15631
1.24097 1.16045
1.24167 1.16465
1.24236 1.16893
1.24306 1.17328
1.24375 1.17769
1.24444 1.18217
1.24514 1.18672
1.24583 1.19134
1.24653 1.19602
1.24722 1.20076
1.24792 1.20558
1.24861 1.21045
1.24931 1.21539
1.25 1.2204
1.25069 1.22547
1.25139 1.2306
1.25208 1.2358
1.25278 1.24106
1.25347 1.24638
1.25417 1.25177
1.25486 1.25721
1.25556 1.26272
1.25625 1.26828
1.25694 1.27391
1.25764 1.2796
1.25833 1.28534
1.25903 1.29115
1.25972 1.29701
1.26042 1.30294
1.26111 1.30892
1.26181 1.31495
1.2625 1.32105
1.26319 1.3272
1.26389 1.33341
1.26458 1.33967
1.26528 1.34599
1.26597 1.35237
1.26667 1.35879
1.26736 1.36528
1.26806 1.37181
1.26875 1.3784
1.26944 1.38505
1.27014 1.39175
1.27083 1.3985
1.27153 1.4053
1.27222 1.41215
1.27292 1.41906
1.27361 1.42602
1.27431 1.43302
1.275 1.44008
1.27569 1.44719
1.27639 1.45435
1.27708 1.46155
1.27778 1.46881
1.27847 1.47612
1.27917 1.48347
1.27986 1.49087
1.28056 1.49832
1.28125 1.50582
1.28194 1.51336
1.28264 1.52095
1.28333 1.52859
1.28403 1.53628
1.28472 1.54401
1.28542 1.55179
1.28611 1.55961
1.28681 1.56747
1.2875 1.57539
1.28819 1.58334
1.28889 1.59134
1.28958 1.59939
1.29028 1.60748
1.29097 1.61561
1.29167 1.62379
1.29236 1.63201
1.29306 1.64027
1.29375 1.64857
1.29444 1.65692
1.29514 1.66531
1.29583 1.67374
1.29653 1.68221
1.29722 1.69072
1.29792 1.69928
1.29861 1.70787
1.29931 1.7165
1.3 1.72518
1.30069 1.73389
1.30139 1.74265
1.30208 1.75144
1.30278 1.76028
1.30347 1.76915
1.30417 1.77806
1.30486 1.78701
1.30556 1.796
1.30625 1.80503
1.30694 1.81409
1.30764 1.8232
1.30833 1.83234
1.30903 1.84151
1.30972 1.85073
1.31042 1.85998
1.31111 1.86927
1.31181 1.87859
1.3125 1.88795
1.31319 1.89735
1.31389 1.90678
1.31458 1.91625
1.31528 1.92575
1.31597 1.93529
1.31667 1.94486
1.31736 1.95447
1.31806 1.96411
1.31875 1.97378
1.31944 1.98349
1.32014 1.99323
1.32083 2.00301
1.32153 2.01282
1.32222 2.02267
1.32292 2.03254
1.32361 2.04245
1.32431 2.05239
1.325 2.06237
1.32569 2.07237
1.32639 2.08241
1.32708 2.09248
1.32778 2.10258
1.32847 2.11271
1.32917 2.12287
1.32986 2.13306
1.33056 2.14329
1.33125 2.15354
1.33194 2.16382
1.33264 2.17414
1.33333 2.18448
1.33403 2.19485
1.33472 2.20525
1.33542 2.21568
1.33611 2.22614
1.33681 2.23663
1.3375 2.24714
1.33819 2.25768
1.33889 2.26825
1.33958 2.27885
1.34028 2.28948
1.34097 2.30013
1.34167 2.31081
1.34236 2.32151
1.34306 2.33224
1.34375 2.343
1.34444 2.35378
1.34514 2.36459
1.34583 2.37542
1.34653 2.38628
1.34722 2.39716
1.34792 2.40807
1.34861 2.419
1.34931 2.42995
1.35 2.44093
1.35069 2.45193
1.35139 2.46295
1.35208 2.474
1.35278 2.48507
1.35347 2.49616
1.35417 2.50728
1.35486 2.51841
1.35556 2.52957
1.35625 2.54074
1.35694 2.55194
1.35764 2.56316
1.35833 2.5744
1.35903 2.58566
1.35972 2.59694
1.36042 2.60823
1.36111 2.61955
1.36181 2.63088
1.3625 2.64223
1.36319 2.6536
1.36389 2.66499
1.36458 2.6764
1.36528 2.68782
1.36597 2.69926
1.36667 2.71072
1.36736 2.72219
1.36806 2.73368
1.36875 2.74518
1.36944 2.7567
1.37014 2.76823
1.37083 2.77978
1.37153 2.79134
1.37222 2.80291
1.37292 2.8145
1.37361 2.8261
1.37431 2.83772
1.375 2.84934
1.37569 2.86098
1.37639 2.87263
1.37708 2.88429
1.37778 2.89596
1.37847 2.90765
1.37917 2.91934
1.37986 2.93104
1.38056 2.94275
1.38125 2.95447
1.38194 2.9662
1.38264 2.97794
1.38333 2.98968
1.38403 3.00143
1.38472 3.01319
1.38542 3.02496
1.38611 3.03673
1.38681 3.04851
1.3875 3.0603
1.38819 3.07209
