0 0
0.000694444 0.0041884
0.00138889 0.00839036
0.00208333 0.0126074
0.00277778 0.0168395
0.00347222 0.0210863
0.00416667 0.0253479
0.00486111 0.029624
0.00555556 0.0339161
0.00625 0.0382208
0.00694444 0.0425396
0.00763889 0.046874
0.00833333 0.0512206
0.00902778 0.0555807
0.00972222 0.0599543
0.0104167 0.0643413
0.0111111 0.0687414
0.0118056 0.0731544
0.0125 0.0775803
0.0131944 0.0820189
0.0138889 0.08647
0.0145833 0.0909334
0.0152778 0.095409
0.0159722 0.0998966
0.0166667 0.104398
0.0173611 0.108909
0.0180556 0.113431
0.01875 0.117967
0.0194444 0.122512
0.0201389 0.127068
0.0208333 0.131634
0.0215278 0.136212
0.0222222 0.140799
0.0229167 0.145397
0.0236111 0.150005
0.0243056 0.154623
0.025 0.159251
0.0256944 0.163888
0.0263889 0.168534
0.0270833 0.17319
0.0277778 0.177856
0.0284722 0.182529
0.0291667 0.187211
0.0298611 0.191903
0.0305556 0.196601
0.03125 0.201307
0.0319444 0.206021
0.0326389 0.210743
0.0333333 0.215472
0.0340278 0.220208
0.0347222 0.224951
0.0354167 0.229701
0.0361111 0.234457
0.0368056 0.239222
0.0375 0.243991
0.0381944 0.248766
0.0388889 0.253549
0.0395833 0.258335
0.0402778 0.263127
0.0409722 0.267924
0.0416667 0.272726
0.0423611 0.277533
0.0430556 0.282345
0.04375 0.28716
0.0444444 0.29198
0.0451389 0.296804
0.0458333 0.301632
0.0465278 0.306463
0.0472222 0.311297
0.0479167 0.316136
0.0486111 0.320977
0.0493056 0.32582
0.05 0.330667
0.0506944 0.335515
0.0513889 0.340365
0.0520833 0.345217
0.0527778 0.35007
0.0534722 0.354925
0.0541667 0.359781
0.0548611 0.364638
0.0555556 0.369496
0.05625 0.374354
0.0569444 0.379213
0.0576389 0.384072
0.0583333 0.388931
0.0590278 0.393791
0.0597222 0.398649
0.0604167 0.403507
0.0611111 0.408365
0.0618056 0.413221
0.0625 0.418075
0.0631944 0.422927
0.0638889 0.427778
0.0645833 0.432627
0.0652778 0.437474
0.0659722 0.442318
0.0666667 0.44716
0.0673611 0.451999
0.0680556 0.456836
0.06875 0.461669
0.0694444 0.466498
0.0701389 0.471325
0.0708333 0.476147
0.0715278 0.480965
0.0722222 0.485778
0.0729167 0.490587
0.0736111 0.495392
0.0743056 0.500191
0.075 0.504985
0.0756944 0.509775
0.0763889 0.514558
0.0770833 0.519336
0.0777778 0.524108
0.0784722 0.528874
0.0791667 0.533635
0.0798611 0.538388
0.0805556 0.543134
0.08125 0.547875
0.0819444 0.552607
0.0826389 0.557332
0.0833333 0.56205
0.0840278 0.566759
0.0847222 0.571461
0.0854167 0.576155
0.0861111 0.58084
0.0868056 0.585517
0.0875 0.590186
0.0881944 0.594845
0.0888889 0.599496
0.0895833 0.604137
0.0902778 0.60877
0.0909722 0.613392
0.0916667 0.618005
0.0923611 0.622609
0.0930556 0.627201
0.09375 0.631783
0.0944444 0.636354
0.0951389 0.640915
0.0958333 0.645464
0.0965278 0.650003
0.0972222 0.654531
0.0979167 0.659047
0.0986111 0.663551
0.0993056 0.668046
0.1 0.672527
0.100694 0.676996
0.101389 0.681454
0.102083 0.685898
0.102778 0.69033
0.103472 0.694749
0.104167 0.699155
0.104861 0.703548
0.105556 0.707928
0.10625 0.712294
0.106944 0.716647
0.107639 0.720987
0.108333 0.725312
0.109028 0.729624
0.109722 0.733922
0.110417 0.738207
0.111111 0.742476
0.111806 0.746731
0.1125 0.750972
0.113194 0.755197
0.113889 0.759408
0.114583 0.763603
0.115278 0.767783
0.115972 0.771948
0.116667 0.776097
0.117361 0.780231
0.118056 0.78435
0.11875 0.788452
0.119444 0.792539
0.120139 0.79661
0.120833 0.800665
0.121528 0.804705
0.122222 0.808727
0.122917 0.812733
0.123611 0.816724
0.124306 0.820697
0.125 0.824653
0.125694 0.828593
0.126389 0.832515
0.127083 0.836421
0.127778 0.84031
0.128472 0.844181
0.129167 0.848036
0.129861 0.851873
0.130556 0.855694
0.13125 0.859497
0.131944 0.863282
0.132639 0.867051
0.133333 0.870801
0.134028 0.874533
0.134722 0.878248
0.135417 0.881945
0.136111 0.885624
0.136806 0.889286
0.1375 0.892929
0.138194 0.896555
0.138889 0.900163
0.139583 0.903753
0.140278 0.907324
0.140972 0.910878
0.141667 0.914415
0.142361 0.917933
0.143056 0.921433
0.14375 0.924916
0.144444 0.92838
0.145139 0.931825
0.145833 0.935253
0.146528 0.938662
0.147222 0.942053
0.147917 0.945426
0.148611 0.948782
0.149306 0.952119
0.15 0.955438
0.150694 0.958739
0.151389 0.962022
0.152083 0.965287
0.152778 0.968536
0.153472 0.971766
0.154167 0.974977
0.154861 0.978173
0.155556 0.981349
0.15625 0.984507
0.156944 0.987648
0.157639 0.990772
0.158333 0.993878
0.159028 0.996966
0.159722 1.00004
0.160417 1.00309
0.161111 1.00613
0.161806 1.00915
0.1625 1.01215
0.163194 1.01514
0.163889 1.01811
0.164583 1.02106
0.165278 1.024
0.165972 1.02692
0.166667 1.02982
0.167361 1.0327
0.168056 1.03557
0.16875 1.03843
0.169444 1.04127
0.170139 1.04409
0.170833 1.0469
0.171528 1.04969
0.172222 1.05247
0.172917 1.05523
0.173611 1.05797
0.174306 1.06071
0.175 1.06342
0.175694 1.06612
0.176389 1.06881
0.177083 1.07149
0.177778 1.07415
0.178472 1.07679
0.179167 1.07942
0.179861 1.08204
0.180556 1.08465
0.18125 1.08724
0.181944 1.08982
0.182639 1.09238
0.183333 1.09494
0.184028 1.09748
0.184722 1.10001
0.185417 1.10253
0.186111 1.10504
0.186806 1.10753
0.1875 1.11002
0.188194 1.11249
0.188889 1.11495
0.189583 1.1174
0.190278 1.11985
0.190972 1.12228
0.191667 1.1247
0.192361 1.12712
0.193056 1.12952
0.19375 1.13192
0.194444 1.1343
0.195139 1.13668
0.195833 1.13905
0.196528 1.14142
0.197222 1.14377
0.197917 1.14612
0.198611 1.14846
0.199306 1.1508
0.2 1.15313
0.200694 1.15545
0.201389 1.15777
0.202083 1.16008
0.202778 1.16239
0.203472 1.16469
0.204167 1.16699
0.204861 1.16928
0.205556 1.17157
0.20625 1.17386
0.206944 1.17614
0.207639 1.17842
0.208333 1.1807
0.209028 1.18298
0.209722 1.18526
0.210417 1.18753
0.211111 1.1898
0.211806 1.19207
0.2125 1.19435
0.213194 1.19662
0.213889 1.19889
0.214583 1.20116
0.215278 1.20344
0.215972 1.20571
0.216667 1.20799
0.217361 1.21027
0.218056 1.21255
0.21875 1.21484
0.219444 1.21713
0.220139 1.21942
0.220833 1.22171
0.221528 1.22401
0.222222 1.22632
0.222917 1.22863
0.223611 1.23094
0.224306 1.23327
0.225 1.23559
0.225694 1.23793
0.226389 1.24027
0.227083 1.24262
0.227778 1.24498
0.228472 1.24734
0.229167 1.24971
0.229861 1.25209
0.230556 1.25449
0.23125 1.25689
0.231944 1.2593
0.232639 1.26172
0.233333 1.26415
0.234028 1.26659
0.234722 1.26905
0.235417 1.27151
0.236111 1.27399
0.236806 1.27648
0.2375 1.27898
0.238194 1.2815
0.238889 1.28403
0.239583 1.28657
0.240278 1.28913
0.240972 1.29171
0.241667 1.29429
0.242361 1.2969
0.243056 1.29952
0.24375 1.30215
0.244444 1.3048
0.245139 1.30747
0.245833 1.31015
0.246528 1.31286
0.247222 1.31557
0.247917 1.31831
0.248611 1.32107
0.249306 1.32384
0.25 1.32663
0.250694 1.32945
0.251389 1.33228
0.252083 1.33513
0.252778 1.338
0.253472 1.34089
0.254167 1.3438
0.254861 1.34674
0.255556 1.34969
0.25625 1.35266
0.256944 1.35566
0.257639 1.35868
0.258333 1.36172
0.259028 1.36478
0.259722 1.36787
0.260417 1.37098
0.261111 1.37411
0.261806 1.37726
0.2625 1.38044
0.263194 1.38364
0.263889 1.38686
0.264583 1.39011
0.265278 1.39339
0.265972 1.39668
0.266667 1.4
0.267361 1.40335
0.268056 1.40672
0.26875 1.41012
0.269444 1.41354
0.270139 1.41698
0.270833 1.42046
0.271528 1.42395
0.272222 1.42747
0.272917 1.43102
0.273611 1.4346
0.274306 1.4382
0.275 1.44182
0.275694 1.44547
0.276389 1.44915
0.277083 1.45285
0.277778 1.45658
0.278472 1.46034
0.279167 1.46412
0.279861 1.46793
0.280556 1.47176
0.28125 1.47562
0.281944 1.47951
0.282639 1.48343
0.283333 1.48736
0.284028 1.49133
0.284722 1.49532
0.285417 1.49934
0.286111 1.50338
0.286806 1.50745
0.2875 1.51155
0.288194 1.51567
0.288889 1.51982
0.289583 1.52399
0.290278 1.52819
0.290972 1.53242
0.291667 1.53667
0.292361 1.54094
0.293056 1.54525
0.29375 1.54957
0.294444 1.55392
0.295139 1.5583
0.295833 1.5627
0.296528 1.56712
0.297222 1.57157
0.297917 1.57605
0.298611 1.58054
0.299306 1.58506
0.3 1.58961
0.300694 1.59418
0.301389 1.59877
0.302083 1.60338
0.302778 1.60802
0.303472 1.61268
0.304167 1.61736
0.304861 1.62206
0.305556 1.62679
0.30625 1.63153
0.306944 1.6363
0.307639 1.64109
0.308333 1.6459
0.309028 1.65073
0.309722 1.65558
0.310417 1.66045
0.311111 1.66534
0.311806 1.67025
0.3125 1.67517
0.313194 1.68012
0.313889 1.68508
0.314583 1.69007
0.315278 1.69506
0.315972 1.70008
0.316667 1.70511
0.317361 1.71016
0.318056 1.71523
0.31875 1.72031
0.319444 1.72541
0.320139 1.73052
0.320833 1.73564
0.321528 1.74079
0.322222 1.74594
0.322917 1.75111
0.323611 1.75629
0.324306 1.76148
0.325 1.76669
0.325694 1.7719
0.326389 1.77713
0.327083 1.78237
0.327778 1.78762
0.328472 1.79288
0.329167 1.79815
0.329861 1.80343
0.330556 1.80872
0.33125 1.81401
0.331944 1.81932
0.332639 1.82463
0.333333 1.82995
0.334028 1.83527
0.334722 1.8406
0.335417 1.84594
0.336111 1.85128
0.336806 1.85663
0.3375 1.86198
0.338194 1.86733
0.338889 1.87269
0.339583 1.87805
0.340278 1.88341
0.340972 1.88877
0.341667 1.89413
0.342361 1.8995
0.343056 1.90486
0.34375 1.91023
0.344444 1.91559
0.345139 1.92096
0.345833 1.92632
0.346528 1.93167
0.347222 1.93703
0.347917 1.94238
0.348611 1.94773
0.349306 1.95307
0.35 1.95841
0.350694 1.96375
0.351389 1.96907
0.352083 1.97439
0.352778 1.97971
0.353472 1.98502
0.354167 1.99031
0.354861 1.9956
0.355556 2.00089
0.35625 2.00616
0.356944 2.01142
0.357639 2.01667
0.358333 2.02191
0.359028 2.02714
0.359722 2.03235
0.360417 2.03755
0.361111 2.04274
0.361806 2.04792
0.3625 2.05308
0.363194 2.05822
0.363889 2.06335
0.364583 2.06847
0.365278 2.07357
0.365972 2.07865
0.366667 2.08371
0.367361 2.08876
0.368056 2.09378
0.36875 2.09879
0.369444 2.10378
0.370139 2.10875
0.370833 2.11369
0.371528 2.11862
0.372222 2.12352
0.372917 2.1284
0.373611 2.13326
0.374306 2.13809
0.375 2.1429
0.375694 2.14769
0.376389 2.15245
0.377083 2.15719
0.377778 2.1619
0.378472 2.16658
0.379167 2.17124
0.379861 2.17587
0.380556 2.18047
0.38125 2.18504
0.381944 2.18958
0.382639 2.19409
0.383333 2.19858
0.384028 2.20303
0.384722 2.20745
0.385417 2.21184
0.386111 2.2162
0.386806 2.22052
0.3875 2.22481
0.388194 2.22907
0.388889 2.23329
0.389583 2.23748
0.390278 2.24164
0.390972 2.24575
0.391667 2.24984
0.392361 2.25388
0.393056 2.25789
0.39375 2.26186
0.394444 2.26579
0.395139 2.26969
0.395833 2.27354
0.396528 2.27736
0.397222 2.28113
0.397917 2.28487
0.398611 2.28856
0.399306 2.29221
0.4 2.29583
0.400694 2.29939
0.401389 2.30292
0.402083 2.3064
0.402778 2.30984
0.403472 2.31324
0.404167 2.31659
0.404861 2.31989
0.405556 2.32315
0.40625 2.32637
0.406944 2.32954
0.407639 2.33266
0.408333 2.33574
0.409028 2.33876
0.409722 2.34174
0.410417 2.34467
0.411111 2.34756
0.411806 2.35039
0.4125 2.35317
0.413194 2.35591
0.413889 2.35859
0.414583 2.36122
0.415278 2.36381
0.415972 2.36634
0.416667 2.36882
0.417361 2.37124
0.418056 2.37362
0.41875 2.37594
0.419444 2.37821
0.420139 2.38042
0.420833 2.38258
0.421528 2.38469
0.422222 2.38674
0.422917 2.38874
0.423611 2.39068
0.424306 2.39256
0.425 2.39439
0.425694 2.39616
0.426389 2.39788
0.427083 2.39954
0.427778 2.40114
0.428472 2.40269
0.429167 2.40418
0.429861 2.40561
0.430556 2.40698
0.43125 2.40829
0.431944 2.40954
0.432639 2.41074
0.433333 2.41187
0.434028 2.41294
0.434722 2.41396
0.435417 2.41491
0.436111 2.4158
0.436806 2.41664
0.4375 2.41741
0.438194 2.41812
0.438889 2.41877
0.439583 2.41936
0.440278 2.41988
0.440972 2.42035
0.441667 2.42075
0.442361 2.42109
0.443056 2.42136
0.44375 2.42158
0.444444 2.42173
0.445139 2.42181
0.445833 2.42184
0.446528 2.4218
0.447222 2.4217
0.447917 2.42153
0.448611 2.4213
0.449306 2.421
0.45 2.42065
0.450694 2.42022
0.451389 2.41973
0.452083 2.41918
0.452778 2.41857
0.453472 2.41788
0.454167 2.41714
0.454861 2.41632
0.455556 2.41545
0.45625 2.41451
0.456944 2.4135
0.457639 2.41243
0.458333 2.41129
0.459028 2.41009
0.459722 2.40882
0.460417 2.40749
0.461111 2.40609
0.461806 2.40463
0.4625 2.4031
0.463194 2.40151
0.463889 2.39985
0.464583 2.39812
0.465278 2.39633
0.465972 2.39448
0.466667 2.39256
0.467361 2.39057
0.468056 2.38852
0.46875 2.38641
0.469444 2.38423
0.470139 2.38199
0.470833 2.37968
0.471528 2.37731
0.472222 2.37487
0.472917 2.37237
0.473611 2.3698
0.474306 2.36717
0.475 2.36448
0.475694 2.36172
0.476389 2.3589
0.477083 2.35601
0.477778 2.35306
0.478472 2.35005
0.479167 2.34698
0.479861 2.34385
0.480556 2.34065
0.48125 2.33739
0.481944 2.33407
0.482639 2.33068
0.483333 2.32724
0.484028 2.32373
0.484722 2.32017
0.485417 2.31654
0.486111 2.31285
0.486806 2.30911
0.4875 2.3053
0.488194 2.30144
0.488889 2.29751
0.489583 2.29353
0.490278 2.28949
0.490972 2.2854
0.491667 2.28124
0.492361 2.27703
0.493056 2.27276
0.49375 2.26844
0.494444 2.26406
0.495139 2.25963
0.495833 2.25514
0.496528 2.2506
0.497222 2.24601
0.497917 2.24136
0.498611 2.23666
0.499306 2.2319
0.5 2.2271
0.500694 2.22225
0.501389 2.21734
0.502083 2.21239
0.502778 2.20739
0.503472 2.20234
0.504167 2.19724
0.504861 2.1921
0.505556 2.1869
0.50625 2.18167
0.506944 2.17639
0.507639 2.17106
0.508333 2.16569
0.509028 2.16028
0.509722 2.15483
0.510417 2.14933
0.511111 2.1438
0.511806 2.13823
0.5125 2.13261
0.513194 2.12696
0.513889 2.12128
0.514583 2.11556
0.515278 2.1098
0.515972 2.10401
0.516667 2.09818
0.517361 2.09232
0.518056 2.08644
0.51875 2.08052
0.519444 2.07457
0.520139 2.06859
0.520833 2.06259
0.521528 2.05656
0.522222 2.05051
0.522917 2.04443
0.523611 2.03833
0.524306 2.03221
0.525 2.02607
0.525694 2.01991
0.526389 2.01374
0.527083 2.00754
0.527778 2.00133
0.528472 1.99511
0.529167 1.98887
0.529861 1.98262
0.530556 1.97637
0.53125 1.9701
0.531944 1.96383
0.532639 1.95755
0.533333 1.95127
0.534028 1.94499
0.534722 1.9387
0.535417 1.93241
0.536111 1.92613
0.536806 1.91985
0.5375 1.91357
0.538194 1.9073
0.538889 1.90104
0.539583 1.89479
0.540278 1.88856
0.540972 1.88233
0.541667 1.87612
0.542361 1.86993
0.543056 1.86375
0.54375 1.8576
0.544444 1.85147
0.545139 1.84536
0.545833 1.83929
0.546528 1.83323
0.547222 1.82721
0.547917 1.82122
0.548611 1.81527
0.549306 1.80935
0.55 1.80346
0.550694 1.79762
0.551389 1.79182
0.552083 1.78607
0.552778 1.78036
0.553472 1.7747
0.554167 1.7691
0.554861 1.76354
0.555556 1.75804
0.55625 1.7526
0.556944 1.74722
0.557639 1.7419
0.558333 1.73664
0.559028 1.73145
0.559722 1.72633
0.560417 1.72128
0.561111 1.7163
0.561806 1.7114
0.5625 1.70658
0.563194 1.70184
0.563889 1.69718
0.564583 1.69261
0.565278 1.68812
0.565972 1.68373
0.566667 1.67943
0.567361 1.67522
0.568056 1.67111
0.56875 1.66709
0.569444 1.66319
0.570139 1.65938
0.570833 1.65568
0.571528 1.65209
0.572222 1.64861
0.572917 1.64525
0.573611 1.642
0.574306 1.63887
0.575 1.63586
0.575694 1.63297
0.576389 1.63021
0.577083 1.62758
0.577778 1.62507
0.578472 1.6227
0.579167 1.62045
0.579861 1.61835
0.580556 1.61638
0.58125 1.61455
0.581944 1.61286
0.582639 1.61132
0.583333 1.60992
0.584028 1.60867
0.584722 1.60756
0.585417 1.60661
0.586111 1.60581
0.586806 1.60516
0.5875 1.60466
0.588194 1.60433
0.588889 1.60415
0.589583 1.60412
0.590278 1.60426
0.590972 1.60456
0.591667 1.60503
0.592361 1.60565
0.593056 1.60644
0.59375 1.6074
0.594444 1.60852
0.595139 1.60981
0.595833 1.61126
0.596528 1.61289
0.597222 1.61468
0.597917 1.61664
0.598611 1.61877
0.599306 1.62107
0.6 1.62355
0.600694 1.62619
0.601389 1.629
0.602083 1.63198
0.602778 1.63513
0.603472 1.63844
0.604167 1.64193
0.604861 1.64559
0.605556 1.64942
0.60625 1.65341
0.606944 1.65757
0.607639 1.6619
0.608333 1.6664
0.609028 1.67106
0.609722 1.67588
0.610417 1.68087
0.611111 1.68602
0.611806 1.69133
0.6125 1.69681
0.613194 1.70244
0.613889 1.70823
0.614583 1.71418
0.615278 1.72029
0.615972 1.72654
0.616667 1.73296
0.617361 1.73952
0.618056 1.74623
0.61875 1.7531
0.619444 1.76011
0.620139 1.76726
0.620833 1.77456
0.621528 1.78201
0.622222 1.78959
0.622917 1.79731
0.623611 1.80517
0.624306 1.81316
0.625 1.82129
0.625694 1.82955
0.626389 1.83794
0.627083 1.84646
0.627778 1.8551
0.628472 1.86387
0.629167 1.87276
0.629861 1.88178
0.630556 1.89091
0.63125 1.90015
0.631944 1.90952
0.632639 1.91899
0.633333 1.92858
0.634028 1.93827
0.634722 1.94808
0.635417 1.95798
0.636111 1.968
0.636806 1.97811
0.6375 1.98832
0.638194 1.99863
0.638889 2.00903
0.639583 2.01953
0.640278 2.03012
0.640972 2.0408
0.641667 2.05157
0.642361 2.06242
0.643056 2.07336
0.64375 2.08438
0.644444 2.09548
0.645139 2.10666
0.645833 2.11791
0.646528 2.12924
0.647222 2.14064
0.647917 2.15212
0.648611 2.16366
0.649306 2.17527
0.65 2.18695
0.650694 2.19869
0.651389 2.21049
0.652083 2.22235
0.652778 2.23427
0.653472 2.24625
0.654167 2.25829
0.654861 2.27038
0.655556 2.28252
0.65625 2.29471
0.656944 2.30695
0.657639 2.31923
0.658333 2.33156
0.659028 2.34394
0.659722 2.35636
0.660417 2.36882
0.661111 2.38132
0.661806 2.39386
0.6625 2.40643
0.663194 2.41904
0.663889 2.43168
0.664583 2.44435
0.665278 2.45706
0.665972 2.46979
0.666667 2.48255
0.667361 2.49534
0.668056 2.50815
0.66875 2.52099
0.669444 2.53385
0.670139 2.54672
0.670833 2.55962
0.671528 2.57254
0.672222 2.58547
0.672917 2.59843
0.673611 2.61139
0.674306 2.62437
0.675 2.63736
0.675694 2.65036
0.676389 2.66337
0.677083 2.67639
0.677778 2.68941
0.678472 2.70245
0.679167 2.71548
0.679861 2.72852
0.680556 2.74157
0.68125 2.75461
0.681944 2.76766
0.682639 2.7807
0.683333 2.79375
0.684028 2.80679
0.684722 2.81983
0.685417 2.83286
0.686111 2.84589
0.686806 2.85891
0.6875 2.87192
0.688194 2.88492
0.688889 2.89792
0.689583 2.9109
0.690278 2.92387
0.690972 2.93683
0.691667 2.94978
0.692361 2.96271
0.693056 2.97563
0.69375 2.98853
0.694444 3.00141
0.695139 3.01428
0.695833 3.02712
0.696528 3.03995
0.697222 3.05276
0.697917 3.06554
0.698611 3.07831
0.699306 3.09105
0.7 3.10376
0.700694 3.11645
0.701389 3.12912
0.702083 3.14176
0.702778 3.15438
0.703472 3.16696
0.704167 3.17952
0.704861 3.19205
0.705556 3.20455
0.70625 3.21703
0.706944 3.22947
0.707639 3.24187
0.708333 3.25425
0.709028 3.26659
0.709722 3.2789
0.710417 3.29117
0.711111 3.30341
0.711806 3.31561
0.7125 3.32778
0.713194 3.33991
0.713889 3.352
0.714583 3.36405
0.715278 3.37607
0.715972 3.38805
0.716667 3.39998
0.717361 3.41188
0.718056 3.42374
0.71875 3.43555
0.719444 3.44732
0.720139 3.45905
0.720833 3.47073
0.721528 3.48238
0.722222 3.49397
0.722917 3.50553
0.723611 3.51703
0.724306 3.5285
0.725 3.53991
0.725694 3.55128
0.726389 3.5626
0.727083 3.57388
0.727778 3.5851
0.728472 3.59628
0.729167 3.60741
0.729861 3.61849
0.730556 3.62952
0.73125 3.6405
0.731944 3.65143
0.732639 3.66231
0.733333 3.67313
0.734028 3.68391
0.734722 3.69463
0.735417 3.7053
0.736111 3.71592
0.736806 3.72648
0.7375 3.737
0.738194 3.74745
0.738889 3.75785
0.739583 3.7682
0.740278 3.77849
0.740972 3.78873
0.741667 3.79891
0.742361 3.80904
0.743056 3.81911
0.74375 3.82912
0.744444 3.83908
0.745139 3.84897
0.745833 3.85882
0.746528 3.8686
0.747222 3.87833
0.747917 3.88799
0.748611 3.8976
0.749306 3.90715
0.75 3.91665
0.750694 3.92608
0.751389 3.93545
0.752083 3.94476
0.752778 3.95402
0.753472 3.96321
0.754167 3.97234
0.754861 3.98141
0.755556 3.99043
0.75625 3.99938
0.756944 4.00827
0.757639 4.0171
0.758333 4.02586
0.759028 4.03457
0.759722 4.04321
0.760417 4.0518
0.761111 4.06031
0.761806 4.06877
0.7625 4.07717
0.763194 4.0855
0.763889 4.09377
0.764583 4.10198
0.765278 4.11012
0.765972 4.1182
0.766667 4.12622
0.767361 4.13418
0.768056 4.14207
0.76875 4.1499
0.769444 4.15767
0.770139 4.16537
0.770833 4.17301
0.771528 4.18058
0.772222 4.18809
0.772917 4.19554
0.773611 4.20292
0.774306 4.21024
0.775 4.2175
0.775694 4.22469
0.776389 4.23182
0.777083 4.23888
0.777778 4.24588
0.778472 4.25282
0.779167 4.25969
0.779861 4.2665
0.780556 4.27324
0.78125 4.27992
0.781944 4.28653
0.782639 4.29308
0.783333 4.29957
0.784028 4.30599
0.784722 4.31235
0.785417 4.31864
0.786111 4.32487
0.786806 4.33104
0.7875 4.33714
0.788194 4.34318
0.788889 4.34916
0.789583 4.35507
0.790278 4.36091
0.790972 4.3667
0.791667 4.37242
0.792361 4.37807
0.793056 4.38366
0.79375 4.38919
0.794444 4.39466
0.795139 4.40006
0.795833 4.4054
0.796528 4.41068
0.797222 4.41589
0.797917 4.42104
0.798611 4.42613
0.799306 4.43116
0.8 4.43612
0.800694 4.44102
0.801389 4.44586
0.802083 4.45064
0.802778 4.45535
0.803472 4.46
0.804167 4.46459
0.804861 4.46912
0.805556 4.47359
0.80625 4.47799
0.806944 4.48234
0.807639 4.48662
0.808333 4.49085
0.809028 4.49501
0.809722 4.49911
0.810417 4.50316
0.811111 4.50714
0.811806 4.51106
0.8125 4.51492
0.813194 4.51873
0.813889 4.52247
0.814583 4.52615
0.815278 4.52978
0.815972 4.53335
0.816667 4.53685
0.817361 4.5403
0.818056 4.5437
0.81875 4.54703
0.819444 4.55031
0.820139 4.55353
0.820833 4.55669
0.821528 4.55979
0.822222 4.56284
0.822917 4.56583
0.823611 4.56876
0.824306 4.57164
0.825 4.57446
0.825694 4.57723
0.826389 4.57994
0.827083 4.5826
0.827778 4.5852
0.828472 4.58775
0.829167 4.59024
0.829861 4.59268
0.830556 4.59507
0.83125 4.5974
0.831944 4.59968
0.832639 4.60191
0.833333 4.60408
0.834028 4.6062
0.834722 4.60827
0.835417 4.61029
0.836111 4.61225
0.836806 4.61417
0.8375 4.61603
0.838194 4.61784
0.838889 4.6196
0.839583 4.62132
0.840278 4.62298
0.840972 4.62459
0.841667 4.62616
0.842361 4.62767
0.843056 4.62914
0.84375 4.63056
0.844444 4.63193
0.845139 4.63326
0.845833 4.63453
0.846528 4.63576
0.847222 4.63695
0.847917 4.63808
0.848611 4.63917
0.849306 4.64022
0.85 4.64122
0.850694 4.64218
0.851389 4.64309
0.852083 4.64396
0.852778 4.64478
0.853472 4.64556
0.854167 4.6463
0.854861 4.64699
0.855556 4.64765
0.85625 4.64826
0.856944 4.64883
0.857639 4.64935
0.858333 4.64984
0.859028 4.65029
0.859722 4.65069
0.860417 4.65106
0.861111 4.65139
0.861806 4.65167
0.8625 4.65192
0.863194 4.65213
0.863889 4.65231
0.864583 4.65244
0.865278 4.65254
0.865972 4.6526
0.866667 4.65263
0.867361 4.65261
0.868056 4.65257
0.86875 4.65249
0.869444 4.65237
0.870139 4.65222
0.870833 4.65203
0.871528 4.65181
0.872222 4.65156
0.872917 4.65128
0.873611 4.65096
0.874306 4.65061
0.875 4.65023
0.875694 4.64982
0.876389 4.64937
0.877083 4.6489
0.877778 4.64839
0.878472 4.64786
0.879167 4.6473
0.879861 4.6467
0.880556 4.64608
0.88125 4.64543
0.881944 4.64476
0.882639 4.64406
0.883333 4.64333
0.884028 4.64257
0.884722 4.64179
0.885417 4.64098
0.886111 4.64014
0.886806 4.63929
0.8875 4.6384
0.888194 4.6375
0.888889 4.63657
0.889583 4.63561
0.890278 4.63464
0.890972 4.63364
0.891667 4.63262
0.892361 4.63158
0.893056 4.63051
0.89375 4.62943
0.894444 4.62833
0.895139 4.62721
0.895833 4.62606
0.896528 4.6249
0.897222 4.62372
0.897917 4.62252
0.898611 4.62131
0.899306 4.62007
0.9 4.61882
0.900694 4.61756
0.901389 4.61627
0.902083 4.61498
0.902778 4.61367
0.903472 4.61234
0.904167 4.61099
0.904861 4.60964
0.905556 4.60827
0.90625 4.60689
0.906944 4.60549
0.907639 4.60409
0.908333 4.60267
0.909028 4.60124
0.909722 4.59979
0.910417 4.59834
0.911111 4.59688
0.911806 4.59541
0.9125 4.59393
0.913194 4.59244
0.913889 4.59094
0.914583 4.58943
0.915278 4.58792
0.915972 4.5864
0.916667 4.58487
0.917361 4.58333
0.918056 4.58179
0.91875 4.58025
0.919444 4.57869
0.920139 4.57714
0.920833 4.57558
0.921528 4.57401
0.922222 4.57244
0.922917 4.57087
0.923611 4.5693
0.924306 4.56772
0.925 4.56614
0.925694 4.56456
0.926389 4.56298
0.927083 4.5614
0.927778 4.55982
0.928472 4.55823
0.929167 4.55665
0.929861 4.55507
0.930556 4.55349
0.93125 4.55191
0.931944 4.55034
0.932639 4.54876
0.933333 4.54719
0.934028 4.54562
0.934722 4.54406
0.935417 4.5425
0.936111 4.54094
0.936806 4.53939
0.9375 4.53784
0.938194 4.5363
0.938889 4.53477
0.939583 4.53324
0.940278 4.53171
0.940972 4.5302
0.941667 4.52869
0.942361 4.52718
0.943056 4.52569
0.94375 4.52421
0.944444 4.52273
0.945139 4.52126
0.945833 4.51981
0.946528 4.51836
0.947222 4.51692
0.947917 4.51549
0.948611 4.51407
0.949306 4.51267
0.95 4.51127
0.950694 4.50989
0.951389 4.50852
0.952083 4.50716
0.952778 4.50582
0.953472 4.50448
0.954167 4.50316
0.954861 4.50186
0.955556 4.50057
0.95625 4.49929
0.956944 4.49803
0.957639 4.49678
0.958333 4.49555
0.959028 4.49433
0.959722 4.49313
0.960417 4.49195
0.961111 4.49078
0.961806 4.48963
0.9625 4.4885
0.963194 4.48738
0.963889 4.48628
0.964583 4.4852
0.965278 4.48414
0.965972 4.4831
0.966667 4.48207
0.967361 4.48107
0.968056 4.48008
0.96875 4.47911
0.969444 4.47817
0.970139 4.47724
0.970833 4.47633
0.971528 4.47545
0.972222 4.47458
0.972917 4.47374
0.973611 4.47291
0.974306 4.47211
0.975 4.47133
0.975694 4.47058
0.976389 4.46984
0.977083 4.46913
0.977778 4.46844
0.978472 4.46778
0.979167 4.46713
0.979861 4.46651
0.980556 4.46592
0.98125 4.46534
0.981944 4.46479
0.982639 4.46427
0.983333 4.46377
0.984028 4.4633
0.984722 4.46284
0.985417 4.46242
0.986111 4.46202
0.986806 4.46165
0.9875 4.4613
0.988194 4.46097
0.988889 4.46068
0.989583 4.4604
0.990278 4.46016
0.990972 4.45994
0.991667 4.45975
0.992361 4.45958
0.993056 4.45944
0.99375 4.45933
0.994444 4.45924
0.995139 4.45918
0.995833 4.45915
0.996528 4.45915
0.997222 4.45918
0.997917 4.45923
0.998611 4.45931
0.999306 4.45942
1 4.45955
1.00069 4.45971
1.00139 4.45991
1.00208 4.46013
1.00278 4.46037
1.00347 4.46065
1.00417 4.46096
1.00486 4.46129
1.00556 4.46165
1.00625 4.46204
1.00694 4.46246
1.00764 4.46292
1.00833 4.46339
1.00903 4.4639
1.00972 4.46444
1.01042 4.465
1.01111 4.4656
1.01181 4.46622
1.0125 4.46687
1.01319 4.46755
1.01389 4.46826
1.01458 4.46901
1.01528 4.46977
1.01597 4.47057
1.01667 4.4714
1.01736 4.47226
1.01806 4.47315
1.01875 4.47407
1.01944 4.47501
1.02014 4.47599
1.02083 4.47699
1.02153 4.47803
1.02222 4.47909
1.02292 4.48018
1.02361 4.4813
1.02431 4.48245
1.025 4.48363
1.02569 4.48484
1.02639 4.48608
1.02708 4.48735
1.02778 4.48864
1.02847 4.48997
1.02917 4.49132
1.02986 4.4927
1.03056 4.49412
1.03125 4.49556
1.03194 4.49702
1.03264 4.49852
1.03333 4.50005
1.03403 4.5016
1.03472 4.50318
1.03542 4.50479
1.03611 4.50643
1.03681 4.5081
1.0375 4.50979
1.03819 4.51151
1.03889 4.51326
1.03958 4.51504
1.04028 4.51684
1.04097 4.51867
1.04167 4.52053
1.04236 4.52242
1.04306 4.52433
1.04375 4.52627
1.04444 4.52823
1.04514 4.53022
1.04583 4.53224
1.04653 4.53429
1.04722 4.53636
1.04792 4.53845
1.04861 4.54058
1.04931 4.54272
1.05 4.5449
1.05069 4.5471
1.05139 4.54932
1.05208 4.55157
1.05278 4.55384
1.05347 4.55614
1.05417 4.55846
1.05486 4.5608
1.05556 4.56317
1.05625 4.56557
1.05694 4.56798
1.05764 4.57042
1.05833 4.57289
1.05903 4.57538
1.05972 4.57788
1.06042 4.58042
1.06111 4.58297
1.06181 4.58555
1.0625 4.58815
1.06319 4.59077
1.06389 4.59341
1.06458 4.59607
1.06528 4.59875
1.06597 4.60146
1.06667 4.60418
1.06736 4.60693
1.06806 4.60969
1.06875 4.61248
1.06944 4.61528
1.07014 4.61811
1.07083 4.62095
1.07153 4.62381
1.07222 4.62669
1.07292 4.62959
1.07361 4.63251
1.07431 4.63544
1.075 4.63839
1.07569 4.64136
1.07639 4.64435
1.07708 4.64735
1.07778 4.65037
1.07847 4.65341
1.07917 4.65646
1.07986 4.65953
1.08056 4.66261
1.08125 4.66571
1.08194 4.66882
1.08264 4.67195
1.08333 4.67509
1.08403 4.67825
1.08472 4.68141
1.08542 4.6846
1.08611 4.68779
1.08681 4.691
1.0875 4.69422
1.08819 4.69746
1.08889 4.7007
1.08958 4.70396
1.09028 4.70723
1.09097 4.71051
1.09167 4.7138
1.09236 4.7171
1.09306 4.72041
1.09375 4.72373
1.09444 4.72706
1.09514 4.7304
1.09583 4.73375
1.09653 4.73711
1.09722 4.74047
1.09792 4.74385
1.09861 4.74723
1.09931 4.75062
1.1 4.75401
1.10069 4.75741
1.10139 4.76082
1.10208 4.76424
1.10278 4.76766
1.10347 4.77108
1.10417 4.77451
1.10486 4.77795
1.10556 4.78139
1.10625 4.78483
1.10694 4.78828
1.10764 4.79173
1.10833 4.79519
1.10903 4.79865
1.10972 4.80211
1.11042 4.80557
1.11111 4.80904
1.11181 4.8125
1.1125 4.81597
1.11319 4.81944
1.11389 4.82291
1.11458 4.82638
1.11528 4.82985
1.11597 4.83331
1.11667 4.83678
1.11736 4.84025
1.11806 4.84371
1.11875 4.84718
1.11944 4.85064
1.12014 4.8541
1.12083 4.85756
1.12153 4.86101
1.12222 4.86446
1.12292 4.86791
1.12361 4.87135
1.12431 4.87479
1.125 4.87822
1.12569 4.88165
1.12639 4.88507
1.12708 4.88849
1.12778 4.8919
1.12847 4.89531
1.12917 4.89871
1.12986 4.9021
1.13056 4.90548
1.13125 4.90886
1.13194 4.91223
1.13264 4.91559
1.13333 4.91894
1.13403 4.92228
1.13472 4.92562
1.13542 4.92894
1.13611 4.93225
1.13681 4.93556
1.1375 4.93885
1.13819 4.94213
1.13889 4.9454
1.13958 4.94866
1.14028 4.95191
1.14097 4.95515
1.14167 4.95837
1.14236 4.96158
1.14306 4.96478
1.14375 4.96796
1.14444 4.97113
1.14514 4.97429
1.14583 4.97743
1.14653 4.98055
1.14722 4.98366
1.14792 4.98676
1.14861 4.98984
1.14931 4.9929
1.15 4.99595
1.15069 4.99898
1.15139 5.002
1.15208 5.005
1.15278 5.00798
1.15347 5.01094
1.15417 5.01388
1.15486 5.01681
1.15556 5.01972
1.15625 5.0226
1.15694 5.02547
1.15764 5.02832
1.15833 5.03115
1.15903 5.03396
1.15972 5.03675
1.16042 5.03951
1.16111 5.04226
1.16181 5.04499
1.1625 5.04769
1.16319 5.05037
1.16389 5.05303
1.16458 5.05567
1.16528 5.05828
1.16597 5.06087
1.16667 5.06344
1.16736 5.06598
1.16806 5.0685
1.16875 5.071
1.16944 5.07347
1.17014 5.07591
1.17083 5.07833
1.17153 5.08073
1.17222 5.0831
1.17292 5.08544
1.17361 5.08776
1.17431 5.09005
1.175 5.09232
1.17569 5.09456
1.17639 5.09677
1.17708 5.09895
1.17778 5.10111
1.17847 5.10324
1.17917 5.10534
1.17986 5.10741
1.18056 5.10945
1.18125 5.11147
1.18194 5.11345
1.18264 5.11541
1.18333 5.11733
1.18403 5.11923
1.18472 5.1211
1.18542 5.12293
1.18611 5.12474
1.18681 5.12651
1.1875 5.12825
1.18819 5.12997
1.18889 5.13165
1.18958 5.13329
1.19028 5.13491
1.19097 5.13649
1.19167 5.13805
1.19236 5.13957
1.19306 5.14105
1.19375 5.14251
1.19444 5.14393
1.19514 5.14532
1.19583 5.14667
1.19653 5.14799
1.19722 5.14927
1.19792 5.15052
1.19861 5.15174
1.19931 5.15292
1.2 5.15407
1.20069 5.15518
1.20139 5.15626
1.20208 5.1573
1.20278 5.1583
1.20347 5.15927
1.20417 5.16021
1.20486 5.16111
1.20556 5.16197
1.20625 5.1628
1.20694 5.16359
1.20764 5.16434
1.20833 5.16505
1.20903 5.16573
1.20972 5.16637
1.21042 5.16697
1.21111 5.16754
1.21181 5.16807
1.2125 5.16856
1.21319 5.16901
1.21389 5.16942
1.21458 5.1698
1.21528 5.17013
1.21597 5.17043
1.21667 5.17069
1.21736 5.17091
1.21806 5.17109
1.21875 5.17124
1.21944 5.17134
1.22014 5.1714
1.22083 5.17143
1.22153 5.17141
1.22222 5.17135
1.22292 5.17126
1.22361 5.17112
1.22431 5.17095
1.225 5.17073
1.22569 5.17048
1.22639 5.17018
1.22708 5.16985
1.22778 5.16947
1.22847 5.16905
1.22917 5.16859
1.22986 5.16809
1.23056 5.16755
1.23125 5.16697
1.23194 5.16635
1.23264 5.16568
1.23333 5.16498
1.23403 5.16423
1.23472 5.16344
1.23542 5.16262
1.23611 5.16175
1.23681 5.16083
1.2375 5.15988
1.23819 5.15889
1.23889 5.15785
1.23958 5.15677
1.24028 5.15565
1.24097 5.15449
1.24167 5.15328
1.24236 5.15203
1.24306 5.15075
1.24375 5.14942
1.24444 5.14804
1.24514 5.14663
1.24583 5.14517
1.24653 5.14367
1.24722 5.14213
1.24792 5.14055
1.24861 5.13893
1.24931 5.13726
1.25 5.13555
1.25069 5.1338
1.25139 5.132
1.25208 5.13017
1.25278 5.12829
1.25347 5.12637
1.25417 5.12441
1.25486 5.1224
1.25556 5.12036
1.25625 5.11827
1.25694 5.11614
1.25764 5.11396
1.25833 5.11175
1.25903 5.10949
1.25972 5.10719
1.26042 5.10485
1.26111 5.10247
1.26181 5.10005
1.2625 5.09758
1.26319 5.09507
1.26389 5.09252
1.26458 5.08993
1.26528 5.0873
1.26597 5.08463
1.26667 5.08191
1.26736 5.07916
1.26806 5.07636
1.26875 5.07352
1.26944 5.07064
1.27014 5.06772
1.27083 5.06476
1.27153 5.06176
1.27222 5.05871
1.27292 5.05563
1.27361 5.0525
1.27431 5.04934
1.275 5.04613
1.27569 5.04289
1.27639 5.0396
1.27708 5.03628
1.27778 5.03291
1.27847 5.02951
1.27917 5.02606
1.27986 5.02258
1.28056 5.01906
1.28125 5.01549
1.28194 5.01189
1.28264 5.00825
1.28333 5.00457
1.28403 5.00085
1.28472 4.99709
1.28542 4.9933
1.28611 4.98947
1.28681 4.9856
1.2875 4.98169
1.28819 4.97774
1.28889 4.97376
1.28958 4.96973
1.29028 4.96567
1.29097 4.96158
1.29167 4.95744
1.29236 4.95327
1.29306 4.94907
1.29375 4.94482
1.29444 4.94055
1.29514 4.93623
1.29583 4.93188
1.29653 4.92749
1.29722 4.92307
1.29792 4.91862
1.29861 4.91413
1.29931 4.9096
1.3 4.90504
1.30069 4.90045
1.30139 4.89582
1.30208 4.89116
1.30278 4.88646
1.30347 4.88174
1.30417 4.87697
1.30486 4.87218
1.30556 4.86735
1.30625 4.86249
1.30694 4.8576
1.30764 4.85268
1.30833 4.84773
1.30903 4.84274
1.30972 4.83773
1.31042 4.83268
1.31111 4.8276
1.31181 4.8225
1.3125 4.81736
1.31319 4.81219
1.31389 4.807
1.31458 4.80177
1.31528 4.79652
1.31597 4.79124
1.31667 4.78593
1.31736 4.78059
1.31806 4.77523
1.31875 4.76984
1.31944 4.76442
1.32014 4.75898
1.32083 4.75351
1.32153 4.74801
1.32222 4.74249
1.32292 4.73694
1.32361 4.73137
1.32431 4.72577
1.325 4.72015
1.32569 4.71451
1.32639 4.70884
1.32708 4.70315
1.32778 4.69744
1.32847 4.6917
1.32917 4.68595
1.32986 4.68017
1.33056 4.67437
1.33125 4.66855
1.33194 4.66271
1.33264 4.65685
1.33333 4.65097
1.33403 4.64507
1.33472 4.63916
1.33542 4.63322
1.33611 4.62727
1.33681 4.62129
1.3375 4.61531
1.33819 4.6093
1.33889 4.60328
1.33958 4.59724
1.34028 4.59119
1.34097 4.58512
1.34167 4.57904
1.34236 4.57295
1.34306 4.56684
1.34375 4.56071
1.34444 4.55458
1.34514 4.54843
1.34583 4.54227
1.34653 4.5361
1.34722 4.52992
1.34792 4.52372
1.34861 4.51752
1.34931 4.51131
1.35 4.50509
1.35069 4.49886
1.35139 4.49263
1.35208 4.48639
1.35278 4.48013
1.35347 4.47388
1.35417 4.46761
1.35486 4.46135
1.35556 4.45507
1.35625 4.44879
1.35694 4.44251
1.35764 4.43623
1.35833 4.42994
1.35903 4.42365
1.35972 4.41736
1.36042 4.41107
1.36111 4.40478
1.36181 4.39848
1.3625 4.39219
1.36319 4.3859
1.36389 4.37961
1.36458 4.37333
1.36528 4.36704
1.36597 4.36076
1.36667 4.35449
1.36736 4.34821
1.36806 4.34195
1.36875 4.33569
1.36944 4.32943
1.37014 4.32319
1.37083 4.31695
1.37153 4.31072
1.37222 4.30449
1.37292 4.29828
1.37361 4.29208
1.37431 4.28589
1.375 4.27971
1.37569 4.27354
1.37639 4.26738
1.37708 4.26124
1.37778 4.25511
1.37847 4.249
1.37917 4.2429
1.37986 4.23682
1.38056 4.23076
1.38125 4.22471
1.38194 4.21868
1.38264 4.21267
1.38333 4.20668
1.38403 4.2007
1.38472 4.19475
1.38542 4.18882
1.38611 4.18292
1.38681 4.17703
1.3875 4.17117
1.38819 4.16533
