0 0
0.000694444 0.616186
0.00138889 1.23254
0.00208333 1.84907
0.00277778 2.46577
0.00347222 3.08264
0.00416667 3.69969
0.00486111 4.3169
0.00555556 4.93428
0.00625 5.55183
0.00694444 6.16956
0.00763889 6.78745
0.00833333 7.40551
0.00902778 8.02373
0.00972222 8.64213
0.0104167 9.26069
0.0111111 9.87942
0.0118056 10.4983
0.0125 11.1174
0.0131944 11.7366
0.0138889 12.356
0.0145833 12.9755
0.0152778 13.5953
0.0159722 14.2152
0.0166667 14.8352
0.0173611 15.4554
0.0180556 16.0758
0.01875 16.6963
0.0194444 17.317
0.0201389 17.9379
0.0208333 18.5589
0.0215278 19.1801
0.0222222 19.8015
0.0229167 20.423
0.0236111 21.0446
0.0243056 21.6665
0.025 22.2884
0.0256944 22.9106
0.0263889 23.5329
0.0270833 24.1554
0.0277778 24.778
0.0284722 25.4007
0.0291667 26.0237
0.0298611 26.6468
0.0305556 27.27
0.03125 27.8934
0.0319444 28.517
0.0326389 29.1407
0.0333333 29.7646
0.0340278 30.3886
0.0347222 31.0128
0.0354167 31.6371
0.0361111 32.2616
0.0368056 32.8862
0.0375 33.511
0.0381944 34.1359
0.0388889 34.761
0.0395833 35.3863
0.0402778 36.0117
0.0409722 36.6372
0.0416667 37.2629
0.0423611 37.8888
0.0430556 38.5148
0.04375 39.1409
0.0444444 39.7672
0.0451389 40.3936
0.0458333 41.0202
0.0465278 41.647
0.0472222 42.2739
0.0479167 42.9009
0.0486111 43.5281
0.0493056 44.1554
0.05 44.7829
0.0506944 45.4105
0.0513889 46.0382
0.0520833 46.6662
0.0527778 47.2942
0.0534722 47.9224
0.0541667 48.5507
0.0548611 49.1792
0.0555556 49.8078
0.05625 50.4366
0.0569444 51.0655
0.0576389 51.6946
0.0583333 52.3238
0.0590278 52.9531
0.0597222 53.5826
0.0604167 54.2122
0.0611111 54.8419
0.0618056 55.4718
0.0625 56.1019
0.0631944 56.732
0.0638889 57.3624
0.0645833 57.9928
0.0652778 58.6234
0.0659722 59.2541
0.0666667 59.885
0.0673611 60.516
0.0680556 61.1471
0.06875 61.7784
0.0694444 62.4098
0.0701389 63.0413
0.0708333 63.673
0.0715278 64.3048
0.0722222 64.9368
0.0729167 65.5689
0.0736111 66.2011
0.0743056 66.8334
0.075 67.4659
0.0756944 68.0985
0.0763889 68.7312
0.0770833 69.3641
0.0777778 69.9971
0.0784722 70.6303
0.0791667 71.2635
0.0798611 71.8969
0.0805556 72.5305
0.08125 73.1641
0.0819444 73.7979
0.0826389 74.4318
0.0833333 75.0659
0.0840278 75.7
0.0847222 76.3343
0.0854167 76.9688
0.0861111 77.6033
0.0868056 78.238
0.0875 78.8728
0.0881944 79.5078
0.0888889 80.1428
0.0895833 80.778
0.0902778 81.4133
0.0909722 82.0488
0.0916667 82.6843
0.0923611 83.32
0.0930556 83.9558
0.09375 84.5917
0.0944444 85.2278
0.0951389 85.864
0.0958333 86.5003
0.0965278 87.1367
0.0972222 87.7732
0.0979167 88.4099
0.0986111 89.0467
0.0993056 89.6836
0.1 90.3206
0.100694 90.9578
0.101389 91.595
0.102083 92.2324
0.102778 92.8699
0.103472 93.5075
0.104167 94.1453
0.104861 94.7831
0.105556 95.4211
0.10625 96.0592
0.106944 96.6974
0.107639 97.3357
0.108333 97.9742
0.109028 98.6127
0.109722 99.2514
0.110417 99.8902
0.111111 100.529
0.111806 101.168
0.1125 101.807
0.113194 102.446
0.113889 103.086
0.114583 103.725
0.115278 104.365
0.115972 105.005
0.116667 105.644
0.117361 106.284
0.118056 106.924
0.11875 107.564
0.119444 108.205
0.120139 108.845
0.120833 109.486
0.121528 110.126
0.122222 110.767
0.122917 111.408
0.123611 112.049
0.124306 112.69
0.125 113.331
0.125694 113.972
0.126389 114.613
0.127083 115.255
0.127778 115.896
0.128472 116.538
0.129167 117.18
0.129861 117.822
0.130556 118.464
0.13125 119.106
0.131944 119.748
0.132639 120.39
0.133333 121.032
0.134028 121.675
0.134722 122.318
0.135417 122.96
0.136111 123.603
0.136806 124.246
0.1375 124.889
0.138194 125.532
0.138889 126.175
0.139583 126.819
0.140278 127.462
0.140972 128.106
0.141667 128.749
0.142361 129.393
0.143056 130.037
0.14375 130.681
0.144444 131.325
0.145139 131.969
0.145833 132.613
0.146528 133.257
0.147222 133.902
0.147917 134.546
0.148611 135.191
0.149306 135.836
0.15 136.48
0.150694 137.125
0.151389 137.77
0.152083 138.415
0.152778 139.061
0.153472 139.706
0.154167 140.351
0.154861 140.997
0.155556 141.642
0.15625 142.288
0.156944 142.934
0.157639 143.579
0.158333 144.225
0.159028 144.871
0.159722 145.517
0.160417 146.164
0.161111 146.81
0.161806 147.456
0.1625 148.103
0.163194 148.749
0.163889 149.396
0.164583 150.043
0.165278 150.69
0.165972 151.337
0.166667 151.984
0.167361 152.631
0.168056 153.278
0.16875 153.925
0.169444 154.573
0.170139 155.22
0.170833 155.868
0.171528 156.515
0.172222 157.163
0.172917 157.811
0.173611 158.459
0.174306 159.107
0.175 159.755
0.175694 160.403
0.176389 161.051
0.177083 161.699
0.177778 162.348
0.178472 162.996
0.179167 163.645
0.179861 164.294
0.180556 164.942
0.18125 165.591
0.181944 166.24
0.182639 166.889
0.183333 167.538
0.184028 168.187
0.184722 168.836
0.185417 169.486
0.186111 170.135
0.186806 170.785
0.1875 171.434
0.188194 172.084
0.188889 172.734
0.189583 173.383
0.190278 174.033
0.190972 174.683
0.191667 175.333
0.192361 175.983
0.193056 176.634
0.19375 177.284
0.194444 177.934
0.195139 178.585
0.195833 179.235
0.196528 179.886
0.197222 180.536
0.197917 181.187
0.198611 181.838
0.199306 182.489
0.2 183.14
0.200694 183.791
0.201389 184.442
0.202083 185.093
0.202778 185.744
0.203472 186.395
0.204167 187.047
0.204861 187.698
0.205556 188.35
0.20625 189.001
0.206944 189.653
0.207639 190.305
0.208333 190.957
0.209028 191.609
0.209722 192.261
0.210417 192.913
0.211111 193.565
0.211806 194.217
0.2125 194.869
0.213194 195.522
0.213889 196.174
0.214583 196.826
0.215278 197.479
0.215972 198.132
0.216667 198.784
0.217361 199.437
0.218056 200.09
0.21875 200.743
0.219444 201.396
0.220139 202.049
0.220833 202.702
0.221528 203.355
0.222222 204.008
0.222917 204.661
0.223611 205.315
0.224306 205.968
0.225 206.622
0.225694 207.275
0.226389 207.929
0.227083 208.582
0.227778 209.236
0.228472 209.89
0.229167 210.544
0.229861 211.198
0.230556 211.852
0.23125 212.506
0.231944 213.16
0.232639 213.814
0.233333 214.468
0.234028 215.123
0.234722 215.777
0.235417 216.431
0.236111 217.086
0.236806 217.74
0.2375 218.395
0.238194 219.05
0.238889 219.704
0.239583 220.359
0.240278 221.014
0.240972 221.669
0.241667 222.324
0.242361 222.979
0.243056 223.634
0.24375 224.289
0.244444 224.944
0.245139 225.6
0.245833 226.255
0.246528 226.91
0.247222 227.566
0.247917 228.221
0.248611 228.877
0.249306 229.532
0.25 230.188
0.250694 230.844
0.251389 231.499
0.252083 232.155
0.252778 232.811
0.253472 233.467
0.254167 234.123
0.254861 234.779
0.255556 235.435
0.25625 236.091
0.256944 236.748
0.257639 237.404
0.258333 238.06
0.259028 238.716
0.259722 239.373
0.260417 240.029
0.261111 240.686
0.261806 241.342
0.2625 241.999
0.263194 242.656
0.263889 243.313
0.264583 243.969
0.265278 244.626
0.265972 245.283
0.266667 245.94
0.267361 246.597
0.268056 247.254
0.26875 247.911
0.269444 248.568
0.270139 249.225
0.270833 249.883
0.271528 250.54
0.272222 251.197
0.272917 251.855
0.273611 252.512
0.274306 253.17
0.275 253.827
0.275694 254.485
0.276389 255.142
0.277083 255.8
0.277778 256.458
0.278472 257.115
0.279167 257.773
0.279861 258.431
0.280556 259.089
0.28125 259.747
0.281944 260.405
0.282639 261.063
0.283333 261.721
0.284028 262.379
0.284722 263.037
0.285417 263.695
0.286111 264.354
0.286806 265.012
0.2875 265.67
0.288194 266.329
0.288889 266.987
0.289583 267.646
0.290278 268.304
0.290972 268.963
0.291667 269.621
0.292361 270.28
0.293056 270.939
0.29375 271.597
0.294444 272.256
0.295139 272.915
0.295833 273.574
0.296528 274.233
0.297222 274.892
0.297917 275.551
0.298611 276.21
0.299306 276.869
0.3 277.528
0.300694 278.187
0.301389 278.846
0.302083 279.505
0.302778 280.165
0.303472 280.824
0.304167 281.483
0.304861 282.143
0.305556 282.802
0.30625 283.461
0.306944 284.121
0.307639 284.78
0.308333 285.44
0.309028 286.1
0.309722 286.759
0.310417 287.419
0.311111 288.079
0.311806 288.738
0.3125 289.398
0.313194 290.058
0.313889 290.718
0.314583 291.378
0.315278 292.038
0.315972 292.698
0.316667 293.358
0.317361 294.018
0.318056 294.678
0.31875 295.338
0.319444 295.998
0.320139 296.658
0.320833 297.318
0.321528 297.978
0.322222 298.639
0.322917 299.299
0.323611 299.959
0.324306 300.62
0.325 301.28
0.325694 301.941
0.326389 302.601
0.327083 303.261
0.327778 303.922
0.328472 304.583
0.329167 305.243
0.329861 305.904
0.330556 306.564
0.33125 307.225
0.331944 307.886
0.332639 308.547
0.333333 309.207
0.334028 309.868
0.334722 310.529
0.335417 311.19
0.336111 311.851
0.336806 312.512
0.3375 313.173
0.338194 313.833
0.338889 314.495
0.339583 315.156
0.340278 315.817
0.340972 316.478
0.341667 317.139
0.342361 317.8
0.343056 318.461
0.34375 319.122
0.344444 319.784
0.345139 320.445
0.345833 321.106
0.346528 321.767
0.347222 322.429
0.347917 323.09
0.348611 323.751
0.349306 324.413
0.35 325.074
0.350694 325.736
0.351389 326.397
0.352083 327.059
0.352778 327.72
0.353472 328.382
0.354167 329.043
0.354861 329.705
0.355556 330.367
0.35625 331.028
0.356944 331.69
0.357639 332.352
0.358333 333.014
0.359028 333.675
0.359722 334.337
0.360417 334.999
0.361111 335.661
0.361806 336.323
0.3625 336.984
0.363194 337.646
0.363889 338.308
0.364583 338.97
0.365278 339.632
0.365972 340.294
0.366667 340.956
0.367361 341.618
0.368056 342.28
0.36875 342.942
0.369444 343.604
0.370139 344.266
0.370833 344.929
0.371528 345.591
0.372222 346.253
0.372917 346.915
0.373611 347.577
0.374306 348.24
0.375 348.902
0.375694 349.564
0.376389 350.226
0.377083 350.889
0.377778 351.551
0.378472 352.213
0.379167 352.876
0.379861 353.538
0.380556 354.2
0.38125 354.863
0.381944 355.525
0.382639 356.188
0.383333 356.85
0.384028 357.513
0.384722 358.175
0.385417 358.838
0.386111 359.5
0.386806 360.163
0.3875 360.825
0.388194 361.488
0.388889 362.151
0.389583 362.813
0.390278 363.476
0.390972 364.138
0.391667 364.801
0.392361 365.464
0.393056 366.127
0.39375 366.789
0.394444 367.452
0.395139 368.115
0.395833 368.777
0.396528 369.44
0.397222 370.103
0.397917 370.766
0.398611 371.429
0.399306 372.091
0.4 372.754
0.400694 373.417
0.401389 374.08
0.402083 374.743
0.402778 375.406
0.403472 376.069
0.404167 376.732
0.404861 377.395
0.405556 378.057
0.40625 378.72
0.406944 379.383
0.407639 380.046
0.408333 380.709
0.409028 381.372
0.409722 382.035
0.410417 382.698
0.411111 383.361
0.411806 384.025
0.4125 384.688
0.413194 385.351
0.413889 386.014
0.414583 386.677
0.415278 387.34
0.415972 388.003
0.416667 388.666
0.417361 389.329
0.418056 389.992
0.41875 390.656
0.419444 391.319
0.420139 391.982
0.420833 392.645
0.421528 393.308
0.422222 393.972
0.422917 394.635
0.423611 395.298
0.424306 395.961
0.425 396.624
0.425694 397.288
0.426389 397.951
0.427083 398.614
0.427778 399.277
0.428472 399.941
0.429167 400.604
0.429861 401.267
0.430556 401.931
0.43125 402.594
0.431944 403.257
0.432639 403.92
0.433333 404.584
0.434028 405.247
0.434722 405.91
0.435417 406.574
0.436111 407.237
0.436806 407.901
0.4375 408.564
0.438194 409.227
0.438889 409.891
0.439583 410.554
0.440278 411.217
0.440972 411.881
0.441667 412.544
0.442361 413.208
0.443056 413.871
0.44375 414.534
0.444444 415.198
0.445139 415.861
0.445833 416.525
0.446528 417.188
0.447222 417.851
0.447917 418.515
0.448611 419.178
0.449306 419.842
0.45 420.505
0.450694 421.169
0.451389 421.832
0.452083 422.496
0.452778 423.159
0.453472 423.822
0.454167 424.486
0.454861 425.149
0.455556 425.813
0.45625 426.476
0.456944 427.14
0.457639 427.803
0.458333 428.467
0.459028 429.13
0.459722 429.794
0.460417 430.457
0.461111 431.121
0.461806 431.784
0.4625 432.448
0.463194 433.111
0.463889 433.775
0.464583 434.438
0.465278 435.102
0.465972 435.765
0.466667 436.428
0.467361 437.092
0.468056 437.755
0.46875 438.419
0.469444 439.082
0.470139 439.746
0.470833 440.409
0.471528 441.073
0.472222 441.736
0.472917 442.4
0.473611 443.063
0.474306 443.727
0.475 444.39
0.475694 445.054
0.476389 445.717
0.477083 446.381
0.477778 447.044
0.478472 447.708
0.479167 448.371
0.479861 449.035
0.480556 449.698
0.48125 450.362
0.481944 451.025
0.482639 451.688
0.483333 452.352
0.484028 453.015
0.484722 453.679
0.485417 454.342
0.486111 455.006
0.486806 455.669
0.4875 456.333
0.488194 456.996
0.488889 457.659
0.489583 458.323
0.490278 458.986
0.490972 459.65
0.491667 460.313
0.492361 460.977
0.493056 461.64
0.49375 462.303
0.494444 462.967
0.495139 463.63
0.495833 464.294
0.496528 464.957
0.497222 465.62
0.497917 466.284
0.498611 466.947
0.499306 467.61
0.5 468.274
0.500694 468.937
0.501389 469.6
0.502083 470.264
0.502778 470.927
0.503472 471.59
0.504167 472.254
0.504861 472.917
0.505556 473.58
0.50625 474.244
0.506944 474.907
0.507639 475.57
0.508333 476.234
0.509028 476.897
0.509722 477.56
0.510417 478.223
0.511111 478.887
0.511806 479.55
0.5125 480.213
0.513194 480.876
0.513889 481.54
0.514583 482.203
0.515278 482.866
0.515972 483.529
0.516667 484.192
0.517361 484.856
0.518056 485.519
0.51875 486.182
0.519444 486.845
0.520139 487.508
0.520833 488.171
0.521528 488.835
0.522222 489.498
0.522917 490.161
0.523611 490.824
0.524306 491.487
0.525 492.15
0.525694 492.813
0.526389 493.476
0.527083 494.139
0.527778 494.802
0.528472 495.465
0.529167 496.128
0.529861 496.791
0.530556 497.454
0.53125 498.117
0.531944 498.78
0.532639 499.443
0.533333 500.106
0.534028 500.769
0.534722 501.432
0.535417 502.095
0.536111 502.758
0.536806 503.421
0.5375 504.084
0.538194 504.747
0.538889 505.41
0.539583 506.073
0.540278 506.736
0.540972 507.398
0.541667 508.061
0.542361 508.724
0.543056 509.387
0.54375 510.05
0.544444 510.712
0.545139 511.375
0.545833 512.038
0.546528 512.701
0.547222 513.364
0.547917 514.026
0.548611 514.689
0.549306 515.352
0.55 516.014
0.550694 516.677
0.551389 517.34
0.552083 518.002
0.552778 518.665
0.553472 519.328
0.554167 519.99
0.554861 520.653
0.555556 521.315
0.55625 521.978
0.556944 522.64
0.557639 523.303
0.558333 523.966
0.559028 524.628
0.559722 525.291
0.560417 525.953
0.561111 526.616
0.561806 527.278
0.5625 527.94
0.563194 528.603
0.563889 529.265
0.564583 529.928
0.565278 530.59
0.565972 531.252
0.566667 531.915
0.567361 532.577
0.568056 533.239
0.56875 533.902
0.569444 534.564
0.570139 535.226
0.570833 535.889
0.571528 536.551
0.572222 537.213
0.572917 537.875
0.573611 538.537
0.574306 539.2
0.575 539.862
0.575694 540.524
0.576389 541.186
0.577083 541.848
0.577778 542.51
0.578472 543.172
0.579167 543.834
0.579861 544.496
0.580556 545.158
0.58125 545.82
0.581944 546.482
0.582639 547.144
0.583333 547.806
0.584028 548.468
0.584722 549.13
0.585417 549.792
0.586111 550.454
0.586806 551.116
0.5875 551.778
0.588194 552.44
0.588889 553.101
0.589583 553.763
0.590278 554.425
0.590972 555.087
0.591667 555.748
0.592361 556.41
0.593056 557.072
0.59375 557.734
0.594444 558.395
0.595139 559.057
0.595833 559.719
0.596528 560.38
0.597222 561.042
0.597917 561.703
0.598611 562.365
0.599306 563.026
0.6 563.688
0.600694 564.349
0.601389 565.011
0.602083 565.672
0.602778 566.334
0.603472 566.995
0.604167 567.657
0.604861 568.318
0.605556 568.979
0.60625 569.641
0.606944 570.302
0.607639 570.963
0.608333 571.625
0.609028 572.286
0.609722 572.947
0.610417 573.608
0.611111 574.269
0.611806 574.931
0.6125 575.592
0.613194 576.253
0.613889 576.914
0.614583 577.575
0.615278 578.236
0.615972 578.897
0.616667 579.558
0.617361 580.219
0.618056 580.88
0.61875 581.541
0.619444 582.202
0.620139 582.863
0.620833 583.524
0.621528 584.185
0.622222 584.846
0.622917 585.506
0.623611 586.167
0.624306 586.828
0.625 587.489
0.625694 588.15
0.626389 588.81
0.627083 589.471
0.627778 590.132
0.628472 590.792
0.629167 591.453
0.629861 592.114
0.630556 592.774
0.63125 593.435
0.631944 594.095
0.632639 594.756
0.633333 595.416
0.634028 596.077
0.634722 596.737
0.635417 597.397
0.636111 598.058
0.636806 598.718
0.6375 599.379
0.638194 600.039
0.638889 600.699
0.639583 601.359
0.640278 602.02
0.640972 602.68
0.641667 603.34
0.642361 604
0.643056 604.66
0.64375 605.321
0.644444 605.981
0.645139 606.641
0.645833 607.301
0.646528 607.961
0.647222 608.621
0.647917 609.281
0.648611 609.941
0.649306 610.601
0.65 611.261
0.650694 611.92
0.651389 612.58
0.652083 613.24
0.652778 613.9
0.653472 614.56
0.654167 615.219
0.654861 615.879
0.655556 616.539
0.65625 617.199
0.656944 617.858
0.657639 618.518
0.658333 619.177
0.659028 619.837
0.659722 620.497
0.660417 621.156
0.661111 621.816
0.661806 622.475
0.6625 623.134
0.663194 623.794
0.663889 624.453
0.664583 625.113
0.665278 625.772
0.665972 626.431
0.666667 627.091
0.667361 627.75
0.668056 628.409
0.66875 629.068
0.669444 629.727
0.670139 630.386
0.670833 631.046
0.671528 631.705
0.672222 632.364
0.672917 633.023
0.673611 633.682
0.674306 634.341
0.675 635
0.675694 635.659
0.676389 636.317
0.677083 636.976
0.677778 637.635
0.678472 638.294
0.679167 638.953
0.679861 639.612
0.680556 640.27
0.68125 640.929
0.681944 641.588
0.682639 642.246
0.683333 642.905
0.684028 643.563
0.684722 644.222
0.685417 644.881
0.686111 645.539
0.686806 646.197
0.6875 646.856
0.688194 647.514
0.688889 648.173
0.689583 648.831
0.690278 649.489
0.690972 650.148
0.691667 650.806
0.692361 651.464
0.693056 652.122
0.69375 652.78
0.694444 653.439
0.695139 654.097
0.695833 654.755
0.696528 655.413
0.697222 656.071
0.697917 656.729
0.698611 657.387
0.699306 658.045
0.7 658.703
0.700694 659.361
0.701389 660.018
0.702083 660.676
0.702778 661.334
0.703472 661.992
0.704167 662.649
0.704861 663.307
0.705556 663.965
0.70625 664.622
0.706944 665.28
0.707639 665.938
0.708333 666.595
0.709028 667.253
0.709722 667.91
0.710417 668.567
0.711111 669.225
0.711806 669.882
0.7125 670.54
0.713194 671.197
0.713889 671.854
0.714583 672.511
0.715278 673.169
0.715972 673.826
0.716667 674.483
0.717361 675.14
0.718056 675.797
0.71875 676.454
0.719444 677.111
0.720139 677.768
0.720833 678.425
0.721528 679.082
0.722222 679.739
0.722917 680.396
0.723611 681.053
0.724306 681.71
0.725 682.366
0.725694 683.023
0.726389 683.68
0.727083 684.336
0.727778 684.993
0.728472 685.65
0.729167 686.306
0.729861 686.963
0.730556 687.619
0.73125 688.276
0.731944 688.932
0.732639 689.589
0.733333 690.245
0.734028 690.901
0.734722 691.558
0.735417 692.214
0.736111 692.87
0.736806 693.526
0.7375 694.182
0.738194 694.839
0.738889 695.495
0.739583 696.151
0.740278 696.807
0.740972 697.463
0.741667 698.119
0.742361 698.775
0.743056 699.431
0.74375 700.086
0.744444 700.742
0.745139 701.398
0.745833 702.054
0.746528 702.709
0.747222 703.365
0.747917 704.021
0.748611 704.676
0.749306 705.332
0.75 705.988
0.750694 706.643
0.751389 707.299
0.752083 707.954
0.752778 708.609
0.753472 709.265
0.754167 709.92
0.754861 710.575
0.755556 711.231
0.75625 711.886
0.756944 712.541
0.757639 713.196
0.758333 713.851
0.759028 714.507
0.759722 715.162
0.760417 715.817
0.761111 716.472
0.761806 717.126
0.7625 717.781
0.763194 718.436
0.763889 719.091
0.764583 719.746
0.765278 720.401
0.765972 721.055
0.766667 721.71
0.767361 722.365
0.768056 723.019
0.76875 723.674
0.769444 724.329
0.770139 724.983
0.770833 725.637
0.771528 726.292
0.772222 726.946
0.772917 727.601
0.773611 728.255
0.774306 728.909
0.775 729.564
0.775694 730.218
0.776389 730.872
0.777083 731.526
0.777778 732.18
0.778472 732.834
0.779167 733.488
0.779861 734.142
0.780556 734.796
0.78125 735.45
0.781944 736.104
0.782639 736.758
0.783333 737.412
0.784028 738.065
0.784722 738.719
0.785417 739.373
0.786111 740.026
0.786806 740.68
0.7875 741.334
0.788194 741.987
0.788889 742.641
0.789583 743.294
0.790278 743.948
0.790972 744.601
0.791667 745.254
0.792361 745.908
0.793056 746.561
0.79375 747.214
0.794444 747.867
0.795139 748.52
0.795833 749.174
0.796528 749.827
0.797222 750.48
0.797917 751.133
0.798611 751.786
0.799306 752.439
0.8 753.091
0.800694 753.744
0.801389 754.397
0.802083 755.05
0.802778 755.703
0.803472 756.355
0.804167 757.008
0.804861 757.66
0.805556 758.313
0.80625 758.966
0.806944 759.618
0.807639 760.27
0.808333 760.923
0.809028 761.575
0.809722 762.228
0.810417 762.88
0.811111 763.532
0.811806 764.184
0.8125 764.836
0.813194 765.489
0.813889 766.141
0.814583 766.793
0.815278 767.445
0.815972 768.097
0.816667 768.749
0.817361 769.4
0.818056 770.052
0.81875 770.704
0.819444 771.356
0.820139 772.008
0.820833 772.659
0.821528 773.311
0.822222 773.962
0.822917 774.614
0.823611 775.266
0.824306 775.917
0.825 776.568
0.825694 777.22
0.826389 777.871
0.827083 778.522
0.827778 779.174
0.828472 779.825
0.829167 780.476
0.829861 781.127
0.830556 781.778
0.83125 782.429
0.831944 783.08
0.832639 783.731
0.833333 784.382
0.834028 785.033
0.834722 785.684
0.835417 786.335
0.836111 786.986
0.836806 787.636
0.8375 788.287
0.838194 788.938
0.838889 789.588
0.839583 790.239
0.840278 790.889
0.840972 791.54
0.841667 792.19
0.842361 792.841
0.843056 793.491
0.84375 794.141
0.844444 794.792
0.845139 795.442
0.845833 796.092
0.846528 796.742
0.847222 797.392
0.847917 798.042
0.848611 798.692
0.849306 799.342
0.85 799.992
0.850694 800.642
0.851389 801.292
0.852083 801.942
0.852778 802.591
0.853472 803.241
0.854167 803.891
0.854861 804.54
0.855556 805.19
0.85625 805.839
0.856944 806.489
0.857639 807.138
0.858333 807.788
0.859028 808.437
0.859722 809.086
0.860417 809.735
0.861111 810.385
0.861806 811.034
0.8625 811.683
0.863194 812.332
0.863889 812.981
0.864583 813.63
0.865278 814.279
0.865972 814.928
0.866667 815.577
0.867361 816.226
0.868056 816.874
0.86875 817.523
0.869444 818.172
0.870139 818.82
0.870833 819.469
0.871528 820.118
0.872222 820.766
0.872917 821.415
0.873611 822.063
0.874306 822.711
0.875 823.36
0.875694 824.008
0.876389 824.656
0.877083 825.304
0.877778 825.953
0.878472 826.601
0.879167 827.249
0.879861 827.897
0.880556 828.545
0.88125 829.193
0.881944 829.84
0.882639 830.488
0.883333 831.136
0.884028 831.784
0.884722 832.431
0.885417 833.079
0.886111 833.727
0.886806 834.374
0.8875 835.022
0.888194 835.669
0.888889 836.317
0.889583 836.964
0.890278 837.611
0.890972 838.259
0.891667 838.906
0.892361 839.553
0.893056 840.2
0.89375 840.847
0.894444 841.494
0.895139 842.141
0.895833 842.788
0.896528 843.435
0.897222 844.082
0.897917 844.729
0.898611 845.375
0.899306 846.022
0.9 846.669
0.900694 847.316
0.901389 847.962
0.902083 848.609
0.902778 849.255
0.903472 849.902
0.904167 850.548
0.904861 851.194
0.905556 851.841
0.90625 852.487
0.906944 853.133
0.907639 853.779
0.908333 854.425
0.909028 855.071
0.909722 855.717
0.910417 856.363
0.911111 857.009
0.911806 857.655
0.9125 858.301
0.913194 858.947
0.913889 859.592
0.914583 860.238
0.915278 860.884
0.915972 861.529
0.916667 862.175
0.917361 862.82
0.918056 863.466
0.91875 864.111
0.919444 864.756
0.920139 865.402
0.920833 866.047
0.921528 866.692
0.922222 867.337
0.922917 867.982
0.923611 868.627
0.924306 869.272
0.925 869.917
0.925694 870.562
0.926389 871.207
0.927083 871.852
0.927778 872.497
0.928472 873.141
0.929167 873.786
0.929861 874.43
0.930556 875.075
0.93125 875.72
0.931944 876.364
0.932639 877.008
0.933333 877.653
0.934028 878.297
0.934722 878.941
0.935417 879.586
0.936111 880.23
0.936806 880.874
0.9375 881.518
0.938194 882.162
0.938889 882.806
0.939583 883.45
0.940278 884.094
0.940972 884.737
0.941667 885.381
0.942361 886.025
0.943056 886.669
0.94375 887.312
0.944444 887.956
0.945139 888.599
0.945833 889.243
0.946528 889.886
0.947222 890.529
0.947917 891.173
0.948611 891.816
0.949306 892.459
0.95 893.102
0.950694 893.746
0.951389 894.389
0.952083 895.032
0.952778 895.675
0.953472 896.317
0.954167 896.96
0.954861 897.603
0.955556 898.246
0.95625 898.889
0.956944 899.531
0.957639 900.174
0.958333 900.816
0.959028 901.459
0.959722 902.101
0.960417 902.744
0.961111 903.386
0.961806 904.028
0.9625 904.671
0.963194 905.313
0.963889 905.955
0.964583 906.597
0.965278 907.239
0.965972 907.881
0.966667 908.523
0.967361 909.165
0.968056 909.807
0.96875 910.448
0.969444 911.09
0.970139 911.732
0.970833 912.373
0.971528 913.015
0.972222 913.657
0.972917 914.298
0.973611 914.939
0.974306 915.581
0.975 916.222
0.975694 916.863
0.976389 917.505
0.977083 918.146
0.977778 918.787
0.978472 919.428
0.979167 920.069
0.979861 920.71
0.980556 921.351
0.98125 921.991
0.981944 922.632
0.982639 923.273
0.983333 923.914
0.984028 924.554
0.984722 925.195
0.985417 925.835
0.986111 926.476
0.986806 927.116
0.9875 927.757
0.988194 928.397
0.988889 929.037
0.989583 929.677
0.990278 930.318
0.990972 930.958
0.991667 931.598
0.992361 932.238
0.993056 932.878
0.99375 933.517
0.994444 934.157
0.995139 934.797
0.995833 935.437
0.996528 936.076
0.997222 936.716
0.997917 937.356
0.998611 937.995
0.999306 938.635
1 939.274
1.00069 939.913
1.00139 940.553
1.00208 941.192
1.00278 941.831
1.00347 942.47
1.00417 943.109
1.00486 943.748
1.00556 944.387
1.00625 945.026
1.00694 945.665
1.00764 946.304
1.00833 946.942
1.00903 947.581
1.00972 948.22
1.01042 948.858
1.01111 949.497
1.01181 950.135
1.0125 950.774
1.01319 951.412
1.01389 952.05
1.01458 952.689
1.01528 953.327
1.01597 953.965
1.01667 954.603
1.01736 955.241
1.01806 955.879
1.01875 956.517
1.01944 957.155
1.02014 957.793
1.02083 958.43
1.02153 959.068
1.02222 959.706
1.02292 960.343
1.02361 960.981
1.02431 961.618
1.025 962.256
1.02569 962.893
1.02639 963.531
1.02708 964.168
1.02778 964.805
1.02847 965.442
1.02917 966.079
1.02986 966.716
1.03056 967.353
1.03125 967.99
1.03194 968.627
1.03264 969.264
1.03333 969.901
1.03403 970.537
1.03472 971.174
1.03542 971.81
1.03611 972.447
1.03681 973.083
1.0375 973.72
1.03819 974.356
1.03889 974.992
1.03958 975.629
1.04028 976.265
1.04097 976.901
1.04167 977.537
1.04236 978.173
1.04306 978.809
1.04375 979.445
1.04444 980.081
1.04514 980.717
1.04583 981.352
1.04653 981.988
1.04722 982.624
1.04792 983.259
1.04861 983.895
1.04931 984.53
1.05 985.165
1.05069 985.801
1.05139 986.436
1.05208 987.071
1.05278 987.706
1.05347 988.342
1.05417 988.977
1.05486 989.612
1.05556 990.246
1.05625 990.881
1.05694 991.516
1.05764 992.151
1.05833 992.786
1.05903 993.42
1.05972 994.055
1.06042 994.689
1.06111 995.324
1.06181 995.958
1.0625 996.593
1.06319 997.227
1.06389 997.861
1.06458 998.495
1.06528 999.129
1.06597 999.763
1.06667 1000.4
1.06736 1001.03
1.06806 1001.67
1.06875 1002.3
1.06944 1002.93
1.07014 1003.57
1.07083 1004.2
1.07153 1004.83
1.07222 1005.47
1.07292 1006.1
1.07361 1006.73
1.07431 1007.37
1.075 1008
1.07569 1008.63
1.07639 1009.27
1.07708 1009.9
1.07778 1010.53
1.07847 1011.17
1.07917 1011.8
1.07986 1012.43
1.08056 1013.06
1.08125 1013.7
1.08194 1014.33
1.08264 1014.96
1.08333 1015.6
1.08403 1016.23
1.08472 1016.86
1.08542 1017.49
1.08611 1018.13
1.08681 1018.76
1.0875 1019.39
1.08819 1020.02
1.08889 1020.65
1.08958 1021.29
1.09028 1021.92
1.09097 1022.55
1.09167 1023.18
1.09236 1023.81
1.09306 1024.45
1.09375 1025.08
1.09444 1025.71
1.09514 1026.34
1.09583 1026.97
1.09653 1027.6
1.09722 1028.23
1.09792 1028.87
1.09861 1029.5
1.09931 1030.13
1.1 1030.76
1.10069 1031.39
1.10139 1032.02
1.10208 1032.65
1.10278 1033.28
1.10347 1033.91
1.10417 1034.54
1.10486 1035.18
1.10556 1035.81
1.10625 1036.44
1.10694 1037.07
1.10764 1037.7
1.10833 1038.33
1.10903 1038.96
1.10972 1039.59
1.11042 1040.22
1.11111 1040.85
1.11181 1041.48
1.1125 1042.11
1.11319 1042.74
1.11389 1043.37
1.11458 1044
1.11528 1044.63
1.11597 1045.26
1.11667 1045.89
1.11736 1046.52
1.11806 1047.15
1.11875 1047.78
1.11944 1048.41
1.12014 1049.04
1.12083 1049.66
1.12153 1050.29
1.12222 1050.92
1.12292 1051.55
1.12361 1052.18
1.12431 1052.81
1.125 1053.44
1.12569 1054.07
1.12639 1054.7
1.12708 1055.33
1.12778 1055.95
1.12847 1056.58
1.12917 1057.21
1.12986 1057.84
1.13056 1058.47
1.13125 1059.1
1.13194 1059.73
1.13264 1060.35
1.13333 1060.98
1.13403 1061.61
1.13472 1062.24
1.13542 1062.87
1.13611 1063.49
1.13681 1064.12
1.1375 1064.75
1.13819 1065.38
1.13889 1066
1.13958 1066.63
1.14028 1067.26
1.14097 1067.89
1.14167 1068.51
1.14236 1069.14
1.14306 1069.77
1.14375 1070.4
1.14444 1071.02
1.14514 1071.65
1.14583 1072.28
1.14653 1072.9
1.14722 1073.53
1.14792 1074.16
1.14861 1074.79
1.14931 1075.41
1.15 1076.04
1.15069 1076.67
1.15139 1077.29
1.15208 1077.92
1.15278 1078.54
1.15347 1079.17
1.15417 1079.8
1.15486 1080.42
1.15556 1081.05
1.15625 1081.68
1.15694 1082.3
1.15764 1082.93
1.15833 1083.55
1.15903 1084.18
1.15972 1084.8
1.16042 1085.43
1.16111 1086.06
1.16181 1086.68
1.1625 1087.31
1.16319 1087.93
1.16389 1088.56
1.16458 1089.18
1.16528 1089.81
1.16597 1090.43
1.16667 1091.06
1.16736 1091.68
1.16806 1092.31
1.16875 1092.93
1.16944 1093.56
1.17014 1094.18
1.17083 1094.81
1.17153 1095.43
1.17222 1096.06
1.17292 1096.68
1.17361 1097.31
1.17431 1097.93
1.175 1098.55
1.17569 1099.18
1.17639 1099.8
1.17708 1100.43
1.17778 1101.05
1.17847 1101.68
1.17917 1102.3
1.17986 1102.92
1.18056 1103.55
1.18125 1104.17
1.18194 1104.79
1.18264 1105.42
1.18333 1106.04
1.18403 1106.66
1.18472 1107.29
1.18542 1107.91
1.18611 1108.53
1.18681 1109.16
1.1875 1109.78
1.18819 1110.4
1.18889 1111.03
1.18958 1111.65
1.19028 1112.27
1.19097 1112.9
1.19167 1113.52
1.19236 1114.14
1.19306 1114.76
1.19375 1115.39
1.19444 1116.01
1.19514 1116.63
1.19583 1117.25
1.19653 1117.88
1.19722 1118.5
1.19792 1119.12
1.19861 1119.74
1.19931 1120.36
1.2 1120.99
1.20069 1121.61
1.20139 1122.23
1.20208 1122.85
1.20278 1123.47
1.20347 1124.09
1.20417 1124.72
1.20486 1125.34
1.20556 1125.96
1.20625 1126.58
1.20694 1127.2
1.20764 1127.82
1.20833 1128.44
1.20903 1129.06
1.20972 1129.69
1.21042 1130.31
1.21111 1130.93
1.21181 1131.55
1.2125 1132.17
1.21319 1132.79
1.21389 1133.41
1.21458 1134.03
1.21528 1134.65
1.21597 1135.27
1.21667 1135.89
1.21736 1136.51
1.21806 1137.13
1.21875 1137.75
1.21944 1138.37
1.22014 1138.99
1.22083 1139.61
1.22153 1140.23
1.22222 1140.85
1.22292 1141.47
1.22361 1142.09
1.22431 1142.71
1.225 1143.33
1.22569 1143.95
1.22639 1144.57
1.22708 1145.19
1.22778 1145.81
1.22847 1146.43
1.22917 1147.05
1.22986 1147.66
1.23056 1148.28
1.23125 1148.9
1.23194 1149.52
1.23264 1150.14
1.23333 1150.76
1.23403 1151.38
1.23472 1152
1.23542 1152.61
1.23611 1153.23
1.23681 1153.85
1.2375 1154.47
1.23819 1155.09
1.23889 1155.71
1.23958 1156.32
1.24028 1156.94
1.24097 1157.56
1.24167 1158.18
1.24236 1158.79
1.24306 1159.41
1.24375 1160.03
1.24444 1160.65
1.24514 1161.27
1.24583 1161.88
1.24653 1162.5
1.24722 1163.12
1.24792 1163.73
1.24861 1164.35
1.24931 1164.97
1.25 1165.59
1.25069 1166.2
1.25139 1166.82
1.25208 1167.44
1.25278 1168.05
1.25347 1168.67
1.25417 1169.29
1.25486 1169.9
1.25556 1170.52
1.25625 1171.14
1.25694 1171.75
1.25764 1172.37
1.25833 1172.98
1.25903 1173.6
1.25972 1174.22
1.26042 1174.83
1.26111 1175.45
1.26181 1176.06
1.2625 1176.68
1.26319 1177.29
1.26389 1177.91
1.26458 1178.53
1.26528 1179.14
1.26597 1179.76
1.26667 1180.37
1.26736 1180.99
1.26806 1181.6
1.26875 1182.22
1.26944 1182.83
1.27014 1183.45
1.27083 1184.06
1.27153 1184.68
1.27222 1185.29
1.27292 1185.91
1.27361 1186.52
1.27431 1187.14
1.275 1187.75
1.27569 1188.36
1.27639 1188.98
1.27708 1189.59
1.27778 1190.21
1.27847 1190.82
1.27917 1191.43
1.27986 1192.05
1.28056 1192.66
1.28125 1193.28
1.28194 1193.89
1.28264 1194.5
1.28333 1195.12
1.28403 1195.73
1.28472 1196.34
1.28542 1196.96
1.28611 1197.57
1.28681 1198.18
1.2875 1198.8
1.28819 1199.41
1.28889 1200.02
1.28958 1200.64
1.29028 1201.25
1.29097 1201.86
1.29167 1202.47
1.29236 1203.09
1.29306 1203.7
1.29375 1204.31
1.29444 1204.92
1.29514 1205.54
1.29583 1206.15
1.29653 1206.76
1.29722 1207.37
1.29792 1207.98
1.29861 1208.6
1.29931 1209.21
1.3 1209.82
1.30069 1210.43
1.30139 1211.04
1.30208 1211.66
1.30278 1212.27
1.30347 1212.88
1.30417 1213.49
1.30486 1214.1
1.30556 1214.71
1.30625 1215.32
1.30694 1215.93
1.30764 1216.55
1.30833 1217.16
1.30903 1217.77
1.30972 1218.38
1.31042 1218.99
1.31111 1219.6
1.31181 1220.21
1.3125 1220.82
1.31319 1221.43
1.31389 1222.04
1.31458 1222.65
1.31528 1223.26
1.31597 1223.87
1.31667 1224.48
1.31736 1225.09
1.31806 1225.7
1.31875 1226.31
1.31944 1226.92
1.32014 1227.53
1.32083 1228.14
1.32153 1228.75
1.32222 1229.36
1.32292 1229.97
1.32361 1230.58
1.32431 1231.19
1.325 1231.8
1.32569 1232.41
1.32639 1233.01
1.32708 1233.62
1.32778 1234.23
1.32847 1234.84
1.32917 1235.45
1.32986 1236.06
1.33056 1236.67
1.33125 1237.28
1.33194 1237.88
1.33264 1238.49
1.33333 1239.1
1.33403 1239.71
1.33472 1240.32
1.33542 1240.92
1.33611 1241.53
1.33681 1242.14
1.3375 1242.75
1.33819 1243.36
1.33889 1243.96
1.33958 1244.57
1.34028 1245.18
1.34097 1245.79
1.34167 1246.39
1.34236 1247
1.34306 1247.61
1.34375 1248.21
1.34444 1248.82
1.34514 1249.43
1.34583 1250.04
1.34653 1250.64
1.34722 1251.25
1.34792 1251.86
1.34861 1252.46
1.34931 1253.07
1.35 1253.68
1.35069 1254.28
1.35139 1254.89
1.35208 1255.49
1.35278 1256.1
1.35347 1256.71
1.35417 1257.31
1.35486 1257.92
1.35556 1258.52
1.35625 1259.13
1.35694 1259.73
1.35764 1260.34
1.35833 1260.95
1.35903 1261.55
1.35972 1262.16
1.36042 1262.76
1.36111 1263.37
1.36181 1263.97
1.3625 1264.58
1.36319 1265.18
1.36389 1265.79
1.36458 1266.39
1.36528 1267
1.36597 1267.6
1.36667 1268.21
1.36736 1268.81
1.36806 1269.41
1.36875 1270.02
1.36944 1270.62
1.37014 1271.23
1.37083 1271.83
1.37153 1272.44
1.37222 1273.04
1.37292 1273.64
1.37361 1274.25
1.37431 1274.85
1.375 1275.45
1.37569 1276.06
1.37639 1276.66
1.37708 1277.27
1.37778 1277.87
1.37847 1278.47
1.37917 1279.07
1.37986 1279.68
1.38056 1280.28
1.38125 1280.88
1.38194 1281.49
1.38264 1282.09
1.38333 1282.69
1.38403 1283.29
1.38472 1283.9
1.38542 1284.5
1.38611 1285.1
1.38681 1285.7
1.3875 1286.31
1.38819 1286.91
