0 0
0.000694444 0.616175
0.00138889 1.2325
0.00208333 1.84897
0.00277778 2.4656
0.00347222 3.08237
0.00416667 3.69929
0.00486111 4.31636
0.00555556 4.93358
0.00625 5.55094
0.00694444 6.16846
0.00763889 6.78611
0.00833333 7.40392
0.00902778 8.02187
0.00972222 8.63996
0.0104167 9.2582
0.0111111 9.87659
0.0118056 10.4951
0.0125 11.1138
0.0131944 11.7326
0.0138889 12.3516
0.0145833 12.9707
0.0152778 13.5899
0.0159722 14.2093
0.0166667 14.8288
0.0173611 15.4485
0.0180556 16.0683
0.01875 16.6882
0.0194444 17.3083
0.0201389 17.9286
0.0208333 18.5489
0.0215278 19.1694
0.0222222 19.7901
0.0229167 20.4108
0.0236111 21.0318
0.0243056 21.6528
0.025 22.274
0.0256944 22.8953
0.0263889 23.5168
0.0270833 24.1384
0.0277778 24.7601
0.0284722 25.382
0.0291667 26.004
0.0298611 26.6261
0.0305556 27.2484
0.03125 27.8708
0.0319444 28.4933
0.0326389 29.1159
0.0333333 29.7387
0.0340278 30.3617
0.0347222 30.9847
0.0354167 31.6079
0.0361111 32.2312
0.0368056 32.8547
0.0375 33.4782
0.0381944 34.1019
0.0388889 34.7258
0.0395833 35.3497
0.0402778 35.9738
0.0409722 36.598
0.0416667 37.2224
0.0423611 37.8468
0.0430556 38.4714
0.04375 39.0962
0.0444444 39.721
0.0451389 40.346
0.0458333 40.9711
0.0465278 41.5963
0.0472222 42.2216
0.0479167 42.8471
0.0486111 43.4727
0.0493056 44.0984
0.05 44.7242
0.0506944 45.3502
0.0513889 45.9762
0.0520833 46.6024
0.0527778 47.2288
0.0534722 47.8552
0.0541667 48.4817
0.0548611 49.1084
0.0555556 49.7352
0.05625 50.3621
0.0569444 50.9892
0.0576389 51.6163
0.0583333 52.2436
0.0590278 52.871
0.0597222 53.4985
0.0604167 54.1261
0.0611111 54.7538
0.0618056 55.3817
0.0625 56.0096
0.0631944 56.6377
0.0638889 57.2659
0.0645833 57.8942
0.0652778 58.5226
0.0659722 59.1512
0.0666667 59.7798
0.0673611 60.4086
0.0680556 61.0375
0.06875 61.6664
0.0694444 62.2955
0.0701389 62.9247
0.0708333 63.5541
0.0715278 64.1835
0.0722222 64.813
0.0729167 65.4427
0.0736111 66.0724
0.0743056 66.7023
0.075 67.3323
0.0756944 67.9624
0.0763889 68.5926
0.0770833 69.2229
0.0777778 69.8533
0.0784722 70.4838
0.0791667 71.1144
0.0798611 71.7451
0.0805556 72.376
0.08125 73.0069
0.0819444 73.6379
0.0826389 74.2691
0.0833333 74.9003
0.0840278 75.5317
0.0847222 76.1631
0.0854167 76.7947
0.0861111 77.4264
0.0868056 78.0581
0.0875 78.69
0.0881944 79.322
0.0888889 79.954
0.0895833 80.5862
0.0902778 81.2185
0.0909722 81.8509
0.0916667 82.4833
0.0923611 83.1159
0.0930556 83.7486
0.09375 84.3813
0.0944444 85.0142
0.0951389 85.6472
0.0958333 86.2802
0.0965278 86.9134
0.0972222 87.5467
0.0979167 88.18
0.0986111 88.8135
0.0993056 89.447
0.1 90.0807
0.100694 90.7144
0.101389 91.3482
0.102083 91.9822
0.102778 92.6162
0.103472 93.2503
0.104167 93.8845
0.104861 94.5188
0.105556 95.1532
0.10625 95.7877
0.106944 96.4223
0.107639 97.057
0.108333 97.6917
0.109028 98.3266
0.109722 98.9615
0.110417 99.5966
0.111111 100.232
0.111806 100.867
0.1125 101.502
0.113194 102.138
0.113889 102.773
0.114583 103.409
0.115278 104.044
0.115972 104.68
0.116667 105.316
0.117361 105.952
0.118056 106.588
0.11875 107.224
0.119444 107.86
0.120139 108.496
0.120833 109.133
0.121528 109.769
0.122222 110.406
0.122917 111.042
0.123611 111.679
0.124306 112.316
0.125 112.953
0.125694 113.59
0.126389 114.227
0.127083 114.864
0.127778 115.501
0.128472 116.138
0.129167 116.776
0.129861 117.413
0.130556 118.051
0.13125 118.688
0.131944 119.326
0.132639 119.964
0.133333 120.602
0.134028 121.239
0.134722 121.877
0.135417 122.516
0.136111 123.154
0.136806 123.792
0.1375 124.43
0.138194 125.069
0.138889 125.707
0.139583 126.346
0.140278 126.984
0.140972 127.623
0.141667 128.262
0.142361 128.901
0.143056 129.54
0.14375 130.179
0.144444 130.818
0.145139 131.457
0.145833 132.096
0.146528 132.735
0.147222 133.375
0.147917 134.014
0.148611 134.654
0.149306 135.293
0.15 135.933
0.150694 136.573
0.151389 137.213
0.152083 137.852
0.152778 138.492
0.153472 139.132
0.154167 139.772
0.154861 140.413
0.155556 141.053
0.15625 141.693
0.156944 142.334
0.157639 142.974
0.158333 143.615
0.159028 144.255
0.159722 144.896
0.160417 145.536
0.161111 146.177
0.161806 146.818
0.1625 147.459
0.163194 148.1
0.163889 148.741
0.164583 149.382
0.165278 150.023
0.165972 150.665
0.166667 151.306
0.167361 151.947
0.168056 152.589
0.16875 153.23
0.169444 153.872
0.170139 154.513
0.170833 155.155
0.171528 155.797
0.172222 156.439
0.172917 157.081
0.173611 157.723
0.174306 158.365
0.175 159.007
0.175694 159.649
0.176389 160.291
0.177083 160.933
0.177778 161.576
0.178472 162.218
0.179167 162.86
0.179861 163.503
0.180556 164.146
0.18125 164.788
0.181944 165.431
0.182639 166.074
0.183333 166.716
0.184028 167.359
0.184722 168.002
0.185417 168.645
0.186111 169.288
0.186806 169.931
0.1875 170.574
0.188194 171.218
0.188889 171.861
0.189583 172.504
0.190278 173.148
0.190972 173.791
0.191667 174.434
0.192361 175.078
0.193056 175.722
0.19375 176.365
0.194444 177.009
0.195139 177.653
0.195833 178.297
0.196528 178.94
0.197222 179.584
0.197917 180.228
0.198611 180.872
0.199306 181.516
0.2 182.161
0.200694 182.805
0.201389 183.449
0.202083 184.093
0.202778 184.738
0.203472 185.382
0.204167 186.026
0.204861 186.671
0.205556 187.315
0.20625 187.96
0.206944 188.605
0.207639 189.249
0.208333 189.894
0.209028 190.539
0.209722 191.184
0.210417 191.829
0.211111 192.473
0.211806 193.118
0.2125 193.763
0.213194 194.409
0.213889 195.054
0.214583 195.699
0.215278 196.344
0.215972 196.989
0.216667 197.635
0.217361 198.28
0.218056 198.925
0.21875 199.571
0.219444 200.216
0.220139 200.862
0.220833 201.507
0.221528 202.153
0.222222 202.799
0.222917 203.444
0.223611 204.09
0.224306 204.736
0.225 205.382
0.225694 206.028
0.226389 206.674
0.227083 207.32
0.227778 207.966
0.228472 208.612
0.229167 209.258
0.229861 209.904
0.230556 210.55
0.23125 211.196
0.231944 211.843
0.232639 212.489
0.233333 213.135
0.234028 213.782
0.234722 214.428
0.235417 215.075
0.236111 215.721
0.236806 216.368
0.2375 217.014
0.238194 217.661
0.238889 218.308
0.239583 218.954
0.240278 219.601
0.240972 220.248
0.241667 220.895
0.242361 221.542
0.243056 222.188
0.24375 222.835
0.244444 223.482
0.245139 224.129
0.245833 224.776
0.246528 225.424
0.247222 226.071
0.247917 226.718
0.248611 227.365
0.249306 228.012
0.25 228.659
0.250694 229.307
0.251389 229.954
0.252083 230.601
0.252778 231.249
0.253472 231.896
0.254167 232.544
0.254861 233.191
0.255556 233.839
0.25625 234.486
0.256944 235.134
0.257639 235.782
0.258333 236.429
0.259028 237.077
0.259722 237.725
0.260417 238.373
0.261111 239.02
0.261806 239.668
0.2625 240.316
0.263194 240.964
0.263889 241.612
0.264583 242.26
0.265278 242.908
0.265972 243.556
0.266667 244.204
0.267361 244.852
0.268056 245.5
0.26875 246.148
0.269444 246.796
0.270139 247.445
0.270833 248.093
0.271528 248.741
0.272222 249.389
0.272917 250.038
0.273611 250.686
0.274306 251.334
0.275 251.983
0.275694 252.631
0.276389 253.28
0.277083 253.928
0.277778 254.577
0.278472 255.225
0.279167 255.874
0.279861 256.522
0.280556 257.171
0.28125 257.82
0.281944 258.468
0.282639 259.117
0.283333 259.766
0.284028 260.415
0.284722 261.063
0.285417 261.712
0.286111 262.361
0.286806 263.01
0.2875 263.659
0.288194 264.308
0.288889 264.957
0.289583 265.606
0.290278 266.255
0.290972 266.904
0.291667 267.553
0.292361 268.202
0.293056 268.851
0.29375 269.5
0.294444 270.149
0.295139 270.798
0.295833 271.447
0.296528 272.096
0.297222 272.746
0.297917 273.395
0.298611 274.044
0.299306 274.693
0.3 275.343
0.300694 275.992
0.301389 276.641
0.302083 277.291
0.302778 277.94
0.303472 278.589
0.304167 279.239
0.304861 279.888
0.305556 280.538
0.30625 281.187
0.306944 281.837
0.307639 282.486
0.308333 283.136
0.309028 283.785
0.309722 284.435
0.310417 285.085
0.311111 285.734
0.311806 286.384
0.3125 287.034
0.313194 287.683
0.313889 288.333
0.314583 288.983
0.315278 289.632
0.315972 290.282
0.316667 290.932
0.317361 291.582
0.318056 292.231
0.31875 292.881
0.319444 293.531
0.320139 294.181
0.320833 294.831
0.321528 295.481
0.322222 296.131
0.322917 296.781
0.323611 297.43
0.324306 298.08
0.325 298.73
0.325694 299.38
0.326389 300.03
0.327083 300.68
0.327778 301.33
0.328472 301.98
0.329167 302.631
0.329861 303.281
0.330556 303.931
0.33125 304.581
0.331944 305.231
0.332639 305.881
0.333333 306.531
0.334028 307.181
0.334722 307.831
0.335417 308.482
0.336111 309.132
0.336806 309.782
0.3375 310.432
0.338194 311.083
0.338889 311.733
0.339583 312.383
0.340278 313.033
0.340972 313.684
0.341667 314.334
0.342361 314.984
0.343056 315.635
0.34375 316.285
0.344444 316.935
0.345139 317.586
0.345833 318.236
0.346528 318.886
0.347222 319.537
0.347917 320.187
0.348611 320.838
0.349306 321.488
0.35 322.138
0.350694 322.789
0.351389 323.439
0.352083 324.09
0.352778 324.74
0.353472 325.391
0.354167 326.041
0.354861 326.692
0.355556 327.342
0.35625 327.993
0.356944 328.643
0.357639 329.294
0.358333 329.944
0.359028 330.595
0.359722 331.246
0.360417 331.896
0.361111 332.547
0.361806 333.197
0.3625 333.848
0.363194 334.499
0.363889 335.149
0.364583 335.8
0.365278 336.45
0.365972 337.101
0.366667 337.752
0.367361 338.402
0.368056 339.053
0.36875 339.704
0.369444 340.354
0.370139 341.005
0.370833 341.656
0.371528 342.306
0.372222 342.957
0.372917 343.608
0.373611 344.259
0.374306 344.909
0.375 345.56
0.375694 346.211
0.376389 346.861
0.377083 347.512
0.377778 348.163
0.378472 348.814
0.379167 349.464
0.379861 350.115
0.380556 350.766
0.38125 351.417
0.381944 352.068
0.382639 352.718
0.383333 353.369
0.384028 354.02
0.384722 354.671
0.385417 355.322
0.386111 355.972
0.386806 356.623
0.3875 357.274
0.388194 357.925
0.388889 358.576
0.389583 359.226
0.390278 359.877
0.390972 360.528
0.391667 361.179
0.392361 361.83
0.393056 362.481
0.39375 363.131
0.394444 363.782
0.395139 364.433
0.395833 365.084
0.396528 365.735
0.397222 366.386
0.397917 367.037
0.398611 367.687
0.399306 368.338
0.4 368.989
0.400694 369.64
0.401389 370.291
0.402083 370.942
0.402778 371.593
0.403472 372.243
0.404167 372.894
0.404861 373.545
0.405556 374.196
0.40625 374.847
0.406944 375.498
0.407639 376.149
0.408333 376.8
0.409028 377.45
0.409722 378.101
0.410417 378.752
0.411111 379.403
0.411806 380.054
0.4125 380.705
0.413194 381.356
0.413889 382.006
0.414583 382.657
0.415278 383.308
0.415972 383.959
0.416667 384.61
0.417361 385.261
0.418056 385.912
0.41875 386.563
0.419444 387.213
0.420139 387.864
0.420833 388.515
0.421528 389.166
0.422222 389.817
0.422917 390.468
0.423611 391.119
0.424306 391.769
0.425 392.42
0.425694 393.071
0.426389 393.722
0.427083 394.373
0.427778 395.024
0.428472 395.675
0.429167 396.325
0.429861 396.976
0.430556 397.627
0.43125 398.278
0.431944 398.929
0.432639 399.58
0.433333 400.23
0.434028 400.881
0.434722 401.532
0.435417 402.183
0.436111 402.834
0.436806 403.484
0.4375 404.135
0.438194 404.786
0.438889 405.437
0.439583 406.088
0.440278 406.738
0.440972 407.389
0.441667 408.04
0.442361 408.691
0.443056 409.342
0.44375 409.992
0.444444 410.643
0.445139 411.294
0.445833 411.945
0.446528 412.595
0.447222 413.246
0.447917 413.897
0.448611 414.548
0.449306 415.198
0.45 415.849
0.450694 416.5
0.451389 417.15
0.452083 417.801
0.452778 418.452
0.453472 419.103
0.454167 419.753
0.454861 420.404
0.455556 421.055
0.45625 421.705
0.456944 422.356
0.457639 423.007
0.458333 423.657
0.459028 424.308
0.459722 424.958
0.460417 425.609
0.461111 426.26
0.461806 426.91
0.4625 427.561
0.463194 428.212
0.463889 428.862
0.464583 429.513
0.465278 430.163
0.465972 430.814
0.466667 431.465
0.467361 432.115
0.468056 432.766
0.46875 433.416
0.469444 434.067
0.470139 434.717
0.470833 435.368
0.471528 436.018
0.472222 436.669
0.472917 437.319
0.473611 437.97
0.474306 438.62
0.475 439.271
0.475694 439.921
0.476389 440.572
0.477083 441.222
0.477778 441.873
0.478472 442.523
0.479167 443.174
0.479861 443.824
0.480556 444.474
0.48125 445.125
0.481944 445.775
0.482639 446.426
0.483333 447.076
0.484028 447.726
0.484722 448.377
0.485417 449.027
0.486111 449.677
0.486806 450.328
0.4875 450.978
0.488194 451.628
0.488889 452.279
0.489583 452.929
0.490278 453.579
0.490972 454.23
0.491667 454.88
0.492361 455.53
0.493056 456.18
0.49375 456.831
0.494444 457.481
0.495139 458.131
0.495833 458.781
0.496528 459.432
0.497222 460.082
0.497917 460.732
0.498611 461.382
0.499306 462.032
0.5 462.682
0.500694 463.332
0.501389 463.983
0.502083 464.633
0.502778 465.283
0.503472 465.933
0.504167 466.583
0.504861 467.233
0.505556 467.883
0.50625 468.533
0.506944 469.183
0.507639 469.833
0.508333 470.483
0.509028 471.133
0.509722 471.783
0.510417 472.433
0.511111 473.083
0.511806 473.733
0.5125 474.383
0.513194 475.033
0.513889 475.683
0.514583 476.333
0.515278 476.983
0.515972 477.633
0.516667 478.283
0.517361 478.932
0.518056 479.582
0.51875 480.232
0.519444 480.882
0.520139 481.532
0.520833 482.182
0.521528 482.831
0.522222 483.481
0.522917 484.131
0.523611 484.781
0.524306 485.43
0.525 486.08
0.525694 486.73
0.526389 487.38
0.527083 488.029
0.527778 488.679
0.528472 489.329
0.529167 489.978
0.529861 490.628
0.530556 491.278
0.53125 491.927
0.531944 492.577
0.532639 493.226
0.533333 493.876
0.534028 494.526
0.534722 495.175
0.535417 495.825
0.536111 496.474
0.536806 497.124
0.5375 497.773
0.538194 498.423
0.538889 499.072
0.539583 499.722
0.540278 500.371
0.540972 501.02
0.541667 501.67
0.542361 502.319
0.543056 502.969
0.54375 503.618
0.544444 504.267
0.545139 504.917
0.545833 505.566
0.546528 506.215
0.547222 506.865
0.547917 507.514
0.548611 508.163
0.549306 508.812
0.55 509.462
0.550694 510.111
0.551389 510.76
0.552083 511.409
0.552778 512.058
0.553472 512.708
0.554167 513.357
0.554861 514.006
0.555556 514.655
0.55625 515.304
0.556944 515.953
0.557639 516.602
0.558333 517.251
0.559028 517.9
0.559722 518.549
0.560417 519.198
0.561111 519.847
0.561806 520.496
0.5625 521.145
0.563194 521.794
0.563889 522.443
0.564583 523.092
0.565278 523.741
0.565972 524.39
0.566667 525.039
0.567361 525.688
0.568056 526.337
0.56875 526.985
0.569444 527.634
0.570139 528.283
0.570833 528.932
0.571528 529.581
0.572222 530.229
0.572917 530.878
0.573611 531.527
0.574306 532.175
0.575 532.824
0.575694 533.473
0.576389 534.121
0.577083 534.77
0.577778 535.419
0.578472 536.067
0.579167 536.716
0.579861 537.364
0.580556 538.013
0.58125 538.662
0.581944 539.31
0.582639 539.959
0.583333 540.607
0.584028 541.255
0.584722 541.904
0.585417 542.552
0.586111 543.201
0.586806 543.849
0.5875 544.498
0.588194 545.146
0.588889 545.794
0.589583 546.443
0.590278 547.091
0.590972 547.739
0.591667 548.387
0.592361 549.036
0.593056 549.684
0.59375 550.332
0.594444 550.98
0.595139 551.629
0.595833 552.277
0.596528 552.925
0.597222 553.573
0.597917 554.221
0.598611 554.869
0.599306 555.517
0.6 556.165
0.600694 556.813
0.601389 557.462
0.602083 558.11
0.602778 558.758
0.603472 559.406
0.604167 560.053
0.604861 560.701
0.605556 561.349
0.60625 561.997
0.606944 562.645
0.607639 563.293
0.608333 563.941
0.609028 564.589
0.609722 565.237
0.610417 565.884
0.611111 566.532
0.611806 567.18
0.6125 567.828
0.613194 568.475
0.613889 569.123
0.614583 569.771
0.615278 570.418
0.615972 571.066
0.616667 571.714
0.617361 572.361
0.618056 573.009
0.61875 573.656
0.619444 574.304
0.620139 574.951
0.620833 575.599
0.621528 576.247
0.622222 576.894
0.622917 577.541
0.623611 578.189
0.624306 578.836
0.625 579.484
0.625694 580.131
0.626389 580.778
0.627083 581.426
0.627778 582.073
0.628472 582.72
0.629167 583.368
0.629861 584.015
0.630556 584.662
0.63125 585.309
0.631944 585.957
0.632639 586.604
0.633333 587.251
0.634028 587.898
0.634722 588.545
0.635417 589.192
0.636111 589.84
0.636806 590.487
0.6375 591.134
0.638194 591.781
0.638889 592.428
0.639583 593.075
0.640278 593.722
0.640972 594.369
0.641667 595.016
0.642361 595.662
0.643056 596.309
0.64375 596.956
0.644444 597.603
0.645139 598.25
0.645833 598.897
0.646528 599.543
0.647222 600.19
0.647917 600.837
0.648611 601.484
0.649306 602.13
0.65 602.777
0.650694 603.424
0.651389 604.07
0.652083 604.717
0.652778 605.364
0.653472 606.01
0.654167 606.657
0.654861 607.303
0.655556 607.95
0.65625 608.596
0.656944 609.243
0.657639 609.889
0.658333 610.536
0.659028 611.182
0.659722 611.829
0.660417 612.475
0.661111 613.121
0.661806 613.768
0.6625 614.414
0.663194 615.06
0.663889 615.707
0.664583 616.353
0.665278 616.999
0.665972 617.645
0.666667 618.292
0.667361 618.938
0.668056 619.584
0.66875 620.23
0.669444 620.876
0.670139 621.522
0.670833 622.168
0.671528 622.814
0.672222 623.46
0.672917 624.106
0.673611 624.752
0.674306 625.398
0.675 626.044
0.675694 626.69
0.676389 627.336
0.677083 627.982
0.677778 628.628
0.678472 629.274
0.679167 629.919
0.679861 630.565
0.680556 631.211
0.68125 631.857
0.681944 632.502
0.682639 633.148
0.683333 633.794
0.684028 634.439
0.684722 635.085
0.685417 635.731
0.686111 636.376
0.686806 637.022
0.6875 637.667
0.688194 638.313
0.688889 638.958
0.689583 639.604
0.690278 640.249
0.690972 640.895
0.691667 641.54
0.692361 642.186
0.693056 642.831
0.69375 643.476
0.694444 644.122
0.695139 644.767
0.695833 645.412
0.696528 646.058
0.697222 646.703
0.697917 647.348
0.698611 647.993
0.699306 648.638
0.7 649.284
0.700694 649.929
0.701389 650.574
0.702083 651.219
0.702778 651.864
0.703472 652.509
0.704167 653.154
0.704861 653.799
0.705556 654.444
0.70625 655.089
0.706944 655.734
0.707639 656.379
0.708333 657.024
0.709028 657.668
0.709722 658.313
0.710417 658.958
0.711111 659.603
0.711806 660.248
0.7125 660.892
0.713194 661.537
0.713889 662.182
0.714583 662.826
0.715278 663.471
0.715972 664.116
0.716667 664.76
0.717361 665.405
0.718056 666.049
0.71875 666.694
0.719444 667.339
0.720139 667.983
0.720833 668.627
0.721528 669.272
0.722222 669.916
0.722917 670.561
0.723611 671.205
0.724306 671.849
0.725 672.494
0.725694 673.138
0.726389 673.782
0.727083 674.427
0.727778 675.071
0.728472 675.715
0.729167 676.359
0.729861 677.003
0.730556 677.648
0.73125 678.292
0.731944 678.936
0.732639 679.58
0.733333 680.224
0.734028 680.868
0.734722 681.512
0.735417 682.156
0.736111 682.8
0.736806 683.444
0.7375 684.088
0.738194 684.731
0.738889 685.375
0.739583 686.019
0.740278 686.663
0.740972 687.307
0.741667 687.951
0.742361 688.594
0.743056 689.238
0.74375 689.882
0.744444 690.525
0.745139 691.169
0.745833 691.813
0.746528 692.456
0.747222 693.1
0.747917 693.743
0.748611 694.387
0.749306 695.03
0.75 695.674
0.750694 696.317
0.751389 696.961
0.752083 697.604
0.752778 698.247
0.753472 698.891
0.754167 699.534
0.754861 700.177
0.755556 700.821
0.75625 701.464
0.756944 702.107
0.757639 702.75
0.758333 703.393
0.759028 704.037
0.759722 704.68
0.760417 705.323
0.761111 705.966
0.761806 706.609
0.7625 707.252
0.763194 707.895
0.763889 708.538
0.764583 709.181
0.765278 709.824
0.765972 710.467
0.766667 711.11
0.767361 711.752
0.768056 712.395
0.76875 713.038
0.769444 713.681
0.770139 714.324
0.770833 714.966
0.771528 715.609
0.772222 716.252
0.772917 716.894
0.773611 717.537
0.774306 718.18
0.775 718.822
0.775694 719.465
0.776389 720.107
0.777083 720.75
0.777778 721.392
0.778472 722.035
0.779167 722.677
0.779861 723.32
0.780556 723.962
0.78125 724.604
0.781944 725.247
0.782639 725.889
0.783333 726.531
0.784028 727.174
0.784722 727.816
0.785417 728.458
0.786111 729.1
0.786806 729.742
0.7875 730.384
0.788194 731.026
0.788889 731.669
0.789583 732.311
0.790278 732.953
0.790972 733.595
0.791667 734.237
0.792361 734.879
0.793056 735.52
0.79375 736.162
0.794444 736.804
0.795139 737.446
0.795833 738.088
0.796528 738.73
0.797222 739.371
0.797917 740.013
0.798611 740.655
0.799306 741.297
0.8 741.938
0.800694 742.58
0.801389 743.222
0.802083 743.863
0.802778 744.505
0.803472 745.146
0.804167 745.788
0.804861 746.429
0.805556 747.071
0.80625 747.712
0.806944 748.353
0.807639 748.995
0.808333 749.636
0.809028 750.278
0.809722 750.919
0.810417 751.56
0.811111 752.201
0.811806 752.843
0.8125 753.484
0.813194 754.125
0.813889 754.766
0.814583 755.407
0.815278 756.048
0.815972 756.689
0.816667 757.33
0.817361 757.971
0.818056 758.612
0.81875 759.253
0.819444 759.894
0.820139 760.535
0.820833 761.176
0.821528 761.817
0.822222 762.458
0.822917 763.099
0.823611 763.739
0.824306 764.38
0.825 765.021
0.825694 765.661
0.826389 766.302
0.827083 766.943
0.827778 767.583
0.828472 768.224
0.829167 768.865
0.829861 769.505
0.830556 770.146
0.83125 770.786
0.831944 771.426
0.832639 772.067
0.833333 772.707
0.834028 773.348
0.834722 773.988
0.835417 774.628
0.836111 775.269
0.836806 775.909
0.8375 776.549
0.838194 777.189
0.838889 777.829
0.839583 778.47
0.840278 779.11
0.840972 779.75
0.841667 780.39
0.842361 781.03
0.843056 781.67
0.84375 782.31
0.844444 782.95
0.845139 783.59
0.845833 784.23
0.846528 784.87
0.847222 785.51
0.847917 786.149
0.848611 786.789
0.849306 787.429
0.85 788.069
0.850694 788.708
0.851389 789.348
0.852083 789.988
0.852778 790.627
0.853472 791.267
0.854167 791.907
0.854861 792.546
0.855556 793.186
0.85625 793.825
0.856944 794.465
0.857639 795.104
0.858333 795.743
0.859028 796.383
0.859722 797.022
0.860417 797.662
0.861111 798.301
0.861806 798.94
0.8625 799.579
0.863194 800.219
0.863889 800.858
0.864583 801.497
0.865278 802.136
0.865972 802.775
0.866667 803.414
0.867361 804.053
0.868056 804.692
0.86875 805.331
0.869444 805.97
0.870139 806.609
0.870833 807.248
0.871528 807.887
0.872222 808.526
0.872917 809.165
0.873611 809.803
0.874306 810.442
0.875 811.081
0.875694 811.72
0.876389 812.358
0.877083 812.997
0.877778 813.636
0.878472 814.274
0.879167 814.913
0.879861 815.551
0.880556 816.19
0.88125 816.828
0.881944 817.467
0.882639 818.105
0.883333 818.744
0.884028 819.382
0.884722 820.02
0.885417 820.659
0.886111 821.297
0.886806 821.935
0.8875 822.573
0.888194 823.212
0.888889 823.85
0.889583 824.488
0.890278 825.126
0.890972 825.764
0.891667 826.402
0.892361 827.04
0.893056 827.678
0.89375 828.316
0.894444 828.954
0.895139 829.592
0.895833 830.23
0.896528 830.868
0.897222 831.506
0.897917 832.143
0.898611 832.781
0.899306 833.419
0.9 834.057
0.900694 834.694
0.901389 835.332
0.902083 835.97
0.902778 836.607
0.903472 837.245
0.904167 837.882
0.904861 838.52
0.905556 839.157
0.90625 839.795
0.906944 840.432
0.907639 841.07
0.908333 841.707
0.909028 842.344
0.909722 842.982
0.910417 843.619
0.911111 844.256
0.911806 844.893
0.9125 845.53
0.913194 846.168
0.913889 846.805
0.914583 847.442
0.915278 848.079
0.915972 848.716
0.916667 849.353
0.917361 849.99
0.918056 850.627
0.91875 851.264
0.919444 851.901
0.920139 852.537
0.920833 853.174
0.921528 853.811
0.922222 854.448
0.922917 855.085
0.923611 855.721
0.924306 856.358
0.925 856.995
0.925694 857.631
0.926389 858.268
0.927083 858.904
0.927778 859.541
0.928472 860.177
0.929167 860.814
0.929861 861.45
0.930556 862.087
0.93125 862.723
0.931944 863.359
0.932639 863.996
0.933333 864.632
0.934028 865.268
0.934722 865.905
0.935417 866.541
0.936111 867.177
0.936806 867.813
0.9375 868.449
0.938194 869.085
0.938889 869.721
0.939583 870.357
0.940278 870.993
0.940972 871.629
0.941667 872.265
0.942361 872.901
0.943056 873.537
0.94375 874.173
0.944444 874.809
0.945139 875.444
0.945833 876.08
0.946528 876.716
0.947222 877.352
0.947917 877.987
0.948611 878.623
0.949306 879.258
0.95 879.894
0.950694 880.529
0.951389 881.165
0.952083 881.8
0.952778 882.436
0.953472 883.071
0.954167 883.707
0.954861 884.342
0.955556 884.977
0.95625 885.613
0.956944 886.248
0.957639 886.883
0.958333 887.518
0.959028 888.153
0.959722 888.789
0.960417 889.424
0.961111 890.059
0.961806 890.694
0.9625 891.329
0.963194 891.964
0.963889 892.599
0.964583 893.234
0.965278 893.868
0.965972 894.503
0.966667 895.138
0.967361 895.773
0.968056 896.408
0.96875 897.042
0.969444 897.677
0.970139 898.312
0.970833 898.946
0.971528 899.581
0.972222 900.215
0.972917 900.85
0.973611 901.485
0.974306 902.119
0.975 902.753
0.975694 903.388
0.976389 904.022
0.977083 904.657
0.977778 905.291
0.978472 905.925
0.979167 906.559
0.979861 907.194
0.980556 907.828
0.98125 908.462
0.981944 909.096
0.982639 909.73
0.983333 910.364
0.984028 910.998
0.984722 911.632
0.985417 912.266
0.986111 912.9
0.986806 913.534
0.9875 914.168
0.988194 914.802
0.988889 915.436
0.989583 916.069
0.990278 916.703
0.990972 917.337
0.991667 917.97
0.992361 918.604
0.993056 919.238
0.99375 919.871
0.994444 920.505
0.995139 921.138
0.995833 921.772
0.996528 922.405
0.997222 923.039
0.997917 923.672
0.998611 924.305
0.999306 924.939
1 925.572
1.00069 926.205
1.00139 926.839
1.00208 927.472
1.00278 928.105
1.00347 928.738
1.00417 929.371
1.00486 930.004
1.00556 930.637
1.00625 931.27
1.00694 931.903
1.00764 932.536
1.00833 933.169
1.00903 933.802
1.00972 934.435
1.01042 935.067
1.01111 935.7
1.01181 936.333
1.0125 936.966
1.01319 937.598
1.01389 938.231
1.01458 938.864
1.01528 939.496
1.01597 940.129
1.01667 940.761
1.01736 941.394
1.01806 942.026
1.01875 942.658
1.01944 943.291
1.02014 943.923
1.02083 944.555
1.02153 945.188
1.02222 945.82
1.02292 946.452
1.02361 947.084
1.02431 947.716
1.025 948.349
1.02569 948.981
1.02639 949.613
1.02708 950.245
1.02778 950.877
1.02847 951.509
1.02917 952.141
1.02986 952.772
1.03056 953.404
1.03125 954.036
1.03194 954.668
1.03264 955.3
1.03333 955.931
1.03403 956.563
1.03472 957.195
1.03542 957.826
1.03611 958.458
1.03681 959.089
1.0375 959.721
1.03819 960.352
1.03889 960.984
1.03958 961.615
1.04028 962.246
1.04097 962.878
1.04167 963.509
1.04236 964.14
1.04306 964.772
1.04375 965.403
1.04444 966.034
1.04514 966.665
1.04583 967.296
1.04653 967.927
1.04722 968.558
1.04792 969.189
1.04861 969.82
1.04931 970.451
1.05 971.082
1.05069 971.713
1.05139 972.344
1.05208 972.974
1.05278 973.605
1.05347 974.236
1.05417 974.867
1.05486 975.497
1.05556 976.128
1.05625 976.758
1.05694 977.389
1.05764 978.019
1.05833 978.65
1.05903 979.28
1.05972 979.911
1.06042 980.541
1.06111 981.171
1.06181 981.802
1.0625 982.432
1.06319 983.062
1.06389 983.692
1.06458 984.323
1.06528 984.953
1.06597 985.583
1.06667 986.213
1.06736 986.843
1.06806 987.473
1.06875 988.103
1.06944 988.733
1.07014 989.363
1.07083 989.993
1.07153 990.622
1.07222 991.252
1.07292 991.882
1.07361 992.512
1.07431 993.141
1.075 993.771
1.07569 994.4
1.07639 995.03
1.07708 995.66
1.07778 996.289
1.07847 996.919
1.07917 997.548
1.07986 998.177
1.08056 998.807
1.08125 999.436
1.08194 1000.07
1.08264 1000.69
1.08333 1001.32
1.08403 1001.95
1.08472 1002.58
1.08542 1003.21
1.08611 1003.84
1.08681 1004.47
1.0875 1005.1
1.08819 1005.73
1.08889 1006.36
1.08958 1006.99
1.09028 1007.61
1.09097 1008.24
1.09167 1008.87
1.09236 1009.5
1.09306 1010.13
1.09375 1010.76
1.09444 1011.39
1.09514 1012.01
1.09583 1012.64
1.09653 1013.27
1.09722 1013.9
1.09792 1014.53
1.09861 1015.16
1.09931 1015.79
1.1 1016.41
1.10069 1017.04
1.10139 1017.67
1.10208 1018.3
1.10278 1018.93
1.10347 1019.56
1.10417 1020.18
1.10486 1020.81
1.10556 1021.44
1.10625 1022.07
1.10694 1022.7
1.10764 1023.32
1.10833 1023.95
1.10903 1024.58
1.10972 1025.21
1.11042 1025.84
1.11111 1026.46
1.11181 1027.09
1.1125 1027.72
1.11319 1028.35
1.11389 1028.97
1.11458 1029.6
1.11528 1030.23
1.11597 1030.86
1.11667 1031.48
1.11736 1032.11
1.11806 1032.74
1.11875 1033.37
1.11944 1033.99
1.12014 1034.62
1.12083 1035.25
1.12153 1035.87
1.12222 1036.5
1.12292 1037.13
1.12361 1037.76
1.12431 1038.38
1.125 1039.01
1.12569 1039.64
1.12639 1040.26
1.12708 1040.89
1.12778 1041.52
1.12847 1042.15
1.12917 1042.77
1.12986 1043.4
1.13056 1044.03
1.13125 1044.65
1.13194 1045.28
1.13264 1045.91
1.13333 1046.53
1.13403 1047.16
1.13472 1047.79
1.13542 1048.41
1.13611 1049.04
1.13681 1049.66
1.1375 1050.29
1.13819 1050.92
1.13889 1051.54
1.13958 1052.17
1.14028 1052.8
1.14097 1053.42
1.14167 1054.05
1.14236 1054.67
1.14306 1055.3
1.14375 1055.93
1.14444 1056.55
1.14514 1057.18
1.14583 1057.8
1.14653 1058.43
1.14722 1059.06
1.14792 1059.68
1.14861 1060.31
1.14931 1060.93
1.15 1061.56
1.15069 1062.18
1.15139 1062.81
1.15208 1063.44
1.15278 1064.06
1.15347 1064.69
1.15417 1065.31
1.15486 1065.94
1.15556 1066.56
1.15625 1067.19
1.15694 1067.81
1.15764 1068.44
1.15833 1069.06
1.15903 1069.69
1.15972 1070.31
1.16042 1070.94
1.16111 1071.56
1.16181 1072.19
1.1625 1072.81
1.16319 1073.44
1.16389 1074.06
1.16458 1074.69
1.16528 1075.31
1.16597 1075.94
1.16667 1076.56
1.16736 1077.19
1.16806 1077.81
1.16875 1078.44
1.16944 1079.06
1.17014 1079.69
1.17083 1080.31
1.17153 1080.94
1.17222 1081.56
1.17292 1082.18
1.17361 1082.81
1.17431 1083.43
1.175 1084.06
1.17569 1084.68
1.17639 1085.31
1.17708 1085.93
1.17778 1086.55
1.17847 1087.18
1.17917 1087.8
1.17986 1088.43
1.18056 1089.05
1.18125 1089.67
1.18194 1090.3
1.18264 1090.92
1.18333 1091.55
1.18403 1092.17
1.18472 1092.79
1.18542 1093.42
1.18611 1094.04
1.18681 1094.66
1.1875 1095.29
1.18819 1095.91
1.18889 1096.53
1.18958 1097.16
1.19028 1097.78
1.19097 1098.4
1.19167 1099.03
1.19236 1099.65
1.19306 1100.27
1.19375 1100.9
1.19444 1101.52
1.19514 1102.14
1.19583 1102.77
1.19653 1103.39
1.19722 1104.01
1.19792 1104.64
1.19861 1105.26
1.19931 1105.88
1.2 1106.5
1.20069 1107.13
1.20139 1107.75
1.20208 1108.37
1.20278 1109
1.20347 1109.62
1.20417 1110.24
1.20486 1110.86
1.20556 1111.49
1.20625 1112.11
1.20694 1112.73
1.20764 1113.35
1.20833 1113.98
1.20903 1114.6
1.20972 1115.22
1.21042 1115.84
1.21111 1116.46
1.21181 1117.09
1.2125 1117.71
1.21319 1118.33
1.21389 1118.95
1.21458 1119.58
1.21528 1120.2
1.21597 1120.82
1.21667 1121.44
1.21736 1122.06
1.21806 1122.68
1.21875 1123.31
1.21944 1123.93
1.22014 1124.55
1.22083 1125.17
1.22153 1125.79
1.22222 1126.41
1.22292 1127.04
1.22361 1127.66
1.22431 1128.28
1.225 1128.9
1.22569 1129.52
1.22639 1130.14
1.22708 1130.76
1.22778 1131.38
1.22847 1132.01
1.22917 1132.63
1.22986 1133.25
1.23056 1133.87
1.23125 1134.49
1.23194 1135.11
1.23264 1135.73
1.23333 1136.35
1.23403 1136.97
1.23472 1137.59
1.23542 1138.22
1.23611 1138.84
1.23681 1139.46
1.2375 1140.08
1.23819 1140.7
1.23889 1141.32
1.23958 1141.94
1.24028 1142.56
1.24097 1143.18
1.24167 1143.8
1.24236 1144.42
1.24306 1145.04
1.24375 1145.66
1.24444 1146.28
1.24514 1146.9
1.24583 1147.52
1.24653 1148.14
1.24722 1148.76
1.24792 1149.38
1.24861 1150
1.24931 1150.62
1.25 1151.24
1.25069 1151.86
1.25139 1152.48
1.25208 1153.1
1.25278 1153.72
1.25347 1154.34
1.25417 1154.96
1.25486 1155.58
1.25556 1156.2
1.25625 1156.82
1.25694 1157.44
1.25764 1158.06
1.25833 1158.68
1.25903 1159.3
1.25972 1159.91
1.26042 1160.53
1.26111 1161.15
1.26181 1161.77
1.2625 1162.39
1.26319 1163.01
1.26389 1163.63
1.26458 1164.25
1.26528 1164.87
1.26597 1165.49
1.26667 1166.1
1.26736 1166.72
1.26806 1167.34
1.26875 1167.96
1.26944 1168.58
1.27014 1169.2
1.27083 1169.82
1.27153 1170.44
1.27222 1171.05
1.27292 1171.67
1.27361 1172.29
1.27431 1172.91
1.275 1173.53
1.27569 1174.15
1.27639 1174.76
1.27708 1175.38
1.27778 1176
1.27847 1176.62
1.27917 1177.24
1.27986 1177.85
1.28056 1178.47
1.28125 1179.09
1.28194 1179.71
1.28264 1180.33
1.28333 1180.94
1.28403 1181.56
1.28472 1182.18
1.28542 1182.8
1.28611 1183.41
1.28681 1184.03
1.2875 1184.65
1.28819 1185.27
1.28889 1185.88
1.28958 1186.5
1.29028 1187.12
1.29097 1187.74
1.29167 1188.35
1.29236 1188.97
1.29306 1189.59
1.29375 1190.2
1.29444 1190.82
1.29514 1191.44
1.29583 1192.06
1.29653 1192.67
1.29722 1193.29
1.29792 1193.91
1.29861 1194.52
1.29931 1195.14
1.3 1195.76
1.30069 1196.37
1.30139 1196.99
1.30208 1197.61
1.30278 1198.22
1.30347 1198.84
1.30417 1199.46
1.30486 1200.07
1.30556 1200.69
1.30625 1201.3
1.30694 1201.92
1.30764 1202.54
1.30833 1203.15
1.30903 1203.77
1.30972 1204.39
1.31042 1205
1.31111 1205.62
1.31181 1206.23
1.3125 1206.85
1.31319 1207.47
1.31389 1208.08
1.31458 1208.7
1.31528 1209.31
1.31597 1209.93
1.31667 1210.54
1.31736 1211.16
1.31806 1211.77
1.31875 1212.39
1.31944 1213.01
1.32014 1213.62
1.32083 1214.24
1.32153 1214.85
1.32222 1215.47
1.32292 1216.08
1.32361 1216.7
1.32431 1217.31
1.325 1217.93
1.32569 1218.54
1.32639 1219.16
1.32708 1219.77
1.32778 1220.39
1.32847 1221
1.32917 1221.62
1.32986 1222.23
1.33056 1222.85
1.33125 1223.46
1.33194 1224.08
1.33264 1224.69
1.33333 1225.3
1.33403 1225.92
1.33472 1226.53
1.33542 1227.15
1.33611 1227.76
1.33681 1228.38
1.3375 1228.99
1.33819 1229.6
1.33889 1230.22
1.33958 1230.83
1.34028 1231.45
1.34097 1232.06
1.34167 1232.67
1.34236 1233.29
1.34306 1233.9
1.34375 1234.52
1.34444 1235.13
1.34514 1235.74
1.34583 1236.36
1.34653 1236.97
1.34722 1237.58
1.34792 1238.2
1.34861 1238.81
1.34931 1239.42
1.35 1240.04
1.35069 1240.65
1.35139 1241.26
1.35208 1241.88
1.35278 1242.49
1.35347 1243.1
1.35417 1243.72
1.35486 1244.33
1.35556 1244.94
1.35625 1245.56
1.35694 1246.17
1.35764 1246.78
1.35833 1247.39
1.35903 1248.01
1.35972 1248.62
1.36042 1249.23
1.36111 1249.85
1.36181 1250.46
1.3625 1251.07
1.36319 1251.68
1.36389 1252.3
1.36458 1252.91
1.36528 1253.52
1.36597 1254.13
1.36667 1254.74
1.36736 1255.36
1.36806 1255.97
1.36875 1256.58
1.36944 1257.19
1.37014 1257.81
1.37083 1258.42
1.37153 1259.03
1.37222 1259.64
1.37292 1260.25
1.37361 1260.86
1.37431 1261.48
1.375 1262.09
1.37569 1262.7
1.37639 1263.31
1.37708 1263.92
1.37778 1264.53
1.37847 1265.15
1.37917 1265.76
1.37986 1266.37
1.38056 1266.98
1.38125 1267.59
1.38194 1268.2
1.38264 1268.81
1.38333 1269.42
1.38403 1270.03
1.38472 1270.65
1.38542 1271.26
1.38611 1271.87
1.38681 1272.48
1.3875 1273.09
1.38819 1273.7
