23 1 1 59945.00 I  0.062787 0.000020  0.200919 0.000015  I-0.0198238 0.0000071  0.2244 0.0042  I  -111.392    0.715    -5.058    0.140  0.062699  0.200944 -0.0197967  -111.162    -5.163  
23 1 2 59946.00 I  0.059054 0.000023  0.201756 0.000023  I-0.0199237 0.0000061 -0.0025 0.0055  I  -111.512    0.573    -5.059    0.097  0.059003  0.201796 -0.0199243  -111.443    -5.114  
23 1 3 59947.00 I  0.055737 0.000020  0.202460 0.000035  I-0.0198256 0.0000083 -0.2091 0.0053  I  -111.469    0.606    -5.072    0.132  0.055638  0.202514 -0.0198250  -111.467    -5.128  
23 1 4 59948.00 I  0.052977 0.000019  0.203016 0.000035  I-0.0195028 0.0000087 -0.4237 0.0063  I  -111.219    0.606    -5.157    0.132  0.052933  0.202990 -0.0195007  -111.313    -5.194  
23 1 5 59949.00 I  0.050803 0.000020  0.203873 0.000036  I-0.0190209 0.0000095 -0.5103 0.0064  I  -110.849    0.606    -5.390    0.132  0.050795  0.203830 -0.0190232  -110.822    -5.531  
23 1 6 59950.00 I  0.048797 0.000020  0.205075 0.000036  I-0.0185004 0.0000095 -0.5424 0.0066  I  -110.557    0.606    -5.688    0.132  0.048795  0.205101 -0.0184663  -110.510    -5.834  
23 1 7 59951.00 I  0.046882 0.000019  0.206241 0.000036  I-0.0179516 0.0000093 -0.5279 0.0068  I  -110.421    0.606    -5.872    0.132  0.046853  0.206221 -0.0179143  -110.392    -5.984  
23 1 8 59952.00 I  0.045143 0.000016  0.207584 0.000032  I-0.0174789 0.0000098 -0.4104 0.0063  I  -110.350    0.816    -5.861    0.177  0.045146  0.207590 -0.0174487  -110.316    -5.948  
23 1 9 59953.00 I  0.043364 0.000011  0.209053 0.000016  I-0.0171414 0.0000085 -0.2612 0.0063  I  -110.217    0.807    -5.750    0.146  0.043370  0.209111 -0.0171274  -110.159    -5.821  
23 110 59954.00 I  0.041296 0.000010  0.210242 0.000014  I-0.0169622 0.0000078 -0.0950 0.0055  I  -109.978    0.807    -5.672    0.146  0.041325  0.210288 -0.0169671  -109.874    -5.733  
23 111 59955.00 I  0.038966 0.000015  0.211106 0.000015  I-0.0169545 0.0000071  0.0806 0.0050  I  -109.660    0.754    -5.624    0.124  0.038979  0.211134 -0.0169747  -109.583    -5.665  
23 112 59956.00 I  0.036561 0.000015  0.211940 0.000014  I-0.0170839 0.0000062  0.1376 0.0049  I  -109.330    0.754    -5.514    0.124  0.036547  0.211915 -0.0170559  -109.296    -5.533  
23 113 59957.00 I  0.034182 0.000014  0.213038 0.000014  I-0.0172128 0.0000067  0.1440 0.0059  I  -109.128    0.754    -5.350    0.124  0.034173  0.213022 -0.0172046  -109.147    -5.343  
23 114 59958.00 I  0.031794 0.000013  0.214424 0.000012  I-0.0173780 0.0000100  0.1687 0.0057  I  -109.206    0.669    -5.284    0.088  0.031810  0.214393 -0.0173877  -109.253    -5.273  
23 115 59959.00 I  0.029348 0.000016  0.216072 0.000021  I-0.0175475 0.0000092  0.1851 0.0069  I  -109.544    0.637    -5.405    0.113  0.029351  0.216047 -0.0175710  -109.621    -5.396  
23 116 59960.00 I  0.026873 0.000016  0.217965 0.000021  I-0.0177223 0.0000096  0.1236 0.0073  I  -109.926    0.637    -5.573    0.113  0.026882  0.217923 -0.0177110  -110.037    -5.563  
23 117 59961.00 I  0.024332 0.000012  0.220219 0.000019  I-0.0177507 0.0000114 -0.0698 0.0070  I  -110.263    0.618    -5.571    0.129  0.024343  0.220214 -0.0177400  -110.403    -5.564  
23 118 59962.00 I  0.021691 0.000040  0.222446 0.000019  I-0.0175816 0.0000102 -0.2664 0.0075  I  -110.744    0.676    -5.452    0.136  0.021681  0.222504 -0.0175873  -110.857    -5.445  
23 119 59963.00 I  0.019115 0.000040  0.224215 0.000019  I-0.0172338 0.0000099 -0.4154 0.0071  I  -111.419    0.676    -5.518    0.136  0.019078  0.224261 -0.0172362  -111.474    -5.516  
23 120 59964.00 I  0.016663 0.000040  0.225636 0.000019  I-0.0167586 0.0000100 -0.5409 0.0081  I  -111.873    0.676    -5.878    0.136  0.016715  0.225678 -0.0167521  -111.849    -5.887  
23 121 59965.00 I  0.013977 0.000039  0.226843 0.000011  I-0.0161721 0.0000128 -0.6060 0.0061  I  -111.677    0.845    -6.222    0.148  0.014033  0.226892 -0.0161896  -111.635    -6.235  
23 122 59966.00 I  0.010876 0.000040  0.227751 0.000014  I-0.0156163 0.0000070 -0.4620 0.0072  I  -110.999    0.550    -6.218    0.105  0.010879  0.227740 -0.0156593  -110.964    -6.230  
23 123 59967.00 I  0.007811 0.000040  0.228860 0.000016  I-0.0152836 0.0000066 -0.2113 0.0047  I  -110.403    0.550    -5.965    0.105  0.007728  0.228830 -0.0153087  -110.393    -5.970  
23 124 59968.00 I  0.005409 0.000020  0.230211 0.000017  I-0.0152067 0.0000063  0.0786 0.0046  I  -110.172    0.354    -5.799    0.066  0.005300  0.230244 -0.0152158  -110.223    -5.787  
23 125 59969.00 I  0.003919 0.000024  0.231456 0.000027  I-0.0154122 0.0000063  0.2826 0.0045  I  -110.168    0.569    -5.797    0.149  0.003852  0.231401 -0.0153642  -110.193    -5.799  
23 126 59970.00 I  0.002887 0.000025  0.233327 0.000029  I-0.0156951 0.0000063  0.2560 0.0044  I  -110.257    0.569    -5.756    0.149  0.002927  0.233231 -0.0156349  -110.268    -5.775  
23 127 59971.00 I  0.001580 0.000024  0.235870 0.000030  I-0.0159020 0.0000061  0.1627 0.0050  I  -110.440    0.569    -5.596    0.149  0.001593  0.235918 -0.0158886  -110.468    -5.635  
23 128 59972.00 I  0.000382 0.000023  0.238118 0.000030  I-0.0159939 0.0000078 -0.0105 0.0046  I  -110.658    0.709    -5.505    0.193  0.000279  0.238107 -0.0159862  -110.687    -5.537  
23 129 59973.00 I -0.000273 0.000027  0.240384 0.000033  I-0.0158864 0.0000070 -0.1676 0.0051  I  -110.780    0.831    -5.637    0.183 -0.000230  0.240378 -0.0158927  -110.794    -5.657  
23 130 59974.00 I -0.000860 0.000026  0.242657 0.000033  I-0.0156616 0.0000067 -0.3161 0.0051  I  -110.770    0.831    -5.889    0.183 -0.000925  0.242670 -0.0156444  -110.750    -5.905  
23 131 59975.00 I -0.001399 0.000023  0.245014 0.000026  I-0.0152307 0.0000075 -0.5351 0.0046  I  -110.670    1.146    -6.069    0.163 -0.001326  0.244961 -0.0152262  -110.583    -6.080  
23 2 1 59976.00 I -0.002309 0.000021  0.247812 0.000044  I-0.0146169 0.0000062 -0.6775 0.0048  I  -110.482    1.038    -6.146    0.176 -0.002296  0.247864 -0.0146010  -110.444    -6.163  
23 2 2 59977.00 I -0.003560 0.000021  0.250311 0.000044  I-0.0138939 0.0000061 -0.7653 0.0045  I  -110.205    1.038    -6.240    0.176 -0.003547  0.250346 -0.0138591  -110.219    -6.262  
23 2 3 59978.00 I -0.004904 0.000021  0.252505 0.000043  I-0.0131141 0.0000064 -0.7696 0.0047  I  -109.944    1.038    -6.398    0.176 -0.004856  0.252572 -0.0130960  -109.978    -6.426  
23 2 4 59979.00 I -0.006471 0.000018  0.254279 0.000041  I-0.0124023 0.0000071 -0.6312 0.0042  I  -109.831    0.944    -6.503    0.187 -0.006428  0.254285 -0.0124190  -109.861    -6.529  
23 2 5 59980.00 I -0.008209 0.000019  0.255937 0.000041  I-0.0118695 0.0000053 -0.4396 0.0045  I  -109.848    0.729    -6.432    0.154 -0.008204  0.255923 -0.0118777  -109.870    -6.457  
23 2 6 59981.00 I -0.009960 0.000021  0.257733 0.000041  I-0.0115082 0.0000054 -0.2929 0.0037  I  -109.839    0.729    -6.225    0.154 -0.009964  0.257731 -0.0114958  -109.866    -6.252  
23 2 7 59982.00 I -0.011917 0.000020  0.259667 0.000018  I-0.0112781 0.0000051 -0.1629 0.0032  I  -109.683    0.541    -6.037    0.116 -0.011876  0.259655 -0.0112745  -109.747    -6.070  
23 2 8 59983.00 I -0.014091 0.000033  0.261639 0.000038  I-0.0111853 0.0000035 -0.0240 0.0031  I  -109.407    0.739    -5.952    0.086 -0.014175  0.261674 -0.0111959  -109.435    -5.978  
23 2 9 59984.00 I -0.015722 0.000033  0.263453 0.000038  I-0.0112377 0.0000034  0.1379 0.0026  I  -109.143    0.739    -5.924    0.086 -0.015815  0.263434 -0.0112446  -109.132    -5.933  
23 210 59985.00 I -0.016726 0.000032  0.265587 0.000038  I-0.0114608 0.0000039  0.2990 0.0031  I  -109.015    0.739    -5.903    0.086 -0.016692  0.265519 -0.0114722  -108.968    -5.888  
23 211 59986.00 I -0.017893 0.000029  0.268005 0.000037  I-0.0117978 0.0000052  0.3466 0.0029  I  -109.086    0.911    -5.945    0.044 -0.017796  0.268043 -0.0117909  -109.040    -5.942  
23 212 59987.00 I -0.019636 0.000029  0.270435 0.000037  I-0.0121301 0.0000044  0.3226 0.0034  I  -109.308    0.766    -6.117    0.124 -0.019580  0.270405 -0.0121316  -109.260    -6.133  
23 213 59988.00 I -0.021943 0.000029  0.273088 0.000038  I-0.0124042 0.0000044  0.1822 0.0035  I  -109.542    0.766    -6.351    0.124 -0.021949  0.273140 -0.0123642  -109.473    -6.379  
23 214 59989.00 I -0.024483 0.000015  0.275694 0.000018  I-0.0124673 0.0000055 -0.0396 0.0036  I  -109.724    0.669    -6.481    0.163 -0.024489  0.275701 -0.0124632  -109.625    -6.523  
23 215 59990.00 I -0.026965 0.000028  0.278180 0.000020  I-0.0123414 0.0000058 -0.2120 0.0039  I  -109.979    0.644    -6.487    0.150 -0.026961  0.278194 -0.0123539  -109.980    -6.504  
23 216 59991.00 I -0.029371 0.000027  0.280690 0.000021  I-0.0120581 0.0000054 -0.3400 0.0040  I  -110.406    0.644    -6.568    0.150 -0.029393  0.280732 -0.0120613  -110.553    -6.554  
23 217 59992.00 I -0.031759 0.000027  0.282893 0.000023  I-0.0116893 0.0000054 -0.3844 0.0049  I  -110.766    0.644    -6.863    0.150 -0.031780  0.282935 -0.0116902  -111.072    -6.818  
23 218 59993.00 I -0.033991 0.000025  0.284847 0.000023  I-0.0113602 0.0000081 -0.2162 0.0045  I  -110.673    0.401    -7.190    0.084 -0.034066  0.284869 -0.0113623  -110.935    -7.143  
23 219 59994.00 I -0.035823 0.000032  0.286845 0.000028  I-0.0113091 0.0000071  0.1087 0.0054  I  -110.106    0.723    -7.250    0.201 -0.035884  0.286825 -0.0113117  -110.257    -7.216  
23 220 59995.00 I -0.037242 0.000031  0.288963 0.000027  I-0.0115755 0.0000072  0.4275 0.0049  I  -109.463    0.723    -7.046    0.201 -0.037338  0.288920 -0.0115669  -109.509    -7.029  
23 221 59996.00 I -0.038246 0.000021  0.291494 0.000025  I-0.0121540 0.0000068  0.7160 0.0046  I  -109.083    0.769    -6.853    0.230 -0.038274  0.291422 -0.0121587  -109.019    -6.868  
23 222 59997.00 I -0.038779 0.000023  0.294616 0.000025  I-0.0129432 0.0000056  0.8116 0.0046  I  -108.997    0.742    -6.809    0.179 -0.038866  0.294588 -0.0129291  -108.925    -6.815  
23 223 59998.00 I -0.038964 0.000025  0.298256 0.000023  I-0.0137351 0.0000063  0.7810 0.0048  I  -109.136    0.742    -6.788    0.179 -0.038960  0.298263 -0.0137066  -109.077    -6.785  
23 224 59999.00 I -0.039164 0.000026  0.301855 0.000023  I-0.0144985 0.0000077  0.7304 0.0057  I  -109.461    0.742    -6.697    0.179 -0.039119  0.301926 -0.0145020  -109.413    -6.693  
23 225 60000.00 I -0.039676 0.000017  0.305102 0.000013  I-0.0151485 0.0000095  0.5376 0.0058  I  -109.838    0.661    -6.674    0.065 -0.039564  0.305114 -0.0151424  -109.790    -6.690  
23 226 60001.00 I -0.040939 0.000021  0.308169 0.000017  I-0.0155416 0.0000088  0.2486 0.0065  I  -110.068    0.721    -6.866    0.058 -0.040856  0.308232 -0.0155421  -110.020    -6.905  
23 227 60002.00 I -0.042704 0.000022  0.310720 0.000018  I-0.0156487 0.0000089 -0.0314 0.0076  I  -110.088    0.721    -7.178    0.058 -0.042777  0.310760 -0.0156050  -110.045    -7.236  
23 228 60003.00 I -0.044028 0.000020  0.313321 0.000018  I-0.0155140 0.0000125 -0.2058 0.0065  I  -109.978    0.881    -7.382    0.021 -0.044051  0.313293 -0.0155019  -109.938    -7.454  
23 3 1 60004.00 I -0.045094 0.000019  0.316290 0.000019  I-0.0152982 0.0000094 -0.1970 0.0073  I  -109.760    0.860    -7.398    0.122 -0.045086  0.316379 -0.0152786  -109.729    -7.431  
23 3 2 60005.00 I -0.046059 0.000018  0.318742 0.000020  I-0.0151046 0.0000077 -0.2345 0.0060  I  -109.391    0.860    -7.357    0.122                                                     
23 3 3 60006.00 I -0.046662 0.000016  0.321114 0.000019  I-0.0148427 0.0000074 -0.2316 0.0053  I  -108.939    0.860    -7.396    0.122                                                     
23 3 4 60007.00 I -0.046920 0.000012  0.323798 0.000016  I-0.0146892 0.0000072 -0.0855 0.0049  I  -108.601    0.815    -7.476    0.217                                                     
23 3 5 60008.00 I -0.046593 0.000037  0.326590 0.000019  I-0.0146900 0.0000065  0.1154 0.0047  I  -108.485    0.909    -7.452    0.104                                                     
23 3 6 60009.00 I -0.045656 0.000037  0.329778 0.000019  I-0.0149303 0.0000060  0.3470 0.0047  I  -108.494    0.909    -7.280    0.104                                                     
23 3 7 60010.00 I -0.044607 0.000036  0.333304 0.000017  I-0.0153729 0.0000068  0.5451 0.0040  I  -108.472    0.929    -7.082    0.044                                                     
23 3 8 60011.00 I -0.043512 0.000037  0.336633 0.000016  I-0.0160143 0.0000054  0.7245 0.0042  I  -108.402    0.795    -7.004    0.038                                                     
23 3 9 60012.00 I -0.042352 0.000037  0.339812 0.000016  I-0.0167934 0.0000050  0.8183 0.0036  I  -108.377    0.795    -7.072    0.038                                                     
23 310 60013.00 I -0.041303 0.000037  0.343080 0.000015  I-0.0176197 0.0000048  0.8185 0.0031  I  -108.451    0.795    -7.207    0.038                                                     
23 311 60014.00 I -0.040750 0.000013  0.346411 0.000009  I-0.0184076 0.0000038  0.7504 0.0035  I  -108.577    0.697    -7.341    0.034                                                     
23 312 60015.00 I -0.040529 0.000014  0.349519 0.000010  I-0.0190955 0.0000051  0.6073 0.0032  I  -108.692    0.740    -7.472    0.052                                                     
23 313 60016.00 I -0.040089 0.000013  0.352557 0.000010  I-0.0195972 0.0000052  0.3893 0.0041  I  -108.760    0.740    -7.613    0.052                                                     
23 314 60017.00 I -0.039703 0.000014  0.355962 0.000013  I-0.0199053 0.0000064  0.2650 0.0041  I  -108.752    0.812    -7.749    0.072                                                     
23 315 60018.00 I -0.039676 0.000014  0.359426 0.000012  I-0.0201090 0.0000063  0.0859 0.0045  I  -108.662    0.812    -7.869    0.072                                                     
23 316 60019.00 I -0.039798 0.000013  0.362273 0.000012  I-0.0200828 0.0000064 -0.0763 0.0044  I  -108.524    0.812    -8.015    0.072                                                     
23 317 60020.00 I -0.039667 0.000012  0.364619 0.000012  I-0.0200346 0.0000062 -0.0040 0.0045  I  -108.359    0.812    -8.204    0.072                                                     
23 318 60021.00 I -0.039055 0.000011  0.366839 0.000011  I-0.0201205 0.0000064  0.2053 0.0036  I  -108.158    0.322    -8.346    0.160                                                     
23 319 60022.00 I -0.038098 0.000013  0.368982 0.000012  I-0.0204823 0.0000038  0.5259 0.0037  I  -107.940    0.618    -8.311    0.078                                                     
23 320 60023.00 I -0.036912 0.000009  0.371252 0.000008  I-0.0211480 0.0000037  0.7737 0.0027  I  -107.780    0.618    -8.122    0.078                                                     
23 321 60024.00 I -0.035479 0.000009  0.373933 0.000009  I-0.0219994 0.0000038  0.9307 0.0030  I  -107.713    0.618    -7.952    0.078                                                     
23 322 60025.00 I -0.033921 0.000012  0.377070 0.000012  I-0.0229695 0.0000046  0.9682 0.0030  I  -107.716    0.707    -7.911    0.051                                                     
23 323 60026.00 I -0.032493 0.000012  0.380217 0.000013  I-0.0238907 0.0000046  0.8706 0.0033  I  -107.807    0.707    -7.942    0.051                                                     
23 324 60027.00 I -0.031182 0.000011  0.383297 0.000013  I-0.0246833 0.0000048  0.6910 0.0036  I  -108.031    0.707    -7.964    0.051                                                     
23 325 60028.00 I -0.029863 0.000009  0.386398 0.000013  I-0.0252281 0.0000056  0.3778 0.0033  I  -108.329    0.760    -8.024    0.019                                                     
23 326 60029.00 I -0.028393 0.000014  0.389489 0.000018  I-0.0254387 0.0000045  0.0642 0.0036  I  -108.540    0.803    -8.201    0.111                                                     
23 327 60030.00 I -0.026607 0.000014  0.392602 0.000018  I-0.0253946 0.0000045 -0.1350 0.0036  I  -108.573    0.803    -8.441    0.111                                                     
23 328 60031.00 I -0.024709 0.000013  0.395452 0.000016  I-0.0251881 0.0000055 -0.2758 0.0034  I  -108.463    0.855    -8.596    0.160                                                     
23 329 60032.00 I -0.023046 0.000016  0.397855 0.000020  I-0.0248771 0.0000050 -0.3142 0.0038  I  -108.232    0.748    -8.615    0.111                                                     
23 330 60033.00 I -0.021724 0.000019  0.400028 0.000021  I-0.0245949 0.0000053 -0.2469 0.0041  I  -107.843    0.748    -8.609    0.111                                                     
23 331 60034.00 I -0.020386 0.000020  0.402185 0.000021  I-0.0243987 0.0000066 -0.1333 0.0051  I  -107.336    0.748    -8.700    0.111                                                     
23 4 1 60035.00 I -0.018859 0.000018  0.404605 0.000018  I-0.0243378 0.0000086  0.0087 0.0052  I  -106.908    0.681    -8.857    0.021                                                     
23 4 2 60036.00 I -0.017327 0.000020  0.407371 0.000020  I-0.0244346 0.0000081  0.2062 0.0057  I  -106.750    0.752    -8.926    0.064                                                     
23 4 3 60037.00 I -0.015623 0.000019  0.409983 0.000020  I-0.0247491 0.0000074  0.4002 0.0055  I  -106.855    0.752    -8.806    0.064                                                     
23 4 4 60038.00 I -0.013828 0.000019  0.412632 0.000021  I-0.0252205 0.0000074  0.5505 0.0051  I  -107.058    0.771    -8.569    0.092                                                     
23 4 5 60039.00 I -0.012262 0.000016  0.415451 0.000020  I-0.0258392 0.0000070  0.6680 0.0043  I  -107.235    0.771    -8.387    0.092                                                     
23 4 6 60040.00 I -0.010696 0.000015  0.418305 0.000019  I-0.0265276 0.0000043  0.6986 0.0040  I  -107.377    0.771    -8.369    0.092                                                     
23 4 7 60041.00 I -0.009135 0.000015  0.421176 0.000019  I-0.0272234 0.0000039  0.6900 0.0029  I  -107.516    0.771    -8.489    0.092                                                     
23 4 8 60042.00 I -0.007829 0.000015  0.423801 0.000016  I-0.0278884 0.0000039  0.6238 0.0032  I  -107.654    0.631    -8.643    0.081                                                     
23 4 9 60043.00 I -0.006568 0.000016  0.426292 0.000016  I-0.0284453 0.0000052  0.4806 0.0051  I  -107.766    0.631    -8.763    0.081                                                     
23 410 60044.00 I -0.005306 0.000018  0.428799 0.000026  I-0.0288328 0.0000094  0.2871 0.0050  I  -107.831    0.807    -8.858    0.052                                                     
23 411 60045.00 I -0.004034 0.000018  0.431391 0.000026  I-0.0290172 0.0000086  0.0867 0.0056  I  -107.798    0.807    -8.968    0.052                                                     
23 412 60046.00 I -0.002963 0.000017  0.434139 0.000027  I-0.0290321 0.0000060 -0.0359 0.0052  I  -107.577    0.781    -9.113    0.032                                                     
23 413 60047.00 I -0.002355 0.000019  0.436719 0.000026  I-0.0289844 0.0000059 -0.0417 0.0042  I  -107.135    0.781    -9.267    0.032                                                     
23 414 60048.00 I -0.001834 0.000023  0.439277 0.000028  I-0.0290012 0.0000058  0.1098 0.0043  I  -106.587    0.781    -9.374    0.032                                                     
23 415 60049.00 I -0.001118 0.000024  0.441662 0.000030  I-0.0292390 0.0000062  0.3664 0.0043  P  -106.186    0.278    -9.373    0.145                                                     
23 416 60050.00 I  0.000149 0.000021  0.443579 0.000011  I-0.0297587 0.0000063  0.6973 0.0044  P  -106.098    0.288    -9.250    0.148                                                     
23 417 60051.00 I  0.001656 0.000090  0.445290 0.000092  I-0.0306111 0.0000063  0.9608 0.0052  P  -106.303    0.297    -9.061    0.151                                                     
23 418 60052.00 I  0.002989 0.000090  0.446940 0.000092  I-0.0316040 0.0000084  0.9955 0.0052  P  -106.627    0.304    -8.897    0.154                                                     
23 419 60053.00 I  0.004306 0.000091  0.448616 0.000091  I-0.0325571 0.0000084  0.8953 0.0062  P  -106.898    0.309    -8.812    0.155                                                     
23 420 60054.00 I  0.005764 0.000091  0.450465 0.000091  I-0.0333660 0.0000090  0.7093 0.0071  P  -107.069    0.313    -8.797    0.157                                                     
23 421 60055.00 I  0.007427 0.000091  0.452647 0.000091  I-0.0339482 0.0000115  0.4409 0.0077  P  -107.205    0.316    -8.836    0.158                                                     
23 422 60056.00 I  0.009112 0.000091  0.455146 0.000091  I-0.0342549 0.0000124  0.1938 0.0081  P  -107.357    0.318    -8.939    0.158                                                     
23 423 60057.00 I  0.010751 0.000091  0.457872 0.000090  I-0.0343539 0.0000115  0.0008 0.0085  P  -107.496    0.319    -9.105    0.159                                                     
23 424 60058.00 I  0.012659 0.000090  0.460576 0.000091  I-0.0342654 0.0000115 -0.1656 0.0081  P  -107.561    0.320    -9.269    0.159                                                     
23 425 60059.00 I  0.014958 0.000091  0.462923 0.000093  I-0.0340555 0.0000115 -0.2335 0.0083  P  -107.512    0.321    -9.352    0.160                                                     
23 426 60060.00 I  0.017297 0.000091  0.465035 0.000091  I-0.0338248 0.0000119 -0.2221 0.0080  P  -107.330    0.321    -9.360    0.160                                                     
23 427 60061.00 I  0.019410 0.000090  0.467140 0.000090  I-0.0336193 0.0000111 -0.1867 0.0078  P  -106.999    0.321    -9.396    0.160                                                     
23 428 60062.00 I  0.021513 0.000090  0.469069 0.000090  I-0.0334847 0.0000100 -0.0513 0.0072  P  -106.552    0.321    -9.537    0.160                                                     
23 429 60063.00 I  0.023822 0.000091  0.470673 0.000091  I-0.0335370 0.0000092  0.1450 0.0068  P  -106.128    0.322    -9.724    0.160                                                     
23 430 60064.00 I  0.025978 0.000091  0.472109 0.000091  I-0.0337790 0.0000093  0.3543 0.0328  P  -105.926    0.322    -9.805    0.160                                                     
23 5 1 60065.00 I  0.027585 0.000091  0.473503 0.000091  I-0.0342104 0.0000650  0.4580 0.0280  P  -106.053    0.322    -9.684    0.160                                                     
23 5 2 60066.00 I  0.028828 0.000091  0.474694 0.000090  I-0.0347736 0.0000552                 P  -106.432    0.322    -9.414    0.160                                                     
