1 33376U 08045A   23001.18938164 -.00000130  00000-0  00000+0 0  9999
2 33376   0.0030 100.8744 0002988 182.1768 148.6927  1.00271782 52171
1 33376U 08045A   23001.58750748 -.00000129  00000-0  00000+0 0  9991
2 33376   0.0184  30.5351 0002979 252.9307 291.9960  1.00271739 52170
1 33376U 08045A   23001.58750748 -.00000129  00000-0  00000-0 0  9992
2 33376   0.0184  30.5351 0002979 252.9307 291.9960  1.00271739 52248
1 33376U 08045A   23001.85225213 -.00000128  00000-0  00000-0 0  9995
2 33376   0.0188  30.6154 0002966 253.0099  27.4056  1.00271658 52248
1 33376U 08045A   23002.55118894 -.00000127  00000-0  00000-0 0  9998
2 33376   0.0184  32.9725 0002978 251.2173 279.1473  1.00271650 52251
1 33376U 08045A   23002.85642553 -.00000127  00000-0  00000+0 0  9994
2 33376   0.0185  35.7649 0003006 249.0990  28.6588  1.00271653 52182
1 33376U 08045A   23002.85642553 -.00000127  00000-0  00000-0 0  9995
2 33376   0.0185  35.7649 0003006 249.0990  28.6588  1.00271653 52250
1 33376U 08045A   23003.52896365 -.00000126  00000-0  00000-0 0  9991
2 33376   0.0170  40.0303 0003021 245.7085 270.5604  1.00271630 52268
1 33376U 08045A   23004.12213269 -.00000127  00000-0  00000+0 0  9994
2 33376   0.0162  46.1142 0003053 241.0645 123.2451  1.00271617 52206
1 33376U 08045A   23004.53525911 -.00000126  00000-0  00000-0 0  9999
2 33376   0.0151  50.3423 0003065 237.5077 271.7063  1.00271582 52271
1 33376U 08045A   23004.86482171 -.00000126  00000-0  00000-0 0  9995
2 33376   0.0118  61.5025 0003080 227.1469  29.8737  1.00271568 52277
1 33376U 08045A   23005.28317647 -.00000126  00000-0  00000+0 0  9996
2 33376   0.0131  64.9149 0003089 224.2385 180.3893  1.00271542 52212
1 33376U 08045A   23005.50453722 -.00000126  00000-0  00000-0 0  9997
2 33376   0.0135  65.1954 0003089 224.2314 260.0239  1.00271524 52282
1 33376U 08045A   23005.58210806 -.00000126  00000-0  00000-0 0  9999
2 33376   0.0138  65.7804 0003089 223.8298 287.8424  1.00271515 52284
1 33376U 08045A   23006.49771664 -.00000127  00000-0  00000+0 0  9994
2 33376   0.0164  70.1945 0003102 220.8985 256.8800  1.00271452 52223
1 33376U 08045A   23006.58625921 -.00000126  00000-0  00000-0 0  9998
2 33376   0.0168  70.6067 0003101 220.7672 288.5615  1.00271436 52293
1 33376U 08045A   23007.28015574 -.00000126  00000-0  00000-0 0  9993
2 33376   0.0188  74.5064 0003101 218.3911 177.5224  1.00271292 52309
1 33376U 08045A   23007.80552428 -.00000127  00000-0  00000+0 0  9995
2 33376   0.0204  76.1465 0003092 217.9610   5.9617  1.00271209 52231
1 33376U 08045A   23008.26440543 -.00000126  00000-0  00000-0 0  9990
2 33376   0.0215  77.8648 0003094 217.2411 170.6116  1.00271164 52311
1 33376U 08045A   23009.18201653 -.00000126  00000-0  00000+0 0  9998
2 33376   0.0251  53.3171 0003159 247.4074 136.2515  1.00269485 52250
1 33376U 08045A   23009.59923168 -.00000125  00000-0  00000-0 0  9995
2 33376   0.0255  55.4583 0003156 246.4588 285.6676  1.00269406 52328
1 33376U 08045A   23009.67057062 -.00000125  00000-0  00000-0 0  9995
2 33376   0.0254  56.0932 0003150 245.8846 311.3593  1.00269388 52320
1 33376U 08045A   23010.30660222 -.00000125  00000-0  00000+0 0  9994
2 33376   0.0180  46.9340 0003116 253.4691 182.5177  1.00271581 52261
1 33376U 08045A   23010.55334153 -.00000124  00000-0  00000-0 0  9992
2 33376   0.0179  43.2555 0003124 257.2442 271.4903  1.00271528 52336
1 33376U 08045A   23010.88990208 -.00000123  00000-0  00000-0 0  9996
2 33376   0.0182  44.0332 0003114 256.7656  32.6843  1.00271476 52334
1 33376U 08045A   23011.53545309 -.00000123  00000-0  00000+0 0  9996
2 33376   0.0193  47.3728 0003100 254.0073 265.1368  1.00271386 52278
1 33376U 08045A   23011.82224245 -.00000122  00000-0  00000-0 0  9991
2 33376   0.0191  51.4272 0003082 250.6129   8.0030  1.00271307 52340
1 33376U 08045A   23012.79306303 -.00000120  00000-0  00000+0 0  9991
2 33376   0.0169 309.1942 0003117 355.0113 356.2900  1.00272386 52289
1 33376U 08045A   23012.84771646 -.00000120  00000-0  00000-0 0  9994
2 33376   0.0167 309.6624 0003124 354.2255  16.3366  1.00272131 52351
1 33376U 08045A   23013.59568601 -.00000118  00000-0  00000-0 0  9999
2 33376   0.0129 325.6069 0003106 339.8690 284.7559  1.00271951 52367
1 33376U 08045A   23013.68669990 -.00000118  00000-0  00000-0 0  9992
2 33376   0.0130 326.0539 0003100 339.4537 317.5789  1.00271949 52363
1 33376U 08045A   23014.27304135 -.00000117  00000-0  00000-0 0  9994
2 33376   0.0158 350.7556 0003067 316.1223 167.8697  1.00271847 52374
1 33376U 08045A   23014.27304135 -.00000118  00000-0  00000+0 0  9994
2 33376   0.0158 350.7556 0003067 316.1223 167.8697  1.00271847 52307
1 33376U 08045A   23014.63942115 -.00000118  00000-0  00000+0 0  9990
2 33376   0.0158   3.7674 0002809 296.2928 306.9576  1.00275708 52308
1 33376U 08045A   23014.90636764 -.00000117  00000-0  00000+0 0  9999
2 33376   0.0157   5.9802 0002682 290.9014  46.4986  1.00272531 52313
1 33376U 08045A   23015.51368012 -.00000117  00000-0  00000+0 0  9995
2 33376   0.0146  28.0040 0002630 271.9220 262.6869  1.00271707 52318
1 33376U 08045A   23015.60337222 -.00000116  00000-0  00000-0 0  9994
2 33376   0.0197  39.2757 0002566 260.9725 294.7487  1.00270337 52386
1 33376U 08045A   23015.80928966 -.00000117  00000-0  00000-0 0  9998
2 33376   0.0149  21.1222 0002677 276.8510  11.3497  1.00271818 52380
1 33376U 08045A   23016.14632646 -.00000117  00000-0  00000+0 0  9992
2 33376   0.0211  43.2979 0002556 258.5860 129.1116  1.00270387 52325
1 33376U 08045A   23016.51526991 -.00000117  00000-0  00000-0 0  9999
2 33376   0.0227  46.3561 0002536 256.8234 261.0000  1.00270415 52394
1 33376U 08045A   23016.93431524 -.00000118  00000-0  00000-0 0  9993
2 33376   0.0241  48.5995 0002545 255.4411  51.4086  1.00270409 52395
1 33376U 08045A   23017.60506593 -.00000119  00000-0  00000+0 0  9997
2 33376   0.0261  54.9308 0002523 249.7310 292.9197  1.00270377 52339
1 33376U 08045A   23017.60506593 -.00000119  00000-0  00000-0 0  9998
2 33376   0.0261  54.9308 0002523 249.7310 292.9197  1.00270377 52407
1 33376U 08045A   23017.91521925 -.00000120  00000-0  00000-0 0  9990
2 33376   0.0273  55.6171 0002535 250.0810  43.8445  1.00270345 52403
1 33376U 08045A   23018.52253611 -.00000122  00000-0  00000-0 0  9994
2 33376   0.0023 126.9442 0002543 177.0863 264.7342  1.00271121 52418
1 33376U 08045A   23018.56426516 -.00000123  00000-0  00000+0 0  9994
2 33376   0.0024 126.3813 0002542 177.8216 279.6253  1.00271108 52347
1 33376U 08045A   23018.85120715 -.00000124  00000-0  00000-0 0  9990
2 33376   0.0025 121.4169 0002555 183.1938  22.7984  1.00271062 52418
1 33376U 08045A   23019.47802039 -.00000124  00000-0  00000+0 0  9994
2 33376   0.0128 350.8991 0001833 302.6147 260.1568  1.00255530 52352
1 33376U 08045A   23019.47802039 -.00000124  00000-0  00000-0 0  9995
2 33376   0.0128 350.8991 0001833 302.6147 260.1568  1.00255530 52420
1 33376U 08045A   23019.60425939 -.00000127  00000-0  00000+0 0  9992
2 33376   0.0127 353.9008 0002592 310.0995 295.2480  1.00271112 52357
1 33376U 08045A   23020.48988453 -.00000132  00000-0  00000+0 0  9991
2 33376   0.0148   8.8607 0002631 296.6208 253.4668  1.00271956 52362
1 33376U 08045A   23020.48988453 -.00000132  00000-0  00000-0 0  9992
2 33376   0.0148   8.8607 0002631 296.6208 253.4668  1.00271956 52430
1 33376U 08045A   23020.61209840 -.00000133  00000-0  00000+0 0  9993
2 33376   0.0212  58.9389 0002655 250.5112 293.6363  1.00270727 52369
1 33376U 08045A   23021.47034153 -.00000137  00000-0  00000+0 0  9995
2 33376   0.0226  66.0915 0002695 243.7310 243.0811  1.00270442 52379
1 33376U 08045A   23022.50120316 -.00000140  00000-0  00000+0 0  9991
2 33376   0.0241  74.3791 0002635 234.2580 256.3857  1.00266501 52387
1 33376U 08045A   23023.19840910 -.00000142  00000-0  00000+0 0  9998
2 33376   0.0249  79.0302 0002732 228.4456 149.2246  1.00267497 52398
1 33376U 08045A   23024.21299390 -.00000144  00000-0  00000+0 0  9994
2 33376   0.0176  63.6210 0002711 243.6163 155.6760  1.00269045 52400
1 33376U 08045A   23025.52139764 -.00000144  00000-0  00000-0 0  9998
2 33376   0.0188  69.5300 0002690 234.9224 270.7691  1.00271790 52485
1 33376U 08045A   23025.61161256 -.00000144  00000-0  00000+0 0  9998
2 33376   0.0190  69.2665 0002717 235.1109 303.4109  1.00272151 52417
1 33376U 08045A   23026.52711929 -.00000142  00000-0  00000-0 0  9996
2 33376   0.0170  76.7212 0002765 228.7925 272.7610  1.00272150 52495
1 33376U 08045A   23027.18839840 -.00000141  00000-0  00000+0 0  9990
2 33376   0.0163  80.3475 0002796 225.8751 150.7654  1.00272185 52433
1 33376U 08045A   23027.18839840 -.00000141  00000-0  00000-0 0  9991
2 33376   0.0163  80.3475 0002796 225.8751 150.7654  1.00272185 52501
1 33376U 08045A   23027.60139941 -.00000140  00000-0  00000-0 0  9992
2 33376   0.0164  73.4154 0003117 234.0425 298.6472  1.00272298 52502
1 33376U 08045A   23027.60139941 -.00000141  00000-0  00000+0 0  9992
2 33376   0.0164  73.4154 0003117 234.0425 298.6472  1.00272298 52434
1 33376U 08045A   23028.24157898 -.00000140  00000-0  00000+0 0  9993
2 33376   0.0123  68.9652 0002964 237.7867 170.4274  1.00274034 52448
1 33376U 08045A   23028.51639669 -.00000139  00000-0  00000-0 0  9993
2 33376   0.0129  70.0810 0002974 237.3398 268.9660  1.00274000 52513
1 33376U 08045A   23028.68461541 -.00000138  00000-0  00000-0 0  9992
2 33376   0.0135  71.4400 0002997 235.8026 329.8701  1.00274046 52519
1 33376U 08045A   23029.31319418 -.00000138  00000-0  00000+0 0  9997
2 33376   0.0145  74.1541 0003005 232.9394 196.9328  1.00274199 52453
1 33376U 08045A   23029.60921087 -.00000137  00000-0  00000-0 0  9990
2 33376   0.0155  75.2590 0003039 231.9706 303.6566  1.00274172 52523
1 33376U 08045A   23030.32474160 -.00000137  00000-0  00000+0 0  9995
2 33376   0.0249  77.5595 0003156 234.8117 196.8440  1.00272553 52462
1 33376U 08045A   23030.53453689 -.00000136  00000-0  00000-0 0  9991
2 33376   0.0260  79.1546 0003160 233.5689 272.2267  1.00272535 52538
1 33376U 08045A   23030.82834413 -.00000136  00000-0  00000-0 0  9991
2 33376   0.0266  79.1191 0003170 234.2732  17.6204  1.00272517 52530
1 33376U 08045A   23031.23677353 -.00000136  00000-0  00000+0 0  9994
2 33376   0.0182  77.4190 0003005 231.1855 169.8120  1.00270680 52475
1 33376U 08045A   23031.54559817 -.00000136  00000-0  00000-0 0  9993
2 33376   0.0176  76.4101 0002985 232.1746 281.3129  1.00271041 52544
1 33376U 08045A   23031.83240598 -.00000136  00000-0  00000-0 0  9998
2 33376   0.0175  76.4059 0003010 231.9616  25.0626  1.00270998 52543
1 33376U 08045A   23032.27772944 -.00000136  00000-0  00000+0 0  9991
2 33376   0.0170  76.3124 0003005 233.1496 184.7225  1.00271039 52482
1 33376U 08045A   23032.54966897 -.00000136  00000-0  00000-0 0  9994
2 33376   0.0162  77.3365 0003007 232.5428 282.4709  1.00271023 52555
1 33376U 08045A   23033.61199979 -.00000136  00000-0  00000-0 0  9992
2 33376   0.0149  80.0126 0003013 232.6313 303.1892  1.00270905 52560
1 33376U 08045A   23033.91228503 -.00000136  00000-0  00000+0 0  9990
2 33376   0.0147  82.1309 0003020 231.2068  50.8927  1.00270881 52506
1 33376U 08045A   23034.61719208 -.00000136  00000-0  00000-0 0  9996
2 33376   0.0137  84.1103 0003014 230.3524 304.2269  1.00270803 52575
1 33376U 08045A   23034.84451730 -.00000136  00000-0  00000-0 0  9994
2 33376   0.0139  85.8532 0003014 229.2367  25.6598  1.00270770 52575
1 33376U 08045A   23035.21715959 -.00000136  00000-0  00000+0 0  9991
2 33376   0.0134  86.2945 0003013 229.4867 159.4855  1.00270740 52512
1 33376U 08045A   23035.49007726 -.00000136  00000-0  00000-0 0  9998
2 33376   0.0128  89.6291 0003008 226.4970 257.6591  1.00270711 52585
1 33376U 08045A   23035.84862267 -.00000136  00000-0  00000-0 0  9996
2 33376   0.0125  94.7202 0002998 222.5920  25.9010  1.00270644 52587
1 33376U 08045A   23036.52637299 -.00000135  00000-0  00000-0 0  9996
2 33376   0.0141  95.0211 0002992 223.3115 269.5361  1.00270565 52596
1 33376U 08045A   23036.52637299 -.00000136  00000-0  00000+0 0  9996
2 33376   0.0141  95.0211 0002992 223.3115 269.5361  1.00270565 52529
1 33376U 08045A   23036.85270978 -.00000135  00000-0  00000-0 0  9999
2 33376   0.0148  96.3018 0002980 223.2726  26.0952  1.00270490 52595
1 33376U 08045A   23037.47760605 -.00000135  00000-0  00000+0 0  9998
2 33376   0.0212 107.1912 0003247 216.7778 247.3091  1.00272591 52532
1 33376U 08045A   23037.47760605 -.00000135  00000-0  00000-0 0  9999
2 33376   0.0212 107.1912 0003247 216.7778 247.3091  1.00272591 52600
1 33376U 08045A   23037.55465969 -.00000134  00000-0  00000-0 0  9992
2 33376   0.0212 107.0530 0003157 216.7643 275.2756  1.00271095 52602
1 33376U 08045A   23038.57747580 -.00000133  00000-0  00000+0 0  9995
2 33376   0.0226 109.4101 0003119 212.8420 286.0671  1.00270865 52548
1 33376U 08045A   23038.57747580 -.00000133  00000-0  00000-0 0  9996
2 33376   0.0226 109.4101 0003119 212.8420 286.0671  1.00270865 52616
1 33376U 08045A   23038.86077209 -.00000132  00000-0  00000-0 0  9991
2 33376   0.0227 109.4503 0003087 213.2349  27.9009  1.00270794 52610
1 33376U 08045A   23039.50882880 -.00000131  00000-0  00000-0 0  9991
2 33376   0.0237 110.0662 0003063 214.1854 260.2758  1.00270738 52622
1 33376U 08045A   23039.57792139 -.00000131  00000-0  00000+0 0  9994
2 33376   0.0237 110.2654 0003064 214.1049 285.0986  1.00270710 52552
1 33376U 08045A   23039.64146603 -.00000131  00000-0  00000-0 0  9992
2 33376   0.0237 110.2789 0003058 214.1363 307.9926  1.00270704 52622
1 33376U 08045A   23040.43217170 -.00000129  00000-0  00000-0 0  9996
2 33376   0.0183 102.5811 0003003 220.8436 234.3879  1.00271300 52631
1 33376U 08045A   23040.58194942 -.00000129  00000-0  00000+0 0  9992
2 33376   0.0161  99.1580 0003015 224.9997 287.7218  1.00271103 52563
1 33376U 08045A   23040.58194942 -.00000129  00000-0  00000-0 0  9993
2 33376   0.0161  99.1580 0003015 224.9997 287.7218  1.00271103 52631
1 33376U 08045A   23041.15537509 -.00000128  00000-0  00000-0 0  9996
2 33376   0.0189  98.6823 0002981 226.4093 133.7846  1.00270988 52648
1 33376U 08045A   23041.54574907 -.00000127  00000-0  00000-0 0  9991
2 33376   0.0199 102.3848 0002984 223.2660 274.1441  1.00270941 52647
1 33376U 08045A   23041.87286164 -.00000127  00000-0  00000+0 0  9991
2 33376   0.0200 103.2441 0002961 222.7458  31.8868  1.00270838 52582
1 33376U 08045A   23042.46383556 -.00000126  00000-0  00000+0 0  9999
2 33376   0.0069 137.6407 0002952 189.3351 244.2323  1.00271158 52580
1 33376U 08045A   23042.46383556 -.00000126  00000-0  00000-0 0  9990
2 33376   0.0069 137.6407 0002952 189.3351 244.2323  1.00271158 52658
1 33376U 08045A   23042.59004757 -.00000126  00000-0  00000-0 0  9997
2 33376   0.0075 131.1858 0002996 195.9924 289.5912  1.00271979 52658
1 33376U 08045A   23043.23035490 -.00000126  00000-0  00000+0 0  9996
2 33376   0.0073 288.7416 0002991  39.9532 159.2203  1.00272856 52596
1 33376U 08045A   23043.52237050 -.00000126  00000-0  00000-0 0  9995
2 33376   0.0086 129.8436 0003021 199.1096 264.3761  1.00272816 52667
1 33376U 08045A   23043.52237050 -.00000127  00000-0  00000+0 0  9995
2 33376   0.0086 129.8436 0003021 199.1096 264.3761  1.00272816 52599
1 33376U 08045A   23044.45469639 -.00000128  00000-0  00000-0 0  9990
2 33376   0.0112 119.5794 0002988 210.5441 239.7651  1.00272568 52672
1 33376U 08045A   23044.59808264 -.00000128  00000-0  00000+0 0  9995
2 33376   0.0106 126.4106 0002985 203.8771 291.3617  1.00272528 52602
1 33376U 08045A   23045.53044597 -.00000130  00000-0  00000-0 0  9995
2 33376   0.0130 119.0605 0002973 215.7759 263.3836  1.00272080 52689
1 33376U 08045A   23046.10416208 -.00000133  00000-0  00000+0 0  9993
2 33376   0.0146 116.6022 0002961 219.4806 109.2405  1.00271939 52629
1 33376U 08045A   23046.60808722 -.00000135  00000-0  00000-0 0  9997
2 33376   0.0166 115.1205 0002958 222.0036 290.1095  1.00271797 52693
1 33376U 08045A   23046.94295914 -.00000136  00000-0  00000-0 0  9998
2 33376   0.0183 106.6051 0002953 233.2197  48.2934  1.00271610 52691
1 33376U 08045A   23047.53847050 -.00000139  00000-0  00000+0 0  9990
2 33376   0.0165 106.0762 0002902 231.2793 265.7291  1.00270708 52631
1 33376U 08045A   23047.53847050 -.00000139  00000-0  00000-0 0  9991
2 33376   0.0165 106.0762 0002902 231.2793 265.7291  1.00270708 52709
1 33376U 08045A   23047.61020720 -.00000139  00000-0  00000-0 0  9997
2 33376   0.0162 104.6710 0002890 233.0179 291.2911  1.00270489 52706
1 33376U 08045A   23048.54248903 -.00000144  00000-0  00000+0 0  9990
2 33376   0.0151 105.7606 0002901 232.8706 266.8854  1.00270432 52641
1 33376U 08045A   23048.54248903 -.00000144  00000-0  00000-0 0  9991
2 33376   0.0151 105.7606 0002901 232.8706 266.8854  1.00270432 52719
1 33376U 08045A   23048.90113096 -.00000146  00000-0  00000-0 0  9997
2 33376   0.0154 106.4434 0002902 232.7315  35.8044  1.00270362 52712
1 33376U 08045A   23049.47483674 -.00000148  00000-0  00000-0 0  9994
2 33376   0.0147 107.3778 0002913 232.1985 242.4999  1.00270277 52725
1 33376U 08045A   23049.61831492 -.00000149  00000-0  00000+0 0  9995
2 33376   0.0140 107.0549 0002914 233.0238 293.7902  1.00270238 52655
1 33376U 08045A   23050.48964899 -.00000151  00000-0  00000-0 0  9994
2 33376   0.0137 110.9924 0002941 229.5138 247.8969  1.00270116 52737
1 33376U 08045A   23050.90916684 -.00000152  00000-0  00000+0 0  9990
2 33376   0.0136 111.8580 0002949 228.9774  39.0052  1.00270089 52677
1 33376U 08045A   23051.48289160 -.00000154  00000-0  00000+0 0  9998
2 33376   0.0211 141.5254 0003203 198.0120 247.4444  1.00271677 52679
1 33376U 08045A   23052.41521122 -.00000153  00000-0  00000-0 0  9999
2 33376   0.0221 140.5149 0003172 199.8985 223.1227  1.00270336 52755
1 33376U 08045A   23053.32757685 -.00000152  00000-0  00000-0 0  9994
2 33376   0.0226 138.3414 0003214 201.5810 192.9655  1.00270405 52761
1 33376U 08045A   23053.32757685 -.00000153  00000-0  00000+0 0  9994
2 33376   0.0226 138.3414 0003214 201.5810 192.9655  1.00270405 52693
1 33376U 08045A   23053.39038826 -.00000152  00000-0  00000-0 0  9990
2 33376   0.0227 138.1514 0003218 201.7977 215.6127  1.00270433 52769
1 33376U 08045A   23054.41229924 -.00000150  00000-0  00000-0 0  9993
2 33376   0.0174 132.2810 0003296 214.0654 218.0767  1.00272530 52777
1 33376U 08045A   23054.41229924 -.00000151  00000-0  00000+0 0  9993
2 33376   0.0174 132.2810 0003296 214.0654 218.0767  1.00272530 52700
1 33376U 08045A   23054.85311878 -.00000149  00000-0  00000-0 0  9999
2 33376   0.0239 132.7396 0002782 207.1254  23.7264  1.00270273 52776
1 33376U 08045A   23054.85311878 -.00000150  00000-0  00000+0 0  9990
2 33376   0.0239 132.7396 0002782 207.1254  23.7264  1.00270273 52710
1 33376U 08045A   23055.24549156 -.00000149  00000-0  00000+0 0  9994
2 33376   0.0166 130.7789 0002724 206.4853 167.9371  1.00271480 52717
1 33376U 08045A   23055.54673214 -.00000148  00000-0  00000+0 0  9999
2 33376   0.0063 154.6260 0002709 182.2280 277.0912  1.00271555 52717
1 33376U 08045A   23055.54673214 -.00000148  00000-0  00000-0 0  9990
2 33376   0.0063 154.6260 0002709 182.2280 277.0912  1.00271555 52784
1 33376U 08045A   23055.85701413 -.00000147  00000-0  00000-0 0  9996
2 33376   0.0202 132.3874 0002725 204.4569  29.1078  1.00271630 52781
1 33376U 08045A   23055.92876984 -.00000148  00000-0  00000+0 0  9990
2 33376   0.0202 132.2663 0002732 204.6627  54.9258  1.00271623 52723
1 33376U 08045A   23056.34630097 -.00000147  00000-0  00000-0 0  9990
2 33376   0.0197 132.9473 0002771 202.3121 207.3185  1.00271776 52798
1 33376U 08045A   23056.61452716 -.00000146  00000-0  00000-0 0  9999
2 33376   0.0206 131.0824 0002765 205.8989 302.4220  1.00271764 52796
1 33376U 08045A   23057.00435925 -.00000146  00000-0  00000+0 0  9995
2 33376   0.0197 132.2641 0002766 204.6317  83.2313  1.00271714 52734
1 33376U 08045A   23057.47503825 -.00000145  00000-0  00000+0 0  9990
2 33376   0.0159 172.3931 0002755 164.3149 253.3278  1.00271686 52730
1 33376U 08045A   23057.47503825 -.00000145  00000-0  00000-0 0  9991
2 33376   0.0159 172.3931 0002755 164.3149 253.3278  1.00271686 52808
1 33376U 08045A   23057.86488344 -.00000145  00000-0  00000-0 0  9992
2 33376   0.0158 168.2862 0002844 169.2116  33.2686  1.00273045 52800
1 33376U 08045A   23058.47343674 -.00000145  00000-0  00000+0 0  9995
2 33376   0.0161 157.5604 0002870 181.1167 251.7705  1.00272947 52749
1 33376U 08045A   23058.51026131 -.00000145  00000-0  00000-0 0  9997
2 33376   0.0163 161.5534 0002855 177.0131 265.1747  1.00272857 52819
1 33376U 08045A   23059.53320019 -.00000145  00000-0  00000-0 0  9992
2 33376   0.0168 148.8091 0002897 188.9254 275.2773  1.00273017 52824
1 33376U 08045A   23059.58587043 -.00000145  00000-0  00000+0 0  9998
2 33376   0.0166 147.8551 0002900 190.0782 294.0918  1.00272996 52754
1 33376U 08045A   23059.87277718 -.00000145  00000-0  00000-0 0  9996
2 33376   0.0171 141.7386 0002920 196.0623  37.7945  1.00273007 52825
1 33376U 08045A   23060.51808863 -.00000145  00000-0  00000-0 0  9990
2 33376   0.0180 138.3746 0002895 202.3544 267.8162  1.00272949 52833
1 33376U 08045A   23061.07161319 -.00000145  00000-0  00000+0 0  9999
2 33376   0.0170 134.3366 0002895 207.3613 106.6616  1.00271946 52771
1 33376U 08045A   23061.59369625 -.00000145  00000-0  00000-0 0  9997
2 33376   0.0152 132.0536 0002919 210.5992 294.1710  1.00271744 52840
1 33376U 08045A   23062.48883312 -.00000145  00000-0  00000+0 0  9999
2 33376   0.0180 135.6176 0002923 208.2079 256.1303  1.00271764 52786
1 33376U 08045A   23062.52597976 -.00000144  00000-0  00000-0 0  9992
2 33376   0.0176 134.7188 0002928 209.2823 269.3640  1.00271742 52851
1 33376U 08045A   23063.51585668 -.00000144  00000-0  00000+0 0  9996
2 33376   0.0164 131.8316 0002923 215.9009 262.9628  1.00271510 52795
1 33376U 08045A   23063.51585668 -.00000144  00000-0  00000-0 0  9997
2 33376   0.0164 131.8316 0002923 215.9009 262.9628  1.00271510 52863
1 33376U 08045A   23063.88844601 -.00000143  00000-0  00000-0 0  9991
2 33376   0.0168 129.9741 0002928 218.9593  36.2605  1.00271436 52867
1 33376U 08045A   23064.50758503 -.00000142  00000-0  00000-0 0  9995
2 33376   0.0148 128.9993 0002931 221.0288 258.6656  1.00271356 52871
1 33376U 08045A   23064.60552059 -.00000142  00000-0  00000-0 0  9994
2 33376   0.0144 126.9477 0002932 223.5464 293.5527  1.00271330 52873
1 33376U 08045A   23064.60552059 -.00000143  00000-0  00000+0 0  9994
2 33376   0.0144 126.9477 0002932 223.5464 293.5527  1.00271330 52806
1 33376U 08045A   23065.39429431 -.00000143  00000-0  00000+0 0  9998
2 33376   0.0241 164.6476 0003568 187.8368 216.3288  1.00280176 52819
1 33376U 08045A   23065.60939656 -.00000140  00000-0  00000-0 0  9995
2 33376   0.0244 164.7316 0003014 192.2043 289.5208  1.00269898 52881
1 33376U 08045A   23065.60939656 -.00000141  00000-0  00000+0 0  9995
2 33376   0.0244 164.7316 0003014 192.2043 289.5208  1.00269898 52814
1 33376U 08045A   23066.61333721 -.00000138  00000-0  00000+0 0  9994
2 33376   0.0247 163.9815 0003010 196.6158 288.2668  1.00269550 52825
1 33376U 08045A   23066.61333721 -.00000138  00000-0  00000-0 0  9995
2 33376   0.0247 163.9815 0003010 196.6158 288.2668  1.00269550 52892
1 33376U 08045A   23067.61722917 -.00000136  00000-0  00000-0 0  9993
2 33376   0.0246 161.9273 0003024 202.0993 287.2268  1.00269502 52905
1 33376U 08045A   23067.90409708 -.00000135  00000-0  00000+0 0  9993
2 33376   0.0246 160.8293 0003015 204.1934  29.7848  1.00269511 52849
1 33376U 08045A   23068.62115564 -.00000134  00000-0  00000+0 0  9996
2 33376   0.0242 159.3234 0002822 196.2421 298.0813  1.00270009 52847
1 33376U 08045A   23068.62115564 -.00000134  00000-0  00000-0 0  9997
2 33376   0.0242 159.3234 0002822 196.2421 298.0813  1.00270009 52915
1 33376U 08045A   23069.48072865 -.00000132  00000-0  00000-0 0  9996
2 33376   0.0242 154.9420 0002799 202.0216 246.9759  1.00269973 52924
1 33376U 08045A   23070.55727515 -.00000132  00000-0  00000+0 0  9994
2 33376   0.0182 150.7591 0002796 206.3383 275.4481  1.00271653 52869
1 33376U 08045A   23070.55727515 -.00000132  00000-0  00000-0 0  9995
2 33376   0.0182 150.7591 0002796 206.3383 275.4481  1.00271653 52937
1 33376U 08045A   23071.48952516 -.00000132  00000-0  00000-0 0  9999
2 33376   0.0199 147.8872 0002795 209.0800 252.1058  1.00271572 52940
1 33376U 08045A   23071.63293028 -.00000132  00000-0  00000-0 0  9992
2 33376   0.0198 145.5925 0002805 212.0474 303.2002  1.00271515 52940
1 33376U 08045A   23071.63293028 -.00000133  00000-0  00000+0 0  9992
2 33376   0.0198 145.5925 0002805 212.0474 303.2002  1.00271515 52872
1 33376U 08045A   23072.49344966 -.00000134  00000-0  00000-0 0  9997
2 33376   0.0160 207.3109 0002884 149.5052 254.6606  1.00272962 52950
1 33376U 08045A   23072.49344966 -.00000135  00000-0  00000+0 0  9997
2 33376   0.0160 207.3109 0002884 149.5052 254.6606  1.00272962 52882
1 33376U 08045A   23072.56514763 -.00000135  00000-0  00000-0 0  9990
2 33376   0.0161 206.8907 0002830 150.5930 279.8743  1.00272389 52953
1 33376U 08045A   23073.46534542 -.00000138  00000-0  00000+0 0  9999
2 33376   0.0174 195.5824 0002790 163.8214 242.9146  1.00272273 52899
1 33376U 08045A   23073.61548036 -.00000138  00000-0  00000-0 0  9990
2 33376   0.0179 195.8031 0002792 164.2939 296.4182  1.00272170 52966
1 33376U 08045A   23074.24634837 -.00000141  00000-0  00000+0 0  9998
2 33376   0.0207 161.7354 0002787 203.8308 158.6999  1.00270694 52900
1 33376U 08045A   23074.61646903 -.00000142  00000-0  00000-0 0  9998
2 33376   0.0220 160.1759 0002805 206.7984 290.9015  1.00270549 52975
1 33376U 08045A   23075.35605153 -.00000146  00000-0  00000+0 0  9995
2 33376   0.0238 155.7553 0002800 212.0936 197.0080  1.00270247 52916
1 33376U 08045A   23075.59097334 -.00000147  00000-0  00000-0 0  9999
2 33376   0.0247 156.0413 0002809 212.9526 280.6669  1.00270119 52985
1 33376U 08045A   23076.47289326 -.00000151  00000-0  00000+0 0  9995
2 33376   0.0270 153.5793 0002787 213.6228 240.8204  1.00269720 52929
1 33376U 08045A   23076.47289326 -.00000151  00000-0  00000-0 0  9996
2 33376   0.0270 153.5793 0002787 213.6228 240.8204  1.00269720 52996
1 33376U 08045A   23076.86725198 -.00000153  00000-0  00000+0 0  9992
2 33376   0.0035  81.8211 0002796 286.8954  21.6408  1.00271255 52932
1 33376U 08045A   23077.51254885 -.00000155  00000-0  00000+0 0  9997
2 33376   0.0193 152.6698 0002756 213.9835 256.6445  1.00271003 52930
1 33376U 08045A   23077.61565053 -.00000155  00000-0  00000-0 0  9991
2 33376   0.0194 151.3899 0002756 215.5620 293.5637  1.00270991 53007
1 33376U 08045A   23078.54492885 -.00000156  00000-0  00000-0 0  9997
2 33376   0.0199 150.1185 0002762 216.4548 269.3959  1.00270909 53011
1 33376U 08045A   23078.54492885 -.00000157  00000-0  00000+0 0  9997
2 33376   0.0199 150.1185 0002762 216.4548 269.3959  1.00270909 52942
1 33376U 08045A   23078.65974144 -.00000156  00000-0  00000-0 0  9992
2 33376   0.0198 148.7141 0002761 218.2735 310.4270  1.00270887 53011
1 33376U 08045A   23079.54996712 -.00000157  00000-0  00000+0 0  9996
2 33376   0.0256 186.9978 0002822 179.6394 272.1591  1.00270586 52955
1 33376U 08045A   23079.54996712 -.00000157  00000-0  00000-0 0  9997
2 33376   0.0256 186.9978 0002822 179.6394 272.1591  1.00270586 53024
1 33376U 08045A   23080.16547410 -.00000157  00000-0  00000+0 0  9993
2 33376   0.0021 156.6581 0002794 213.0845 131.2174  1.00271829 52965
1 33376U 08045A   23080.46192986 -.00000156  00000-0  00000-0 0  9990
2 33376   0.0021 154.6352 0002771 212.1004 241.2416  1.00271931 53035
1 33376U 08045A   23080.51993719 -.00000156  00000-0  00000+0 0  9998
2 33376   0.0249 185.6116 0002789 180.4540 262.8740  1.00269825 52969
1 33376U 08045A   23080.90140050 -.00000155  00000-0  00000-0 0  9993
2 33376   0.0245 184.4576 0002793 182.7334  39.4508  1.00269822 53039
1 33376U 08045A   23081.59943814 -.00000154  00000-0  00000+0 0  9996
2 33376   0.0234 182.8134 0002840 184.4990 291.3094  1.00269928 52977
1 33376U 08045A   23081.59943814 -.00000154  00000-0  00000-0 0  9997
2 33376   0.0234 182.8134 0002840 184.4990 291.3094  1.00269928 53046
1 33376U 08045A   23082.46040598 -.00000152  00000-0  00000+0 0  9998
2 33376   0.0224 178.7988 0002842 182.7393 247.8794  1.00270058 52987
1 33376U 08045A   23082.51438148 -.00000151  00000-0  00000-0 0  9996
2 33376   0.0222 178.7631 0002843 182.6976 267.4410  1.00270074 53057
1 33376U 08045A   23083.52132751 -.00000149  00000-0  00000-0 0  9996
2 33376   0.0211 172.3776 0002857 188.7273 271.2898  1.00270292 53063
1 33376U 08045A   23083.52132751 -.00000150  00000-0  00000+0 0  9997
2 33376   0.0211 172.3776 0002857 188.7273 271.2898  1.00270292 52994
1 33376U 08045A   23083.89382630 -.00000149  00000-0  00000+0 0  9998
2 33376   0.0185 162.1271 0002828 199.0132  45.7035  1.00272211 53001
1 33376U 08045A   23084.54314306 -.00000148  00000-0  00000-0 0  9996
2 33376   0.0189 163.7735 0002848 205.8349 271.6287  1.00271920 53077
1 33376U 08045A   23085.23643623 -.00000147  00000-0  00000+0 0  9998
2 33376   0.0185 157.7189 0002856 212.6276 161.1598  1.00271867 53015
1 33376U 08045A   23085.55809439 -.00000148  00000-0  00000+0 0  9993
2 33376   0.0186 158.0637 0002807 205.6897 283.8775  1.00277658 53018
1 33376U 08045A   23085.61797799 -.00000148  00000-0  00000+0 0  9995
2 33376   0.0185 157.0572 0002928 208.5791 303.6151  1.00280088 53013
1 33376U 08045A   23085.61797799 -.00000148  00000-0  00000-0 0  9996
2 33376   0.0185 157.0572 0002928 208.5791 303.6151  1.00280088 53080
1 33376U 08045A   23086.19075964 -.00000147  00000-0  00000+0 0  9991
2 33376   0.0188 153.8165 0002790 203.8776 158.3207  1.00272396 53027
1 33376U 08045A   23086.62512141 -.00000147  00000-0  00000-0 0  9993
2 33376   0.0170 149.5374 0002814 207.5029 315.7739  1.00272491 53093
1 33376U 08045A   23087.32432146 -.00000147  00000-0  00000+0 0  9996
2 33376   0.0180 213.0441 0002848 144.4547 207.7197  1.00273983 53036
1 33376U 08045A   23087.47151619 -.00000146  00000-0  00000-0 0  9995
2 33376   0.0180 211.1065 0002754 146.7795 260.4673  1.00272218 53106
1 33376U 08045A   23087.83719569 -.00000146  00000-0  00000-0 0  9999
2 33376   0.0182 210.0136 0002797 148.1996  32.1465  1.00272668 53103
1 33376U 08045A   23088.53035491 -.00000146  00000-0  00000-0 0  9992
2 33376   0.0133 210.8369 0002816 149.1013 280.6450  1.00273013 53118
1 33376U 08045A   23088.53035491 -.00000147  00000-0  00000+0 0  9992
2 33376   0.0133 210.8369 0002816 149.1013 280.6450  1.00273013 53040
1 33376U 08045A   23088.84094655 -.00000146  00000-0  00000+0 0  9992
2 33376   0.0201 183.6349 0002828 177.6710  31.4140  1.00270614 53057
1 33376U 08045A   23088.84094655 -.00000146  00000-0  00000-0 0  9993
2 33376   0.0201 183.6349 0002828 177.6710  31.4140  1.00270614 53114
1 33376U 08045A   23089.84475920 -.00000146  00000-0  00000+0 0  9991
2 33376   0.0213 178.9711 0002823 185.0796  31.0347  1.00270404 53065
1 33376U 08045A   23089.84475920 -.00000146  00000-0  00000-0 0  9992
2 33376   0.0213 178.9711 0002823 185.0796  31.0347  1.00270404 53122
1 33376U 08045A   23090.62145887 -.00000145  00000-0  00000+0 0  9994
2 33376   0.0223 177.3805 0002827 193.1435 304.9406  1.00270062 53076
1 33376U 08045A   23091.55049483 -.00000143  00000-0  00000-0 0  9991
2 33376   0.0232 175.3996 0002846 197.2800 278.1550  1.00269825 53142
1 33376U 08045A   23091.60535713 -.00000144  00000-0  00000+0 0  9993
2 33376   0.0232 175.3926 0002846 197.5382 297.7084  1.00269800 53077
1 33376U 08045A   23091.85238807 -.00000143  00000-0  00000-0 0  9994
2 33376   0.0233 174.6832 0002854 199.2036  25.9267  1.00269729 53142
1 33376U 08045A   23092.51716125 -.00000142  00000-0  00000+0 0  9990
2 33376   0.0203 226.9688 0002842 144.8796 267.9258  1.00271667 53080
1 33376U 08045A   23092.51716125 -.00000142  00000-0  00000-0 0  9991
2 33376   0.0203 226.9688 0002842 144.8796 267.9258  1.00271667 53158
1 33376U 08045A   23092.85619861 -.00000141  00000-0  00000-0 0  9996
2 33376   0.0215 227.0607 0002828 145.6627  29.4372  1.00271295 53155
1 33376U 08045A   23093.14297079 -.00000140  00000-0  00000+0 0  9990
2 33376   0.0253 208.6534 0002924 170.2994 126.7377  1.00268470 53099
1 33376U 08045A   23093.52896628 -.00000139  00000-0  00000-0 0  9996
2 33376   0.0251 208.4923 0002922 171.1251 265.4103  1.00268407 53167
1 33376U 08045A   23094.23452024 -.00000137  00000-0  00000+0 0  9990
2 33376   0.0242 207.7106 0002957 175.0661 156.9417  1.00268283 53106
1 33376U 08045A   23094.48104905 -.00000136  00000-0  00000-0 0  9999
2 33376   0.0025 179.1703 0002937 204.4307 245.1063  1.00270785 53177
1 33376U 08045A   23094.48104905 -.00000137  00000-0  00000+0 0  9999
2 33376   0.0025 179.1703 0002937 204.4307 245.1063  1.00270785 53100
1 33376U 08045A   23094.64862316 -.00000136  00000-0  00000-0 0  9994
2 33376   0.0024 174.0396 0002941 211.0141 304.1449  1.00270721 53177
1 33376U 08045A   23095.42549439 -.00000134  00000-0  00000+0 0  9996
2 33376   0.0224 206.9401 0002542 163.2543 239.4342  1.00270422 53116
1 33376U 08045A   23095.42549439 -.00000134  00000-0  00000-0 0  9997
2 33376   0.0224 206.9401 0002542 163.2543 239.4342  1.00270422 53183
1 33376U 08045A   23095.86755991 -.00000133  00000-0  00000-0 0  9996
2 33376   0.0216 206.2370 0002551 164.2335  38.7386  1.00270857 53182
1 33376U 08045A   23096.18568130 -.00000132  00000-0  00000+0 0  9997
2 33376   0.0205 205.6834 0002580 159.7452 158.6184  1.00270756 53129
1 33376U 08045A   23096.18568130 -.00000132  00000-0  00000-0 0  9998
2 33376   0.0205 205.6834 0002580 159.7452 158.6184  1.00270756 53196
1 33376U 08045A   23096.87111844 -.00000131  00000-0  00000+0 0  9998
2 33376   0.0192 203.2154 0002562 164.0005  44.2672  1.00271136 53132
1 33376U 08045A   23096.87111844 -.00000131  00000-0  00000-0 0  9999
2 33376   0.0192 203.2154 0002562 164.0005  44.2672  1.00271136 53198
1 33376U 08045A   23097.44480542 -.00000130  00000-0  00000-0 0  9996
2 33376   0.0177 200.8762 0002566 167.2638 250.4384  1.00271247 53206
1 33376U 08045A   23098.01832703 -.00000130  00000-0  00000+0 0  9999
2 33376   0.0162 197.2292 0002549 172.6353  95.7483  1.00271204 53148
1 33376U 08045A   23098.47032028 -.00000130  00000-0  00000-0 0  9992
2 33376   0.0154 192.5056 0002558 177.8370 258.4357  1.00271307 53211
1 33376U 08045A   23098.64249316 -.00000131  00000-0  00000+0 0  9991
2 33376   0.0160 179.9277 0002546 190.4470 320.5630  1.00272573 53155
1 33376U 08045A   23099.57608340 -.00000131  00000-0  00000-0 0  9991
2 33376   0.0165 175.8301 0002520 198.7400 293.3817  1.00272271 53226
1 33376U 08045A   23099.62982066 -.00000132  00000-0  00000-0 0  9998
2 33376   0.0162 171.5318 0002494 203.2964 312.5217  1.00271891 53226
1 33376U 08045A   23099.88241160 -.00000132  00000-0  00000+0 0  9998
2 33376   0.0165 176.0256 0002523 198.0786  44.4271  1.00272140 53168
1 33376U 08045A   23100.31256986 -.00000133  00000-0  00000+0 0  9992
2 33376   0.0174 240.8449 0002516 140.7912 192.1732  1.00267869 53164
1 33376U 08045A   23100.56613465 -.00000134  00000-0  00000-0 0  9990
2 33376   0.0175 238.5456 0002556 142.0830 284.7120  1.00268804 53232
1 33376U 08045A   23101.01368905 -.00000136  00000-0  00000+0 0  9998
2 33376   0.0180 236.0293 0002565 145.8171  85.0511  1.00269231 53173
1 33376U 08045A   23101.45962181 -.00000137  00000-0  00000-0 0  9994
2 33376   0.0185 233.8142 0002569 148.5414 245.5133  1.00269138 53247
1 33376U 08045A   23101.53134469 -.00000137  00000-0  00000-0 0  9993
2 33376   0.0186 233.6339 0002571 148.8176 271.3076  1.00269088 53242
1 33376U 08045A   23102.20406417 -.00000140  00000-0  00000+0 0  9996
2 33376   0.0178 229.4233 0002499 153.5804 153.5918  1.00268900 53180
1 33376U 08045A   23102.59955847 -.00000142  00000-0  00000-0 0  9997
2 33376   0.0159 211.0145 0002499 172.2671 296.0798  1.00267475 53251
1 33376U 08045A   23103.38823421 -.00000146  00000-0  00000-0 0  9991
2 33376   0.0160 202.6181 0002719 179.0198 222.4336  1.00270838 53262
1 33376U 08045A   23104.47256497 -.00000150  00000-0  00000-0 0  9990
2 33376   0.0166 195.4923 0002658 186.9171 253.0940  1.00270363 53276
1 33376U 08045A   23104.82913766 -.00000151  00000-0  00000+0 0  9998
2 33376   0.0166 193.3218 0002642 189.5660  21.3337  1.00270150 53219
1 33376U 08045A   23105.61897654 -.00000152  00000-0  00000-0 0  9995
2 33376   0.0167 190.8971 0002606 191.0747 307.3719  1.00270007 53281
1 33376U 08045A   23106.24078933 -.00000153  00000-0  00000+0 0  9996
2 33376   0.0092 119.3454 0002605 268.7032 165.7523  1.00271905 53229
1 33376U 08045A   23106.48558897 -.00000153  00000-0  00000+0 0  9994
2 33376   0.0179 159.8329 0002598 228.2566 254.0805  1.00271897 53224
1 33376U 08045A   23106.48558897 -.00000153  00000-0  00000-0 0  9995
2 33376   0.0179 159.8329 0002598 228.2566 254.0805  1.00271897 53291
1 33376U 08045A   23106.62344160 -.00000153  00000-0  00000-0 0  9997
2 33376   0.0097 120.3531 0002591 268.0098 303.5701  1.00271886 53296
1 33376U 08045A   23107.12038484 -.00000153  00000-0  00000+0 0  9991
2 33376   0.0187 165.8675 0002614 222.2178 123.2374  1.00271874 53230
1 33376U 08045A   23107.12038484 -.00000153  00000-0  00000-0 0  9992
2 33376   0.0187 165.8675 0002614 222.2178 123.2374  1.00271874 53308
1 33376U 08045A   23108.40246830 -.00000150  00000-0  00000+0 0  9996
2 33376   0.0223 235.9388 0002710 163.1316 215.0499  1.00265736 53244
1 33376U 08045A   23108.40246830 -.00000150  00000-0  00000-0 0  9997
2 33376   0.0223 235.9388 0002710 163.1316 215.0499  1.00265736 53312
1 33376U 08045A   23108.55724719 -.00000150  00000-0  00000+0 0  9999
2 33376   0.0218 236.4758 0002670 153.3478 280.1770  1.00270442 53245
1 33376U 08045A   23108.55724719 -.00000150  00000-0  00000-0 0  9990
2 33376   0.0218 236.4758 0002670 153.3478 280.1770  1.00270442 53313
1 33376U 08045A   23109.42987698 -.00000148  00000-0  00000-0 0  9991
2 33376   0.0196 237.5129 0002685 152.2867 235.2093  1.00270910 53328
1 33376U 08045A   23109.84777428 -.00000147  00000-0  00000-0 0  9994
2 33376   0.0183 237.4252 0002673 151.7823  26.6575  1.00270998 53326
1 33376U 08045A   23110.22055398 -.00000147  00000-0  00000+0 0  9992
2 33376   0.0167 238.0955 0002686 151.5911 160.7475  1.00271057 53264
1 33376U 08045A   23110.49800847 -.00000146  00000-0  00000-0 0  9998
2 33376   0.0163 239.8585 0002691 149.7453 260.9879  1.00271120 53334
1 33376U 08045A   23110.92917328 -.00000145  00000-0  00000-0 0  9998
2 33376   0.0149 239.2308 0002680 150.2982  56.7083  1.00271174 53334
1 33376U 08045A   23111.47936177 -.00000144  00000-0  00000+0 0  9990
2 33376   0.0129 239.3717 0002698 150.7418 254.7358  1.00271233 53279
1 33376U 08045A   23111.47936177 -.00000144  00000-0  00000-0 0  9991
2 33376   0.0129 239.3717 0002698 150.7418 254.7358  1.00271233 53347
1 33376U 08045A   23111.89841241 -.00000143  00000-0  00000-0 0  9993
2 33376   0.0115 236.9064 0002688 153.9712  45.2443  1.00271232 53348
1 33376U 08045A   23112.54572978 -.00000143  00000-0  00000+0 0  9993
2 33376   0.0101 233.6097 0002688 158.3803 277.8039  1.00273097 53281
1 33376U 08045A   23112.54572978 -.00000143  00000-0  00000-0 0  9994
2 33376   0.0101 233.6097 0002688 158.3803 277.8039  1.00273097 53359
1 33376U 08045A   23112.89146639 -.00000143  00000-0  00000-0 0  9993
2 33376   0.0099 227.2907 0002677 164.9699  42.3412  1.00273030 53355
1 33376U 08045A   23113.50409604 -.00000142  00000-0  00000-0 0  9995
2 33376   0.0091 227.3783 0002680 165.5080 262.8685  1.00273023 53369
1 33376U 08045A   23113.86261750 -.00000142  00000-0  00000-0 0  9992
2 33376   0.0070 210.4023 0002679 183.2125  31.5628  1.00272945 53361
1 33376U 08045A   23114.62441243 -.00000142  00000-0  00000-0 0  9994
2 33376   0.0078 221.9790 0002679 170.9000 307.2992  1.00272807 53377
1 33376U 08045A   23115.62504049 -.00000142  00000-0  00000-0 0  9999
2 33376   0.0076 175.9845 0002692 218.8035 306.6060  1.00272756 53382
1 33376U 08045A   23116.00396572 -.00000142  00000-0  00000+0 0  9991
2 33376   0.0140 140.5308 0002695 255.0828  82.5678  1.00272737 53320
1 33376U 08045A   23116.00396572 -.00000142  00000-0  00000-0 0  9992
2 33376   0.0140 140.5308 0002695 255.0828  82.5678  1.00272737 53397
1 33376U 08045A   23116.58676756 -.00000140  00000-0  00000-0 0  9998
2 33376   0.0173 255.5720 0002908 145.9363 287.0462  1.00267863 53393
1 33376U 08045A   23117.31785375 -.00000140  00000-0  00000-0 0  9998
2 33376   0.0178 260.0649 0002922 144.8920 187.4985  1.00267776 53400
1 33376U 08045A   23118.21846183 -.00000139  00000-0  00000+0 0  9990
2 33376   0.0128 243.2987 0003034 160.8994 153.3770  1.00270787 53340
1 33376U 08045A   23118.58962701 -.00000138  00000-0  00000-0 0  9995
2 33376   0.0125 242.3198 0003042 160.0034 289.2391  1.00270680 53415
1 33376U 08045A   23119.25189891 -.00000137  00000-0  00000+0 0  9999
2 33376   0.0118 239.0402 0003083 164.6833 166.9120  1.00270541 53350
1 33376U 08045A   23119.55554362 -.00000136  00000-0  00000-0 0  9991
2 33376   0.0116 238.8968 0003095 165.9095 275.4418  1.00270501 53429
1 33376U 08045A   23120.52955083 -.00000134  00000-0  00000+0 0  9992
2 33376   0.0106 237.8843 0003153 169.3305 264.6385  1.00270321 53362
1 33376U 08045A   23120.52955083 -.00000134  00000-0  00000-0 0  9993
2 33376   0.0106 237.8843 0003153 169.3305 264.6385  1.00270321 53430
1 33376U 08045A   23121.55185610 -.00000131  00000-0  00000+0 0  9994
2 33376   0.0160 270.7200 0003275 138.2763 271.8912  1.00268061 53389
1 33376U 08045A   23121.55185610 -.00000131  00000-0  00000-0 0  9995
2 33376   0.0160 270.7200 0003275 138.2763 271.8912  1.00268061 53446
1 33376U 08045A   23122.39338797 -.00000128  00000-0  00000-0 0  9990
2 33376   0.0182 272.7386 0003333 138.8075 213.1123  1.00268289 53450
1 33376U 08045A   23123.27917603 -.00000127  00000-0  00000+0 0  9995
2 33376   0.0207 271.6290 0002967 128.9203 183.8835  1.00273123 53394
1 33376U 08045A   23123.56445238 -.00000126  00000-0  00000-0 0  9997
2 33376   0.0207 272.7877 0002986 128.2572 286.3696  1.00272942 53460
1 33376U 08045A   23123.82713420 -.00000125  00000-0  00000-0 0  9996
2 33376   0.0220 273.2914 0002996 128.5662  20.3818  1.00272782 53461