1 29236U 06023A   23001.56496687 -.00000117  00000-0  00000-0 0  9990
2 29236   0.0183  26.2382 0003092 268.5613 270.5271  1.00270602 60316
1 29236U 06023A   23001.63661650 -.00000117  00000-0  00000+0 0  9991
2 29236   0.0182  26.9545 0003096 267.9852 296.2514  1.00270608 60608
1 29236U 06023A   23001.85181630 -.00000116  00000-0  00000-0 0  9990
2 29236   0.0188  27.1624 0003116 268.2391  13.4735  1.00270640 60318
1 29236U 06023A   23002.55118894 -.00000115  00000-0  00000-0 0  9999
2 29236   0.0207  35.4398 0003130 261.0772 264.8230  1.00270667 60322
1 29236U 06023A   23002.64084431 -.00000115  00000-0  00000+0 0  9997
2 29236   0.0206  36.5822 0003133 260.1842 296.9380  1.00270663 60616
1 29236U 06023A   23002.85598970 -.00000115  00000-0  00000-0 0  9999
2 29236   0.0211  36.6759 0003149 260.6287  14.0643  1.00270678 60322
1 29236U 06023A   23003.52896365 -.00000114  00000-0  00000-0 0  9992
2 29236   0.0232  43.5662 0003158 254.5244 256.2141  1.00270662 60337
1 29236U 06023A   23003.64500726 -.00000114  00000-0  00000+0 0  9997
2 29236   0.0232  45.2377 0003164 253.3255 297.6316  1.00270638 60623
1 29236U 06023A   23004.53426434 -.00000114  00000-0  00000-0 0  9990
2 29236   0.0259  51.3940 0003187 248.5466 257.2653  1.00270582 60344
1 29236U 06023A   23004.64922292 -.00000114  00000-0  00000+0 0  9994
2 29236   0.0259  53.0245 0003187 247.2271 298.4530  1.00270558 60637
1 29236U 06023A   23004.86438588 -.00000114  00000-0  00000-0 0  9999
2 29236   0.0261  53.2157 0003193 247.5571  15.6029  1.00270534 60341
1 29236U 06023A   23005.50818921 -.00000114  00000-0  00000+0 0  9993
2 29236   0.0174  56.6963 0003126 241.5918 250.4819  1.00272025 60647
1 29236U 06023A   23005.50818921 -.00000114  00000-0  00000-0 0  9994
2 29236   0.0174  56.6963 0003126 241.5918 250.4819  1.00272025 60355
1 29236U 06023A   23005.58167222 -.00000114  00000-0  00000-0 0  9993
2 29236   0.0173  57.1242 0003127 241.2915 276.8808  1.00272020 60350
1 29236U 06023A   23006.31646368 -.00000114  00000-0  00000+0 0  9997
2 29236   0.0165  62.7160 0003176 237.5860 180.2392  1.00269406 60656
1 29236U 06023A   23006.83995330 -.00000114  00000-0  00000+0 0  9990
2 29236   0.0170  35.8624 0003207 265.3302   8.3361  1.00270206 60659
1 29236U 06023A   23006.83995330 -.00000114  00000-0  00000-0 0  9991
2 29236   0.0170  35.8624 0003207 265.3302   8.3361  1.00270206 60367
1 29236U 06023A   23007.08793807 -.00000114  00000-0  00000-0 0  9994
2 29236   0.0175  40.2896 0003212 261.3731  97.3853  1.00270147 60369
1 29236U 06023A   23007.66174524 -.00000114  00000-0  00000-0 0  9997
2 29236   0.0177  47.2467 0003226 254.4786 304.4589  1.00269731 60376
1 29236U 06023A   23008.17962795 -.00000114  00000-0  00000+0 0  9998
2 29236   0.0180  52.7225 0003213 249.9041 130.5062  1.00269646 60674
1 29236U 06023A   23008.53521552 -.00000114  00000-0  00000-0 0  9991
2 29236   0.0185  54.9997 0003216 248.2946 258.2006  1.00269562 60389
1 29236U 06023A   23008.88113736 -.00000113  00000-0  00000-0 0  9999
2 29236   0.0184  57.9071 0003193 246.2032  22.2571  1.00269420 60381
1 29236U 06023A   23009.18125201 -.00000113  00000-0  00000+0 0  9992
2 29236   0.0189  61.6500 0003190 243.0088 130.0456  1.00269365 60689
1 29236U 06023A   23009.56506648 -.00000113  00000-0  00000-0 0  9993
2 29236   0.0194  63.7633 0003269 245.3220 264.1702  1.00269227 60393
1 29236U 06023A   23009.81346037 -.00000112  00000-0  00000-0 0  9994
2 29236   0.0193  65.6034 0003249 244.0493 353.2689  1.00269161 60395
1 29236U 06023A   23010.24426212 -.00000112  00000-0  00000+0 0  9996
2 29236   0.0198  68.5966 0003246 242.2586 147.5788  1.00269071 60693
1 29236U 06023A   23010.67430440 -.00000112  00000-0  00000+0 0  9991
2 29236   0.0373 240.0898 0003353  67.6770 305.8947  1.00273339 60690
1 29236U 06023A   23010.88955341 -.00000111  00000-0  00000-0 0  9996
2 29236   0.0508 246.4739 0003329  60.9717  23.9185  1.00273163 60400
1 29236U 06023A   23011.12730064 -.00000111  00000-0  00000+0 0  9996
2 29236   0.0502 246.9322 0003324  60.9095 109.3460  1.00272797 60701
1 29236U 06023A   23011.55075497 -.00000110  00000-0  00000-0 0  9995
2 29236   0.0484 247.6070 0003316  60.2661 262.1783  1.00272977 60415
1 29236U 06023A   23011.82189380 -.00000110  00000-0  00000-0 0  9992
2 29236   0.0469 248.0142 0003301  60.6779 359.2374  1.00272890 60419
1 29236U 06023A   23012.67185816 -.00000108  00000-0  00000+0 0  9992
2 29236   0.0283 233.5945 0003245  77.5210 303.6380  1.00271549 60710
1 29236U 06023A   23012.85396875 -.00000107  00000-0  00000-0 0  9991
2 29236   0.0316 233.3461 0003240  76.8318  10.3143  1.00271591 60428
1 29236U 06023A   23013.12695316 -.00000107  00000-0  00000+0 0  9993
2 29236   0.0447 230.9181 0003225  80.6649 107.4526  1.00271440 60727
1 29236U 06023A   23013.52163723 -.00000107  00000-0  00000+0 0  9999
2 29236   0.0397 246.3922 0003231  65.2859 249.8323  1.00271431 60720
1 29236U 06023A   23013.59232172 -.00000106  00000-0  00000-0 0  9991
2 29236   0.0383 233.9076 0003231  77.9316 275.1874  1.00271412 60435
1 29236U 06023A   23013.68652556 -.00000106  00000-0  00000-0 0  9993
2 29236   0.0329 228.3791 0003228  83.6298 309.0237  1.00271394 60435
1 29236U 06023A   23014.17095507 -.00000105  00000-0  00000+0 0  9993
2 29236   0.0329 227.8779 0003199  84.9923 123.0336  1.00271323 60730
1 29236U 06023A   23014.54739920 -.00000105  00000-0  00000-0 0  9999
2 29236   0.0322 231.3409 0003205  82.4319 258.0217  1.00271234 60449
1 29236U 06023A   23015.04948066 -.00000105  00000-0  00000+0 0  9997
2 29236   0.0359 242.1368 0003186  72.4713  78.4292  1.00271134 60747
1 29236U 06023A   23015.60180019 -.00000104  00000-0  00000-0 0  9995
2 29236   0.0259 266.7686 0003187  49.2168 276.4304  1.00270999 60458
1 29236U 06023A   23016.26874316 -.00000104  00000-0  00000-0 0  9998
2 29236   0.0174 291.1504 0003169  26.0214 155.9987  1.00270864 60460
1 29236U 06023A   23016.26874316 -.00000105  00000-0  00000+0 0  9998
2 29236   0.0174 291.1504 0003169  26.0214 155.9987  1.00270864 60752
1 29236U 06023A   23016.62730569 -.00000106  00000-0  00000+0 0  9990
2 29236   0.0520 257.0180 0003354  60.8543 284.7369  1.00274184 60759
1 29236U 06023A   23016.84255417 -.00000105  00000-0  00000-0 0  9998
2 29236   0.0517 256.3233 0003282  60.8509   3.1362  1.00272573 60462
1 29236U 06023A   23017.41629153 -.00000107  00000-0  00000+0 0  9995
2 29236   0.0515 255.2968 0003244  61.9607 210.1658  1.00272647 60765
1 29236U 06023A   23017.48802828 -.00000107  00000-0  00000-0 0  9995
2 29236   0.0516 255.3399 0003248  62.0248 235.9548  1.00272598 60478
1 29236U 06023A   23017.84663625 -.00000108  00000-0  00000-0 0  9996
2 29236   0.0511 254.6067 0003249  63.2915   4.8741  1.00272363 60470
1 29236U 06023A   23018.51916900 -.00000110  00000-0  00000+0 0  9990
2 29236   0.0512 253.0843 0003235  65.3921 247.0725  1.00272323 60773
1 29236U 06023A   23018.51916900 -.00000110  00000-0  00000-0 0  9991
2 29236   0.0512 253.0843 0003235  65.3921 247.0725  1.00272323 60481
1 29236U 06023A   23018.66960824 -.00000111  00000-0  00000-0 0  9992
2 29236   0.0509 253.0749 0003232  65.5588 301.2219  1.00272277 60489
1 29236U 06023A   23019.16990818 -.00000113  00000-0  00000+0 0  9995
2 29236   0.0511 251.4690 0002506  45.9976 142.9700  1.00272444 60789
1 29236U 06023A   23019.60089345 -.00000114  00000-0  00000-0 0  9990
2 29236   0.0515 250.1607 0002405  50.0538 295.7993  1.00270208 60491
1 29236U 06023A   23019.60089345 -.00000115  00000-0  00000+0 0  9990
2 29236   0.0515 250.1607 0002405  50.0538 295.7993  1.00270208 60783
1 29236U 06023A   23020.48655701 -.00000119  00000-0  00000+0 0  9997
2 29236   0.0519 248.2083 0002443  50.9687 256.5463  1.00270659 60797
1 29236U 06023A   23020.48655701 -.00000119  00000-0  00000-0 0  9998
2 29236   0.0519 248.2083 0002443  50.9687 256.5463  1.00270659 60506
1 29236U 06023A   23021.12549251 -.00000122  00000-0  00000+0 0  9995
2 29236   0.0522 248.9681 0002451  50.0949 127.3036  1.00270435 60808
1 29236U 06023A   23022.49776149 -.00000129  00000-0  00000+0 0  9991
2 29236   0.0590 258.8877 0002906  45.8032 257.0446  1.00278139 60816
1 29236U 06023A   23022.65213788 -.00000129  00000-0  00000+0 0  9994
2 29236   0.0585 258.7754 0002626  43.7254 314.9598  1.00272589 60819
1 29236U 06023A   23023.68237611 -.00000132  00000-0  00000+0 0  9993
2 29236   0.0554 258.2698 0002689  45.3127 325.7853  1.00273160 60824
1 29236U 06023A   23025.09071566 -.00000132  00000-0  00000+0 0  9995
2 29236   0.0512 256.4667 0002763  47.1578 114.1422  1.00273255 60846
1 29236U 06023A   23025.60825620 -.00000132  00000-0  00000-0 0  9991
2 29236   0.0525 253.8616 0002782  54.0691 296.6628  1.00273148 60552
1 29236U 06023A   23026.45849623 -.00000130  00000-0  00000+0 0  9991
2 29236   0.0501 254.4770 0002670  53.9175 243.1171  1.00270977 60855
1 29236U 06023A   23026.52625028 -.00000130  00000-0  00000-0 0  9991
2 29236   0.0499 254.6043 0002642  54.3727 266.9919  1.00270351 60560
1 29236U 06023A   23027.49283042 -.00000128  00000-0  00000+0 0  9990
2 29236   0.0472 256.2129 0002701  53.6569 255.0168  1.00270581 60869
1 29236U 06023A   23027.49283042 -.00000128  00000-0  00000-0 0  9991
2 29236   0.0472 256.2129 0002701  53.6569 255.0168  1.00270581 60577
1 29236U 06023A   23027.60096358 -.00000128  00000-0  00000-0 0  9996
2 29236   0.0473 255.9713 0002708  54.2790 293.6701  1.00270552 60572
1 29236U 06023A   23028.51544517 -.00000126  00000-0  00000+0 0  9999
2 29236   0.0464 256.2712 0002752  55.3960 262.3642  1.00270612 60872
1 29236U 06023A   23028.51544517 -.00000126  00000-0  00000-0 0  9990
2 29236   0.0464 256.2712 0002752  55.3960 262.3642  1.00270612 60580
1 29236U 06023A   23028.72235819 -.00000125  00000-0  00000-0 0  9994
2 29236   0.0459 256.3047 0002770  55.4739 336.9444  1.00270624 60582
1 29236U 06023A   23029.39305575 -.00000125  00000-0  00000+0 0  9994
2 29236   0.0639 263.1321 0002978  47.7198 219.9829  1.00273161 60885
1 29236U 06023A   23029.60886220 -.00000124  00000-0  00000-0 0  9999
2 29236   0.0632 262.8735 0002908  48.4826 297.3814  1.00272045 60594
1 29236U 06023A   23030.46044635 -.00000124  00000-0  00000+0 0  9990
2 29236   0.0605 263.3829 0002948  49.8589 242.9081  1.00272590 60899
1 29236U 06023A   23030.53282079 -.00000124  00000-0  00000-0 0  9995
2 29236   0.0604 263.3359 0002952  50.3095 268.6308  1.00272545 60606
1 29236U 06023A   23031.47363588 -.00000124  00000-0  00000+0 0  9993
2 29236   0.0581 264.7053 0002989  50.6184 246.5762  1.00272601 60903
1 29236U 06023A   23031.54516236 -.00000123  00000-0  00000-0 0  9991
2 29236   0.0580 264.7359 0002992  50.6474 272.3368  1.00272611 60615
1 29236U 06023A   23032.48677858 -.00000124  00000-0  00000+0 0  9993
2 29236   0.0682 260.1841 0003038  57.4718 249.9769  1.00272683 60919
1 29236U 06023A   23032.54923315 -.00000123  00000-0  00000-0 0  9992
2 29236   0.0682 260.3786 0003037  57.3662 272.4333  1.00272680 60628
1 29236U 06023A   23033.60863997 -.00000124  00000-0  00000+0 0  9999
2 29236   0.0689 260.9213 0003028  57.6280 294.0574  1.00271277 60926
1 29236U 06023A   23033.60863997 -.00000124  00000-0  00000-0 0  9990
2 29236   0.0689 260.9213 0003028  57.6280 294.0574  1.00271277 60634
1 29236U 06023A   23034.61383299 -.00000124  00000-0  00000+0 0  9993
2 29236   0.0684 261.6934 0003031  58.4020 295.3699  1.00271179 60938
1 29236U 06023A   23034.61383299 -.00000124  00000-0  00000-0 0  9994
2 29236   0.0684 261.6934 0003031  58.4020 295.3699  1.00271179 60646
1 29236U 06023A   23034.84408148 -.00000124  00000-0  00000-0 0  9990
2 29236   0.0682 261.4851 0003034  59.2102  17.8856  1.00271157 60641
1 29236U 06023A   23035.16409586 -.00000124  00000-0  00000+0 0  9992
2 29236   0.0208 255.2815 0003078  70.3138 128.5366  1.00268992 60949
1 29236U 06023A   23035.49007726 -.00000123  00000-0  00000-0 0  9998
2 29236   0.0201 253.8254 0003076  72.1377 245.8428  1.00268927 60654
1 29236U 06023A   23035.84818684 -.00000123  00000-0  00000-0 0  9990
2 29236   0.0201 251.1919 0003062  75.8431  14.0423  1.00268811 60652
1 29236U 06023A   23036.16116017 -.00000123  00000-0  00000+0 0  9996
2 29236   0.0198 247.6180 0003073  80.0818 126.3556  1.00268743 60957
1 29236U 06023A   23036.52599549 -.00000123  00000-0  00000-0 0  9992
2 29236   0.0709 268.4552 0003113  54.9908 262.2804  1.00273084 60662
1 29236U 06023A   23036.52599549 -.00000124  00000-0  00000+0 0  9992
2 29236   0.0709 268.4552 0003113  54.9908 262.2804  1.00273084 60954
1 29236U 06023A   23036.85227395 -.00000123  00000-0  00000-0 0  9995
2 29236   0.0701 268.6489 0003101  55.6789  19.1814  1.00272948 60665
1 29236U 06023A   23037.52340293 -.00000122  00000-0  00000-0 0  9992
2 29236   0.0687 268.9137 0003105  55.2682 261.5977  1.00272742 60679
1 29236U 06023A   23038.16300591 -.00000121  00000-0  00000+0 0  9998
2 29236   0.0673 269.2603 0003083  56.0980 131.3104  1.00272599 60970
1 29236U 06023A   23038.53598582 -.00000121  00000-0  00000-0 0  9999
2 29236   0.0664 269.3726 0003088  56.5255 265.4123  1.00272563 60681
1 29236U 06023A   23038.86033628 -.00000120  00000-0  00000-0 0  9999
2 29236   0.0655 269.5702 0003076  57.0958  21.7308  1.00272470 60685
1 29236U 06023A   23039.43409928 -.00000119  00000-0  00000+0 0  9990
2 29236   0.0642 269.7659 0003082  60.5271 225.2248  1.00272283 60987
1 29236U 06023A   23039.50882880 -.00000119  00000-0  00000-0 0  9991
2 29236   0.0642 269.9834 0003081  60.4874 252.0236  1.00272268 60697
1 29236U 06023A   23039.86438009 -.00000118  00000-0  00000-0 0  9999
2 29236   0.0633 270.2478 0003066  61.3274  19.2684  1.00272189 60695
1 29236U 06023A   23040.49262615 -.00000117  00000-0  00000-0 0  9997
2 29236   0.0618 270.5324 0003068  62.6130 244.4872  1.00272082 60703
1 29236U 06023A   23040.58151359 -.00000116  00000-0  00000-0 0  9998
2 29236   0.0616 270.5783 0003072  62.9634 276.1779  1.00272046 60705
1 29236U 06023A   23040.58151359 -.00000117  00000-0  00000+0 0  9998
2 29236   0.0616 270.5783 0003072  62.9634 276.1779  1.00272046 60996
1 29236U 06023A   23041.18915449 -.00000115  00000-0  00000-0 0  9992
2 29236   0.0602 270.9559 0003054  64.3218 133.7917  1.00271942 60716
1 29236U 06023A   23041.65732132 -.00000115  00000-0  00000+0 0  9999
2 29236   0.0591 271.2222 0003061  65.3203 301.5293  1.00271841 61000
1 29236U 06023A   23041.65732132 -.00000115  00000-0  00000-0 0  9990
2 29236   0.0591 271.2222 0003061  65.3203 301.5293  1.00271841 60717
1 29236U 06023A   23042.46318346 -.00000114  00000-0  00000-0 0  9996
2 29236   0.0571 271.4340 0003054  67.3034 230.2389  1.00271674 60723
1 29236U 06023A   23042.66134844 -.00000114  00000-0  00000+0 0  9996
2 29236   0.0567 271.8618 0003057  67.4513 301.1979  1.00271608 61019
1 29236U 06023A   23042.66134844 -.00000114  00000-0  00000-0 0  9997
2 29236   0.0567 271.8618 0003057  67.4513 301.1979  1.00271608 60726
1 29236U 06023A   23043.19250860 -.00000114  00000-0  00000-0 0  9993
2 29236   0.0558 272.4467 0003042  68.1707 131.6341  1.00271520 60735
1 29236U 06023A   23043.66541382 -.00000114  00000-0  00000+0 0  9996
2 29236   0.0632 271.0952 0003069  69.9076 301.9617  1.00271760 61026
1 29236U 06023A   23044.45426056 -.00000115  00000-0  00000-0 0  9996
2 29236   0.0619 271.6232 0003077  71.6367 224.4676  1.00271762 60744
1 29236U 06023A   23044.66938351 -.00000116  00000-0  00000+0 0  9995
2 29236   0.0615 272.0581 0003079  71.7328 301.5929  1.00271710 61036
1 29236U 06023A   23045.53001014 -.00000118  00000-0  00000-0 0  9992
2 29236   0.0606 272.5609 0003082  73.1979 250.2989  1.00271570 60752
1 29236U 06023A   23046.10381341 -.00000121  00000-0  00000+0 0  9993
2 29236   0.0598 272.9921 0003076  73.5645  96.6352  1.00271472 61051
1 29236U 06023A   23046.60472705 -.00000122  00000-0  00000-0 0  9995
2 29236   0.0591 273.2140 0003090  74.7995 276.0006  1.00271338 60766
1 29236U 06023A   23047.10778882 -.00000125  00000-0  00000+0 0  9998
2 29236   0.0584 273.4205 0003088  75.1606  97.0301  1.00271257 61066
1 29236U 06023A   23047.36650487 -.00000127  00000-0  00000-0 0  9999
2 29236   0.0580 273.2843 0002848  66.9786 198.7522  1.00279916 60779
1 29236U 06023A   23047.36650487 -.00000128  00000-0  00000+0 0  9999
2 29236   0.0580 273.2843 0002848  66.9786 198.7522  1.00279916 61062
1 29236U 06023A   23047.68145181 -.00000129  00000-0  00000+0 0  9995
2 29236   0.0579 273.5258 0002741  68.7129 310.4744  1.00278116 61066
1 29236U 06023A   23047.68145181 -.00000129  00000-0  00000-0 0  9996
2 29236   0.0579 273.5258 0002741  68.7129 310.4744  1.00278116 60773
1 29236U 06023A   23048.61387706 -.00000132  00000-0  00000+0 0  9994
2 29236   0.0560 274.0095 0002496  58.2327 297.0509  1.00269756 61072
1 29236U 06023A   23048.90069514 -.00000133  00000-0  00000-0 0  9992
2 29236   0.0555 273.9628 0002494  57.8965  40.9684  1.00269552 60787
1 29236U 06023A   23049.47448808 -.00000136  00000-0  00000-0 0  9995
2 29236   0.0545 274.1905 0002503  59.1464 246.6180  1.00269604 60792
1 29236U 06023A   23049.61787910 -.00000137  00000-0  00000+0 0  9991
2 29236   0.0544 273.3358 0002499  59.9779 298.4024  1.00269605 61081
1 29236U 06023A   23050.36998637 -.00000139  00000-0  00000+0 0  9997
2 29236   0.0707 272.0550 0002501  61.4635 209.6917  1.00269108 61099
1 29236U 06023A   23050.36998637 -.00000139  00000-0  00000-0 0  9998
2 29236   0.0707 272.0550 0002501  61.4635 209.6917  1.00269108 60807
1 29236U 06023A   23050.48628130 -.00000140  00000-0  00000+0 0  9990
2 29236   0.0706 272.2260 0002617  60.0982 252.8684  1.00271729 61099
1 29236U 06023A   23051.48254294 -.00000141  00000-0  00000-0 0  9999
2 29236   0.0682 272.4580 0002603  61.1545 251.2142  1.00271153 60813
1 29236U 06023A   23051.55427963 -.00000141  00000-0  00000+0 0  9991
2 29236   0.0681 272.4594 0002601  61.6412 276.6219  1.00271088 61109
1 29236U 06023A   23052.36160576 -.00000141  00000-0  00000-0 0  9996
2 29236   0.0661 272.6322 0002639  62.1101 207.4119  1.00271154 60823
1 29236U 06023A   23053.32757685 -.00000140  00000-0  00000+0 0  9994
2 29236   0.0638 272.7011 0002667  62.8978 195.2553  1.00271179 61120
1 29236U 06023A   23053.32757685 -.00000140  00000-0  00000-0 0  9995
2 29236   0.0638 272.7011 0002667  62.8978 195.2553  1.00271179 60837
1 29236U 06023A   23054.37827091 -.00000138  00000-0  00000+0 0  9996
2 29236   0.0613 272.5901 0002696  64.1486 213.3992  1.00271242 61131
1 29236U 06023A   23054.37827091 -.00000138  00000-0  00000-0 0  9997
2 29236   0.0613 272.5901 0002696  64.1486 213.3992  1.00271242 60848
1 29236U 06023A   23054.62748723 -.00000138  00000-0  00000-0 0  9999
2 29236   0.0606 272.6286 0002702  62.7082 304.7647  1.00271307 60845
1 29236U 06023A   23055.54594226 -.00000136  00000-0  00000+0 0  9995
2 29236   0.0586 272.4146 0002738  64.0579 275.1784  1.00271483 61142
1 29236U 06023A   23055.85657831 -.00000135  00000-0  00000-0 0  9991
2 29236   0.0579 272.2046 0002749  64.3140  27.2671  1.00271504 60852
1 29236U 06023A   23056.61116257 -.00000134  00000-0  00000+0 0  9996
2 29236   0.0562 272.0466 0002767  65.3894 298.7446  1.00271658 61154
1 29236U 06023A   23056.61116257 -.00000134  00000-0  00000-0 0  9997
2 29236   0.0562 272.0466 0002767  65.3894 298.7446  1.00271658 60861
1 29236U 06023A   23057.00401059 -.00000133  00000-0  00000-0 0  9997
2 29236   0.0555 271.7473 0002782  65.9843  80.2613  1.00271695 60865
1 29236U 06023A   23058.47237622 -.00000132  00000-0  00000-0 0  9991
2 29236   0.0582 271.3526 0002845  68.8334 247.8702  1.00272589 60882
1 29236U 06023A   23058.47237622 -.00000133  00000-0  00000+0 0  9991
2 29236   0.0582 271.3526 0002845  68.8334 247.8702  1.00272589 61175
1 29236U 06023A   23059.53235767 -.00000132  00000-0  00000-0 0  9997
2 29236   0.0563 271.2093 0002873  71.1562 268.3314  1.00272490 60899
1 29236U 06023A   23059.53235767 -.00000133  00000-0  00000+0 0  9997
2 29236   0.0563 271.2093 0002873  71.1562 268.3314  1.00272490 61182
1 29236U 06023A   23059.87234135 -.00000132  00000-0  00000-0 0  9992
2 29236   0.0558 270.9062 0002888  72.0247  30.4959  1.00272481 60894
1 29236U 06023A   23060.66112610 -.00000132  00000-0  00000-0 0  9994
2 29236   0.0545 270.5736 0002900  73.7497 313.8458  1.00272487 60904
1 29236U 06023A   23060.66112610 -.00000133  00000-0  00000+0 0  9994
2 29236   0.0545 270.5736 0002900  73.7497 313.8458  1.00272487 61196
1 29236U 06023A   23061.30648594 -.00000132  00000-0  00000-0 0  9991
2 29236   0.0535 270.0487 0002880  74.8786 186.2080  1.00272368 60913
1 29236U 06023A   23062.36975750 -.00000132  00000-0  00000+0 0  9994
2 29236   0.0519 269.0021 0002914  78.1167 207.8408  1.00271657 61213
1 29236U 06023A   23062.52554394 -.00000132  00000-0  00000-0 0  9990
2 29236   0.0515 268.9057 0002919  78.7839 263.5066  1.00271626 60925
1 29236U 06023A   23062.66897904 -.00000132  00000-0  00000-0 0  9992
2 29236   0.0512 268.5129 0002922  79.6395 314.8217  1.00271602 60921
1 29236U 06023A   23063.40318302 -.00000132  00000-0  00000+0 0  9994
2 29236   0.0501 268.0623 0002929  81.8476 218.1008  1.00271550 61225
1 29236U 06023A   23063.45779630 -.00000131  00000-0  00000-0 0  9994
2 29236   0.0500 268.0515 0002930  82.0262 237.6476  1.00271543 60936
1 29236U 06023A   23063.60118243 -.00000131  00000-0  00000-0 0  9998
2 29236   0.0496 267.7299 0002932  82.9275 288.8282  1.00271513 60930
1 29236U 06023A   23064.46293602 -.00000130  00000-0  00000-0 0  9995
2 29236   0.0610 270.0949 0002909  81.0250 239.4463  1.00271457 60945
1 29236U 06023A   23064.46293602 -.00000131  00000-0  00000+0 0  9995
2 29236   0.0610 270.0949 0002909  81.0250 239.4463  1.00271457 61238
1 29236U 06023A   23064.60508477 -.00000130  00000-0  00000-0 0  9990
2 29236   0.0606 269.9898 0002977  81.7882 290.1031  1.00272675 60941
1 29236U 06023A   23065.60904792 -.00000128  00000-0  00000-0 0  9998
2 29236   0.0587 269.1357 0002978  85.3615 289.8026  1.00272382 60951
1 29236U 06023A   23065.60904792 -.00000129  00000-0  00000+0 0  9998
2 29236   0.0587 269.1357 0002978  85.3615 289.8026  1.00272382 61244
1 29236U 06023A   23066.61290139 -.00000126  00000-0  00000+0 0  9990
2 29236   0.0565 268.2635 0002992  89.3762 289.0390  1.00272255 61258
1 29236U 06023A   23066.61290139 -.00000126  00000-0  00000-0 0  9991
2 29236   0.0565 268.2635 0002992  89.3762 289.0390  1.00272255 60965
1 29236U 06023A   23067.70544127 -.00000124  00000-0  00000+0 0  9998
2 29236   0.0540 266.7967 0003010  93.9709 320.3039  1.00272066 61277
1 29236U 06023A   23067.70544127 -.00000124  00000-0  00000-0 0  9999
2 29236   0.0540 266.7967 0003010  93.9709 320.3039  1.00272066 60973
1 29236U 06023A   23068.31107981 -.00000122  00000-0  00000-0 0  9998
2 29236   0.0525 265.9898 0003022  96.4959 177.2130  1.00271968 60980
1 29236U 06023A   23069.47970674 -.00000120  00000-0  00000-0 0  9991
2 29236   0.0491 264.1700 0002707  85.7417 251.6563  1.00271348 60994
1 29236U 06023A   23069.47970674 -.00000121  00000-0  00000+0 0  9991
2 29236   0.0491 264.1700 0002707  85.7417 251.6563  1.00271348 61287
1 29236U 06023A   23070.48518986 -.00000119  00000-0  00000-0 0  9996
2 29236   0.0462 262.4071 0002706  89.7983 252.3265  1.00271250 61007
1 29236U 06023A   23070.62857597 -.00000119  00000-0  00000-0 0  9996
2 29236   0.0458 262.0169 0002702  90.5714 303.7037  1.00271213 61001
1 29236U 06023A   23070.62857597 -.00000120  00000-0  00000+0 0  9997
2 29236   0.0458 262.0169 0002702  90.5714 303.7037  1.00271213 61292
1 29236U 06023A   23071.48908934 -.00000120  00000-0  00000-0 0  9995
2 29236   0.0497 264.4938 0002644  90.8388 251.5908  1.00270729 61018
1 29236U 06023A   23071.63232013 -.00000120  00000-0  00000-0 0  9990
2 29236   0.0494 264.1906 0002685  90.9881 303.4493  1.00271379 61019
1 29236U 06023A   23071.63232013 -.00000121  00000-0  00000+0 0  9990
2 29236   0.0494 264.1906 0002685  90.9881 303.4493  1.00271379 61301
1 29236U 06023A   23072.51263459 -.00000122  00000-0  00000-0 0  9998
2 29236   0.0469 263.2173 0002683  94.7489 258.4421  1.00271341 61021
1 29236U 06023A   23072.99910537 -.00000124  00000-0  00000+0 0  9997
2 29236   0.0456 262.5141 0002670  96.6595  72.8427  1.00271247 61321
1 29236U 06023A   23073.61211563 -.00000126  00000-0  00000-0 0  9993
2 29236   0.0439 261.2567 0002676 100.0145 292.0324  1.00271132 61030
1 29236U 06023A   23074.21472505 -.00000129  00000-0  00000+0 0  9997
2 29236   0.0424 260.2186 0002665 101.8991 148.7177  1.00271059 61330
1 29236U 06023A   23074.61317878 -.00000130  00000-0  00000-0 0  9995
2 29236   0.0412 259.1284 0002669 103.9966 291.5460  1.00270979 61042
1 29236U 06023A   23075.33729814 -.00000134  00000-0  00000+0 0  9995
2 29236   0.0392 257.5857 0002659 106.6447 191.8352  1.00270869 61343
1 29236U 06023A   23075.58759899 -.00000135  00000-0  00000-0 0  9990
2 29236   0.0383 256.3416 0002660 108.5286 281.5498  1.00270825 61053
1 29236U 06023A   23076.46953424 -.00000138  00000-0  00000-0 0  9991
2 29236   0.0354 253.4089 0002656 112.6640 238.7102  1.00270700 61069
1 29236U 06023A   23076.46953424 -.00000139  00000-0  00000+0 0  9991
2 29236   0.0354 253.4089 0002656 112.6640 238.7102  1.00270700 61351
1 29236U 06023A   23077.54795267 -.00000142  00000-0  00000+0 0  9994
2 29236   0.0320 248.8756 0002659 118.6980 266.4991  1.00270580 61360
1 29236U 06023A   23077.61229147 -.00000142  00000-0  00000-0 0  9992
2 29236   0.0319 248.5967 0002657 119.0060 289.6951  1.00270576 61077
1 29236U 06023A   23078.46535058 -.00000144  00000-0  00000+0 0  9998
2 29236   0.0457 260.4185 0002647 106.3308 238.4885  1.00271247 61375
1 29236U 06023A   23078.46535058 -.00000144  00000-0  00000-0 0  9999
2 29236   0.0457 260.4185 0002647 106.3308 238.4885  1.00271247 61083
1 29236U 06023A   23078.65930562 -.00000144  00000-0  00000-0 0  9999
2 29236   0.0453 259.8174 0002697 106.9605 308.4760  1.00272200 61080
1 29236U 06023A   23079.53313156 -.00000144  00000-0  00000-0 0  9991
2 29236   0.0425 257.9326 0002685 110.0364 262.7236  1.00271728 61097
1 29236U 06023A   23079.53313156 -.00000145  00000-0  00000+0 0  9991
2 29236   0.0425 257.9326 0002685 110.0364 262.7236  1.00271728 61389
1 29236U 06023A   23079.59142885 -.00000144  00000-0  00000-0 0  9996
2 29236   0.0423 257.7576 0002683 109.8467 284.1329  1.00271789 61096
1 29236U 06023A   23080.45856337 -.00000144  00000-0  00000-0 0  9997
2 29236   0.0395 255.8755 0002699 112.4560 236.4293  1.00271787 61103
1 29236U 06023A   23080.66690895 -.00000143  00000-0  00000-0 0  9994
2 29236   0.0390 255.2152 0002693 113.2130 311.5424  1.00271790 61104
1 29236U 06023A   23080.66690895 -.00000144  00000-0  00000+0 0  9994
2 29236   0.0390 255.2152 0002693 113.2130 311.5424  1.00271790 61407
1 29236U 06023A   23081.32757682 -.00000142  00000-0  00000-0 0  9995
2 29236   0.0369 253.8319 0002710 115.3973 189.2333  1.00271825 61116
1 29236U 06023A   23082.02922282 -.00000141  00000-0  00000+0 0  9991
2 29236   0.0346 251.5425 0002535 103.6937  96.5194  1.00271490 61415
1 29236U 06023A   23082.51438148 -.00000139  00000-0  00000-0 0  9996
2 29236   0.0330 250.2202 0002579 103.4998 273.1697  1.00271183 61128
1 29236U 06023A   23082.84225646 -.00000139  00000-0  00000-0 0  9999
2 29236   0.0321 249.6960 0002583 105.0617  30.4892  1.00271121 61125
1 29236U 06023A   23083.05106366 -.00000138  00000-0  00000+0 0  9998
2 29236   0.0314 248.7511 0002588 106.1907 105.6812  1.00271155 61425
1 29236U 06023A   23083.52688201 -.00000137  00000-0  00000-0 0  9993
2 29236   0.0298 247.4987 0002589 107.6265 277.2606  1.00271202 61131
1 29236U 06023A   23084.51702424 -.00000136  00000-0  00000+0 0  9995
2 29236   0.0268 244.8503 0002594 111.0526 273.9085  1.00271287 61438
1 29236U 06023A   23084.55674538 -.00000136  00000-0  00000-0 0  9994
2 29236   0.0267 244.7490 0002595 111.1732 288.2279  1.00271284 61141
1 29236U 06023A   23085.55472924 -.00000135  00000-0  00000+0 0  9998
2 29236   0.0368 255.3050 0002587 100.8529 288.2490  1.00271348 61442
1 29236U 06023A   23085.61462176 -.00000135  00000-0  00000-0 0  9994
2 29236   0.0367 255.2184 0002600 101.1268 309.6822  1.00271555 61153
1 29236U 06023A   23086.56037302 -.00000135  00000-0  00000+0 0  9997
2 29236   0.0340 253.6200 0002616 104.6828 289.1282  1.00271967 61454
1 29236U 06023A   23086.61765250 -.00000134  00000-0  00000-0 0  9993
2 29236   0.0339 253.6006 0002613 105.3161 309.1912  1.00271906 61165
1 29236U 06023A   23087.47066965 -.00000134  00000-0  00000-0 0  9995
2 29236   0.0316 252.0648 0002616 108.1305 255.8404  1.00271968 61171
1 29236U 06023A   23088.20482760 -.00000134  00000-0  00000+0 0  9991
2 29236   0.0299 250.5468 0002618 110.8996 159.6101  1.00271963 61475
1 29236U 06023A   23088.53035491 -.00000134  00000-0  00000-0 0  9993
2 29236   0.0288 249.4973 0002618 112.5630 276.5075  1.00271985 61186
1 29236U 06023A   23088.62556222 -.00000134  00000-0  00000-0 0  9993
2 29236   0.0287 249.2864 0002621 112.4319 311.2182  1.00272005 61189
1 29236U 06023A   23089.51577145 -.00000134  00000-0  00000+0 0  9998
2 29236   0.0263 246.7284 0002639 117.8415 269.7223  1.00272156 61489
1 29236U 06023A   23089.84423622 -.00000133  00000-0  00000-0 0  9994
2 29236   0.0256 246.1248 0002649 119.1158  27.6230  1.00272149 61194
1 29236U 06023A   23090.55327289 -.00000133  00000-0  00000+0 0  9995
2 29236   0.0236 243.1595 0002653 123.1324 282.5272  1.00272390 61498
1 29236U 06023A   23091.53868816 -.00000131  00000-0  00000-0 0  9999
2 29236   0.0211 239.4194 0002663 130.3044 274.8190  1.00272374 61219
1 29236U 06023A   23091.60535713 -.00000132  00000-0  00000+0 0  9994
2 29236   0.0210 239.2515 0002665 130.7239 298.6341  1.00272360 61504
1 29236U 06023A   23091.85195223 -.00000131  00000-0  00000-0 0  9999
2 29236   0.0203 238.6290 0002672 132.0882  26.9099  1.00272340 61214
1 29236U 06023A   23092.51716125 -.00000130  00000-0  00000+0 0  9991
2 29236   0.0364 255.5154 0002729 118.7960 263.4471  1.00271667 61516
1 29236U 06023A   23092.85576278 -.00000128  00000-0  00000-0 0  9999
2 29236   0.0356 255.1516 0002713 119.6568  25.1795  1.00271321 61229
1 29236U 06023A   23093.49285586 -.00000127  00000-0  00000-0 0  9998
2 29236   0.0339 253.7183 0002716 122.8327 253.4176  1.00271214 61237
1 29236U 06023A   23094.00301094 -.00000126  00000-0  00000+0 0  9997
2 29236   0.0325 252.7972 0002733 126.0928  75.2355  1.00271094 61537
1 29236U 06023A   23094.52340931 -.00000124  00000-0  00000-0 0  9996
2 29236   0.0311 251.8090 0002733 126.9248 263.2475  1.00271068 61248
1 29236U 06023A   23094.62063329 -.00000124  00000-0  00000-0 0  9990
2 29236   0.0310 251.6523 0002724 125.6982 299.7275  1.00271148 61248
1 29236U 06023A   23095.47117814 -.00000122  00000-0  00000+0 0  9990
2 29236   0.0286 250.2034 0002745 128.7056 245.2117  1.00273031 61548
1 29236U 06023A   23095.47117814 -.00000122  00000-0  00000-0 0  9991
2 29236   0.0286 250.2034 0002745 128.7056 245.2117  1.00273031 61256
1 29236U 06023A   23095.86712409 -.00000121  00000-0  00000-0 0  9994
2 29236   0.0275 249.6295 0002747 130.4939  26.9291  1.00272851 61253
1 29236U 06023A   23096.53590926 -.00000120  00000-0  00000+0 0  9995
2 29236   0.0257 248.2466 0002791 133.2142 267.0168  1.00272794 61554
1 29236U 06023A   23096.61476056 -.00000119  00000-0  00000-0 0  9990
2 29236   0.0255 248.1682 0002792 133.5111 295.2627  1.00272757 61261
1 29236U 06023A   23097.60796552 -.00000118  00000-0  00000+0 0  9994
2 29236   0.0227 246.2837 0002806 139.9614 289.2324  1.00272165 61579
1 29236U 06023A   23098.46696486 -.00000118  00000-0  00000-0 0  9995
2 29236   0.0202 244.2471 0002837 143.7311 237.5889  1.00272519 61288
1 29236U 06023A   23098.63913293 -.00000118  00000-0  00000+0 0  9991
2 29236   0.0198 243.9766 0002833 145.3788 298.3611  1.00271873 61580
1 29236U 06023A   23099.45182928 -.00000119  00000-0  00000-0 0  9997
2 29236   0.0174 241.8768 0002877 148.9345 230.2794  1.00272252 61296
1 29236U 06023A   23099.62638713 -.00000119  00000-0  00000-0 0  9994
2 29236   0.0169 241.8135 0002891 150.8624 291.4276  1.00272072 61290
1 29236U 06023A   23100.03243536 -.00000121  00000-0  00000+0 0  9999
2 29236   0.0159 240.0377 0002891 153.8197  76.8238  1.00272035 61591
1 29236U 06023A   23100.56277187 -.00000122  00000-0  00000+0 0  9997
2 29236   0.0261 252.4533 0002993 144.8478 264.8207  1.00269857 61594
1 29236U 06023A   23101.45918597 -.00000125  00000-0  00000-0 0  9997
2 29236   0.0234 250.7663 0003026 148.5509 226.3916  1.00269815 61317
1 29236U 06023A   23101.53090887 -.00000125  00000-0  00000-0 0  9999
2 29236   0.0233 250.5820 0003028 148.8946 252.1227  1.00269799 61312
1 29236U 06023A   23102.59619807 -.00000130  00000-0  00000-0 0  9991
2 29236   0.0204 247.8379 0003052 153.8547 274.4533  1.00269613 61321
1 29236U 06023A   23103.39888279 -.00000134  00000-0  00000-0 0  9995
2 29236   0.0178 245.2919 0002767 149.0347 211.5816  1.00276982 61334
1 29236U 06023A   23103.60999834 -.00000136  00000-0  00000+0 0  9990
2 29236   0.0174 244.5479 0002783 147.7381 289.8390  1.00278513 61634
1 29236U 06023A   23104.50228017 -.00000138  00000-0  00000-0 0  9991
2 29236   0.0149 240.3306 0002708 143.7247 260.1694  1.00271900 61343
1 29236U 06023A   23105.55752244 -.00000140  00000-0  00000+0 0  9993
2 29236   0.0122 236.2334 0002680 148.9674 279.9516  1.00271724 61647
1 29236U 06023A   23105.61560913 -.00000140  00000-0  00000-0 0  9991
2 29236   0.0122 235.5430 0002678 149.7895 300.7883  1.00271714 61354
1 29236U 06023A   23106.48365594 -.00000141  00000-0  00000-0 0  9996
2 29236   0.0101 229.5371 0002662 156.7191 253.2173  1.00271687 61362
1 29236U 06023A   23106.62080116 -.00000141  00000-0  00000+0 0  9995
2 29236   0.0099 229.0317 0002657 157.3409 302.6084  1.00271685 61667
1 29236U 06023A   23106.62080116 -.00000141  00000-0  00000-0 0  9996
2 29236   0.0099 229.0317 0002657 157.3409 302.6084  1.00271685 61364
1 29236U 06023A   23107.54615890 -.00000140  00000-0  00000-0 0  9990
2 29236   0.0248 252.4200 0002647 135.5180 275.0849  1.00271843 61373
1 29236U 06023A   23108.62103038 -.00000138  00000-0  00000-0 0  9993
2 29236   0.0219 250.5115 0002617 137.8728 302.6529  1.00271945 61381
1 29236U 06023A   23108.84362012 -.00000138  00000-0  00000-0 0  9996
2 29236   0.0212 250.1819 0002616 138.6359  22.5711  1.00271933 61387
1 29236U 06023A   23109.42793815 -.00000136  00000-0  00000-0 0  9998
2 29236   0.0196 248.9495 0002605 140.2353 233.1352  1.00271968 61394
1 29236U 06023A   23109.91716160 -.00000135  00000-0  00000-0 0  9999
2 29236   0.0184 248.0029 0002597 142.1335  48.7864  1.00271947 61391
1 29236U 06023A   23110.12996001 -.00000135  00000-0  00000+0 0  9997
2 29236   0.0179 247.6539 0002598 143.0288 125.0572  1.00271951 61697
1 29236U 06023A   23110.49261174 -.00000134  00000-0  00000+0 0  9992
2 29236   0.0169 247.3437 0002554 142.9548 256.3497  1.00270947 61697
1 29236U 06023A   23110.49261174 -.00000134  00000-0  00000-0 0  9993
2 29236   0.0169 247.3437 0002554 142.9548 256.3497  1.00270947 61406
1 29236U 06023A   23110.85103877 -.00000133  00000-0  00000-0 0  9997
2 29236   0.0160 246.9130 0002559 140.8508  28.2710  1.00271062 61403
1 29236U 06023A   23111.47599262 -.00000132  00000-0  00000-0 0  9992
2 29236   0.0145 245.5201 0002569 142.1357 253.9762  1.00271031 61419
1 29236U 06023A   23111.89841241 -.00000131  00000-0  00000-0 0  9994
2 29236   0.0135 244.4215 0002569 143.4102  46.2865  1.00271010 61417
1 29236U 06023A   23112.56173380 -.00000130  00000-0  00000-0 0  9990
2 29236   0.0121 242.9848 0002567 145.6749 284.9057  1.00271004 61424
1 29236U 06023A   23112.89146639 -.00000130  00000-0  00000-0 0  9993
2 29236   0.0113 242.4584 0002565 146.7480  43.3865  1.00270980 61425
1 29236U 06023A   23113.01646725 -.00000130  00000-0  00000+0 0  9998
2 29236   0.0111 242.1147 0002561 149.3936  86.2070  1.00270854 61723
1 29236U 06023A   23113.50374737 -.00000130  00000-0  00000-0 0  9994
2 29236   0.0101 242.2182 0002561 149.9192 261.4776  1.00270883 61432
1 29236U 06023A   23114.03452108 -.00000130  00000-0  00000+0 0  9991
2 29236   0.0222 255.0979 0002631 139.9759  90.1441  1.00272248 61734
1 29236U 06023A   23114.62105719 -.00000130  00000-0  00000-0 0  9990
2 29236   0.0208 254.8869 0002623 141.0015 301.0628  1.00272558 61446
1 29236U 06023A   23115.47174887 -.00000130  00000-0  00000+0 0  9995
2 29236   0.0187 253.5207 0002638 144.1163 246.4040  1.00272514 61743
1 29236U 06023A   23115.60459667 -.00000129  00000-0  00000-0 0  9991
2 29236   0.0185 253.3380 0002645 144.5954 294.0640  1.00272491 61458
1 29236U 06023A   23116.54190020 -.00000129  00000-0  00000-0 0  9990
2 29236   0.0163 251.5336 0002671 148.4738 270.3456  1.00272473 61460
1 29236U 06023A   23116.64067220 -.00000129  00000-0  00000-0 0  9996
2 29236   0.0160 251.4125 0002674 151.5024 303.0930  1.00272395 61462
1 29236U 06023A   23117.21944715 -.00000128  00000-0  00000+0 0  9991
2 29236   0.0148 250.4640 0002637 143.3805 161.0791  1.00266265 61763
1 29236U 06023A   23117.28885060 -.00000127  00000-0  00000-0 0  9995
2 29236   0.0146 250.2792 0002592 143.9485 185.7491  1.00266785 61472
1 29236U 06023A   23118.21699465 -.00000127  00000-0  00000+0 0  9990
2 29236   0.0125 247.3209 0002602 141.4142 166.2937  1.00271738 61770
1 29236U 06023A   23118.38259869 -.00000127  00000-0  00000-0 0  9999
2 29236   0.0121 246.9718 0002639 140.6113 227.2273  1.00271956 61486
1 29236U 06023A   23119.55210615 -.00000125  00000-0  00000+0 0  9992
2 29236   0.0113 243.5506 0002648 149.0132 284.4216  1.00271657 61793
1 29236U 06023A   23120.44046934 -.00000122  00000-0  00000-0 0  9991
2 29236   0.0112 246.2274 0002665 148.8808 242.5632  1.00271556 61504
1 29236U 06023A   23121.21769699 -.00000121  00000-0  00000+0 0  9995
2 29236   0.0193 254.5908 0002797 145.8598 157.7974  1.00274724 61807
1 29236U 06023A   23121.54847907 -.00000119  00000-0  00000-0 0  9998
2 29236   0.0185 254.2223 0002821 147.7788 275.6581  1.00274553 61517
1 29236U 06023A   23122.55055244 -.00000116  00000-0  00000-0 0  9992
2 29236   0.0162 253.3679 0002868 151.3846 274.6509  1.00274423 61520
1 29236U 06023A   23122.55055244 -.00000117  00000-0  00000+0 0  9992
2 29236   0.0162 253.3679 0002868 151.3846 274.6509  1.00274423 61823
1 29236U 06023A   23122.89702255 -.00000116  00000-0  00000-0 0  9990
2 29236   0.0153 253.2995 0002883 152.5563  38.6212  1.00274355 61529
1 29236U 06023A   23123.56099813 -.00000114  00000-0  00000+0 0  9991
2 29236   0.0139 253.3256 0002916 154.1675 276.6763  1.00274227 61830
1 29236U 06023A   23123.82669837 -.00000113  00000-0  00000-0 0  9999
2 29236   0.0132 253.6593 0002926 154.5890  11.8370  1.00274176 61537