1 32951U 08024A   23001.70360667  .00000036  00000-0  00000-0 0  9994
2 32951   0.0247  25.5299 0003304 258.7102 307.1341  1.00270310 33191
1 32951U 08024A   23001.91875903  .00000036  00000-0  00000+0 0  9990
2 32951   0.0253  25.7176 0003321 259.4847  23.8380  1.00270377 53423
1 32951U 08024A   23002.49257664  .00000037  00000-0  00000-0 0  9994
2 32951   0.0269  30.1731 0003315 252.3415 233.6651  1.00270605 33203
1 32951U 08024A   23002.70778703  .00000037  00000-0  00000-0 0  9990
2 32951   0.0270  32.9533 0003320 249.8760 311.0381  1.00270638 33202
1 32951U 08024A   23003.27398057  .00000037  00000-0  00000+0 0  9992
2 32951   0.0037 103.4376 0003302 179.3565 155.4523  1.00271643 53445
1 32951U 08024A   23003.49682672  .00000038  00000-0  00000-0 0  9997
2 32951   0.0036  97.9609 0003270 186.5508 234.1793  1.00271633 33217
1 32951U 08024A   23004.51640101  .00000038  00000-0  00000+0 0  9991
2 32951   0.0185  31.1764 0003273 254.2226 241.3439  1.00271892 53459
1 32951U 08024A   23004.71616564  .00000038  00000-0  00000-0 0  9990
2 32951   0.0186  33.2882 0003276 252.4429 313.1242  1.00271953 33223
1 32951U 08024A   23005.54632687  .00000038  00000-0  00000+0 0  9995
2 32951   0.0174  38.8182 0003293 248.3027 251.4118  1.00272209 53460
1 32951U 08024A   23005.72032382  .00000038  00000-0  00000-0 0  9992
2 32951   0.0174  41.4470 0003294 246.0282 313.8681  1.00272253 33239
1 32951U 08024A   23006.72450289  .00000038  00000-0  00000+0 0  9992
2 32951   0.0156  52.4257 0003304 236.9976 314.4165  1.00272527 53470
1 32951U 08024A   23007.19771575  .00000038  00000-0  00000-0 0  9999
2 32951   0.0125  64.9085 0003309 225.5208 124.2347  1.00272655 33244
1 32951U 08024A   23007.45008896  .00000037  00000-0  00000+0 0  9995
2 32951   0.0131  66.7109 0003308 224.0764 214.9808  1.00272723 53481
1 32951U 08024A   23007.72867609  .00000038  00000-0  00000-0 0  9992
2 32951   0.0141  68.0107 0003302 223.2670 315.0575  1.00272782 33258
1 32951U 08024A   23008.01564152  .00000038  00000-0  00000-0 0  9992
2 32951   0.0148  69.2766 0003298 222.6601  57.9897  1.00272848 33252
1 32951U 08024A   23008.94808006  .00000038  00000-0  00000+0 0  9992
2 32951   0.0176  74.2266 0003205 216.5232  35.7633  1.00270161 53490
1 32951U 08024A   23009.54603264  .00000039  00000-0  00000+0 0  9999
2 32951   0.0243 297.8396 0003054 351.9747 252.5506  1.00271475 53508
1 32951U 08024A   23009.67896472  .00000039  00000-0  00000-0 0  9999
2 32951   0.0248 296.7001 0003057 353.1317 300.5201  1.00271735 33271
1 32951U 08024A   23010.53920741  .00000040  00000-0  00000-0 0  9995
2 32951   0.0209 303.4973 0003050 348.0368 249.3541  1.00272097 33284
1 32951U 08024A   23010.67896493  .00000040  00000-0  00000+0 0  9995
2 32951   0.0203 303.8245 0003044 347.8859 299.6285  1.00272128 53515
1 32951U 08024A   23010.88458502  .00000041  00000-0  00000-0 0  9995
2 32951   0.0198 305.0881 0003029 347.0628  13.4140  1.00272160 33287
1 32951U 08024A   23011.53031036  .00000042  00000-0  00000-0 0  9998
2 32951   0.0161 312.3037 0003003 341.3164 245.0436  1.00272278 33297
1 32951U 08024A   23011.81890885  .00000042  00000-0  00000+0 0  9993
2 32951   0.0154 313.4987 0002990 340.5189 348.8266  1.00272323 53529
1 32951U 08024A   23012.75055446  .00000044  00000-0  00000+0 0  9995
2 32951   0.0158 347.0235 0002952 309.2467 322.8870  1.00272444 53539
1 32951U 08024A   23013.59981031  .00000046  00000-0  00000-0 0  9999
2 32951   0.0163   3.7727 0002909 294.3578 267.5981  1.00272542 33317
1 32951U 08024A   23013.68452266  .00000046  00000-0  00000-0 0  9992
2 32951   0.0163   6.4408 0002906 291.8963 297.9716  1.00272544 33315
1 32951U 08024A   23014.25521578  .00000047  00000-0  00000+0 0  9999
2 32951   0.0174  36.1497 0002761 268.1985 137.9815  1.00271330 53558
1 32951U 08024A   23014.60673323  .00000047  00000-0  00000-0 0  9995
2 32951   0.0186  38.9713 0002739 266.2167 264.0357  1.00271448 33324
1 32951U 08024A   23015.57634521  .00000047  00000-0  00000+0 0  9998
2 32951   0.0214  44.8985 0002701 261.9378 252.4060  1.00271843 53567
1 32951U 08024A   23015.69017087  .00000048  00000-0  00000-0 0  9995
2 32951   0.0214  45.9793 0002703 261.1194 293.2336  1.00271870 33338
1 32951U 08024A   23016.60012355  .00000047  00000-0  00000-0 0  9999
2 32951   0.0248  51.5941 0002681 256.9709 260.2508  1.00272235 33344
1 32951U 08024A   23016.69419941  .00000046  00000-0  00000+0 0  9998
2 32951   0.0248  52.5286 0002685 256.3298 293.9180  1.00272254 53575
1 32951U 08024A   23017.13729963  .00000046  00000-0  00000+0 0  9996
2 32951   0.0267  55.4353 0002728 248.2336  99.0572  1.00271152 53581
1 32951U 08024A   23017.55497097  .00000045  00000-0  00000-0 0  9992
2 32951   0.0030 129.0188 0002700 177.0364 247.4363  1.00269906 33357
1 32951U 08024A   23017.62672312  .00000045  00000-0  00000+0 0  9994
2 32951   0.0021 124.4260 0002743 179.5525 275.4131  1.00270157 53581
1 32951U 08024A   23018.27300201  .00000043  00000-0  00000+0 0  9999
2 32951   0.0189  50.1511 0002765 253.5983 148.9351  1.00270230 53596
1 32951U 08024A   23018.49042176  .00000042  00000-0  00000-0 0  9997
2 32951   0.0182  51.4821 0002768 252.1869 227.5001  1.00270312 33368
1 32951U 08024A   23018.64086538  .00000042  00000-0  00000-0 0  9994
2 32951   0.0178  50.9016 0002747 253.9530 280.6219  1.00270291 33361
1 32951U 08024A   23019.48357834  .00000038  00000-0  00000+0 0  9991
2 32951   0.0168  57.2717 0002733 248.5191 223.8888  1.00270393 53609
1 32951U 08024A   23019.59990580  .00000037  00000-0  00000-0 0  9994
2 32951   0.0166  56.7485 0002728 249.2976 265.6255  1.00270390 33377
1 32951U 08024A   23020.47216841  .00000033  00000-0  00000-0 0  9990
2 32951   0.0155  64.3338 0002727 242.9333 219.2747  1.00270517 33386
1 32951U 08024A   23020.71081625  .00000031  00000-0  00000+0 0  9994
2 32951   0.0149  65.1123 0002721 242.6160 304.9611  1.00270543 53618
1 32951U 08024A   23021.68042519  .00000027  00000-0  00000+0 0  9995
2 32951   0.0130  80.8507 0002740 228.0312 293.8189  1.00270730 53621
1 32951U 08024A   23022.46841400  .00000023  00000-0  00000+0 0  9994
2 32951   0.0165 320.1107 0002932 344.3008 222.7441  1.00274080 53637
1 32951U 08024A   23022.62331606  .00000023  00000-0  00000+0 0  9994
2 32951   0.0142 330.5177 0002757 336.9960 275.5559  1.00270800 53635
1 32951U 08024A   23023.50332721  .00000021  00000-0  00000+0 0  9999
2 32951   0.0126   2.7482 0002818 306.6266 231.3661  1.00271685 53642
1 32951U 08024A   23023.65371869  .00000020  00000-0  00000+0 0  9990
2 32951   0.0134  66.8671 0002927 245.4630 282.7274  1.00270712 53648
1 32951U 08024A   23024.72728456  .00000020  00000-0  00000+0 0  9997
2 32951   0.0144  73.6216 0003011 237.7569 311.2224  1.00271098 53652
1 32951U 08024A   23025.58451782  .00000020  00000-0  00000-0 0  9998
2 32951   0.0159  75.6654 0003080 237.0861 259.2998  1.00271437 33430
1 32951U 08024A   23025.73137799  .00000020  00000-0  00000+0 0  9993
2 32951   0.0159  76.2155 0003095 236.1804 312.6701  1.00271508 53668
1 32951U 08024A   23026.15444323  .00000019  00000-0  00000+0 0  9992
2 32951   0.0170  75.4969 0002817 221.5323 120.7609  1.00283855 53674
1 32951U 08024A   23026.58257508  .00000022  00000-0  00000+0 0  9990
2 32951   0.0177  76.7599 0003167 234.5659 261.0051  1.00269709 53671
1 32951U 08024A   23027.17321744  .00000023  00000-0  00000+0 0  9991
2 32951   0.0141  82.5705 0003195 228.4134 114.5287  1.00271253 53688
1 32951U 08024A   23027.55984369  .00000024  00000-0  00000-0 0  9993
2 32951   0.0152  81.8907 0003182 230.5506 252.6377  1.00271296 33453
1 32951U 08024A   23028.49852453  .00000026  00000-0  00000+0 0  9996
2 32951   0.0174  83.3252 0003191 229.5763 231.0268  1.00271556 53697
1 32951U 08024A   23028.74345801  .00000026  00000-0  00000+0 0  9998
2 32951   0.0234  78.2714 0003286 236.3164 317.7845  1.00270668 53692
1 32951U 08024A   23029.22218715  .00000027  00000-0  00000+0 0  9996
2 32951   0.0192  81.2624 0003191 232.0282 131.8694  1.00271731 53709
1 32951U 08024A   23029.60406813  .00000027  00000-0  00000-0 0  9997
2 32951   0.0188  79.7125 0003168 233.5698 269.7320  1.00271793 33470
1 32951U 08024A   23030.30911306  .00000028  00000-0  00000+0 0  9994
2 32951   0.0179  79.1180 0003202 235.1102 163.2976  1.00272049 53711
1 32951U 08024A   23030.51720199  .00000028  00000-0  00000-0 0  9996
2 32951   0.0175  80.2628 0003208 234.1631 238.2175  1.00272122 33487
1 32951U 08024A   23030.67981810  .00000028  00000-0  00000-0 0  9992
2 32951   0.0171  78.7710 0003219 235.8943 296.6802  1.00272179 33480
1 32951U 08024A   23031.45433442  .00000028  00000-0  00000+0 0  9991
2 32951   0.0163  81.6240 0003245 234.1290 215.1834  1.00272440 53729
1 32951U 08024A   23031.54272236  .00000029  00000-0  00000-0 0  9995
2 32951   0.0158  81.5265 0003249 234.3752 246.9417  1.00272468 33499
1 32951U 08024A   23032.46997389  .00000028  00000-0  00000+0 0  9998
2 32951   0.0151  85.6058 0003283 232.1354 219.8293  1.00272750 53733
1 32951U 08024A   23032.59252396  .00000028  00000-0  00000-0 0  9995
2 32951   0.0144  83.9964 0003287 233.9638 263.8497  1.00272785 33506
1 32951U 08024A   23033.57997767  .00000028  00000-0  00000-0 0  9992
2 32951   0.0131  88.5815 0003305 228.7276 260.9559  1.00271714 33518
1 32951U 08024A   23033.69192826  .00000028  00000-0  00000+0 0  9997
2 32951   0.0133  86.9473 0003296 230.7627 300.9672  1.00271545 53744
1 32951U 08024A   23034.55990998  .00000028  00000-0  00000-0 0  9990
2 32951   0.0136  92.5746 0003301 226.5770 252.8542  1.00271730 33523
1 32951U 08024A   23034.69597764  .00000028  00000-0  00000+0 0  9998
2 32951   0.0140  92.8209 0003304 226.8057 301.4975  1.00271736 53753
1 32951U 08024A   23035.55658228  .00000028  00000-0  00000-0 0  9998
2 32951   0.0159  94.1046 0003307 227.1063 250.5794  1.00271952 33538
1 32951U 08024A   23035.69988140  .00000028  00000-0  00000+0 0  9991
2 32951   0.0163  94.2839 0003305 227.3444 301.8910  1.00271974 53768
1 32951U 08024A   23036.21646691  .00000029  00000-0  00000-0 0  9994
2 32951   0.0175  94.7766 0003308 227.9878 127.2350  1.00272091 33537
1 32951U 08024A   23037.12150721  .00000029  00000-0  00000+0 0  9998
2 32951   0.0129 111.5057 0003269 216.3176  88.9150  1.00270652 53787
1 32951U 08024A   23037.58089757  .00000030  00000-0  00000-0 0  9991
2 32951   0.0136 113.4436 0003262 215.2943 253.8351  1.00270802 33556
1 32951U 08024A   23037.70809240  .00000030  00000-0  00000-0 0  9992
2 32951   0.0138 114.8714 0003262 215.0416 298.5757  1.00270768 33552
1 32951U 08024A   23038.14810491  .00000031  00000-0  00000+0 0  9991
2 32951   0.0145 115.9058 0003253 215.4935  95.9278  1.00270832 53790
1 32951U 08024A   23038.50722394  .00000031  00000-0  00000-0 0  9996
2 32951   0.0148 116.2206 0003250 215.9230 224.8214  1.00270876 33566
1 32951U 08024A   23038.71215591  .00000032  00000-0  00000-0 0  9996
2 32951   0.0152 117.3133 0003240 215.4635 298.1661  1.00270910 33564
1 32951U 08024A   23039.48035642  .00000033  00000-0  00000+0 0  9998
2 32951   0.0161 116.9178 0003214 216.7320 214.5989  1.00269896 53809
1 32951U 08024A   23039.71607778  .00000034  00000-0  00000-0 0  9991
2 32951   0.0164 117.4107 0003184 217.2164 298.7124  1.00269508 33575
1 32951U 08024A   23040.47395650  .00000035  00000-0  00000-0 0  9990
2 32951   0.0173 115.1692 0003145 219.7551 211.9957  1.00269763 33588
1 32951U 08024A   23040.72019296  .00000036  00000-0  00000+0 0  9997
2 32951   0.0175 115.2670 0003136 220.2566 300.2836  1.00269836 53817
1 32951U 08024A   23041.16495682  .00000037  00000-0  00000-0 0  9995
2 32951   0.0182 113.8866 0003117 222.8531  99.6189  1.00270016 33589
1 32951U 08024A   23041.65252723  .00000037  00000-0  00000-0 0  9996
2 32951   0.0191 112.1068 0003119 226.4398 273.8174  1.00270180 33591
1 32951U 08024A   23042.20048869  .00000038  00000-0  00000+0 0  9992
2 32951   0.0201 109.9529 0003103 229.9497 110.2658  1.00270413 53839
1 32951U 08024A   23042.44613830  .00000038  00000-0  00000+0 0  9994
2 32951   0.0156 108.1287 0003085 232.2140 198.4859  1.00271409 53838
1 32951U 08024A   23042.72829109  .00000038  00000-0  00000+0 0  9993
2 32951   0.0213 107.9002 0003104 233.0853 299.7118  1.00270575 53832
1 32951U 08024A   23042.77479973  .00000038  00000-0  00000-0 0  9999
2 32951   0.0213 107.4507 0003106 233.6437 316.3918  1.00270591 33608
1 32951U 08024A   23043.51714060  .00000038  00000-0  00000-0 0  9991
2 32951   0.0240 104.7667 0003088 237.9728 222.7205  1.00270900 33618
1 32951U 08024A   23043.73235646  .00000038  00000-0  00000+0 0  9992
2 32951   0.0166 105.7662 0003115 234.4921 302.8746  1.00271717 53843
1 32951U 08024A   23044.44946649  .00000037  00000-0  00000-0 0  9993
2 32951   0.0195 109.1800 0003113 230.4961 202.3229  1.00271881 33621
1 32951U 08024A   23044.98868668  .00000035  00000-0  00000+0 0  9993
2 32951   0.0184 109.6526 0003111 231.2149  35.7825  1.00271915 53860
1 32951U 08024A   23045.52521608  .00000034  00000-0  00000-0 0  9994
2 32951   0.0168 109.1612 0003109 232.8317 228.3372  1.00271986 33632
1 32951U 08024A   23045.74044385  .00000033  00000-0  00000-0 0  9999
2 32951   0.0165 105.6881 0003112 236.9052 305.4313  1.00271988 33637
1 32951U 08024A   23046.19941032  .00000031  00000-0  00000+0 0  9991
2 32951   0.0153 105.4815 0003107 237.7117 110.5119  1.00272064 53877
1 32951U 08024A   23046.57606145  .00000029  00000-0  00000-0 0  9994
2 32951   0.0147 107.5888 0003110 236.4777 245.6050  1.00272098 33649
1 32951U 08024A   23046.74439468  .00000029  00000-0  00000-0 0  9995
2 32951   0.0144 104.5633 0003110 239.8925 305.9818  1.00272107 33646
1 32951U 08024A   23047.53332778  .00000025  00000-0  00000+0 0  9994
2 32951   0.0133 109.1492 0003085 234.7520 231.3266  1.00271000 53882
1 32951U 08024A   23047.74839118  .00000024  00000-0  00000-0 0  9997
2 32951   0.0130 104.4365 0003085 239.9856 308.4399  1.00270982 33659
1 32951U 08024A   23048.35535681  .00000021  00000-0  00000-0 0  9990
2 32951   0.0128 103.9474 0003089 240.1593 167.8597  1.00271107 33665
1 32951U 08024A   23048.75212059  .00000019  00000-0  00000+0 0  9991
2 32951   0.0139 104.1492 0003090 240.4491 310.5931  1.00271096 53895
1 32951U 08024A   23049.46969400  .00000016  00000-0  00000-0 0  9997
2 32951   0.0161 103.3379 0003097 241.3316 209.5545  1.00271284 33679
1 32951U 08024A   23050.18799421  .00000013  00000-0  00000+0 0  9998
2 32951   0.0181 103.0608 0003132 243.6737 106.7845  1.00271402 53917
1 32951U 08024A   23050.45755601  .00000013  00000-0  00000-0 0  9991
2 32951   0.0189 102.8391 0003140 243.8753 204.1123  1.00271453 33680
1 32951U 08024A   23051.19088369  .00000011  00000-0  00000+0 0  9990
2 32951   0.0210 102.9301 0003170 244.3680 108.2489  1.00271655 53927
1 32951U 08024A   23051.26262038  .00000011  00000-0  00000-0 0  9996
2 32951   0.0211 102.8919 0003176 244.5186 134.0326  1.00271677 33694
1 32951U 08024A   23051.69287178  .00000011  00000-0  00000+0 0  9994
2 32951   0.0191 150.6238 0003183 197.5759 288.5920  1.00270114 53925
1 32951U 08024A   23052.55347991  .00000011  00000-0  00000-0 0  9991
2 32951   0.0197 148.7199 0003179 199.3006 239.4350  1.00270042 33701
1 32951U 08024A   23052.98035416  .00000011  00000-0  00000+0 0  9993
2 32951   0.0199 147.4696 0003208 201.7201  32.3600  1.00270128 53940
1 32951U 08024A   23053.34424279  .00000012  00000-0  00000-0 0  9995
2 32951   0.0199 146.3542 0003230 202.6772 163.8761  1.00270302 33711
1 32951U 08024A   23054.38938184  .00000013  00000-0  00000+0 0  9995
2 32951   0.0203 141.6952 0003023 198.9872 189.4847  1.00273485 53950
1 32951U 08024A   23054.60694100  .00000014  00000-0  00000-0 0  9999
2 32951   0.0205 141.2562 0003069 193.3724 274.0789  1.00271410 33725
1 32951U 08024A   23055.53204983  .00000016  00000-0  00000+0 0  9999
2 32951   0.0167 137.9860 0003108 194.5117 250.1285  1.00272369 53966
1 32951U 08024A   23056.26422219  .00000017  00000-0  00000+0 0  9995
2 32951   0.0221 131.5555 0003140 201.2306 154.1757  1.00271336 53971
1 32951U 08024A   23056.57093966  .00000018  00000-0  00000-0 0  9994
2 32951   0.0232 129.9557 0003137 202.8013 264.9264  1.00271551 33749
1 32951U 08024A   23057.02827113  .00000018  00000-0  00000+0 0  9993
2 32951   0.0180 140.5770 0003077 192.2246  69.9446  1.00272673 53989
1 32951U 08024A   23057.52098125  .00000019  00000-0  00000-0 0  9993
2 32951   0.0188 138.6932 0003070 198.3268 243.5889  1.00272801 33756
1 32951U 08024A   23057.64459917  .00000019  00000-0  00000-0 0  9996
2 32951   0.0184 137.0025 0003064 200.2265 288.0047  1.00272837 33750
1 32951U 08024A   23058.07483976  .00000019  00000-0  00000+0 0  9995
2 32951   0.0191 136.5075 0003072 200.5341  83.5046  1.00272922 53994
1 32951U 08024A   23058.50511859  .00000020  00000-0  00000-0 0  9998
2 32951   0.0185 135.4009 0003073 202.2798 238.1921  1.00273068 33763
1 32951U 08024A   23058.72024139  .00000020  00000-0  00000-0 0  9992
2 32951   0.0185 131.4233 0003086 206.6800 315.4265  1.00273132 33766
1 32951U 08024A   23059.07872498  .00000019  00000-0  00000+0 0  9997
2 32951   0.0176 132.1499 0003099 206.3859  84.4032  1.00273255 54004
1 32951U 08024A   23059.51488410  .00000020  00000-0  00000-0 0  9996
2 32951   0.0172 130.9771 0003098 208.2685 241.1433  1.00273399 33773
1 32951U 08024A   23059.85289609  .00000020  00000-0  00000-0 0  9992
2 32951   0.0169 128.1131 0003119 211.4813   2.8139  1.00273504 33774
1 32951U 08024A   23060.19285532  .00000019  00000-0  00000+0 0  9999
2 32951   0.0157 127.2821 0003121 212.8663 124.9824  1.00273619 54012
1 32951U 08024A   23060.72806868  .00000019  00000-0  00000-0 0  9990
2 32951   0.0149 124.5349 0003125 216.6526 317.1517  1.00273770 33786
1 32951U 08024A   23061.73199962  .00000019  00000-0  00000+0 0  9991
2 32951   0.0132 118.2363 0003133 221.5192 320.9839  1.00270973 54028
1 32951U 08024A   23062.53633669  .00000020  00000-0  00000-0 0  9990
2 32951   0.0132 113.2275 0003145 228.1677 249.6971  1.00271335 33809
1 32951U 08024A   23062.73592163  .00000020  00000-0  00000+0 0  9994
2 32951   0.0138 113.5713 0003147 228.3918 321.1761  1.00271362 54038
1 32951U 08024A   23063.52020133  .00000021  00000-0  00000-0 0  9997
2 32951   0.0158 112.9004 0003147 230.5203 242.8314  1.00271543 33815
1 32951U 08024A   23063.73977451  .00000021  00000-0  00000+0 0  9993
2 32951   0.0163 112.5199 0003147 231.3953 321.5994  1.00271579 54049
1 32951U 08024A   23064.48703420  .00000022  00000-0  00000-0 0  9991
2 32951   0.0182 111.5410 0003146 234.0177 229.7058  1.00271760 33827
1 32951U 08024A   23064.74346559  .00000022  00000-0  00000+0 0  9995
2 32951   0.0188 111.1403 0003142 235.1854 321.5069  1.00271794 54059
1 32951U 08024A   23065.38915157  .00000023  00000-0  00000+0 0  9993
2 32951   0.0185 237.1129 0002947 115.1630 188.6444  1.00272747 54060
1 32951U 08024A   23065.72757497  .00000024  00000-0  00000-0 0  9994
2 32951   0.0160 230.3333 0003000 121.3136 311.4438  1.00274424 33831
1 32951U 08024A   23066.20830365  .00000024  00000-0  00000+0 0  9993
2 32951   0.0136 221.1512 0003007 131.8616 123.6184  1.00274524 54078
1 32951U 08024A   23066.60819449  .00000025  00000-0  00000-0 0  9999
2 32951   0.0130 210.5726 0003008 143.3169 267.1011  1.00274597 33848
1 32951U 08024A   23067.03842578  .00000026  00000-0  00000+0 0  9996
2 32951   0.0205 200.0609 0003004 155.1228  61.1181  1.00274656 54083
1 32951U 08024A   23068.69146321  .00000030  00000-0  00000+0 0  9997
2 32951   0.0222 171.4053 0003044 189.9159 291.7130  1.00270042 54099
1 32951U 08024A   23069.37490344  .00000032  00000-0  00000-0 0  9993
2 32951   0.0217 167.1333 0003039 196.6919 175.9192  1.00270334 33877
1 32951U 08024A   23070.43426009  .00000032  00000-0  00000+0 0  9998
2 32951   0.0214 159.8345 0003034 206.6778 195.6432  1.00270759 54112
1 32951U 08024A   23070.58327903  .00000033  00000-0  00000-0 0  9999
2 32951   0.0216 159.6670 0003045 207.3388 248.9433  1.00270794 33883
1 32951U 08024A   23070.69551855  .00000033  00000-0  00000-0 0  9996
2 32951   0.0213 158.9642 0003051 208.3299 289.1719  1.00270824 33888
1 32951U 08024A   23071.37211944  .00000032  00000-0  00000-0 0  9993
2 32951   0.0218 152.3316 0003047 216.8507 171.5269  1.00271102 33895
1 32951U 08024A   23071.62778755  .00000031  00000-0  00000+0 0  9997
2 32951   0.0222 151.7322 0003060 217.6122 263.6577  1.00271162 54127
1 32951U 08024A   23072.19950727  .00000030  00000-0  00000+0 0  9990
2 32951   0.0027  72.8637 0003046 296.0777 110.4349  1.00271855 54139
1 32951U 08024A   23072.45789413  .00000030  00000-0  00000+0 0  9991
2 32951   0.0179 153.2612 0003035 214.5393 204.8492  1.00272014 54136
1 32951U 08024A   23072.63164705  .00000029  00000-0  00000-0 0  9991
2 32951   0.0175 152.2210 0003050 216.1013 267.0498  1.00272038 33904
1 32951U 08024A   23073.58342201  .00000026  00000-0  00000+0 0  9991
2 32951   0.0195 151.4677 0003056 217.0583 250.4244  1.00272211 54149
1 32951U 08024A   23073.70730399  .00000026  00000-0  00000-0 0  9995
2 32951   0.0192 149.3240 0003058 219.4800 294.8662  1.00272217 33912
1 32951U 08024A   23074.49605387  .00000022  00000-0  00000-0 0  9996
2 32951   0.0181 144.4790 0003057 225.7249 218.1953  1.00272330 33921
1 32951U 08024A   23074.56780354  .00000022  00000-0  00000-0 0  9992
2 32951   0.0177 144.3356 0003059 226.0622 243.9022  1.00272338 33925
1 32951U 08024A   23074.98660709  .00000020  00000-0  00000+0 0  9996
2 32951   0.0170 139.5584 0003059 231.4182  34.5063  1.00272398 54162
1 32951U 08024A   23075.55878351  .00000017  00000-0  00000+0 0  9990
2 32951   0.0146 132.7147 0002852 223.6251 255.6784  1.00271538 54166
1 32951U 08024A   23077.07718955  .00000011  00000-0  00000+0 0  9996
2 32951   0.0163 117.6419 0002906 240.2515  82.2484  1.00271958 54186
1 32951U 08024A   23077.58360536  .00000010  00000-0  00000+0 0  9999
2 32951   0.0216 252.7045 0002738 106.3243 263.9215  1.00270181 54181
1 32951U 08024A   23077.72244082  .00000009  00000-0  00000-0 0  9991
2 32951   0.0212 251.7594 0002754 107.2912 314.0171  1.00270547 33953
1 32951U 08024A   23078.58640007  .00000008  00000-0  00000-0 0  9992
2 32951   0.0176 243.3202 0002803 117.0271 264.5970  1.00271409 33962
1 32951U 08024A   23078.72624818  .00000007  00000-0  00000+0 0  9998
2 32951   0.0173 242.3794 0002802 117.9328 315.1151  1.00271453 54196
1 32951U 08024A   23079.51790741  .00000007  00000-0  00000-0 0  9996
2 32951   0.0129 233.6862 0002817 127.3184 240.2003  1.00271678 33973
1 32951U 08024A   23080.16024421  .00000008  00000-0  00000+0 0  9994
2 32951   0.0162 221.2147 0002829 140.1596 111.7053  1.00271905 54212
1 32951U 08024A   23080.44707142  .00000008  00000-0  00000-0 0  9994
2 32951   0.0181 218.8854 0002827 142.7989 214.9362  1.00272003 33982
1 32951U 08024A   23080.73376435  .00000009  00000-0  00000-0 0  9994
2 32951   0.0208 215.3469 0002818 146.3677 318.3984  1.00272092 33987
1 32951U 08024A   23081.19079198  .00000009  00000-0  00000+0 0  9990
2 32951   0.0242 194.2529 0002852 168.4366 122.4241  1.00271041 54228
1 32951U 08024A   23081.73741998  .00000011  00000-0  00000-0 0  9998
2 32951   0.0232 192.6873 0002872 169.3526 320.3986  1.00271319 33995
1 32951U 08024A   23082.44467054  .00000012  00000-0  00000+0 0  9995
2 32951   0.0223 189.5070 0002889 173.6949 214.5450  1.00271669 54232
1 32951U 08024A   23082.52549260  .00000012  00000-0  00000-0 0  9995
2 32951   0.0152 199.8423 0002857 163.2193 243.8428  1.00272991 34002
1 32951U 08024A   23082.59803722  .00000013  00000-0  00000-0 0  9999
2 32951   0.0220 189.6675 0002894 173.4039 270.0388  1.00271758 34004
1 32951U 08024A   23083.45278178  .00000014  00000-0  00000+0 0  9996
2 32951   0.0207 183.8377 0002905 180.6415 217.1844  1.00272140 54248
1 32951U 08024A   23083.56598812  .00000015  00000-0  00000-0 0  9990
2 32951   0.0206 183.9005 0002910 180.6567 257.9727  1.00272199 34019
1 32951U 08024A   23084.51290601  .00000016  00000-0  00000+0 0  9991
2 32951   0.0197 176.0265 0002917 190.1406 238.1916  1.00272571 54257
1 32951U 08024A   23084.60415118  .00000016  00000-0  00000-0 0  9994
2 32951   0.0195 175.9113 0002922 190.2486 271.1375  1.00272612 34025
1 32951U 08024A   23085.52607681  .00000017  00000-0  00000+0 0  9994
2 32951   0.0178 167.9137 0002974 194.0917 248.0751  1.00271318 54262
1 32951U 08024A   23085.68110260  .00000017  00000-0  00000-0 0  9994
2 32951   0.0179 165.8425 0002952 196.6370 303.5620  1.00270894 34030
1 32951U 08024A   23086.56149906  .00000017  00000-0  00000+0 0  9990
2 32951   0.0178 166.0385 0002947 196.5471 261.2648  1.00271169 54276
1 32951U 08024A   23086.61316840  .00000018  00000-0  00000-0 0  9991
2 32951   0.0176 165.2538 0002944 197.7178 279.5304  1.00271158 34041
1 32951U 08024A   23087.58863182  .00000018  00000-0  00000-0 0  9994
2 32951   0.0175 159.5068 0002956 204.8185 270.3036  1.00271411 34059
1 32951U 08024A   23087.68866686  .00000018  00000-0  00000+0 0  9996
2 32951   0.0172 157.9595 0002961 206.5179 306.2625  1.00271434 54286
1 32951U 08024A   23088.58686389  .00000018  00000-0  00000-0 0  9997
2 32951   0.0153 146.7482 0002975 219.3187 268.9089  1.00271722 34064
1 32951U 08024A   23088.69241762  .00000018  00000-0  00000+0 0  9990
2 32951   0.0146 143.9646 0002980 222.3113 306.8032  1.00271743 54296
1 32951U 08024A   23089.21378722  .00000018  00000-0  00000+0 0  9996
2 32951   0.0122 127.7166 0002983 239.4796 134.0897  1.00271899 54300
1 32951U 08024A   23089.62453037  .00000018  00000-0  00000-0 0  9995
2 32951   0.0138 124.8476 0002987 243.2463 281.4651  1.00272004 34073
1 32951U 08024A   23090.63755206  .00000019  00000-0  00000+0 0  9991
2 32951   0.0183 118.2241 0003000 252.1558 284.8667  1.00272248 54314
1 32951U 08024A   23091.58747348  .00000021  00000-0  00000-0 0  9998
2 32951   0.0216 112.5608 0003016 260.2706 265.3252  1.00272459 34098
1 32951U 08024A   23091.70377907  .00000021  00000-0  00000+0 0  9991
2 32951   0.0222 111.4455 0003020 261.8010 306.8951  1.00272472 54323
1 32951U 08024A   23092.58998292  .00000023  00000-0  00000-0 0  9997
2 32951   0.0255 107.9231 0003034 267.3359 264.7921  1.00272657 34101
1 32951U 08024A   23092.70760473  .00000022  00000-0  00000+0 0  9997
2 32951   0.0201 256.0206 0002884 122.3312 304.1581  1.00274761 54337
1 32951U 08024A   23093.13782807  .00000024  00000-0  00000+0 0  9992
2 32951   0.0186 256.0713 0002872 119.6834 102.0579  1.00271854 54340
1 32951U 08024A   23093.48105075  .00000025  00000-0  00000-0 0  9998
2 32951   0.0178 254.7346 0002915 121.6723 225.3038  1.00271424 34111
1 32951U 08024A   23094.40813399  .00000027  00000-0  00000+0 0  9997
2 32951   0.0149 251.2414 0002940 127.7385 197.3936  1.00271548 54356
1 32951U 08024A   23094.53452203  .00000028  00000-0  00000-0 0  9996
2 32951   0.0145 250.4479 0002943 128.8995 242.6504  1.00271575 34124
1 32951U 08024A   23094.71528715  .00000028  00000-0  00000-0 0  9998
2 32951   0.0141 249.5573 0002946 130.5461 307.1478  1.00271578 34125
1 32951U 08024A   23095.46438312  .00000030  00000-0  00000+0 0  9996
2 32951   0.0116 247.1520 0002972 135.1105 215.4013  1.00271698 54365
1 32951U 08024A   23095.71899394  .00000031  00000-0  00000-0 0  9997
2 32951   0.0157 240.5509 0002973 142.3202 306.7037  1.00271726 34138
1 32951U 08024A   23096.23245708  .00000032  00000-0  00000+0 0  9999
2 32951   0.0179 239.1170 0002987 145.1495 130.6607  1.00271803 54371
1 32951U 08024A   23096.58618834  .00000033  00000-0  00000-0 0  9993
2 32951   0.0183 237.5398 0003001 147.5977 257.4822  1.00271836 34145
1 32951U 08024A   23096.63452269  .00000033  00000-0  00000-0 0  9997
2 32951   0.0190 236.4701 0003002 148.8293 274.7683  1.00271837 34143
1 32951U 08024A   23097.45327324  .00000034  00000-0  00000+0 0  9991
2 32951   0.0205 234.5330 0003037 153.4284 207.6639  1.00271939 54384
1 32951U 08024A   23097.57934641  .00000034  00000-0  00000-0 0  9991
2 32951   0.0205 233.3535 0003041 154.9304 252.8522  1.00271946 34156
1 32951U 08024A   23098.11542561  .00000034  00000-0  00000+0 0  9997
2 32951   0.0202 224.4494 0003138 171.1150  79.0832  1.00270964 54395
1 32951U 08024A   23098.61046184  .00000034  00000-0  00000-0 0  9993
2 32951   0.0187 222.3358 0003156 173.9486 257.0649  1.00271126 34163
1 32951U 08024A   23099.54405549  .00000033  00000-0  00000+0 0  9998
2 32951   0.0162 214.8471 0003178 183.1929 232.3248  1.00271438 54403
1 32951U 08024A   23099.73376626  .00000033  00000-0  00000-0 0  9993
2 32951   0.0152 213.5430 0003186 184.5242 300.7811  1.00271480 34170
1 32951U 08024A   23100.60729289  .00000030  00000-0  00000-0 0  9996
2 32951   0.0141 203.0429 0003202 196.5938 254.5453  1.00271672 34186
1 32951U 08024A   23100.68452343  .00000030  00000-0  00000-0 0  9998
2 32951   0.0138 202.1831 0003207 197.4859 282.3925  1.00271682 34180
1 32951U 08024A   23101.54077481  .00000026  00000-0  00000+0 0  9994
2 32951   0.0149 178.9497 0003204 222.3298 229.8836  1.00272206 54421
1 32951U 08024A   23101.66951308  .00000026  00000-0  00000-0 0  9997
2 32951   0.0152 186.0719 0003199 214.9558 276.6077  1.00272281 34193
1 32951U 08024A   23102.54042292  .00000022  00000-0  00000-0 0  9994
2 32951   0.0156 181.7182 0003174 218.9649 231.3400  1.00272509 34204
1 32951U 08024A   23102.70118854  .00000021  00000-0  00000+0 0  9998
2 32951   0.0156 174.5263 0003192 227.3029 288.2287  1.00272495 54446
1 32951U 08024A   23103.39216135  .00000019  00000-0  00000-0 0  9993
2 32951   0.0147 172.9020 0003155 225.2391 181.3414  1.00269493 34219
1 32951U 08024A   23104.26124844  .00000015  00000-0  00000+0 0  9990
2 32951   0.0135 149.4027 0003134 248.7765 135.0268  1.00270230 54456
1 32951U 08024A   23104.56061387  .00000015  00000-0  00000-0 0  9996
2 32951   0.0140 135.7123 0003137 263.2888 242.2703  1.00270291 34223
1 32951U 08024A   23105.41385885  .00000012  00000-0  00000+0 0  9999
2 32951   0.0222 114.4300 0003127 285.5440 189.3025  1.00270453 54461
1 32951U 08024A   23105.58681809  .00000011  00000-0  00000+0 0  9991
2 32951   0.0227 113.2526 0003106 278.9886 259.4799  1.00274515 54460
1 32951U 08024A   23106.59217137  .00000011  00000-0  00000-0 0  9993
2 32951   0.0156 262.7245 0003165 136.9549 254.9649  1.00271724 34240
1 32951U 08024A   23107.51743329  .00000012  00000-0  00000-0 0  9994
2 32951   0.0128 260.8099 0003130 137.7106 230.1301  1.00271878 34257
1 32951U 08024A   23108.38053451  .00000013  00000-0  00000+0 0  9990
2 32951   0.0158 257.4294 0003111 141.7543 181.0344  1.00272134 54493
1 32951U 08024A   23108.59227050  .00000014  00000-0  00000-0 0  9993
2 32951   0.0162 256.4815 0003116 143.1844 256.9858  1.00272173 34269
1 32951U 08024A   23109.02410569  .00000015  00000-0  00000-0 0  9992
2 32951   0.0166 256.5043 0003118 142.9872  53.0473  1.00272285 34260
1 32951U 08024A   23109.55577184  .00000016  00000-0  00000+0 0  9997
2 32951   0.0182 255.0121 0003106 145.1595 244.2918  1.00272482 54509
1 32951U 08024A   23110.52775160  .00000018  00000-0  00000-0 0  9993
2 32951   0.0210 253.1485 0003104 147.1056 235.0835  1.00272913 34283
1 32951U 08024A   23110.70285687  .00000019  00000-0  00000-0 0  9994
2 32951   0.0206 249.5098 0003068 149.9846 299.0530  1.00271437 34285
1 32951U 08024A   23111.20669147  .00000019  00000-0  00000+0 0  9996
2 32951   0.0189 250.3942 0003099 149.3215 120.7110  1.00271975 54521
1 32951U 08024A   23111.49155612  .00000020  00000-0  00000-0 0  9997
2 32951   0.0184 249.6210 0003098 150.1748 223.4647  1.00272345 34295
1 32951U 08024A   23111.59698212  .00000020  00000-0  00000-0 0  9996
2 32951   0.0179 250.8151 0003105 148.7914 261.7116  1.00272348 34293
1 32951U 08024A   23112.26655080  .00000021  00000-0  00000-0 0  9998
2 32951   0.0151 251.4986 0002727 130.7475 160.7666  1.00269462 34301
1 32951U 08024A   23112.71034115  .00000022  00000-0  00000-0 0  9999
2 32951   0.0137 251.0569 0002858 134.0771 318.0760  1.00269413 34308
1 32951U 08024A   23113.59351779  .00000022  00000-0  00000+0 0  9993
2 32951   0.0111 247.2770 0002931 139.1334 275.6153  1.00270898 54545
1 32951U 08024A   23113.71396793  .00000022  00000-0  00000-0 0  9993
2 32951   0.0104 247.0801 0002941 139.4913 318.9350  1.00270890 34312
1 32951U 08024A   23114.59243122  .00000022  00000-0  00000-0 0  9997
2 32951   0.0117 241.3058 0002908 146.1580 275.1558  1.00272227 34326
1 32951U 08024A   23114.71768476  .00000022  00000-0  00000+0 0  9994
2 32951   0.0112 241.9482 0002915 145.6888 320.1974  1.00272232 54568
1 32951U 08024A   23115.59296912  .00000023  00000-0  00000-0 0  9994
2 32951   0.0085 236.7694 0002900 154.5900 272.4412  1.00272364 34337
1 32951U 08024A   23116.51324644  .00000023  00000-0  00000-0 0  9991
2 32951   0.0072 218.4106 0002913 174.8777 242.7216  1.00272624 34341
1 32951U 08024A   23116.72490021  .00000023  00000-0  00000-0 0  9997
2 32951   0.0071 204.6672 0002922 189.0014 318.7457  1.00272663 34341
1 32951U 08024A   23117.20532778  .00000023  00000-0  00000+0 0  9996
2 32951   0.0064 201.2068 0002924 193.4500 131.1864  1.00272808 54584
1 32951U 08024A   23117.57081637  .00000024  00000-0  00000-0 0  9991
2 32951   0.0048 210.6125 0002936 184.9136 262.2551  1.00272897 34357
1 32951U 08024A   23118.23644140  .00000025  00000-0  00000+0 0  9999
2 32951   0.0104 158.2497 0002950 238.6428 141.1724  1.00273065 54599
1 32951U 08024A   23118.57115583  .00000025  00000-0  00000-0 0  9991
2 32951   0.0146 136.3934 0002963 261.3877 261.1129  1.00273135 34366
1 32951U 08024A   23119.52285413  .00000027  00000-0  00000+0 0  9998
2 32951   0.0314  94.2708 0002994 305.7287 242.4489  1.00273338 54601
1 32951U 08024A   23119.59120938  .00000027  00000-0  00000-0 0  9996
2 32951   0.0316  93.7876 0003000 306.4794 266.8570  1.00273342 34371
1 32951U 08024A   23120.29882402  .00000030  00000-0  00000+0 0  9999
2 32951   0.0398  81.1512 0002736 316.0475 165.3486  1.00267209 54610
1 32951U 08024A   23121.23588323  .00000032  00000-0  00000+0 0  9991
2 32951   0.0234 274.1785 0003210 125.1529 141.4744  1.00270485 54625
1 32951U 08024A   23121.56056852  .00000033  00000-0  00000-0 0  9996
2 32951   0.0226 274.3352 0003162 126.4989 257.1780  1.00270895 34390
1 32951U 08024A   23121.67135388  .00000034  00000-0  00000-0 0  9991
2 32951   0.0223 274.3231 0003167 126.6529 297.0277  1.00270930 34394
1 32951U 08024A   23122.38815809  .00000035  00000-0  00000+0 0  9993
2 32951   0.0206 274.4009 0003193 127.9979 194.3588  1.00271033 54639
1 32951U 08024A   23122.60324595  .00000036  00000-0  00000-0 0  9997
2 32951   0.0200 274.6319 0003194 129.1066 270.6626  1.00271106 34406
1 32951U 08024A   23123.20437213  .00000037  00000-0  00000+0 0  9996
2 32951   0.0183 275.9254 0003106 124.1912 131.2990  1.00275531 54646
1 32951U 08024A   23123.58532932  .00000038  00000-0  00000-0 0  9993
2 32951   0.0174 276.5674 0003118 124.4445 267.9293  1.00275532 34413
1 32951U 08024A   23123.67861193  .00000038  00000-0  00000-0 0  9997
2 32951   0.0171 276.6797 0003119 124.6496 301.2867  1.00275531 3441