1 43056U 17079B   23001.39488638  .00000002  00000-0  00000+0 0  9998
2 43056  55.6215 256.2749 0003765 312.5895  47.4467  1.70473898 31444
1 43056U 17079B   23001.39488638  .00000002  00000-0  00000-0 0  9999
2 43056  55.6215 256.2749 0003765 312.5895  47.4467  1.70473898 31477
1 43056U 17079B   23004.32783984  .00000022  00000-0  00000+0 0  9998
2 43056  55.6197 256.1940 0003683 314.1519  45.9019  1.70473956 31491
1 43056U 17079B   23004.32783984  .00000022  00000-0  00000-0 0  9999
2 43056  55.6197 256.1940 0003683 314.1519  45.9019  1.70473956 31525
1 43056U 17079B   23004.91442834  .00000025  00000-0  00000-0 0  9993
2 43056  55.6193 256.1779 0003678 314.0701  45.9871  1.70474034 31532
1 43056U 17079B   23006.67419526  .00000031  00000-0  00000+0 0  9996
2 43056  55.6183 256.1294 0003645 314.6278  45.4373  1.70474047 31538
1 43056U 17079B   23006.67419526  .00000031  00000-0  00000-0 0  9997
2 43056  55.6183 256.1294 0003645 314.6278  45.4373  1.70474047 31561
1 43056U 17079B   23008.43395362  .00000035  00000-0  00000+0 0  9997
2 43056  55.6174 256.0808 0003614 314.9897  45.0776  1.70474039 31561
1 43056U 17079B   23008.43395362  .00000035  00000-0  00000-0 0  9998
2 43056  55.6174 256.0808 0003614 314.9897  45.0776  1.70474039 31594
1 43056U 17079B   23009.02053562  .00000036  00000-0  00000-0 0  9998
2 43056  55.6171 256.0646 0003602 314.3948  45.6717  1.70474080 31608
1 43056U 17079B   23009.60711812  .00000037  00000-0  00000+0 0  9991
2 43056  55.6167 256.0485 0003598 314.4715  45.5939  1.70474079 31581
1 43056U 17079B   23009.60711812  .00000037  00000-0  00000-0 0  9992
2 43056  55.6167 256.0485 0003598 314.4715  45.5939  1.70474079 31615
1 43056U 17079B   23011.95344345  .00000040  00000-0  00000+0 0  9999
2 43056  55.6153 255.9838 0003575 315.2855  44.7727  1.70474060 31626
1 43056U 17079B   23011.95344345  .00000040  00000-0  00000-0 0  9990
2 43056  55.6153 255.9838 0003575 315.2855  44.7727  1.70474060 31659
1 43056U 17079B   23014.29977362  .00000044  00000-0  00000+0 0  9994
2 43056  55.6138 255.9189 0003536 316.7934  43.2599  1.70474006 31664
1 43056U 17079B   23014.29977362  .00000044  00000-0  00000-0 0  9995
2 43056  55.6138 255.9189 0003536 316.7934  43.2599  1.70474006 31697
1 43056U 17079B   23017.23270268  .00000056  00000-0  00000+0 0  9995
2 43056  55.6121 255.8379 0003519 316.2782  43.7806  1.70473991 31717
1 43056U 17079B   23017.23270268  .00000056  00000-0  00000-0 0  9996
2 43056  55.6121 255.8379 0003519 316.2782  43.7806  1.70473991 31740
1 43056U 17079B   23018.99246811  .00000063  00000-0  00000+0 0  9994
2 43056  55.6111 255.7893 0003488 316.6728  43.3935  1.70473977 31741
1 43056U 17079B   23018.99246811  .00000063  00000-0  00000-0 0  9995
2 43056  55.6111 255.7893 0003488 316.6728  43.3935  1.70473977 31774
1 43056U 17079B   23020.16563898  .00000062  00000-0  00000+0 0  9992
2 43056  55.6104 255.7568 0003504 315.9754  44.0931  1.70473989 31761
1 43056U 17079B   23020.16563898  .00000062  00000-0  00000-0 0  9993
2 43056  55.6104 255.7568 0003504 315.9754  44.0931  1.70473989 31794
1 43056U 17079B   23021.92538125  .00000054  00000-0  00000-0 0  9994
2 43056  55.6093 255.7082 0003578 314.0301  46.0340  1.70473995 31828
1 43056U 17079B   23021.92538819  .00000054  00000-0  00000+0 0  9993
2 43056  55.6093 255.7082 0003467 316.5403  43.5260  1.70473995 31794
1 43056U 17079B   23021.92538819  .00000054  00000-0  00000-0 0  9994
2 43056  55.6093 255.7082 0003467 316.5403  43.5260  1.70473995 31828
1 43056U 17079B   23028.96435618  .00000036  00000-0  00000+0 0  9997
2 43056  55.6051 255.5135 0003207 318.0665  41.9720  1.70474062 31917
1 43056U 17079B   23028.96435618  .00000036  00000-0  00000-0 0  9998
2 43056  55.6051 255.5135 0003207 318.0665  41.9720  1.70474062 31940
1 43056U 17079B   23031.89729525  .00000053  00000-0  00000+0 0  9995
2 43056  55.6035 255.4324 0003017 318.8208  41.2296  1.70474153 31965
1 43056U 17079B   23031.89729525  .00000053  00000-0  00000-0 0  9996
2 43056  55.6035 255.4324 0003017 318.8208  41.2296  1.70474153 31998
1 43056U 17079B   23033.07047961  .00000056  00000-0  00000+0 0  9997
2 43056  55.6027 255.4001 0003032 324.8524  35.2041  1.70474135 31986
1 43056U 17079B   23033.07047961  .00000056  00000-0  00000-0 0  9998
2 43056  55.6027 255.4001 0003032 324.8524  35.2041  1.70474135 32011
1 43056U 17079B   23036.00339152  .00000060  00000-0  00000+0 0  9994
2 43056  55.6012 255.3191 0003068 325.0147  35.0398  1.70474260 32031
1 43056U 17079B   23036.00339152  .00000060  00000-0  00000-0 0  9995
2 43056  55.6012 255.3191 0003068 325.0147  35.0398  1.70474260 32064
1 43056U 17079B   23036.58996810  .00000060  00000-0  00000-0 0  9998
2 43056  55.6010 255.3028 0003147 323.7447  36.3064  1.70474287 32071
1 43056U 17079B   23037.17654771  .00000060  00000-0  00000+0 0  9990
2 43056  55.6008 255.2867 0003122 323.6505  36.3981  1.70474266 32058
1 43056U 17079B   23037.17654771  .00000060  00000-0  00000-0 0  9991
2 43056  55.6008 255.2867 0003122 323.6505  36.3981  1.70474266 32081
1 43056U 17079B   23044.80211349  .00000074  00000-0  00000+0 0  9993
2 43056  55.5951 255.0758 0002574 324.8341  35.1980  1.70474034 32185
1 43056U 17079B   23044.80211349  .00000074  00000-0  00000-0 0  9994
2 43056  55.5951 255.0758 0002574 324.8341  35.1980  1.70474034 32219
1 43056U 17079B   23045.97527722  .00000077  00000-0  00000+0 0  9990
2 43056  55.5959 255.0436 0002816 323.7948  36.2380  1.70474147 32200
1 43056U 17079B   23045.97527722  .00000077  00000-0  00000-0 0  9991
2 43056  55.5959 255.0436 0002816 323.7948  36.2380  1.70474147 32233
1 43056U 17079B   23047.14844648  .00000077  00000-0  00000+0 0  9990
2 43056  55.5953 255.0112 0002811 323.3551  36.6790  1.70474138 32227
1 43056U 17079B   23047.14844648  .00000077  00000-0  00000-0 0  9991
2 43056  55.5953 255.0112 0002811 323.3551  36.6790  1.70474138 32250
1 43056U 17079B   23049.49476979  .00000063  00000-0  00000+0 0  9993
2 43056  55.5940 254.9464 0002749 323.5244  36.5028  1.70474150 32263
1 43056U 17079B   23050.08134693  .00000057  00000-0  00000-0 0  9998
2 43056  55.5936 254.9302 0002745 323.5564  36.4668  1.70474151 32305
1 43056U 17079B   23053.60080337  .00000032  00000-0  00000+0 0  9996
2 43056  55.5918 254.8328 0002635 323.0340  36.9611  1.70474204 32332
1 43056U 17079B   23053.60080337  .00000032  00000-0  00000-0 0  9997
2 43056  55.5918 254.8328 0002635 323.0340  36.9611  1.70474204 32365
1 43056U 17079B   23054.77396134  .00000032  00000-0  00000+0 0  9990
2 43056  55.5912 254.8004 0002610 322.9362  37.0541  1.70474262 32352
1 43056U 17079B   23054.77396134  .00000032  00000-0  00000-0 0  9991
2 43056  55.5912 254.8004 0002610 322.9362  37.0541  1.70474262 32385
1 43056U 17079B   23057.12029597  .00000042  00000-0  00000+0 0  9999
2 43056  55.5903 254.7356 0002558 322.4334  37.5575  1.70474340 32399
1 43056U 17079B   23057.12029597  .00000042  00000-0  00000-0 0  9990
2 43056  55.5903 254.7356 0002558 322.4334  37.5575  1.70474340 32423
1 43056U 17079B   23057.70688115  .00000044  00000-0  00000-0 0  9993
2 43056  55.5900 254.7194 0002562 322.3371  37.6553  1.70474363 32438
1 43056U 17079B   23058.88005391  .00000049  00000-0  00000+0 0  9996
2 43056  55.5894 254.6870 0002536 322.2931  37.7028  1.70474392 32421
1 43056U 17079B   23058.88005391  .00000049  00000-0  00000-0 0  9997
2 43056  55.5894 254.6870 0002536 322.2931  37.7028  1.70474392 32454
1 43056U 17079B   23060.05322467  .00000051  00000-0  00000+0 0  9997
2 43056  55.5888 254.6547 0002513 322.1721  37.8264  1.70474420 32443
1 43056U 17079B   23060.05322467  .00000051  00000-0  00000-0 0  9998
2 43056  55.5888 254.6547 0002513 322.1721  37.8264  1.70474420 32476
1 43056U 17079B   23062.39955478  .00000051  00000-0  00000+0 0  9990
2 43056  55.5876 254.5900 0002482 321.5201  38.4775  1.70474461 32486
1 43056U 17079B   23062.39955478  .00000051  00000-0  00000-0 0  9991
2 43056  55.5876 254.5900 0002482 321.5201  38.4775  1.70474461 32510
1 43056U 17079B   23064.15929236  .00000049  00000-0  00000+0 0  9996
2 43056  55.5867 254.5415 0002464 320.8158  39.1749  1.70474464 32516
1 43056U 17079B   23065.33244887  .00000049  00000-0  00000-0 0  9990
2 43056  55.5862 254.5092 0002444 320.4501  39.5341  1.70474427 32564
1 43056U 17079B   23065.91902598  .00000048  00000-0  00000+0 0  9992
2 43056  55.5859 254.4930 0002462 320.7896  39.1911  1.70474429 32549
1 43056U 17079B   23065.91902598  .00000048  00000-0  00000-0 0  9993
2 43056  55.5859 254.4930 0002462 320.7896  39.1911  1.70474429 32572
1 43056U 17079B   23067.09218064  .00000048  00000-0  00000-0 0  9992
2 43056  55.5854 254.4607 0002449 320.6343  39.3396  1.70474420 32591
1 43056U 17079B   23067.09218115  .00000048  00000-0  00000+0 0  9998
2 43056  55.5853 254.4607 0002444 320.5235  39.4504  1.70474410 32562
1 43056U 17079B   23068.85191797  .00000048  00000-0  00000+0 0  9999
2 43056  55.5846 254.4122 0002429 320.2948  39.6717  1.70474396 32591
1 43056U 17079B   23068.85191797  .00000048  00000-0  00000-0 0  9990
2 43056  55.5846 254.4122 0002429 320.2948  39.6717  1.70474396 32625
1 43056U 17079B   23070.02508121  .00000050  00000-0  00000+0 0  9997
2 43056  55.5840 254.3798 0002425 320.0508  39.9138  1.70474365 32618
1 43056U 17079B   23070.02508121  .00000050  00000-0  00000-0 0  9998
2 43056  55.5840 254.3798 0002425 320.0508  39.9138  1.70474365 32641
1 43056U 17079B   23071.19824823  .00000053  00000-0  00000+0 0  9999
2 43056  55.5834 254.3475 0002415 319.6524  40.3130  1.70474357 32635
1 43056U 17079B   23071.19824823  .00000053  00000-0  00000-0 0  9990
2 43056  55.5834 254.3475 0002415 319.6524  40.3130  1.70474357 32668
1 43056U 17079B   23072.37141861  .00000056  00000-0  00000+0 0  9997
2 43056  55.5827 254.3151 0002400 319.0998  40.8683  1.70474344 32657
1 43056U 17079B   23072.95800394  .00000057  00000-0  00000-0 0  9996
2 43056  55.5824 254.2990 0002382 318.4967  41.4729  1.70474342 32692
1 43056U 17079B   23074.71775721  .00000055  00000-0  00000+0 0  9994
2 43056  55.5813 254.2505 0002368 318.0822  41.8899  1.70474334 32695
1 43056U 17079B   23074.71775721  .00000055  00000-0  00000-0 0  9995
2 43056  55.5813 254.2505 0002368 318.0822  41.8899  1.70474334 32729
1 43056U 17079B   23079.99695230  .00000009  00000-0  00000+0 0  9994
2 43056  55.5784 254.1049 0002271 314.8399  45.1007  1.70474400 32782
1 43056U 17079B   23079.99695230  .00000009  00000-0  00000-0 0  9995
2 43056  55.5784 254.1049 0002271 314.8399  45.1007  1.70474400 32816
1 43056U 17079B   23084.68960374  .00000013  00000-0  00000+0 0  9995
2 43056  55.5760 253.9756 0002244 312.4442  47.4901  1.70474553 32867
1 43056U 17079B   23085.27619011  .00000015  00000-0  00000-0 0  9993
2 43056  55.5757 253.9594 0002245 312.4530  47.4835  1.70474553 32903
1 43056U 17079B   23085.86277657  .00000016  00000-0  00000+0 0  9994
2 43056  55.5752 253.9433 0002237 312.0545  47.8844  1.70474573 32886
1 43056U 17079B   23086.44936220  .00000017  00000-0  00000-0 0  9999
2 43056  55.5750 253.9271 0002232 311.4517  48.4893  1.70474591 32927
1 43056U 17079B   23087.62253378  .00000018  00000-0  00000+0 0  9996
2 43056  55.5742 253.8948 0002227 310.5291  49.4152  1.70474592 32910
1 43056U 17079B   23088.20911756  .00000018  00000-0  00000-0 0  9993
2 43056  55.5738 253.8787 0002223 310.0136  49.9317  1.70474608 32955
1 43056U 17079B   23089.38228168  .00000017  00000-0  00000+0 0  9999
2 43056  55.5732 253.8464 0002225 308.9993  50.9461  1.70474649 32946
1 43056U 17079B   23089.38228209  .00000017  00000-0  00000-0 0  9996
2 43056  55.5731 253.8465 0002237 309.0163  50.9291  1.70474631 32975
1 43056U 17079B   23089.96886303  .00000016  00000-0  00000-0 0  9994
2 43056  55.5728 253.8303 0002242 308.3364  51.6080  1.70474639 32986
1 43056U 17079B   23092.31517948  .00000013  00000-0  00000+0 0  9999
2 43056  55.5715 253.7658 0002255 306.0218  53.9145  1.70474616 32994
1 43056U 17079B   23092.31517948  .00000013  00000-0  00000-0 0  9990
2 43056  55.5715 253.7658 0002255 306.0218  53.9145  1.70474616 33029
1 43056U 17079B   23092.90175730  .00000012  00000-0  00000-0 0  9993
2 43056  55.5712 253.7496 0002262 305.9984  53.9352  1.70474619 33036
1 43056U 17079B   23095.83465218  .00000011  00000-0  00000+0 0  9999
2 43056  55.5697 253.6690 0002271 304.5230  55.4002  1.70474590 33051
1 43056U 17079B   23095.83465218  .00000011  00000-0  00000-0 0  9990
2 43056  55.5697 253.6690 0002271 304.5230  55.4002  1.70474590 33084
1 43056U 17079B   23097.00781563  .00000013  00000-0  00000+0 0  9996
2 43056  55.5689 253.6367 0002288 302.0916  57.8304  1.70474556 33070
1 43056U 17079B   23097.00781563  .00000013  00000-0  00000-0 0  9997
2 43056  55.5689 253.6367 0002288 302.0916  57.8304  1.70474556 33104
1 43056U 17079B   23097.59439909  .00000014  00000-0  00000-0 0  9996
2 43056  55.5686 253.6206 0002301 302.0089  57.9139  1.70474553 33115
1 43056U 17079B   23099.94074254  .00000020  00000-0  00000+0 0  9991
2 43056  55.5672 253.5561 0002323 299.7459  60.1851  1.70474509 33129
1 43056U 17079B   23099.94074254  .00000020  00000-0  00000-0 0  9992
2 43056  55.5672 253.5561 0002323 299.7459  60.1851  1.70474509 33152
1 43056U 17079B   23100.52732854  .00000021  00000-0  00000-0 0  9997
2 43056  55.5669 253.5400 0002290 301.3800  58.5544  1.70474542 33161
1 43056U 17079B   23102.87366664  .00000015  00000-0  00000-0 0  9992
2 43056  55.5653 253.4755 0002293 299.5070  60.4323  1.70474514 33207
1 43056U 17079B   23103.46024751  .00000010  00000-0  00000-0 0  9991
2 43056  55.5650 253.4593 0002299 299.4114  60.5270  1.70474520 33218
1 43056U 17079B   23105.21998043 -.00000007  00000-0  00000+0 0  9996
2 43056  55.5638 253.4110 0002308 297.6528  62.2776  1.70474553 33215
1 43056U 17079B   23105.21998043 -.00000007  00000-0  00000-0 0  9997
2 43056  55.5638 253.4110 0002308 297.6528  62.2776  1.70474553 33248
1 43056U 17079B   23108.73944388 -.00000030  00000-0  00000+0 0  9995
2 43056  55.5617 253.3142 0002343 294.6450  65.2670  1.70474626 33279
1 43056U 17079B   23108.73944388 -.00000030  00000-0  00000-0 0  9996
2 43056  55.5617 253.3142 0002343 294.6450  65.2670  1.70474626 33303
1 43056U 17079B   23110.49919212 -.00000027  00000-0  00000-0 0  9996
2 43056  55.5608 253.2657 0002358 293.9694  65.9443  1.70474678 33336
1 43056U 17079B   23110.49919226 -.00000027  00000-0  00000-0 0  9991
2 43056  55.5608 253.2658 0002365 293.4746  66.4389  1.70474686 33332
1 43056U 17079B   23112.25895193 -.00000020  00000-0  00000+0 0  9995
2 43056  55.5598 253.2174 0002420 290.9265  68.9947  1.70474721 33330
1 43056U 17079B   23112.25895193 -.00000020  00000-0  00000-0 0  9996
2 43056  55.5598 253.2174 0002420 290.9265  68.9947  1.70474721 33363
1 43056U 17079B   23112.84553974 -.00000018  00000-0  00000-0 0  9996
2 43056  55.5594 253.2013 0002426 290.6009  69.3238  1.70474733 33372
1 43056U 17079B   23113.43212729 -.00000016  00000-0  00000-0 0  9990
2 43056  55.5590 253.1851 0002392 291.7704  68.1584  1.70474756 33380
1 43056U 17079B   23116.36505772 -.00000015  00000-0  00000-0 0  9997
2 43056  55.5572 253.1045 0002421 290.1711  69.7697  1.70474762 33434
1 43056U 17079B   23116.95163943 -.00000016  00000-0  00000+0 0  9992
2 43056  55.5568 253.0885 0002462 288.8051  71.1359  1.70474786 33412
1 43056U 17079B   23116.95163943 -.00000016  00000-0  00000-0 0  9993
2 43056  55.5568 253.0885 0002462 288.8051  71.1359  1.70474786 33445
1 43056U 17079B   23118.12480176 -.00000017  00000-0  00000+0 0  9994
2 43056  55.5561 253.0562 0002482 288.4785  71.4624  1.70474802 33438
1 43056U 17079B   23118.12480176 -.00000017  00000-0  00000-0 0  9995
2 43056  55.5561 253.0562 0002482 288.4785  71.4624  1.70474802 33461
1 43056U 17079B   23119.29796021 -.00000018  00000-0  00000+0 0  9993
2 43056  55.5554 253.0240 0002518 287.7734  72.1652  1.70474840 33452
1 43056U 17079B   23119.29796021 -.00000018  00000-0  00000-0 0  9994
2 43056  55.5554 253.0240 0002518 287.7734  72.1652  1.70474840 33485
1 43056U 17079B   23120.47111872 -.00000018  00000-0  00000+0 0  9990
2 43056  55.5547 252.9918 0002540 287.2187  72.7171  1.70474837 33476
1 43056U 17079B   23120.47111872 -.00000018  00000-0  00000-0 0  9991
2 43056  55.5547 252.9918 0002540 287.2187  72.7171  1.70474837 33500
1 43056U 17079B   23121.05769894 -.00000018  00000-0  00000-0 0  9999
2 43056  55.5543 252.9757 0002569 286.7091  73.2251  1.70474797 33517
1 43056U 17079B   23122.23085817 -.00000017  00000-0  00000+0 0  9994
2 43056  55.5536 252.9436 0002598 285.9354  73.9967  1.70474806 33509
1 43056U 17079B   23122.23085817 -.00000017  00000-0  00000-0 0  9995
2 43056  55.5536 252.9436 0002598 285.9354  73.9967  1.70474806 33532
1 43056U 17079B   23123.40402184 -.00000015  00000-0  00000+0 0  9992
2 43056  55.5528 252.9113 0002623 285.2909  74.6411  1.70474776 33520
1 43056U 17079B   23123.40402184 -.00000015  00000-0  00000-0 0  9993
2 43056  55.5528 252.9113 0002623 285.2909  74.6411  1.70474776 33553