1 13603U 82100A   23001.54875417 -.00000035  00000-0  00000+0 0  9999
2 13603  64.2319 110.8006 0006723  21.2147 341.9379  2.13867129314183
1 13603U 82100A   23003.10314538 -.00000045  00000-0  00000-0 0  9997
2 13603  64.2323 110.7463 0006754  21.1600  98.7518  2.13867180314203
1 13603U 82100A   23005.28391708 -.00000039  00000-0  00000+0 0  9994
2 13603  64.2328 110.6702 0006786  21.3212 337.6140  2.13867257314266
1 13603U 82100A   23006.11317692 -.00000031  00000-0  00000-0 0  9990
2 13603  64.2329 110.6413 0006797  21.1538 256.2464  2.13867270314267
1 13603U 82100A   23008.55228530 -.00000004  00000-0  00000+0 0  9991
2 13603  64.2333 110.5563 0006788  21.0909 334.2323  2.13867297314336
1 13603U 82100A   23011.82752134  .00000012  00000-0  00000+0 0  9995
2 13603  64.2342 110.4421 0006772  20.5945 336.4039  2.13867211314407
1 13603U 82100A   23012.41630303  .00000012  00000-0  00000-0 0  9995
2 13603  64.2345 110.4216 0006777  20.8762  69.4383  2.13867209314409
1 13603U 82100A   23013.70631762  .00000008  00000-0  00000-0 0  9993
2 13603  64.2349 110.3766 0006757  20.8302 342.6944  2.13867166314434
1 13603U 82100A   23019.47106865 -.00000011  00000-0  00000+0 0  9998
2 13603  64.2367 110.1751 0006679  20.6406 101.2880  2.13866966314572
1 13603U 82100A   23025.38977382 -.00000002  00000-0  00000+0 0  9995
2 13603  64.2387 109.9678 0006677  19.9342 338.9296  2.13867040314693
1 13603U 82100A   23033.40218993 -.00000031  00000-0  00000+0 0  9995
2 13603  64.2409 109.6878 0006852  19.8265  27.9700  2.13867344314877
1 13603U 82100A   23034.41076861 -.00000019  00000-0  00000-0 0  9990
2 13603  64.2413 109.6526 0006835  19.4993  84.8238  2.13867350314872
1 13603U 82100A   23036.15588062  .00000002  00000-0  00000+0 0  9994
2 13603  64.2417 109.5918 0006825  19.7662 348.1574  2.13867366314938
1 13603U 82100A   23036.60961200  .00000007  00000-0  00000-0 0  9999
2 13603  64.2419 109.5759 0006819  19.7734 337.4882  2.13867364314915
1 13603U 82100A   23037.18178024  .00000011  00000-0  00000-0 0  9992
2 13603  64.2421 109.5560 0006813  19.7782  58.0083  2.13867360314932
1 13603U 82100A   23038.49138539  .00000018  00000-0  00000+0 0  9990
2 13603  64.2425 109.5103 0006796  19.7438 346.3367  2.13867333314979
1 13603U 82100A   23040.35611590  .00000019  00000-0  00000-0 0  9993
2 13603  64.2431 109.4453 0006780  19.6028 342.1745  2.13867279315008
1 13603U 82100A   23041.28551308  .00000016  00000-0  00000+0 0  9992
2 13603  64.2434 109.4128 0006776  19.3369 338.0034  2.13867241315037
1 13603U 82100A   23044.60176632  .00000005  00000-0  00000+0 0  9992
2 13603  64.2447 109.2970 0006729  19.1926  11.4024  2.13867131315117
1 13603U 82100A   23045.52534994  .00000005  00000-0  00000-0 0  9994
2 13603  64.2450 109.2647 0006711  19.0960   2.5856  2.13867093315111
1 13603U 82100A   23046.43201307  .00000007  00000-0  00000-0 0  9996
2 13603  64.2454 109.2330 0006695  18.9188 340.8218  2.13867054315123
1 13603U 82100A   23052.10645912  .00000028  00000-0  00000+0 0  9993
2 13603  64.2476 109.0343 0006731  18.4111  30.2051  2.13867056315274
1 13603U 82100A   23056.24904046 -.00000014  00000-0  00000+0 0  9994
2 13603  64.2491 108.8893 0006787  19.3042 338.7754  2.13867273315358
1 13603U 82100A   23056.35353987 -.00000015  00000-0  00000-0 0  9990
2 13603  64.2491 108.8856 0006785  19.3968  59.1393  2.13867276315347
1 13603U 82100A   23057.21997417 -.00000019  00000-0  00000-0 0  9992
2 13603  64.2494 108.8554 0006900  16.2753   9.3443  2.13867224315360
1 13603U 82100A   23057.26857038 -.00000020  00000-0  00000-0 0  9993
2 13603  64.2494 108.8536 0006897  16.3016  46.7333  2.13867226315363
1 13603U 82100A   23058.22575125 -.00000020  00000-0  00000-0 0  9994
2 13603  64.2497 108.8202 0006940  16.3361  63.6533  2.13867232315387
1 13603U 82100A   23059.15715635 -.00000015  00000-0  00000+0 0  9992
2 13603  64.2500 108.7877 0006964  16.1612  60.9373  2.13867251315420
1 13603U 82100A   23063.25991066  .00000034  00000-0  00000+0 0  9992
2 13603  64.2514 108.6445 0007038  15.0103 340.8887  2.13867362315503
1 13603U 82100A   23069.41389324  .00000049  00000-0  00000+0 0  9990
2 13603  64.2539 108.4300 0006915  16.1960  37.7910  2.13867260315645
1 13603U 82100A   23071.22093836  .00000044  00000-0  00000-0 0  9998
2 13603  64.2547 108.3668 0006813  18.2733 346.9998  2.13867215315661
1 13603U 82100A   23073.20211101  .00000044  00000-0  00000+0 0  9994
2 13603  64.2557 108.2976 0006789  18.3958  72.2245  2.13867140315723
1 13603U 82100A   23074.12825919  .00000047  00000-0  00000-0 0  9998
2 13603  64.2561 108.2652 0006775  18.3841  65.2972  2.13867098315726
1 13603U 82100A   23079.63035778  .00000064  00000-0  00000+0 0  9993
2 13603  64.2587 108.0725 0006823  17.9823 341.8809  2.13867100315852
1 13603U 82100A   23081.62610329  .00000043  00000-0  00000-0 0  9994
2 13603  64.2596 108.0027 0006850  18.1672  78.2627  2.13867195315888
1 13603U 82100A   23083.38381161  .00000023  00000-0  00000+0 0  9995
2 13603  64.2603 107.9413 0006858  18.1714 351.5563  2.13867294315942
1 13603U 82100A   23086.88183459  .00000022  00000-0  00000+0 0  9992
2 13603  64.2617 107.8191 0006922  18.1072 164.8250  2.13867395316017
1 13603U 82100A   23089.81996123  .00000057  00000-0  00000+0 0  9996
2 13603  64.2628 107.7166 0006950  18.0652 266.9957  2.13867432316070
1 13603U 82100A   23092.47918961  .00000079  00000-0  00000+0 0  9990
2 13603  64.2639 107.6242 0006937  18.0973 154.3630  2.13867451316133
1 13603U 82100A   23100.32816660  .00000066  00000-0  00000+0 0  9993
2 13603  64.2675 107.3504 0006850  17.9924  77.5655  2.13867130316305
1 13603U 82100A   23101.12451574  .00000068  00000-0  00000-0 0  9994
2 13603  64.2679 107.3228 0006845  17.7342 330.9501  2.13867102316291
1 13603U 82100A   23106.42289240  .00000083  00000-0  00000-0 0  9998
2 13603  64.2703 107.1378 0006825  17.8860  90.1292  2.13867049316413
1 13603U 82100A   23107.35556973  .00000076  00000-0  00000-0 0  9993
2 13603  64.2708 107.1051 0006840  17.9200  88.1831  2.13867083316438
1 13603U 82100A   23113.30033573  .00000023  00000-0  00000-0 0  9993
2 13603  64.2732 106.8973 0006974  18.1736 344.9318  2.13867339316560
1 13603U 82100A   23114.34720624  .00000029  00000-0  00000-0 0  9994
2 13603  64.2736 106.8608 0006962  18.0830  71.0308  2.13867357316589
1 13603U 82100A   23115.27822740  .00000038  00000-0  00000-0 0  9999
2 13603  64.2740 106.8283 0006995  18.1354  67.7920  2.13867370316601
1 13603U 82100A   23116.89727632  .00000056  00000-0  00000+0 0  9991
2 13603  64.2746 106.7718 0006998  18.2511 234.2179  2.13867395316657
1 13603U 82100A   23121.47683524  .00000077  00000-0  00000+0 0  9995
2 13603  64.2766 106.6123 0006980  18.5965 159.7760  2.13867367316752
1 13603U 82100A   23122.39433021  .00000074  00000-0  00000-0 0  9990
2 13603  64.2769 106.5801 0006962  18.4715 146.3005  2.13867350316755
1 13603U 82100A   23122.90592806  .00000072  00000-0  00000-0 0  9992
2 13603  64.2771 106.5624 0006960  18.5176 180.1448  2.13867334316761
1 13603U 82100A   23123.22697046  .00000071  00000-0  00000-0 0  9999
2 13603  64.2773 106.5512 0006958  18.4736  67.3663  2.13867321316779