1 20580U 90037B   23001.25924215  .00003917  00000-0  21470-3 0  9997
2 20580  28.4707 297.2939 0002521  15.9406 111.2561 15.11522309596423
1 20580U 90037B   23001.52993140  .00003842  00000-0  21037-3 0  9996
2 20580  28.4707 295.4975 0002520  18.6203 144.4528 15.11524158596208
1 20580U 90037B   23002.52031138  .00003391  00000-0  18442-3 0  9992
2 20580  28.4706 288.9259 0002567  29.1799 133.7460 15.11530374596626
1 20580U 90037B   23002.82824913  .00003375  00000-0  18351-3 0  9997
2 20580  28.4705 286.8826 0002571  32.5185   9.3818 15.11532337596406
1 20580U 90037B   23003.51077825  .00003632  00000-0  19820-3 0  9994
2 20580  28.4704 282.3535 0002600  39.4675 123.8083 15.11537566596502
1 20580U 90037B   23004.16232265  .00003743  00000-0  20456-3 0  9997
2 20580  28.4701 278.0302 0002609  46.0837  69.6387 15.11542356596604
1 20580U 90037B   23005.42557920  .00003574  00000-0  19483-3 0  9995
2 20580  28.4698 269.6472 0002647  58.4800 104.9883 15.11550510596797
1 20580U 90037B   23005.80050764  .00003795  00000-0  20751-3 0  9996
2 20580  28.4698 267.1592 0002651  62.3476 345.3789 15.11553777596852
1 20580U 90037B   23006.41589771  .00004147  00000-0  22770-3 0  9994
2 20580  28.4697 263.0751 0002652  68.3635  94.7260 15.11559754596947
1 20580U 90037B   23007.07198490  .00003975  00000-0  21779-3 0  9997
2 20580  28.4695 258.7212 0002662  75.0314  65.3280 15.11564672597041
1 20580U 90037B   23007.85272347  .00004272  00000-0  23476-3 0  9994
2 20580  28.4692 253.5396 0002653  83.0180 354.2819 15.11571624597160
1 20580U 90037B   23008.39665488  .00003879  00000-0  21222-3 0  9995
2 20580  28.4690 249.9298 0002652  88.0245  75.0455 15.11575017597247
1 20580U 90037B   23008.91392880  .00004153  00000-0  22787-3 0  9999
2 20580  28.4688 246.4965 0002657  93.6202   9.8791 15.11579757597329
1 20580U 90037B   23009.38830282  .00003859  00000-0  21101-3 0  9995
2 20580  28.4688 243.3484 0002655  97.7591  72.2630 15.11582540597392
1 20580U 90037B   23009.95630653  .00003778  00000-0  20630-3 0  9994
2 20580  28.4686 239.5788 0002665 103.4167 283.6512 15.11586475597487
1 20580U 90037B   23010.04439150  .00003740  00000-0  20416-3 0  9996
2 20580  28.4687 238.9943 0002659 104.2518  43.1007 15.11586983597499
1 20580U 90037B   23010.04517234  .00003683  00000-0  20088-3 0  9997
2 20580  28.4687 238.9891 0002658 104.2598  47.3508 15.11586944597497
1 20580U 90037B   23011.30206889  .00004041  00000-0  22137-3 0  9994
2 20580  28.4686 230.6470 0002614 116.5364  48.3500 15.11596864597683
1 20580U 90037B   23011.86759502  .00004364  00000-0  23983-3 0  9998
2 20580  28.4686 226.8936 0002605 122.2631 246.1918 15.11602055597779
1 20580U 90037B   23012.86074785  .00004348  00000-0  23889-3 0  9999
2 20580  28.4685 220.3021 0002565 132.2223 251.4863 15.11610121598182
1 20580U 90037B   23012.94755094  .00004645  00000-0  25591-3 0  9999
2 20580  28.4685 219.7260 0002560 133.0129   3.9986 15.11611498597934
1 20580U 90037B   23013.28267943  .00004822  00000-0  26601-3 0  9998
2 20580  28.4685 217.5018 0002531 136.2915  28.0479 15.11615014597985
1 20580U 90037B   23013.93924046  .00005355  00000-0  29656-3 0  9999
2 20580  28.4685 213.1441 0002500 142.8213   1.5039 15.11622279598088
1 20580U 90037B   23014.27382182  .00005512  00000-0  30551-3 0  9997
2 20580  28.4685 210.9234 0002469 146.3744  22.3087 15.11626168598406
1 20580U 90037B   23014.57976747  .00005255  00000-0  29075-3 0  9999
2 20580  28.4684 208.8929 0002472 149.4777 247.4237 15.11628521598183
1 20580U 90037B   23015.57079088  .00005458  00000-0  30228-3 0  9999
2 20580  28.4684 202.3152 0002414 159.4215 241.2249 15.11639531598339
1 20580U 90037B   23015.83271922  .00005508  00000-0  30515-3 0  9994
2 20580  28.4684 200.5766 0002400 162.4583 226.4105 15.11642557598379
1 20580U 90037B   23016.63188274  .00006115  00000-0  33981-3 0  9995
2 20580  28.4682 195.2721 0002351 171.1003 255.4053 15.11653796598491
1 20580U 90037B   23016.91160253  .00006300  00000-0  35038-3 0  9994
2 20580  28.4682 193.4154 0002333 174.5915 337.1607 15.11657307598530
1 20580U 90037B   23017.55428566  .00005671  00000-0  31427-3 0  9997
2 20580  28.4681 189.1494 0002289 181.4749 234.6922 15.11664048598632
1 20580U 90037B   23017.90253660  .00005106  00000-0  28191-3 0  9994
2 20580  28.4681 186.8379 0002271 185.5889 329.5218 15.11666563598680
1 20580U 90037B   23018.16904387  .00005081  00000-0  28043-3 0  9990
2 20580  28.4681 185.0688 0002256 188.3653 339.9615 15.11669673598992
1 20580U 90037B   23018.54380406  .00006121  00000-0  33993-3 0  9998
2 20580  28.4680 182.5811 0002219 192.6854 219.1464 15.11675840598782
1 20580U 90037B   23018.73629019  .00006005  00000-0  33328-3 0  9998
2 20580  28.4681 181.3034 0002205 194.8575 186.5691 15.11677296598816
1 20580U 90037B   23019.46565347  .00005692  00000-0  31531-3 0  9997
2 20580  28.4681 176.4618 0002150 202.8728 195.6678 15.11684386599183
1 20580U 90037B   23019.60486575  .00006118  00000-0  33965-3 0  9995
2 20580  28.4681 175.5376 0002139 204.7287 232.9204 15.11686865598949
1 20580U 90037B   23020.14934784  .00006063  00000-0  33643-3 0  9998
2 20580  28.4680 171.9232 0002129 210.8533 315.7977 15.11692926599022
1 20580U 90037B   23020.80541649  .00005930  00000-0  32879-3 0  9997
2 20580  28.4682 167.5682 0002094 219.0321 285.1045 15.11699734599391
1 20580U 90037B   23022.43932640  .00005834  00000-0  32315-3 0  9991
2 20580  28.4689 156.7224 0002021 238.9744 174.8123 15.11718379599634
1 20580U 90037B   23023.61933341  .00005562  00000-0  30747-3 0  9996
2 20580  28.4695 148.8896 0001995 254.1224 114.2647 15.11730983599814
1 20580U 90037B   23024.68083747  .00005753  00000-0  31829-3 0  9994
2 20580  28.4698 141.8433 0001983 267.7655 129.0708 15.11743002599977
1 20580U 90037B   23025.60166764  .00005592  00000-0  30899-3 0  9995
2 20580  28.4698 135.7307 0001980 279.9663  98.2536 15.11753066599854
1 20580U 90037B   23026.02582266  .00005966  00000-0  33032-3 0  9998
2 20580  28.4698 132.9151 0001962 285.1033 246.0904 15.11758796600186
1 20580U 90037B   23026.33129427  .00005435  00000-0  29994-3 0  9991
2 20580  28.4698 130.8872 0001968 289.2534 107.7208 15.11761078599960
1 20580U 90037B   23027.32314157  .00004863  00000-0  26724-3 0  9999
2 20580  28.4699 124.3027 0001981 301.3296 104.3567 15.11770724600116
1 20580U 90037B   23028.59643531  .00004338  00000-0  23716-3 0  9995
2 20580  28.4700 115.8496 0002035 316.6346 192.5886 15.11782213600300
1 20580U 90037B   23028.92940267  .00004159  00000-0  22692-3 0  9991
2 20580  28.4700 113.6388 0002024 320.2158 204.7564 15.11785003600350
1 20580U 90037B   23029.91954961  .00003760  00000-0  20410-3 0  9990
2 20580  28.4702 107.0657 0002088 332.3183 192.1732 15.11792117600777
1 20580U 90037B   23030.56903539  .00003617  00000-0  19590-3 0  9996
2 20580  28.4703 102.7539 0002087 340.2053 126.1085 15.11796735600602
1 20580U 90037B   23030.91178975  .00003461  00000-0  18703-3 0  9995
2 20580  28.4704 100.4785 0002121 343.8759 191.5740 15.11798744600653
1 20580U 90037B   23031.28385771  .00003622  00000-0  19620-3 0  9998
2 20580  28.4704  98.0084 0002128 348.0765  56.3682 15.11801668600976
1 20580U 90037B   23031.55986403  .00003761  00000-0  20410-3 0  9990
2 20580  28.4705  96.1763 0002151 351.6418 117.9489 15.11804083600750
1 20580U 90037B   23031.90043824  .00003775  00000-0  20487-3 0  9999
2 20580  28.4706  93.9153 0002183 355.3503 171.4963 15.11806414600808
1 20580U 90037B   23032.48705755  .00003676  00000-0  19919-3 0  9999
2 20580  28.4707  90.0209 0002195   1.8077 124.0620 15.11810385601156
1 20580U 90037B   23032.55676240  .00003679  00000-0  19940-3 0  9990
2 20580  28.4707  89.5581 0002194   2.6248 143.3685 15.11810874600900
1 20580U 90037B   23033.47794781  .00004142  00000-0  22576-3 0  9998
2 20580  28.4708  83.4427 0002232  12.3774 117.1578 15.11818977601046
1 20580U 90037B   23034.32907685  .00003823  00000-0  20750-3 0  9999
2 20580  28.4709  77.7923 0002273  21.3081  69.7440 15.11824289601436
1 20580U 90037B   23034.53824074  .00003846  00000-0  20885-3 0  9996
2 20580  28.4709  76.4038 0002291  23.4999 128.2028 15.11825928601209
1 20580U 90037B   23035.52910274  .00004010  00000-0  21815-3 0  9992
2 20580  28.4708  69.8259 0002355  33.7823 121.4842 15.11833653601629
1 20580U 90037B   23035.79603829  .00004019  00000-0  21860-3 0  9995
2 20580  28.4707  68.0537 0002377  36.4661 134.5110 15.11835701601395
1 20580U 90037B   23036.45059442  .00003961  00000-0  21527-3 0  9990
2 20580  28.4707  63.7083 0002417  43.4972  97.0532 15.11840398601491
1 20580U 90037B   23036.78504539  .00004062  00000-0  22102-3 0  9991
2 20580  28.4707  61.4878 0002423  46.7107 117.7487 15.11843141601545
1 20580U 90037B   23037.44147803  .00004523  00000-0  24728-3 0  9990
2 20580  28.4706  57.1298 0002465  53.6880  90.5980 15.11849379601649
1 20580U 90037B   23037.77576867  .00004847  00000-0  26569-3 0  9996
2 20580  28.4707  54.9104 0002475  56.9082 110.4238 15.11852994601692
1 20580U 90037B   23038.29233021  .00005383  00000-0  29619-3 0  9991
2 20580  28.4707  51.4807 0002487  62.5162  41.8797 15.11858954602037
1 20580U 90037B   23038.43187378  .00005411  00000-0  29773-3 0  9993
2 20580  28.4707  50.5543 0002495  63.8137  81.5835 15.11860339601795
1 20580U 90037B   23039.42244271  .00005968  00000-0  32934-3 0  9999
2 20580  28.4708  43.9774 0002523  73.7612  73.7341 15.11872303601944
1 20580U 90037B   23040.34387698  .00006867  00000-0  38037-3 0  9992
2 20580  28.4711  37.8593 0002525  82.9762  49.6324 15.11885630602085
1 20580U 90037B   23041.05447792  .00007518  00000-0  41724-3 0  9994
2 20580  28.4712  33.1411 0002522  90.0297 317.9254 15.11896613602451
1 20580U 90037B   23041.12453370  .00007427  00000-0  41207-3 0  9996
2 20580  28.4711  32.6760 0002521  90.7198 339.2935 15.11897255602206
1 20580U 90037B   23041.26474598  .00007884  00000-0  43805-3 0  9999
2 20580  28.4712  31.7450 0002516  92.1959  22.4864 15.11900144602224
1 20580U 90037B   23042.23779831  .00008034  00000-0  44636-3 0  9996
2 20580  28.4714  25.2843 0002505 102.0713 279.3217 15.11914401602379
1 20580U 90037B   23043.31645253  .00007935  00000-0  44056-3 0  9991
2 20580  28.4714  18.1224 0002547 111.9690  32.1170 15.11931254602538
1 20580U 90037B   23044.30081562  .00007815  00000-0  43351-3 0  9992
2 20580  28.4711  11.5872 0002600 121.3409 351.2582 15.11946687602688
1 20580U 90037B   23044.64145903  .00007487  00000-0  41484-3 0  9999
2 20580  28.4712   9.3254 0002575 124.6242  45.7853 15.11951195603003
1 20580U 90037B   23045.56195418  .00007269  00000-0  40235-3 0  9998
2 20580  28.4715   3.2127 0002572 134.4770  16.1854 15.11964367602872
1 20580U 90037B   23046.19943755  .00007007  00000-0  38734-3 0  9994
2 20580  28.4715 358.9797 0002577 141.1301 246.3028 15.11972986603232
1 20580U 90037B   23046.55466030  .00008081  00000-0  44819-3 0  9994
2 20580  28.4715 356.6210 0002544 144.8594  19.9327 15.11979697603024
1 20580U 90037B   23046.86019282  .00008263  00000-0  45845-3 0  9993
2 20580  28.4713 354.5925 0002544 148.1727 242.9763 15.11984244603078
1 20580U 90037B   23047.27327970  .00008422  00000-0  46739-3 0  9995
2 20580  28.4715 351.8492 0002531 152.1878 331.9252 15.11991358603398
1 20580U 90037B   23047.54471270  .00008146  00000-0  45172-3 0  9991
2 20580  28.4714 350.0470 0002508 155.2338   9.2689 15.11994740603176
1 20580U 90037B   23048.53480439  .00006845  00000-0  37782-3 0  9990
2 20580  28.4714 343.4723 0002469 165.5943 358.8901 15.12008456603323
1 20580U 90037B   23049.52527431  .00005685  00000-0  31191-3 0  9993
2 20580  28.4712 336.8950 0002435 176.2169 350.3563 15.12019819603473
1 20580U 90037B   23050.09271465  .00005125  00000-0  28015-3 0  9990
2 20580  28.4710 333.1270 0002431 182.1648 199.2828 15.12025456603827
1 20580U 90037B   23050.51588971  .00004973  00000-0  27147-3 0  9995
2 20580  28.4708 330.3166 0002397 186.7735 342.7197 15.12029570603628
1 20580U 90037B   23051.43653589  .00005122  00000-0  27985-3 0  9992
2 20580  28.4705 324.2027 0002378 197.0494 313.7753 15.12039074603760
1 20580U 90037B   23052.42915553  .00004992  00000-0  27242-3 0  9994
2 20580  28.4706 317.6111 0002330 208.7662 315.9752 15.12048437603919
1 20580U 90037B   23053.08333543  .00005621  00000-0  30801-3 0  9995
2 20580  28.4706 313.2661 0002299 216.7368 276.0351 15.12056081604284
1 20580U 90037B   23053.14769646  .00005241  00000-0  28645-3 0  9990
2 20580  28.4705 312.8387 0002298 217.4631 266.3478 15.12056026604026
1 20580U 90037B   23054.13832940  .00005284  00000-0  28881-3 0  9997
2 20580  28.4703 306.2592 0002257 229.0328 257.9226 15.12066264604174
1 20580U 90037B   23054.85001091  .00005246  00000-0  28660-3 0  9994
2 20580  28.4701 301.5325 0002250 237.4160 171.2372 15.12073055604282
1 20580U 90037B   23055.12894755  .00005441  00000-0  29764-3 0  9995
2 20580  28.4702 299.6798 0002227 241.2671 248.7879 15.12076635604322
1 20580U 90037B   23055.70661986  .00004737  00000-0  25775-3 0  9992
2 20580  28.4699 295.8440 0002210 249.1278 151.7240 15.12080804604677
1 20580U 90037B   23055.96658531  .00004373  00000-0  23715-3 0  9990
2 20580  28.4698 294.1177 0002198 252.1429 126.6395 15.12082321604456
1 20580U 90037B   23056.11953198  .00004394  00000-0  23831-3 0  9997
2 20580  28.4697 293.1012 0002200 252.5485 240.4558 15.12083942604470
1 20580U 90037B   23056.95846803  .00004998  00000-0  27245-3 0  9996
2 20580  28.4696 287.5295 0002192 262.6225 126.2203 15.12093257604606
1 20580U 90037B   23057.04684146  .00005085  00000-0  27732-3 0  9996
2 20580  28.4694 286.9417 0002193 261.5486 249.3148 15.12094232604611
1 20580U 90037B   23057.89160873  .00005109  00000-0  27865-3 0  9999
2 20580  28.4692 281.3310 0002189 271.7928 166.7402 15.12101971604747
1 20580U 90037B   23058.03090990  .00005135  00000-0  28008-3 0  9997
2 20580  28.4692 280.4059 0002183 273.6682 204.6666 15.12103289604769
1 20580U 90037B   23058.67552937  .00009572  00000-0  53060-3 0  9996
2 20580  28.4690 276.1244 0002189 281.3410 113.0239 15.12122105605124
1 20580U 90037B   23058.93870946  .00007600  00000-0  41928-3 0  9998
2 20580  28.4690 274.3765 0002188 284.5296 105.3217 15.12118438604907
1 20580U 90037B   23059.29214457  .00007391  00000-0  40743-3 0  9998
2 20580  28.4688 272.0287 0002212 289.5476 228.0966 15.12122884604950
1 20580U 90037B   23059.87284911  .00005854  00000-0  32055-3 0  9993
2 20580  28.4690 268.1713 0002250 298.1621 146.9113 15.12126904605043
1 20580U 90037B   23060.85115938  .00005346  00000-0  29175-3 0  9990
2 20580  28.4687 261.6731 0002293 309.8838  71.3823 15.12138343605458
1 20580U 90037B   23060.93877550  .00005285  00000-0  28826-3 0  9998
2 20580  28.4687 261.0912 0002295 310.9243 188.2454 15.12139138605202
1 20580U 90037B   23061.78404521  .00005363  00000-0  29263-3 0  9999
2 20580  28.4685 255.4768 0002366 320.9877 108.7367 15.12148640605331
1 20580U 90037B   23062.26436186  .00006270  00000-0  34376-3 0  9994
2 20580  28.4686 252.2861 0002379 326.3315 203.3114 15.12155814605672
1 20580U 90037B   23062.57128883  .00006361  00000-0  34886-3 0  9997
2 20580  28.4685 250.2472 0002407 329.8408  73.9614 15.12159622605453
1 20580U 90037B   23062.83126970  .00006422  00000-0  35228-3 0  9990
2 20580  28.4684 248.5203 0002430 332.6479  49.2452 15.12162790605490
1 20580U 90037B   23062.91430635  .00006986  00000-0  38408-3 0  9993
2 20580  28.4684 247.9690 0002435 333.5867 141.2377 15.12164719605503
1 20580U 90037B   23063.82204948  .00007690  00000-0  42365-3 0  9990
2 20580  28.4683 241.9389 0002496 343.2758  42.9572 15.12178750605644
1 20580U 90037B   23063.90486382  .00007270  00000-0  39996-3 0  9993
2 20580  28.4683 241.3887 0002500 344.1557 133.8005 15.12178946605912
1 20580U 90037B   23064.62187726  .00007797  00000-0  42953-3 0  9994
2 20580  28.4682 236.6254 0002550 351.9368  77.1033 15.12191142605764
1 20580U 90037B   23064.83200083  .00007834  00000-0  43160-3 0  9992
2 20580  28.4682 235.2297 0002557 354.3243 140.8791 15.12194387605798
1 20580U 90037B   23065.16735794  .00008364  00000-0  46138-3 0  9998
2 20580  28.4683 233.0017 0002595 357.7220 166.7646 15.12200596606112
1 20580U 90037B   23065.88630472  .00008407  00000-0  46367-3 0  9996
2 20580  28.4683 228.2253 0002659   5.4328 120.7360 15.12212224605952
1 20580U 90037B   23066.72501111  .00009569  00000-0  52885-3 0  9999
2 20580  28.4685 222.6531 0002732  14.3402   6.8126 15.12228220606087
1 20580U 90037B   23067.71494288  .00009488  00000-0  52405-3 0  9993
2 20580  28.4688 216.0765 0002800  24.9039 356.1948 15.12245273606232
1 20580U 90037B   23068.13794338  .00012562  00000-0  69669-3 0  9996
2 20580  28.4689 213.2662 0002825  28.8231 139.7024 15.12256399606569
1 20580U 90037B   23068.70494491  .00009697  00000-0  53557-3 0  9990
2 20580  28.4690 209.4994 0002862  34.9440 346.5415 15.12262223606641
1 20580U 90037B   23069.78421285  .00008537  00000-0  47005-3 0  9993
2 20580  28.4694 202.3296 0002924  45.3259 103.5641 15.12280903606541
1 20580U 90037B   23070.56515907  .00008092  00000-0  44483-3 0  9999
2 20580  28.4693 197.1413 0002955  52.8001  36.1971 15.12294387606665
1 20580U 90037B   23070.76899816  .00008140  00000-0  44750-3 0  9996
2 20580  28.4692 195.7870 0002970  54.7084  66.2501 15.12298163606696
1 20580U 90037B   23071.34573609  .00008536  00000-0  46964-3 0  9998
2 20580  28.4691 191.9552 0002989  59.6890 327.4396 15.12308347607049
1 20580U 90037B   23071.41579759  .00008494  00000-0  46725-3 0  9996
2 20580  28.4691 191.4897 0002993  60.4471 348.8763 15.12309570606791
1 20580U 90037B   23072.40633718  .00007183  00000-0  39341-3 0  9992
2 20580  28.4691 184.9085 0003025  68.8171 344.0557 15.12322967606944
1 20580U 90037B   23073.58825157  .00007637  00000-0  41871-3 0  9997
2 20580  28.4690 177.0553 0003062  80.5711 299.9005 15.12341191607125
1 20580U 90037B   23074.38591821  .00007896  00000-0  43312-3 0  9993
2 20580  28.4689 171.7549 0003096  88.9690 322.9887 15.12353139607247
1 20580U 90037B   23074.93211829  .00007586  00000-0  41561-3 0  9991
2 20580  28.4690 168.1254 0003097  94.1120  57.5351 15.12361151607329
1 20580U 90037B   23075.00175214  .00007494  00000-0  41047-3 0  9994
2 20580  28.4689 167.6625 0003099  94.9386  76.5834 15.12361923607602
1 20580U 90037B   23075.58800869  .00006719  00000-0  36688-3 0  9992
2 20580  28.4690 163.7670 0003107 100.7805  28.9712 15.12369956607423
1 20580U 90037B   23075.92196238  .00006256  00000-0  34087-3 0  9995
2 20580  28.4690 161.5478 0003091 103.9377  47.6523 15.12373897607478
1 20580U 90037B   23076.55914610  .00005522  00000-0  29959-3 0  9994
2 20580  28.4691 157.3142 0003089 110.0343 277.6345 15.12380819607579
1 20580U 90037B   23076.91420861  .00005555  00000-0  30140-3 0  9994
2 20580  28.4691 154.9551 0003077 113.4264  51.2506 15.12384748607628
1 20580U 90037B   23077.90401484  .00005112  00000-0  27649-3 0  9993
2 20580  28.4693 148.3781 0003059 122.8558  41.6335 15.12394587607773
1 20580U 90037B   23078.55329762  .00005822  00000-0  31625-3 0  9990
2 20580  28.4694 144.0638 0003030 128.8215 337.8024 15.12402833607873
1 20580U 90037B   23078.89383146  .00005603  00000-0  30395-3 0  9993
2 20580  28.4693 141.8008 0003033 132.3140  32.0837 15.12406163607920
1 20580U 90037B   23079.26785244  .00005758  00000-0  31257-3 0  9999
2 20580  28.4693 139.3154 0003010 135.8096 269.0571 15.12410707608249
1 20580U 90037B   23079.54369767  .00005569  00000-0  30195-3 0  9998
2 20580  28.4694 137.4824 0003003 138.6915 331.0490 15.12413054608020
1 20580U 90037B   23079.88417470  .00005824  00000-0  31619-3 0  9996
2 20580  28.4694 135.2198 0003006 142.0112  25.2081 15.12417620608077
1 20580U 90037B   23080.53411067  .00005726  00000-0  31065-3 0  9992
2 20580  28.4694 130.9010 0002968 148.5619 324.4081 15.12424707608170
1 20580U 90037B   23080.87465102  .00005627  00000-0  30507-3 0  9998
2 20580  28.4694 128.6379 0002961 151.9383  18.8697 15.12428590608228
1 20580U 90037B   23081.79479084  .00005842  00000-0  31702-3 0  9991
2 20580  28.4692 122.5230 0002923 161.2445 349.4656 15.12439732608369
1 20580U 90037B   23082.51486984  .00006390  00000-0  34761-3 0  9996
2 20580  28.4692 117.7378 0002870 168.8420 310.3467 15.12449138608475
1 20580U 90037B   23082.78718012  .00006506  00000-0  35410-3 0  9996
2 20580  28.4691 115.9279 0002866 171.4939 353.3232 15.12452866608518
1 20580U 90037B   23083.09161392  .00007784  00000-0  42556-3 0  9992
2 20580  28.4691 113.9046 0002846 174.7509 210.9577 15.12459792608824
1 20580U 90037B   23083.50556701  .00009403  00000-0  51600-3 0  9990
2 20580  28.4690 111.1535 0002836 178.6457 305.4636 15.12468490608629
1 20580U 90037B   23083.77692836  .00007624  00000-0  41646-3 0  9991
2 20580  28.4691 109.3498 0002822 182.0632 342.5125 15.12469497608663
1 20580U 90037B   23084.15224523  .00007492  00000-0  40901-3 0  9994
2 20580  28.4691 106.8555 0002798 185.9910 226.2099 15.12475207608981
1 20580U 90037B   23084.76669678  .00007050  00000-0  38422-3 0  9990
2 20580  28.4693 102.7717 0002760 192.8719 331.6250 15.12484211608818
1 20580U 90037B   23085.21254757  .00006090  00000-0  33044-3 0  9997
2 20580  28.4694  99.8084 0002737 197.3707 239.5863 15.12488673609142
1 20580U 90037B   23085.75673499  .00005958  00000-0  32305-3 0  9995
2 20580  28.4694  96.1918 0002684 202.9815 322.9489 15.12494818608960
1 20580U 90037B   23086.46464868  .00005929  00000-0  32135-3 0  9991
2 20580  28.4696  91.4872 0002662 210.7018 217.4757 15.12502643609331
1 20580U 90037B   23086.47657132  .00005742  00000-0  31086-3 0  9997
2 20580  28.4696  91.4079 0002662 210.8696 282.3557 15.12502414609079
1 20580U 90037B   23086.74724642  .00005771  00000-0  31245-3 0  9997
2 20580  28.4697  89.6090 0002651 213.5704 316.4145 15.12505681609116
1 20580U 90037B   23087.39705838  .00005896  00000-0  31942-3 0  9997
2 20580  28.4698  85.2905 0002624 221.1083 254.1571 15.12513040609219
1 20580U 90037B   23087.66739916  .00005947  00000-0  32220-3 0  9998
2 20580  28.4698  83.4937 0002616 223.8377 286.3735 15.12516389609522
1 20580U 90037B   23087.73748109  .00006241  00000-0  33866-3 0  9995
2 20580  28.4698  83.0279 0002611 224.5818 307.9891 15.12517903609267
1 20580U 90037B   23088.38738684  .00006665  00000-0  36222-3 0  9993
2 20580  28.4700  78.7090 0002582 232.4918 245.8990 15.12526131609363
1 20580U 90037B   23089.29486789  .00006769  00000-0  36797-3 0  9992
2 20580  28.4702  72.6777 0002547 243.0386 146.5087 15.12537277609769
1 20580U 90037B   23089.38356977  .00007014  00000-0  38162-3 0  9999
2 20580  28.4702  72.0882 0002549 244.0947 269.4060 15.12538777609511
1 20580U 90037B   23090.36833889  .00007234  00000-0  39375-3 0  9992
2 20580  28.4703  65.5431 0002529 255.5597 230.8221 15.12551341609923
1 20580U 90037B   23091.35862174  .00006430  00000-0  34874-3 0  9997
2 20580  28.4703  58.9614 0002505 267.1636 222.2285 15.12562595609815
1 20580U 90037B   23092.27903012  .00006611  00000-0  35874-3 0  9998
2 20580  28.4703  52.8441 0002491 278.3262 192.8800 15.12574872610211
1 20580U 90037B   23092.34889014  .00006634  00000-0  36004-3 0  9992
2 20580  28.4702  52.3797 0002490 279.0789 213.2901 15.12575827609961
1 20580U 90037B   23093.26931854  .00006168  00000-0  33394-3 0  9995
2 20580  28.4703  46.2620 0002497 289.7669 184.5633 15.12585996610109
1 20580U 90037B   23094.25958622  .00006216  00000-0  33650-3 0  9996
2 20580  28.4704  39.6800 0002479 300.3116 177.0720 15.12597832610255
1 20580U 90037B   23095.24985942  .00005791  00000-0  31268-3 0  9991
2 20580  28.4705  33.0977 0002514 311.6208 168.8862 15.12608476610405
1 20580U 90037B   23096.24045413  .00005512  00000-0  29702-3 0  9993
2 20580  28.4707  26.5127 0002582 323.7444 161.6787 15.12618980610556
1 20580U 90037B   23096.88691737  .00005330  00000-0  28684-3 0  9995
2 20580  28.4708  22.2155 0002618 331.2719  81.4274 15.12626003610656
1 20580U 90037B   23097.23069201  .00005821  00000-0  31416-3 0  9992
2 20580  28.4708  19.9305 0002625 334.9306 153.5024 15.12630709610704
1 20580U 90037B   23097.87666572  .00005451  00000-0  29347-3 0  9995
2 20580  28.4708  15.6365 0002652 342.2565  70.8088 15.12637571611067
1 20580U 90037B   23098.22091549  .00005497  00000-0  29602-3 0  9995
2 20580  28.4707  13.3489 0002653 346.1926 145.2107 15.12641199610859
1 20580U 90037B   23099.14130491  .00005262  00000-0  28284-3 0  9992
2 20580  28.4709   7.2313 0002722 355.8066 117.5635 15.12650659610992
1 20580U 90037B   23100.13152417  .00005487  00000-0  29529-3 0  9998
2 20580  28.4707   0.6491 0002739   6.4264 109.9619 15.12661459611146
1 20580U 90037B   23101.12174791  .00005375  00000-0  28897-3 0  9990
2 20580  28.4707 354.0670 0002774  16.4861 102.9828 15.12671453611290
1 20580U 90037B   23101.95911569  .00005279  00000-0  28355-3 0  9995
2 20580  28.4707 348.5008 0002797  25.0833 343.4478 15.12680117611428
1 20580U 90037B   23102.04861625  .00005456  00000-0  29341-3 0  9996
2 20580  28.4707 347.9060 0002797  26.0147 110.8750 15.12681503611438
1 20580U 90037B   23102.82875517  .00005103  00000-0  27367-3 0  9992
2 20580  28.4707 342.7196 0002851  33.7456  39.9683 15.12689414611817
1 20580U 90037B   23103.10252396  .00005385  00000-0  28936-3 0  9993
2 20580  28.4708 340.8994 0002871  36.3969  91.1395 15.12692579611594
1 20580U 90037B   23104.02852064  .00005774  00000-0  31090-3 0  9990
2 20580  28.4708 334.7437 0002901  45.4909  94.7838 15.12703598611738
1 20580U 90037B   23105.01872858  .00006874  00000-0  37189-3 0  9990
2 20580  28.4702 328.1617 0002954  55.5497  87.8792 15.12717947611882
1 20580U 90037B   23105.92127911  .00007211  00000-0  39047-3 0  9994
2 20580  28.4699 322.1610 0002939  65.3447 322.9719 15.12730696612026
1 20580U 90037B   23106.27353493  .00007159  00000-0  38753-3 0  9993
2 20580  28.4697 319.8190 0002942  69.0966  81.3626 15.12735648612071
1 20580U 90037B   23106.91133583  .00007548  00000-0  40900-3 0  9999
2 20580  28.4695 315.5791 0002920  74.9301 315.8119 15.12745350612177
1 20580U 90037B   23107.26577251  .00006910  00000-0  37358-3 0  9997
2 20580  28.4690 313.2222 0002937  79.4356  85.3679 15.12749484612222
1 20580U 90037B   23107.90072144  .00007505  00000-0  40647-3 0  9995
2 20580  28.4690 309.0006 0002905  84.9241 304.6337 15.12759782612325
1 20580U 90037B   23108.25515912  .00007007  00000-0  37880-3 0  9991
2 20580  28.4690 306.6437 0002891  87.8052  75.8366 15.12763809612371
1 20580U 90037B   23108.70025831  .00007473  00000-0  40457-3 0  9998
2 20580  28.4691 303.6840 0002887  91.7367 340.7179 15.12770909612707
1 20580U 90037B   23108.91039937  .00007369  00000-0  39876-3 0  9990
2 20580  28.4691 302.2865 0002903  93.3893  45.7623 15.12773339612470
1 20580U 90037B   23109.81111814  .00007017  00000-0  37914-3 0  9996
2 20580  28.4690 296.2970 0002919 104.3705 269.8499 15.12784724612616
1 20580U 90037B   23110.23447678  .00006462  00000-0  34831-3 0  9992
2 20580  28.4691 293.4820 0002883 106.5893  57.8411 15.12789599612942
1 20580U 90037B   23110.54154611  .00006463  00000-0  34832-3 0  9990
2 20580  28.4691 291.4404 0002875 109.8283 290.2412 15.12793488612720
1 20580U 90037B   23110.80190485  .00006510  00000-0  35087-3 0  9994
2 20580  28.4691 289.7099 0002871 111.4560 269.3621 15.12796804612761
1 20580U 90037B   23111.22483042  .00006201  00000-0  33369-3 0  9993
2 20580  28.4691 286.8979 0002871 115.6188  53.0646 15.12801842612829
1 20580U 90037B   23111.79192543  .00006055  00000-0  32555-3 0  9991
2 20580  28.4691 283.1275 0002832 120.9189 262.3599 15.12808363612912
1 20580U 90037B   23112.52446682  .00006108  00000-0  32841-3 0  9996
2 20580  28.4692 278.2568 0002800 128.3679 292.3565 15.12817493613027
1 20580U 90037B   23112.78268281  .00006065  00000-0  32599-3 0  9993
2 20580  28.4692 276.5399 0002783 131.1126 258.6896 15.12820233613061
1 20580U 90037B   23113.44230427  .00005990  00000-0  32177-3 0  9996
2 20580  28.4691 272.1540 0002752 137.6915 251.6591 15.12827571613161
1 20580U 90037B   23113.85481035  .00006941  00000-0  37441-3 0  9990
2 20580  28.4691 269.4111 0002717 141.9513 338.4528 15.12834171613222
1 20580U 90037B   23114.43244670  .00015518  00000-0  84821-3 0  9991
2 20580  28.4691 265.5700 0002673 147.6393 244.9736 15.12861579613317
1 20580U 90037B   23115.48931094  .00005792  00000-0  31058-3 0  9997
2 20580  28.4691 258.5423 0002547 158.1165 241.8805 15.12855208613477
1 20580U 90037B   23116.10556507  .00005323  00000-0  28452-3 0  9993
2 20580  28.4689 254.4443 0002546 164.0585 358.9163 15.12862765613835
1 20580U 90037B   23116.47982356  .00004634  00000-0  24636-3 0  9992
2 20580  28.4688 251.9556 0002506 167.8804 237.4757 15.12865645613629
1 20580U 90037B   23116.67334358  .00004643  00000-0  24681-3 0  9997
2 20580  28.4689 250.6689 0002505 170.2472 211.1767 15.12867537613656
1 20580U 90037B   23117.61205772  .00004920  00000-0  26211-3 0  9998
2 20580  28.4689 244.4271 0002459 180.0390 284.1056 15.12876619613797
1 20580U 90037B   23117.75158163  .00005041  00000-0  26879-3 0  9999
2 20580  28.4689 243.4993 0002458 181.6480 323.9042 15.12877972614086
1 20580U 90037B   23118.60218363  .00004850  00000-0  25819-3 0  9993
2 20580  28.4689 237.8428 0002413 191.0539 276.4080 15.12885959613949
1 20580U 90037B   23118.67219950  .00004789  00000-0  25479-3 0  9996
2 20580  28.4688 237.3774 0002399 191.8057 297.7483 15.12886518613959
1 20580U 90037B   23119.66540420  .00004655  00000-0  24729-3 0  9994
2 20580  28.4687 230.7725 0002340 203.1084 306.6001 15.12895651614375
1 20580U 90037B   23120.58246786  .00004496  00000-0  23847-3 0  9998
2 20580  28.4688 224.6738 0002290 213.9039 260.4668 15.12903613614245
1 20580U 90037B   23120.72171704  .00004482  00000-0  23765-3 0  9995
2 20580  28.4688 223.7479 0002275 215.6216 298.6715 15.12904804614537
1 20580U 90037B   23121.57259767  .00004251  00000-0  22486-3 0  9998
2 20580  28.4688 218.0893 0002232 225.6997 252.1024 15.12911449614399
1 20580U 90037B   23121.64261505  .00004258  00000-0  22524-3 0  9999
2 20580  28.4688 217.6236 0002225 226.4846 273.4242 15.12912049614406
1 20580U 90037B   23122.31958569  .00004572  00000-0  24256-3 0  9990
2 20580  28.4689 213.1214 0002189 234.6166 359.7414 15.12918502614778
1 20580U 90037B   23122.49268785  .00004438  00000-0  23515-3 0  9991
2 20580  28.4689 211.9702 0002179 236.7370 222.2976 15.12919682614536
1 20580U 90037B   23122.63274468  .00004455  00000-0  23606-3 0  9992
2 20580  28.4689 211.0389 0002168 238.4936 264.8789 15.12920880614551
1 20580U 90037B   23123.34271163  .00004200  00000-0  22192-3 0  9997
2 20580  28.4688 206.3173 0002141 246.7432 171.1705 15.12926147614664
