1 25320U 98026B   23001.23614697  .00000503  00000-0  15473-3 0  9992
2 25320  86.3980 109.0105 0003351 131.9684 228.1801 14.39565140294597
1 25320U 98026B   23001.58369491  .00000490  00000-0  15076-3 0  9993
2 25320  86.3980 108.8640 0003376 131.4142 228.7347 14.39565403294390
1 25320U 98026B   23001.72271410  .00000496  00000-0  15278-3 0  9992
2 25320  86.3980 108.8054 0003386 131.2368 228.9123 14.39565572294412
1 25320U 98026B   23002.27879051  .00000507  00000-0  15631-3 0  9994
2 25320  86.3980 108.5711 0003427 130.2541 229.8958 14.39566203294741
1 25320U 98026B   23002.34830015  .00000471  00000-0  14456-3 0  9993
2 25320  86.3980 108.5418 0003431 130.1594 229.9905 14.39566046294509
1 25320U 98026B   23003.52996205  .00000464  00000-0  14234-3 0  9994
2 25320  86.3980 108.0438 0003522 128.1349 232.0168 14.39567092294678
1 25320U 98026B   23003.52996205  .00000464  00000-0  14234-3 0  9994
2 25320  86.3980 108.0438 0003522 128.1349 232.0168 14.39567092294926
1 25320U 98026B   23004.57260365  .00000517  00000-0  15946-3 0  9991
2 25320  86.3980 107.6044 0003595 126.4206 233.7325 14.39568482294823
1 25320U 98026B   23004.57260365  .00000517  00000-0  15946-3 0  9991
2 25320  86.3980 107.6044 0003595 126.4206 233.7325 14.39568482295071
1 25320U 98026B   23004.64211319  .00000493  00000-0  15175-3 0  9991
2 25320  86.3980 107.5751 0003600 126.3711 233.7821 14.39568392294836
1 25320U 98026B   23005.26769808  .00000470  00000-0  14442-3 0  9992
2 25320  86.3980 107.3115 0003642 125.3034 234.8506 14.39568849294920
1 25320U 98026B   23005.33720741  .00000477  00000-0  14668-3 0  9990
2 25320  86.3980 107.2822 0003647 125.1990 234.9550 14.39568977294931
1 25320U 98026B   23006.24082914  .00000519  00000-0  15995-3 0  9995
2 25320  86.3979 106.9013 0003708 123.5821 236.5733 14.39570132295310
1 25320U 98026B   23006.51886670  .00000481  00000-0  14771-3 0  9995
2 25320  86.3979 106.7841 0003723 123.1476 237.0080 14.39570132295104
1 25320U 98026B   23007.28346899  .00000569  00000-0  17609-3 0  9994
2 25320  86.3978 106.4619 0003765 121.7898 238.3668 14.39571440295212
1 25320U 98026B   23007.28346899  .00000569  00000-0  17609-3 0  9994
2 25320  86.3978 106.4619 0003765 121.7898 238.3668 14.39571440295469
1 25320U 98026B   23007.56150606  .00000575  00000-0  17797-3 0  9999
2 25320  86.3978 106.3447 0003783 121.3614 238.7956 14.39571761295256
1 25320U 98026B   23008.53463566  .00000540  00000-0  16673-3 0  9993
2 25320  86.3978 105.9345 0003842 119.7971 240.3611 14.39572576295398
1 25320U 98026B   23008.53463566  .00000540  00000-0  16673-3 0  9993
2 25320  86.3978 105.9345 0003842 119.7971 240.3611 14.39572576295646
1 25320U 98026B   23009.50776427  .00000568  00000-0  17576-3 0  9997
2 25320  86.3977 105.5244 0003893 118.1375 242.0217 14.39573836295535
1 25320U 98026B   23009.71629179  .00000574  00000-0  17746-3 0  9997
2 25320  86.3977 105.4365 0003904 117.8294 242.3301 14.39574097295567
1 25320U 98026B   23009.71629179  .00000574  00000-0  17746-3 0  9997
2 25320  86.3977 105.4365 0003904 117.8294 242.3301 14.39574097295815
1 25320U 98026B   23010.34187400  .00000574  00000-0  17748-3 0  9996
2 25320  86.3977 105.1728 0003941 116.7652 243.3951 14.39574817295656
1 25320U 98026B   23011.31500115  .00000608  00000-0  18845-3 0  9993
2 25320  86.3976 104.7627 0003993 115.1317 245.0296 14.39576154296047
1 25320U 98026B   23011.52352826  .00000602  00000-0  18653-3 0  9991
2 25320  86.3976 104.6748 0004003 114.7631 245.3985 14.39576364295823
1 25320U 98026B   23011.66254638  .00000594  00000-0  18411-3 0  9990
2 25320  86.3976 104.6161 0004008 114.6056 245.5561 14.39576483295843
1 25320U 98026B   23012.28812757  .00000600  00000-0  18593-3 0  9990
2 25320  86.3976 104.3525 0004041 113.4933 246.6691 14.39577257295938
1 25320U 98026B   23012.98321740  .00000648  00000-0  20134-3 0  9990
2 25320  86.3975 104.0595 0004078 112.3166 247.8465 14.39578308296286
1 25320U 98026B   23013.33076203  .00000644  00000-0  19997-3 0  9992
2 25320  86.3975 103.9130 0004087 111.7288 248.4346 14.39578746296086
1 25320U 98026B   23014.30388607  .00000710  00000-0  22132-3 0  9993
2 25320  86.3975 103.5028 0004129 110.1345 250.0298 14.39580483296471
1 25320U 98026B   23014.51241277  .00000676  00000-0  21035-3 0  9999
2 25320  86.3975 103.4149 0004137 109.7988 250.3657 14.39580510296259
1 25320U 98026B   23015.48553574  .00000728  00000-0  22679-3 0  9995
2 25320  86.3974 103.0047 0004179 108.1280 252.0374 14.39582203296396
1 25320U 98026B   23015.48553574  .00000728  00000-0  22679-3 0  9995
2 25320  86.3974 103.0047 0004179 108.1280 252.0374 14.39582203296644
1 25320U 98026B   23015.76357084  .00000694  00000-0  21607-3 0  9996
2 25320  86.3974 102.8874 0004188 107.6842 252.4814 14.39582406296432
1 25320U 98026B   23016.59767453  .00000813  00000-0  25403-3 0  9994
2 25320  86.3974 102.5359 0004202 106.2663 253.8998 14.39584488296553
1 25320U 98026B   23016.66718320  .00000806  00000-0  25199-3 0  9995
2 25320  86.3974 102.5066 0004203 106.1468 254.0194 14.39584566296818
1 25320U 98026B   23016.73669189  .00000835  00000-0  26106-3 0  9992
2 25320  86.3973 102.4772 0004204 106.0004 254.1658 14.39584816296573
1 25320U 98026B   23017.50128643  .00000809  00000-0  25303-3 0  9992
2 25320  86.3972 102.1549 0004213 104.7461 255.4205 14.39585942296688
1 25320U 98026B   23018.47440552  .00000890  00000-0  27893-3 0  9991
2 25320  86.3972 101.7446 0004233 103.0546 257.1126 14.39588105296828
1 25320U 98026B   23018.47440552  .00000890  00000-0  27893-3 0  9991
2 25320  86.3972 101.7446 0004233 103.0546 257.1126 14.39588105297076
1 25320U 98026B   23018.75243954  .00000849  00000-0  26584-3 0  9999
2 25320  86.3971 101.6274 0004226 102.6273 257.5398 14.39588334296862
1 25320U 98026B   23019.30850727  .00000858  00000-0  26863-3 0  9993
2 25320  86.3971 101.3930 0004239 101.6724 258.4951 14.39589254296948
1 25320U 98026B   23019.58654069  .00000885  00000-0  27727-3 0  9994
2 25320  86.3971 101.2758 0004242 101.2326 258.9349 14.39589922297234
1 25320U 98026B   23020.49014958  .00000823  00000-0  25729-3 0  9995
2 25320  86.3969 100.8948 0004244  99.7441 260.4237 14.39591030297112
1 25320U 98026B   23020.62916622  .00000822  00000-0  25716-3 0  9994
2 25320  86.3969 100.8362 0004246  99.5433 260.6246 14.39591271297381
1 25320U 98026B   23021.67179020  .00000826  00000-0  25819-3 0  9991
2 25320  86.3967 100.3965 0004259  97.7625 262.4058 14.39593044297538
1 25320U 98026B   23023.13146212  .00000762  00000-0  23777-3 0  9991
2 25320  86.3964  99.7810 0004263  95.3821 264.7864 14.39594968297741
1 25320U 98026B   23024.17408347  .00000738  00000-0  23018-3 0  9997
2 25320  86.3963  99.3414 0004271  93.6311 266.5376 14.39596470297894
1 25320U 98026B   23025.28621181  .00000677  00000-0  21054-3 0  9993
2 25320  86.3962  98.8724 0004268  91.8678 268.3010 14.39597806298051
1 25320U 98026B   23025.56424369  .00000673  00000-0  20937-3 0  9998
2 25320  86.3962  98.7552 0004265  91.4383 268.7305 14.39598192297841
1 25320U 98026B   23025.70325961  .00000664  00000-0  20621-3 0  9992
2 25320  86.3961  98.6965 0004263  91.1866 268.9821 14.39598354297865
1 25320U 98026B   23026.60686263  .00000634  00000-0  19676-3 0  9992
2 25320  86.3960  98.3154 0004258  89.7262 270.4424 14.39599496297997
1 25320U 98026B   23026.74587840  .00000625  00000-0  19374-3 0  9993
2 25320  86.3959  98.2567 0004248  89.3537 270.8149 14.39599650298263
1 25320U 98026B   23027.57997299  .00000548  00000-0  16905-3 0  9999
2 25320  86.3958  97.9049 0004246  88.0330 272.1355 14.39600321298136
1 25320U 98026B   23027.71898867  .00000543  00000-0  16759-3 0  9998
2 25320  86.3957  97.8462 0004247  87.7733 272.3951 14.39600491298151
1 25320U 98026B   23027.92751219  .00000535  00000-0  16499-3 0  9992
2 25320  86.3957  97.7583 0004248  87.4657 272.7028 14.39600701298431
1 25320U 98026B   23028.55308260  .00000472  00000-0  14466-3 0  9998
2 25320  86.3956  97.4944 0004232  86.4225 273.7458 14.39601122298279
1 25320U 98026B   23028.90062155  .00000459  00000-0  14075-3 0  9998
2 25320  86.3956  97.3479 0004230  85.7799 274.3883 14.39601480298329
1 25320U 98026B   23029.10914494  .00000451  00000-0  13823-3 0  9995
2 25320  86.3955  97.2598 0004223  85.3858 274.7823 14.39601669298601
1 25320U 98026B   23029.66520714  .00000423  00000-0  12903-3 0  9991
2 25320  86.3955  97.0253 0004211  84.4783 275.6896 14.39602115298439
1 25320U 98026B   23030.15176150  .00000391  00000-0  11875-3 0  9999
2 25320  86.3955  96.8201 0004214  83.7957 276.3722 14.39602416298752
1 25320U 98026B   23030.22126928  .00000390  00000-0  11852-3 0  9999
2 25320  86.3955  96.7908 0004214  83.6933 276.4745 14.39602472298510
1 25320U 98026B   23030.91634665  .00000367  00000-0  11115-3 0  9993
2 25320  86.3954  96.4976 0004204  82.6458 277.5219 14.39602972298615
1 25320U 98026B   23031.12486979  .00000383  00000-0  11631-3 0  9991
2 25320  86.3953  96.4096 0004200  82.3069 277.8606 14.39603255298649
1 25320U 98026B   23031.88945443  .00000378  00000-0  11477-3 0  9992
2 25320  86.3952  96.0871 0004182  80.9853 279.1819 14.39603890298757
1 25320U 98026B   23032.16748521  .00000372  00000-0  11272-3 0  9999
2 25320  86.3951  95.9698 0004184  80.5067 279.6604 14.39604079299046
1 25320U 98026B   23032.23699289  .00000370  00000-0  11220-3 0  9994
2 25320  86.3951  95.9405 0004182  80.4161 279.7510 14.39604128298809
1 25320U 98026B   23033.55763831  .00000380  00000-0  11530-3 0  9990
2 25320  86.3949  95.3833 0004156  78.3705 281.7960 14.39605174298990
1 25320U 98026B   23033.69665356  .00000377  00000-0  11449-3 0  9993
2 25320  86.3949  95.3247 0004151  78.0752 282.0912 14.39605273299265
1 25320U 98026B   23034.25271446  .00000391  00000-0  11872-3 0  9995
2 25320  86.3948  95.0902 0004136  77.1964 282.9697 14.39605756299093
1 25320U 98026B   23034.87828270  .00000427  00000-0  13039-3 0  9993
2 25320  86.3947  94.8262 0004115  76.2172 283.9485 14.39606421299182
1 25320U 98026B   23035.15631293  .00000430  00000-0  13146-3 0  9995
2 25320  86.3946  94.7089 0004104  75.7534 284.4120 14.39606679299470
1 25320U 98026B   23035.57335817  .00000430  00000-0  13138-3 0  9995
2 25320  86.3946  94.5330 0004089  75.2099 284.9552 14.39607013299286
1 25320U 98026B   23035.71237325  .00000427  00000-0  13029-3 0  9991
2 25320  86.3945  94.4743 0004084  74.9364 285.2287 14.39607111299309
1 25320U 98026B   23036.54646351  .00000442  00000-0  13519-3 0  9997
2 25320  86.3943  94.1223 0004053  73.5496 286.6148 14.39607852299677
1 25320U 98026B   23036.89400084  .00000443  00000-0  13561-3 0  9994
2 25320  86.3942  93.9757 0004041  72.9657 287.1984 14.39608185299476
1 25320U 98026B   23037.51956778  .00000534  00000-0  16462-3 0  9994
2 25320  86.3942  93.7117 0004006  71.8643 288.2992 14.39609281299567
1 25320U 98026B   23037.72809008  .00000528  00000-0  16280-3 0  9991
2 25320  86.3940  93.6236 0003995  71.4822 288.6811 14.39609451299841
1 25320U 98026B   23037.86710491  .00000542  00000-0  16710-3 0  9997
2 25320  86.3940  93.5650 0003991  71.1907 288.9725 14.39609652299612
1 25320U 98026B   23038.56217851  .00000614  00000-0  19013-3 0  9996
2 25320  86.3939  93.2717 0003951  70.0738 290.0887 14.39610829299719
1 25320U 98026B   23038.63168587  .00000614  00000-0  19019-3 0  9991
2 25320  86.3938  93.2423 0003948  69.9563 290.2061 14.39610912299721
1 25320U 98026B   23039.18774448  .00000657  00000-0  20391-3 0  9993
2 25320  86.3937  93.0077 0003930  69.0702 291.0917 14.39611794300057
1 25320U 98026B   23039.53528088  .00000718  00000-0  22373-3 0  9999
2 25320  86.3938  92.8610 0003912  68.4880 291.6735 14.39612553299851
1 25320U 98026B   23039.67429548  .00000712  00000-0  22173-3 0  9997
2 25320  86.3937  92.8023 0003905  68.2434 291.9180 14.39612686299879
1 25320U 98026B   23040.23035338  .00000771  00000-0  24052-3 0  9994
2 25320  86.3936  92.5677 0003877  67.2940 292.8668 14.39613738299958
1 25320U 98026B   23040.71690389  .00000820  00000-0  25626-3 0  9993
2 25320  86.3935  92.3623 0003849  66.4950 293.6653 14.39614634300274
1 25320U 98026B   23040.85591814  .00000888  00000-0  27815-3 0  9997
2 25320  86.3935  92.3037 0003844  66.2326 293.9275 14.39615216300048
1 25320U 98026B   23041.13394685  .00000878  00000-0  27478-3 0  9990
2 25320  86.3935  92.1863 0003833  65.7742 294.3857 14.39615559300082
1 25320U 98026B   23041.69000382  .00000896  00000-0  28074-3 0  9992
2 25320  86.3934  91.9516 0003792  64.7717 295.3874 14.39616486300167
1 25320U 98026B   23042.10704613  .00000895  00000-0  28020-3 0  9997
2 25320  86.3934  91.7756 0003772  64.1535 296.0052 14.39617189300472
1 25320U 98026B   23042.17655332  .00000886  00000-0  27739-3 0  9993
2 25320  86.3934  91.7463 0003768  64.0311 296.1275 14.39617213300233
1 25320U 98026B   23042.66310288  .00000849  00000-0  26550-3 0  9994
2 25320  86.3933  91.5409 0003735  63.2493 296.9088 14.39617694300307
1 25320U 98026B   23043.08014486  .00000924  00000-0  28967-3 0  9990
2 25320  86.3932  91.3649 0003714  62.5413 297.6163 14.39618782300368
1 25320U 98026B   23043.70570740  .00000921  00000-0  28848-3 0  9994
2 25320  86.3932  91.1008 0003672  61.4628 298.6940 14.39619832300703
1 25320U 98026B   23044.40077675  .00000899  00000-0  28149-3 0  9999
2 25320  86.3932  90.8075 0003629  60.1839 299.9721 14.39620778300550
1 25320U 98026B   23045.09584536  .00000859  00000-0  26857-3 0  9994
2 25320  86.3931  90.5141 0003585  59.0508 301.1042 14.39621720300900
1 25320U 98026B   23045.37387280  .00000889  00000-0  27847-3 0  9995
2 25320  86.3931  90.3967 0003568  58.5362 301.6185 14.39622271300698
1 25320U 98026B   23045.65190014  .00000821  00000-0  25660-3 0  9990
2 25320  86.3930  90.2793 0003547  58.2249 301.9295 14.39622335300732
1 25320U 98026B   23046.13844769  .00000757  00000-0  23590-3 0  9995
2 25320  86.3929  90.0739 0003510  57.4054 302.7484 14.39622738301055
1 25320U 98026B   23046.55548784  .00000838  00000-0  26204-3 0  9994
2 25320  86.3929  89.8979 0003479  56.7156 303.4376 14.39623926300862
1 25320U 98026B   23046.83351467  .00000894  00000-0  28002-3 0  9995
2 25320  86.3928  89.7804 0003462  56.2286 303.9242 14.39624662300908
1 25320U 98026B   23047.38956809  .00000901  00000-0  28228-3 0  9996
2 25320  86.3927  89.5457 0003421  55.2795 304.8725 14.39625588301239
1 25320U 98026B   23047.52858130  .00000897  00000-0  28093-3 0  9994
2 25320  86.3927  89.4870 0003410  55.1003 305.0516 14.39625828301009
1 25320U 98026B   23047.80660769  .00000905  00000-0  28340-3 0  9999
2 25320  86.3926  89.3697 0003393  54.6950 305.4566 14.39626362301046
1 25320U 98026B   23048.36266054  .00000797  00000-0  24887-3 0  9991
2 25320  86.3926  89.1349 0003351  53.8628 306.2881 14.39626665301129
1 25320U 98026B   23048.84920654  .00000706  00000-0  21978-3 0  9995
2 25320  86.3924  88.9295 0003315  53.1889 306.9613 14.39626944301193
1 25320U 98026B   23048.84920654  .00000706  00000-0  21978-3 0  9995
2 25320  86.3924  88.9295 0003315  53.1889 306.9613 14.39626944301441
1 25320U 98026B   23049.54427151  .00000714  00000-0  22230-3 0  9998
2 25320  86.3924  88.6360 0003257  52.0450 308.1043 14.39628159301292
1 25320U 98026B   23050.37834919  .00000679  00000-0  21098-3 0  9996
2 25320  86.3923  88.2839 0003191  50.7147 309.4334 14.39629222301663
1 25320U 98026B   23050.58686841  .00000645  00000-0  20000-3 0  9993
2 25320  86.3923  88.1959 0003173  50.4091 309.7387 14.39629401301446
1 25320U 98026B   23051.55995776  .00000621  00000-0  19236-3 0  9994
2 25320  86.3922  87.7850 0003100  49.0055 311.1412 14.39630793301581
1 25320U 98026B   23051.62946412  .00000618  00000-0  19157-3 0  9993
2 25320  86.3922  87.7557 0003097  48.8474 311.2991 14.39630885301846
1 25320U 98026B   23052.60255256  .00000581  00000-0  17977-3 0  9998
2 25320  86.3921  87.3448 0003009  47.2176 312.9276 14.39632125301736
1 25320U 98026B   23052.81107148  .00000572  00000-0  17690-3 0  9999
2 25320  86.3921  87.2568 0003000  47.1338 313.0112 14.39632346301767
1 25320U 98026B   23052.81107148  .00000572  00000-0  17690-3 0  9999
2 25320  86.3921  87.2568 0003000  47.1338 313.0112 14.39632346302016
1 25320U 98026B   23053.50613408  .00000568  00000-0  17558-3 0  9995
2 25320  86.3921  86.9633 0002932  45.9998 314.1442 14.39633266301868
1 25320U 98026B   23053.78415905  .00000558  00000-0  17221-3 0  9993
2 25320  86.3920  86.8459 0002909  45.6131 314.5305 14.39633557301902
1 25320U 98026B   23054.06218386  .00000556  00000-0  17167-3 0  9996
2 25320  86.3920  86.7285 0002887  45.2132 314.9301 14.39633938302195
1 25320U 98026B   23054.47922116  .00000575  00000-0  17757-3 0  9990
2 25320  86.3920  86.5524 0002844  44.5112 315.6315 14.39634510302002
1 25320U 98026B   23054.82675216  .00000514  00000-0  15821-3 0  9998
2 25320  86.3920  86.4056 0002812  44.0246 316.1177 14.39634584302057
1 25320U 98026B   23055.17428302  .00000569  00000-0  17581-3 0  9994
2 25320  86.3920  86.2589 0002782  43.4234 316.7184 14.39635284302357
1 25320U 98026B   23055.52181398  .00000537  00000-0  16568-3 0  9993
2 25320  86.3920  86.1121 0002745  42.8912 317.2501 14.39635451302156
1 25320U 98026B   23055.79983862  .00000529  00000-0  16306-3 0  9999
2 25320  86.3919  85.9947 0002719  42.5178 317.6231 14.39635687302198
1 25320U 98026B   23056.49489983  .00000530  00000-0  16318-3 0  9997
2 25320  86.3919  85.7012 0002645  41.2910 318.8489 14.39636451302296
1 25320U 98026B   23056.77292429  .00000518  00000-0  15959-3 0  9991
2 25320  86.3919  85.5837 0002622  40.8392 319.3003 14.39636668302336
1 25320U 98026B   23056.77292429  .00000518  00000-0  15959-3 0  9991
2 25320  86.3919  85.5837 0002622  40.8392 319.3003 14.39636668302583
1 25320U 98026B   23057.46798501  .00000595  00000-0  18400-3 0  9999
2 25320  86.3918  85.2902 0002558  39.9317 320.2070 14.39637824302430
1 25320U 98026B   23057.81551523  .00000594  00000-0  18391-3 0  9997
2 25320  86.3918  85.1435 0002525  39.5160 320.6222 14.39638194302485
1 25320U 98026B   23057.81551523  .00000594  00000-0  18391-3 0  9997
2 25320  86.3918  85.1435 0002525  39.5160 320.6222 14.39638194302733
1 25320U 98026B   23058.51057306  .00001088  00000-0  34206-3 0  9997
2 25320  86.3918  84.8499 0002461  38.4151 321.7222 14.39642313302589
1 25320U 98026B   23058.78859652  .00001082  00000-0  33994-3 0  9997
2 25320  86.3918  84.7325 0002434  38.0288 322.1082 14.39642727302626
1 25320U 98026B   23059.06662227  .00000759  00000-0  23676-3 0  9995
2 25320  86.3918  84.6151 0002396  37.6185 322.5181 14.39640740302919
1 25320U 98026B   23059.55316382  .00000709  00000-0  22070-3 0  9999
2 25320  86.3917  84.4096 0002341  36.8704 323.2655 14.39641036302735
1 25320U 98026B   23059.76168149  .00000710  00000-0  22091-3 0  9993
2 25320  86.3917  84.3216 0002322  36.6885 323.4472 14.39641299302768
1 25320U 98026B   23060.10921104  .00000670  00000-0  20807-3 0  9999
2 25320  86.3917  84.1748 0002289  36.2549 323.8804 14.39641496303067
1 25320U 98026B   23060.80426959  .00000648  00000-0  20103-3 0  9998
2 25320  86.3915  83.8813 0002214  35.3673 324.7672 14.39642229302911
1 25320U 98026B   23061.15179854  .00000649  00000-0  20132-3 0  9999
2 25320  86.3915  83.7345 0002176  34.6987 325.4353 14.39642737303219
1 25320U 98026B   23061.77735059  .00000664  00000-0  20625-3 0  9996
2 25320  86.3914  83.4703 0002104  33.6885 326.4448 14.39643629303059
1 25320U 98026B   23062.47240751  .00000755  00000-0  23521-3 0  9993
2 25320  86.3914  83.1768 0002026  32.5761 327.5563 14.39645196303153
1 25320U 98026B   23062.47240751  .00000755  00000-0  23521-3 0  9993
2 25320  86.3914  83.1768 0002026  32.5761 327.5563 14.39645196303401
1 25320U 98026B   23062.75043014  .00000758  00000-0  23612-3 0  9991
2 25320  86.3914  83.0594 0002000  32.3021 327.8299 14.39645652303198
1 25320U 98026B   23063.44548614  .00000845  00000-0  26419-3 0  9999
2 25320  86.3914  82.7658 0001925  31.3400 328.7913 14.39647307303293
1 25320U 98026B   23063.79301395  .00000843  00000-0  26350-3 0  9992
2 25320  86.3913  82.6190 0001893  30.8321 329.2988 14.39647891303344
1 25320U 98026B   23063.79301395  .00000843  00000-0  26350-3 0  9992
2 25320  86.3913  82.6190 0001893  30.8321 329.2988 14.39647891303591
1 25320U 98026B   23064.27955277  .00000915  00000-0  28660-3 0  9996
2 25320  86.3913  82.4136 0001838  29.9879 330.1424 14.39649067303419
1 25320U 98026B   23064.76609111  .00000916  00000-0  28680-3 0  9996
2 25320  86.3913  82.2081 0001785  29.3690 330.7608 14.39649941303480
1 25320U 98026B   23065.11361815  .00000989  00000-0  31014-3 0  9997
2 25320  86.3912  82.0613 0001744  28.6724 331.4570 14.39651009303780
1 25320U 98026B   23065.73916669  .00000950  00000-0  29783-3 0  9996
2 25320  86.3913  81.7971 0001672  28.0159 332.1130 14.39651941303628
1 25320U 98026B   23066.43421968  .00001058  00000-0  33217-3 0  9994
2 25320  86.3913  81.5036 0001591  26.9927 333.1354 14.39653912303975
1 25320U 98026B   23066.78174578  .00001227  00000-0  38630-3 0  9996
2 25320  86.3913  81.3568 0001557  26.6549 333.4729 14.39655564303774
1 25320U 98026B   23067.47679784  .00001084  00000-0  34042-3 0  9996
2 25320  86.3913  81.0632 0001474  25.3964 334.7307 14.39656254304121
1 25320U 98026B   23067.75481812  .00001245  00000-0  39201-3 0  9991
2 25320  86.3913  80.9458 0001446  24.9977 335.1291 14.39657786303917
1 25320U 98026B   23068.72788906  .00001144  00000-0  35990-3 0  9992
2 25320  86.3914  80.5348 0001328  23.6744 336.4515 14.39659433304307
1 25320U 98026B   23068.93640417  .00001182  00000-0  37181-3 0  9995
2 25320  86.3914  80.4468 0001306  23.4551 336.6707 14.39660074304082
1 25320U 98026B   23069.77046385  .00001067  00000-0  33517-3 0  9993
2 25320  86.3914  80.0945 0001216  22.7773 337.3480 14.39661260304204
1 25320U 98026B   23069.77046385  .00001067  00000-0  33517-3 0  9993
2 25320  86.3914  80.0945 0001216  22.7773 337.3480 14.39661260304451
1 25320U 98026B   23070.46551199  .00001152  00000-0  36220-3 0  9994
2 25320  86.3914  79.8009 0001134  21.3810 338.7436 14.39663453304300
1 25320U 98026B   23070.53501697  .00001099  00000-0  34517-3 0  9997
2 25320  86.3914  79.7716 0001127  21.3539 338.7707 14.39663283304317
1 25320U 98026B   23071.02155046  .00001029  00000-0  32278-3 0  9990
2 25320  86.3914  79.5661 0001068  20.8574 339.2668 14.39664033304632
1 25320U 98026B   23071.43857865  .00001072  00000-0  33676-3 0  9994
2 25320  86.3915  79.3900 0001014  20.3806 339.7433 14.39665288304448
1 25320U 98026B   23071.50808341  .00001065  00000-0  33446-3 0  9994
2 25320  86.3915  79.3606 0001008  20.3008 339.8231 14.39665395304455
1 25320U 98026B   23072.41164404  .00001041  00000-0  32680-3 0  9993
2 25320  86.3915  78.9790 0000899  19.5901 340.5332 14.39667301304587
1 25320U 98026B   23072.41164404  .00001041  00000-0  32680-3 0  9993
2 25320  86.3915  78.9790 0000899  19.5901 340.5332 14.39667301304835
1 25320U 98026B   23073.45421237  .00001026  00000-0  32198-3 0  9995
2 25320  86.3915  78.5386 0000773  19.0974 341.0253 14.39669576304731
1 25320U 98026B   23073.45421237  .00001026  00000-0  32198-3 0  9995
2 25320  86.3915  78.5386 0000773  19.0974 341.0253 14.39669576304988
1 25320U 98026B   23073.94074355  .00001054  00000-0  33086-3 0  9992
2 25320  86.3915  78.3331 0000715  19.1462 340.9764 14.39670855304803
1 25320U 98026B   23074.49677898  .00001055  00000-0  33109-3 0  9991
2 25320  86.3916  78.0983 0000656  19.1479 340.9744 14.39672081304885
1 25320U 98026B   23074.49677898  .00001055  00000-0  33109-3 0  9991
2 25320  86.3916  78.0983 0000656  19.1479 340.9744 14.39672081305134
1 25320U 98026B   23074.91380531  .00000981  00000-0  30746-3 0  9994
2 25320  86.3916  77.9222 0000604  19.6895 340.4327 14.39672578304949
1 25320U 98026B   23075.46984057  .00000902  00000-0  28232-3 0  9998
2 25320  86.3915  77.6873 0000546  20.3433 339.7787 14.39673162305020
1 25320U 98026B   23076.09537930  .00000855  00000-0  26722-3 0  9991
2 25320  86.3915  77.4231 0000472  21.5995 338.5223 14.39674146305362
1 25320U 98026B   23076.51240521  .00000837  00000-0  26147-3 0  9996
2 25320  86.3915  77.2470 0000418  22.5129 337.6088 14.39674738305170
1 25320U 98026B   23076.72091806  .00000822  00000-0  25669-3 0  9991
2 25320  86.3915  77.1588 0000395  24.2116 335.9102 14.39675000305203
1 25320U 98026B   23077.48546462  .00000764  00000-0  23822-3 0  9992
2 25320  86.3916  76.8360 0000308  26.3707 333.7507 14.39676006305562
1 25320U 98026B   23077.90248973  .00000746  00000-0  23217-3 0  9993
2 25320  86.3916  76.6599 0000263  31.7462 328.3753 14.39676608305372
1 25320U 98026B   23078.52802710  .00000762  00000-0  23752-3 0  9999
2 25320  86.3917  76.3957 0000200  42.4942 317.6272 14.39677716305717
1 25320U 98026B   23078.73653954  .00000752  00000-0  23426-3 0  9993
2 25320  86.3918  76.3078 0000183  50.8803 309.2412 14.39677966305496
1 25320U 98026B   23079.50108443  .00000728  00000-0  22637-3 0  9993
2 25320  86.3919  75.9849 0000143  78.2161 281.9054 14.39679081305606
1 25320U 98026B   23079.70959661  .00000723  00000-0  22491-3 0  9994
2 25320  86.3919  75.8968 0000142  89.0168 271.1047 14.39679364305633
1 25320U 98026B   23079.70959661  .00000723  00000-0  22491-3 0  9994
2 25320  86.3919  75.8968 0000142  89.0168 271.1047 14.39679364305880
1 25320U 98026B   23080.47414063  .00000712  00000-0  22125-3 0  9994
2 25320  86.3921  75.5740 0000167 121.5638 238.5577 14.39680546305743
1 25320U 98026B   23081.23868420  .00000764  00000-0  23797-3 0  9992
2 25320  86.3921  75.2512 0000225 139.2201 220.9015 14.39681952306109
1 25320U 98026B   23081.72521146  .00000790  00000-0  24631-3 0  9994
2 25320  86.3922  75.0458 0000281 145.5611 214.5606 14.39682874305922
1 25320U 98026B   23082.48975387  .00000862  00000-0  26952-3 0  9996
2 25320  86.3924  74.7229 0000362 152.3243 207.7975 14.39684466306038
1 25320U 98026B   23082.48975387  .00000862  00000-0  26952-3 0  9996
2 25320  86.3924  74.7229 0000362 152.3243 207.7975 14.39684466306285
1 25320U 98026B   23082.90677617  .00000991  00000-0  31050-3 0  9996
2 25320  86.3924  74.5468 0000414 153.5099 206.6121 14.39685981306091
1 25320U 98026B   23083.25428959  .00002271  00000-0  71988-3 0  9995
2 25320  86.3925  74.4001 0000434 154.0640 206.0581 14.39695064306394
1 25320U 98026B   23083.46280549  .00001154  00000-0  36261-3 0  9993
2 25320  86.3925  74.3121 0000476 154.6130 205.5093 14.39688008306428
1 25320U 98026B   23083.53230914  .00001157  00000-0  36375-3 0  9991
2 25320  86.3925  74.2827 0000484 154.6892 205.4330 14.39688170306180
1 25320U 98026B   23083.94933152  .00001043  00000-0  32722-3 0  9996
2 25320  86.3926  74.1067 0000532 155.6397 204.4827 14.39688232306247
1 25320U 98026B   23084.50536043  .00001099  00000-0  34522-3 0  9998
2 25320  86.3926  73.8719 0000604 155.3316 204.7912 14.39689620306571
1 25320U 98026B   23084.92238191  .00001079  00000-0  33864-3 0  9993
2 25320  86.3927  73.6958 0000651 155.8492 204.2737 14.39690315306389
1 25320U 98026B   23085.68692064  .00001058  00000-0  33210-3 0  9992
2 25320  86.3928  73.3730 0000748 156.2251 203.8982 14.39691697306741
1 25320U 98026B   23085.96493458  .00001025  00000-0  32157-3 0  9992
2 25320  86.3929  73.2556 0000778 156.2913 203.8321 14.39692071306536
1 25320U 98026B   23086.45145858  .00000990  00000-0  31025-3 0  9998
2 25320  86.3929  73.0502 0000840 156.3857 203.7381 14.39692873306606
1 25320U 98026B   23086.86847893  .00000987  00000-0  30925-3 0  9995
2 25320  86.3929  72.8741 0000891 156.2800 203.8440 14.39693692306912
1 25320U 98026B   23086.93798227  .00000986  00000-0  30911-3 0  9993
2 25320  86.3929  72.8448 0000898 156.2804 203.8437 14.39693844306675
1 25320U 98026B   23087.49400918  .00000986  00000-0  30895-3 0  9993
2 25320  86.3930  72.6101 0000959 156.2207 203.9036 14.39694891306754
1 25320U 98026B   23087.91102887  .00001009  00000-0  31621-3 0  9999
2 25320  86.3931  72.4341 0001013 155.5823 204.5424 14.39695879306819
1 25320U 98026B   23088.18904221  .00001078  00000-0  33822-3 0  9992
2 25320  86.3931  72.3166 0001047 155.0350 205.0900 14.39696699307109
1 25320U 98026B   23088.46705507  .00001095  00000-0  34389-3 0  9997
2 25320  86.3931  72.1993 0001079 155.0796 205.0455 14.39697386306898
1 25320U 98026B   23088.67556474  .00001096  00000-0  34420-3 0  9994
2 25320  86.3931  72.1112 0001107 155.0146 205.1106 14.39697779306926
1 25320U 98026B   23089.23159038  .00001061  00000-0  33283-3 0  9990
2 25320  86.3933  71.8765 0001168 154.6405 205.4851 14.39698617307257
1 25320U 98026B   23089.44009977  .00001057  00000-0  33161-3 0  9999
2 25320  86.3932  71.7885 0001195 154.5354 205.5904 14.39699028307033
1 25320U 98026B   23090.41314310  .00001105  00000-0  34703-3 0  9995
2 25320  86.3934  71.3778 0001313 153.7193 206.4073 14.39701111307423
1 25320U 98026B   23091.45568848  .00000960  00000-0  30070-3 0  9998
2 25320  86.3935  70.9377 0001439 152.6648 207.4627 14.39702221307324
1 25320U 98026B   23091.45568848  .00000960  00000-0  30070-3 0  9998
2 25320  86.3935  70.9377 0001439 152.6648 207.4627 14.39702221307571
1 25320U 98026B   23092.42872945  .00000973  00000-0  30461-3 0  9990
2 25320  86.3937  70.5270 0001548 151.6035 208.5248 14.39704095307461
1 25320U 98026B   23092.84574678  .00000871  00000-0  27209-3 0  9991
2 25320  86.3937  70.3510 0001598 151.1712 208.9575 14.39704298307774
1 25320U 98026B   23092.91524962  .00000869  00000-0  27144-3 0  9995
2 25320  86.3937  70.3216 0001605 151.0871 209.0417 14.39704423307532
1 25320U 98026B   23093.47127216  .00000844  00000-0  26357-3 0  9996
2 25320  86.3938  70.0869 0001670 150.3579 209.7715 14.39705337307615
1 25320U 98026B   23093.88828876  .00000866  00000-0  27041-3 0  9996
2 25320  86.3940  69.9110 0001719 149.8519 210.2779 14.39706251307922
1 25320U 98026B   23094.44431071  .00000864  00000-0  26994-3 0  9990
2 25320  86.3941  69.6763 0001784 148.8654 211.2650 14.39707266307752
1 25320U 98026B   23094.93082980  .00000810  00000-0  25268-3 0  9999
2 25320  86.3942  69.4710 0001845 148.1037 212.0274 14.39707797307827
1 25320U 98026B   23095.00033245  .00000810  00000-0  25269-3 0  9999
2 25320  86.3942  69.4416 0001851 148.0796 212.0516 14.39707928308082
1 25320U 98026B   23095.41734837  .00000801  00000-0  24974-3 0  9991
2 25320  86.3943  69.2656 0001902 147.5032 212.6284 14.39708633307891
1 25320U 98026B   23095.90386672  .00000774  00000-0  24103-3 0  9998
2 25320  86.3944  69.0603 0001956 146.8651 213.2671 14.39709348307969
1 25320U 98026B   23096.18187724  .00000738  00000-0  22972-3 0  9998
2 25320  86.3945  68.9430 0001982 146.4632 213.6692 14.39709576308253
1 25320U 98026B   23096.45988756  .00000726  00000-0  22564-3 0  9996
2 25320  86.3945  68.8257 0002019 145.9928 214.1400 14.39710000308047
1 25320U 98026B   23096.87690295  .00000723  00000-0  22464-3 0  9996
2 25320  86.3946  68.6497 0002060 145.3898 214.7436 14.39710649308109
1 25320U 98026B   23097.43292300  .00000746  00000-0  23208-3 0  9996
2 25320  86.3947  68.4151 0002122 144.7122 215.4217 14.39711712308182
1 25320U 98026B   23097.43292300  .00000746  00000-0  23208-3 0  9996
2 25320  86.3947  68.4151 0002122 144.7122 215.4217 14.39711712308430
1 25320U 98026B   23098.40595761  .00000746  00000-0  23221-3 0  9996
2 25320  86.3949  68.0044 0002225 143.5493 216.5858 14.39713225308323
1 25320U 98026B   23099.17048417  .00000748  00000-0  23275-3 0  9993
2 25320  86.3950  67.6818 0002306 142.4039 217.7321 14.39714372308684
1 25320U 98026B   23099.44849375  .00000704  00000-0  21865-3 0  9990
2 25320  86.3950  67.5645 0002339 141.9698 218.1666 14.39714554308478
1 25320U 98026B   23099.65700084  .00000702  00000-0  21808-3 0  9991
2 25320  86.3950  67.4765 0002362 141.6514 218.4853 14.39714837308509
1 25320U 98026B   23100.42152615  .00000802  00000-0  24994-3 0  9990
2 25320  86.3952  67.1539 0002439 140.5063 219.6314 14.39716593308864
1 25320U 98026B   23101.39455789  .00000763  00000-0  23751-3 0  9991
2 25320  86.3954  66.7434 0002537 139.0911 221.0479 14.39717801308759
1 25320U 98026B   23101.74206886  .00000775  00000-0  24146-3 0  9994
2 25320  86.3954  66.5968 0002573 138.5605 221.5790 14.39718401309055
1 25320U 98026B   23101.88107327  .00000769  00000-0  23941-3 0  9994
2 25320  86.3955  66.5381 0002587 138.2929 221.8467 14.39718580308822
1 25320U 98026B   23102.43709056  .00000747  00000-0  23239-3 0  9999
2 25320  86.3956  66.3035 0002643 137.4941 222.6463 14.39719308308908
1 25320U 98026B   23103.34061779  .00000784  00000-0  24425-3 0  9992
2 25320  86.3957  65.9224 0002728 136.2566 223.8849 14.39720932309039
1 25320U 98026B   23103.61862594  .00000794  00000-0  24749-3 0  9996
2 25320  86.3958  65.8051 0002760 135.7875 224.3545 14.39721437309322
1 25320U 98026B   23104.38314790  .00000839  00000-0  26166-3 0  9996
2 25320  86.3960  65.4826 0002830 134.6573 225.4857 14.39722962309188
1 25320U 98026B   23105.42567682  .00000941  00000-0  29436-3 0  9999
2 25320  86.3961  65.0428 0002924 132.9079 227.2365 14.39725248309330
1 25320U 98026B   23105.91218959  .00000943  00000-0  29512-3 0  9990
2 25320  86.3962  64.8376 0002967 132.1320 228.0131 14.39726191309404
1 25320U 98026B   23106.39870238  .00000979  00000-0  30653-3 0  9994
2 25320  86.3963  64.6324 0003011 131.3482 228.7976 14.39727201309471
1 25320U 98026B   23106.88521451  .00001014  00000-0  31774-3 0  9994
2 25320  86.3964  64.4272 0003056 130.6206 229.5259 14.39728337309549
1 25320U 98026B   23107.37172645  .00001042  00000-0  32655-3 0  9996
2 25320  86.3965  64.2220 0003096 129.9367 230.2104 14.39729394309614
1 25320U 98026B   23107.85823794  .00001050  00000-0  32912-3 0  9992
2 25320  86.3965  64.0167 0003138 129.1871 230.9607 14.39730410309932
1 25320U 98026B   23108.41425080  .00001017  00000-0  31851-3 0  9995
2 25320  86.3967  63.7822 0003194 128.2663 231.8823 14.39731314309764
1 25320U 98026B   23108.83125996  .00001040  00000-0  32605-3 0  9998
2 25320  86.3967  63.6063 0003229 127.5998 232.5495 14.39732319309828
1 25320U 98026B   23108.97026284  .00001054  00000-0  33049-3 0  9991
2 25320  86.3968  63.5477 0003235 127.4357 232.7136 14.39732720310093
1 25320U 98026B   23109.38727182  .00001053  00000-0  33012-3 0  9991
2 25320  86.3968  63.3718 0003268 126.8252 233.3247 14.39733555309907
1 25320U 98026B   23110.15178710  .00001092  00000-0  34265-3 0  9999
2 25320  86.3970  63.0494 0003327 125.6779 234.4730 14.39735467310269
1 25320U 98026B   23110.36029155  .00001004  00000-0  31458-3 0  9994
2 25320  86.3971  62.9614 0003345 125.3501 234.8011 14.39735354310049
1 25320U 98026B   23111.12480623  .00000955  00000-0  29861-3 0  9999
2 25320  86.3972  62.6390 0003400 124.1221 236.0301 14.39736648310151
1 25320U 98026B   23111.81981911  .00000920  00000-0  28770-3 0  9991
2 25320  86.3973  62.3459 0003463 122.9933 237.1599 14.39737838310502
1 25320U 98026B   23112.23682660  .00000901  00000-0  28165-3 0  9994
2 25320  86.3973  62.1700 0003496 122.4182 237.7356 14.39738506310315
1 25320U 98026B   23112.37582903  .00000865  00000-0  27003-3 0  9997
2 25320  86.3973  62.1113 0003505 122.1748 237.9791 14.39738587310335
1 25320U 98026B   23113.27934478  .00000818  00000-0  25502-3 0  9995
2 25320  86.3975  61.7304 0003571 120.7957 239.3594 14.39739838310464
1 25320U 98026B   23113.27934478  .00000818  00000-0  25502-3 0  9995
2 25320  86.3975  61.7304 0003571 120.7957 239.3594 14.39739838310712
1 25320U 98026B   23113.34884578  .00000887  00000-0  27713-3 0  9990
2 25320  86.3975  61.7011 0003571 120.6209 239.5342 14.39740378310473
1 25320U 98026B   23114.32185714  .00001744  00000-0  55079-3 0  9994
2 25320  86.3977  61.2908 0003651 118.8366 241.3200 14.39747901310616
1 25320U 98026B   23115.08637244  .00000827  00000-0  25774-3 0  9998
2 25320  86.3976  60.9684 0003700 117.8137 242.3437 14.39743056310971
1 25320U 98026B   23115.36437646  .00000800  00000-0  24919-3 0  9994
2 25320  86.3977  60.8512 0003731 117.3521 242.8058 14.39743377310764
1 25320U 98026B   23116.12888709  .00000707  00000-0  21935-3 0  9990
2 25320  86.3978  60.5288 0003770 116.1841 243.9746 14.39744065311129
1 25320U 98026B   23116.33738999  .00000689  00000-0  21362-3 0  9991
2 25320  86.3978  60.4409 0003781 115.9010 244.2579 14.39744279310900
1 25320U 98026B   23117.37990319  .00000650  00000-0  20119-3 0  9999
2 25320  86.3979  60.0014 0003856 114.2082 245.9520 14.39745720311056
1 25320U 98026B   23117.37990319  .00000650  00000-0  20119-3 0  9999
2 25320  86.3979  60.0014 0003856 114.2082 245.9520 14.39745720311304
1 25320U 98026B   23118.56141671  .00000635  00000-0  19634-3 0  9993
2 25320  86.3980  59.5032 0003920 112.3419 247.8195 14.39747502311224
1 25320U 98026B   23118.56141671  .00000635  00000-0  19634-3 0  9993
2 25320  86.3980  59.5032 0003920 112.3419 247.8195 14.39747502311471
1 25320U 98026B   23119.32592468  .00000595  00000-0  18372-3 0  9995
2 25320  86.3982  59.1809 0003981 111.1798 248.9827 14.39748513311337
1 25320U 98026B   23119.81242949  .00000607  00000-0  18760-3 0  9990
2 25320  86.3983  58.9758 0004003 110.3532 249.8098 14.39749306311657
1 25320U 98026B   23120.36843468  .00000608  00000-0  18788-3 0  9996
2 25320  86.3984  58.7415 0004048 109.5056 250.6580 14.39750143311484
1 25320U 98026B   23120.85493916  .00000602  00000-0  18592-3 0  9996
2 25320  86.3985  58.5364 0004075 108.7124 251.4517 14.39750757311809
1 25320U 98026B   23121.34144328  .00000618  00000-0  19109-3 0  9993
2 25320  86.3986  58.3313 0004100 107.9977 252.1669 14.39751507311628
1 25320U 98026B   23121.89744795  .00000607  00000-0  18766-3 0  9993
2 25320  86.3987  58.0969 0004120 107.1795 252.9855 14.39752120311958
1 25320U 98026B   23122.31445120  .00000636  00000-0  19691-3 0  9991
2 25320  86.3988  57.9211 0004133 106.5168 253.6485 14.39752806311765
1 25320U 98026B   23122.87045547  .00000600  00000-0  18539-3 0  9992
2 25320  86.3990  57.6867 0004159 105.5232 254.6426 14.39753283311846
1 25320U 98026B   23123.07895709  .00000587  00000-0  18126-3 0  9994
2 25320  86.3990  57.5988 0004169 105.1022 255.0638 14.39753418312125
1 25320U 98026B   23123.35695927  .00000594  00000-0  18327-3 0  9996
2 25320  86.3990  57.4816 0004179 104.6479 255.5184 14.39753727311915
1 25320U 98026B   23123.91296296  .00000554  00000-0  17061-3 0  9994
2 25320  86.3991  57.2473 0004206 103.8145 256.3522 14.39754197311990