1 25544U 98067A   23001.26991367  .00015968  00000-0  28903-3 0  9993
2 25544  51.6448  75.3411 0005204 209.5406 257.0907 15.49811030375904
1 25544U 98067A   23001.53250807  .00016704  00000-0  30181-3 0  9990
2 25544  51.6444  74.0407 0005211 211.7305 280.9843 15.49823312375946
1 25544U 98067A   23001.72830086  .00017166  00000-0  30983-3 0  9997
2 25544  51.6445  73.0716 0005153 212.0396 293.8042 15.49832078375974
1 25544U 98067A   23002.03616123  .00017186  00000-0  31006-3 0  9995
2 25544  51.6446  71.5466 0005164 213.3191 211.3400 15.49842962376022
1 25544U 98067A   23002.23650670  .00017344  00000-0  31276-3 0  9997
2 25544  51.6447  70.5542 0005129 214.4037 248.8124 15.49850707376056
1 25544U 98067A   23002.42722733  .00017455  00000-0  31461-3 0  9997
2 25544  51.6446  69.6092 0005127 215.2634 232.7755 15.49857705376084
1 25544U 98067A   23002.56654894  .00017694  00000-0  31875-3 0  9998
2 25544  51.6448  68.9190 0005029 218.0405 287.8557 15.49863597376105
1 25544U 98067A   23002.92458333  .00017778  00000-0  32007-3 0  9999
2 25544  51.6447  67.1452 0005110 217.4415 127.4401 15.49876780376151
1 25544U 98067A   23003.00284243  .00017781  00000-0  32009-3 0  9992
2 25544  51.6447  66.7575 0005123 217.4837 204.3380 15.49879628376171
1 25544U 98067A   23003.19410836  .00013936  00000-0  25279-3 0  9990
2 25544  51.6444  65.8124 0004902 220.0274 189.6486 15.49874067376205
1 25544U 98067A   23003.46602144  .00016833  00000-0  30337-3 0  9995
2 25544  51.6453  64.4633 0004820 220.4826 267.3680 15.49890638376247
1 25544U 98067A   23003.52502237  .00016767  00000-0  30219-3 0  9999
2 25544  51.6453  64.1711 0005004 218.5032 238.7671 15.49892242376259
1 25544U 98067A   23003.89010417  .00015869  00000-0  28640-3 0  9990
2 25544  51.6446  62.3628 0005112 222.8238 112.7977 15.49900198376300
1 25544U 98067A   23004.30293251  .00014929  00000-0  26986-3 0  9993
2 25544  51.6446  60.3181 0004990 224.8912 255.6676 15.49908045376375
1 25544U 98067A   23004.36430639  .00014832  00000-0  26815-3 0  9996
2 25544  51.6446  60.0141 0004980 225.5107 237.7172 15.49909310376380
1 25544U 98067A   23004.55941627  .00014231  00000-0  25762-3 0  9994
2 25544  51.6447  59.0482 0004902 225.7088 246.8802 15.49912485376413
1 25544U 98067A   23004.62154341  .00013091  00000-0  23767-3 0  9997
2 25544  51.6449  58.7410 0004956 225.1257 234.3356 15.49910357376426
1 25544U 98067A   23004.92435185  .00013752  00000-0  24914-3 0  9997
2 25544  51.6449  57.2399 0005006 227.1136 123.0483 15.49921225376466
1 25544U 98067A   23005.19763766  .00013741  00000-0  24889-3 0  9995
2 25544  51.6447  55.8862 0004939 228.2736 207.7579 15.49929095376510
1 25544U 98067A   23005.20304940  .00013764  00000-0  24928-3 0  9991
2 25544  51.6447  55.8594 0004934 228.5547 237.6931 15.49929361376510
1 25544U 98067A   23005.39537492  .00013843  00000-0  25062-3 0  9999
2 25544  51.6447  54.9065 0004934 229.3624 230.7268 15.49935378376543
1 25544U 98067A   23005.53209984  .00013957  00000-0  25257-3 0  9999
2 25544  51.6449  54.2301 0004890 228.3828 275.1092 15.49940129376567
1 25544U 98067A   23005.85973553  .00014065  00000-0  25437-3 0  9995
2 25544  51.6451  52.6066 0004815 230.2771 302.5672 15.49950216376619
1 25544U 98067A   23006.05756006  .00014210  00000-0  25685-3 0  9997
2 25544  51.6453  51.6269 0004842 230.9539 326.4502 15.49956778376643
1 25544U 98067A   23006.23627037  .00014367  00000-0  25952-3 0  9998
2 25544  51.6447  50.7420 0004899 231.6381 243.6067 15.49962952376670
1 25544U 98067A   23006.43310466  .00014748  00000-0  26612-3 0  9992
2 25544  51.6444  49.7668 0004871 234.5355 259.7497 15.49970496376703
1 25544U 98067A   23006.56748190  .00014997  00000-0  27043-3 0  9990
2 25544  51.6453  49.0996 0004805 232.3676 292.2319 15.49976038376724
1 25544U 98067A   23006.62863749  .00015076  00000-0  27178-3 0  9993
2 25544  51.6450  48.7997 0004844 233.8135 272.2508 15.49977978376730
1 25544U 98067A   23006.85954861  .00015193  00000-0  27375-3 0  9993
2 25544  51.6456  47.6533 0004860 232.3949 122.9954 15.49985920376760
1 25544U 98067A   23007.26419064  .00015463  00000-0  27825-3 0  9990
2 25544  51.6474  45.6613 0006294 227.2153 227.5689 15.50000187376830
1 25544U 98067A   23007.41519676  .00014972  00000-0  26974-3 0  9995
2 25544  51.6452  44.9004 0005023 232.2480 345.6878 15.50001363376851
1 25544U 98067A   23007.53232108  .00015198  00000-0  27356-3 0  9996
2 25544  51.6468  44.3340 0006408 228.0033 283.9302 15.50006558376879
1 25544U 98067A   23007.90218072  .00011809  00000-0  21448-3 0  9992
2 25544  51.6448  42.4918 0004881 236.8521 180.2420 15.50007894376930
1 25544U 98067A   23008.05798762  .00014606  00000-0  26320-3 0  9990
2 25544  51.6448  41.7205 0004894 239.5650 327.5219 15.50018613376953
1 25544U 98067A   23008.23585744  .00014052  00000-0  25350-3 0  9991
2 25544  51.6454  40.8359 0004926 235.7452 244.5236 15.50021682376984
1 25544U 98067A   23008.37769676  .00013860  00000-0  25009-3 0  9991
2 25544  51.6451  40.1299 0006028 230.0540 322.2255 15.50025110377007
1 25544U 98067A   23008.56335980  .00014031  00000-0  25306-3 0  9990
2 25544  51.6446  39.2159 0004881 240.5036 268.4620 15.50031167377035
1 25544U 98067A   23008.93656035  .00013719  00000-0  24753-3 0  9995
2 25544  51.6457  37.3644 0004909 239.5772 193.2687 15.50040289377090
1 25544U 98067A   23009.05691892  .00013729  00000-0  24767-3 0  9995
2 25544  51.6448  36.7703 0004799 244.0514 140.8536 15.50043899377115
1 25544U 98067A   23009.20245834  .00013253  00000-0  23936-3 0  9992
2 25544  51.6455  36.0473 0004907 240.2048 237.3693 15.50046025377133
1 25544U 98067A   23009.39855270  .00013098  00000-0  23662-3 0  9996
2 25544  51.6455  35.0759 0004912 240.6524 251.8836 15.50050766377168
1 25544U 98067A   23009.59424588  .00013181  00000-0  23801-3 0  9990
2 25544  51.6456  34.1063 0004881 241.6264 263.6377 15.50056477377193
1 25544U 98067A   23009.65118263  .00013183  00000-0  23804-3 0  9992
2 25544  51.6456  33.8241 0004880 241.8292 221.3637 15.50058032377200
1 25544U 98067A   23009.90196132  .00013185  00000-0  23802-3 0  9991
2 25544  51.6455  32.5812 0004874 242.7706 180.7473 15.50064857377244
1 25544U 98067A   23010.16744693  .00012917  00000-0  23331-3 0  9991
2 25544  51.6447  31.2662 0004832 243.8174 222.1484 15.50070646377289
1 25544U 98067A   23010.23026103  .00012846  00000-0  23206-3 0  9990
2 25544  51.6446  30.9550 0004829 244.0929 212.6220 15.50071967377297
1 25544U 98067A   23010.36490804  .00012873  00000-0  23250-3 0  9996
2 25544  51.6447  30.2879 0004852 244.3468 244.2313 15.50075686377311
1 25544U 98067A   23010.49847571  .00012968  00000-0  23413-3 0  9993
2 25544  51.6448  29.6261 0004816 244.8760 269.5408 15.50079716377334
1 25544U 98067A   23010.56076449  .00012949  00000-0  23378-3 0  9998
2 25544  51.6448  29.3174 0004816 245.1039 257.1319 15.50081336377343
1 25544U 98067A   23010.86811098  .00012988  00000-0  23438-3 0  9998
2 25544  51.6448  27.7940 0004820 245.8755 172.5824 15.50089739377394
1 25544U 98067A   23011.19642118  .00013162  00000-0  23733-3 0  9993
2 25544  51.6447  26.1669 0004833 246.9374 204.8178 15.50099545377440
1 25544U 98067A   23011.38710730  .00013448  00000-0  24225-3 0  9994
2 25544  51.6446  25.2221 0004801 247.9459 188.6154 15.50106114377470
1 25544U 98067A   23011.52688837  .00013386  00000-0  24115-3 0  9991
2 25544  51.6439  24.5314 0004710 251.3875 245.7186 15.50109801377495
1 25544U 98067A   23011.75581019  .00013367  00000-0  24077-3 0  9996
2 25544  51.6440  23.3972 0004793 251.2545  84.1727 15.50115985377528
1 25544U 98067A   23011.90161534  .00013422  00000-0  24168-3 0  9992
2 25544  51.6441  22.6748 0004709 252.6043 177.0168 15.50120441377554
1 25544U 98067A   23012.03511778  .00013612  00000-0  24495-3 0  9990
2 25544  51.6441  22.0130 0004681 253.4770 201.6446 15.50125359377576
1 25544U 98067A   23012.22974153  .00013722  00000-0  24681-3 0  9990
2 25544  51.6445  21.0490 0004692 254.2437 207.6879 15.50131427377602
1 25544U 98067A   23012.36472407  .00013987  00000-0  25136-3 0  9999
2 25544  51.6441  20.3801 0004680 255.7672 239.9330 15.50136457377620
1 25544U 98067A   23012.49368625  .00014135  00000-0  25389-3 0  9995
2 25544  51.6444  19.7413 0004623 257.3668 238.4830 15.50140878377647
1 25544U 98067A   23012.86910741  .00014350  00000-0  25752-3 0  9991
2 25544  51.6445  17.8812 0004629 257.4863 174.7993 15.50152799377708
1 25544U 98067A   23013.13501760  .00014516  00000-0  26033-3 0  9996
2 25544  51.6446  16.5635 0004640 258.8926 218.3050 15.50161468377742
1 25544U 98067A   23013.27468750  .00014624  00000-0  26216-3 0  9995
2 25544  51.6444  15.8712 0004631 260.0076 277.1463 15.50166123377765
1 25544U 98067A   23013.45358267  .00014835  00000-0  26576-3 0  9999
2 25544  51.6444  14.9850 0004589 262.0511 194.1080 15.50172483377798
1 25544U 98067A   23013.75672454  .00014894  00000-0  26669-3 0  9997
2 25544  51.6445  13.4824 0004570 263.6558  85.3468 15.50182049377837
1 25544U 98067A   23013.90154755  .00014972  00000-0  26800-3 0  9997
2 25544  51.6445  12.7649 0004566 263.2498 174.4973 15.50186895377865
1 25544U 98067A   23014.03236365  .00014956  00000-0  26768-3 0  9995
2 25544  51.6443  12.1166 0004553 263.4412 184.8305 15.50190781377880
1 25544U 98067A   23014.24376157  .00014920  00000-0  26700-3 0  9999
2 25544  51.6444  11.0691 0004538 264.1586 284.6387 15.50196940377911
1 25544U 98067A   23014.48681925  .00014980  00000-0  26798-3 0  9990
2 25544  51.6442   9.8650 0004534 265.3547 200.7773 15.50204773377951
1 25544U 98067A   23014.72118056  .00014451  00000-0  25875-3 0  9995
2 25544  51.6442   8.7055 0004497 267.8438  67.0600 15.50210747377986
1 25544U 98067A   23014.86766524  .00014995  00000-0  26811-3 0  9993
2 25544  51.6443   7.9772 0004594 267.0589 165.8890 15.50216749378012
1 25544U 98067A   23015.00092256  .00015093  00000-0  26976-3 0  9996
2 25544  51.6443   7.3168 0004594 267.5314 189.5920 15.50221512378039
1 25544U 98067A   23015.24926413  .00015339  00000-0  27395-3 0  9992
2 25544  51.6449   6.0856 0004611 269.2290 134.7610 15.50230391378074
1 25544U 98067A   23015.45284620  .00015592  00000-0  27825-3 0  9991
2 25544  51.6452   5.0771 0004544 269.9590 190.9455 15.50238108378107
1 25544U 98067A   23015.58281632  .00015642  00000-0  27907-3 0  9992
2 25544  51.6452   4.4330 0004540 270.1442 196.5861 15.50242512378126
1 25544U 98067A   23015.72337065  .00015781  00000-0  28143-3 0  9997
2 25544  51.6453   3.7365 0004512 270.1896 261.4800 15.50247850378146
1 25544U 98067A   23015.90123340  .00016054  00000-0  28606-3 0  9994
2 25544  51.6458   2.8548 0004498 271.7203 173.2471 15.50255288378177
1 25544U 98067A   23016.09516850  .00016241  00000-0  28922-3 0  9996
2 25544  51.6456   1.8935 0004475 272.9858 175.0395 15.50262752378201
1 25544U 98067A   23016.23981481  .00016705  00000-0  29717-3 0  9996
2 25544  51.6458   1.1770 0004489 274.6349 261.2008 15.50270363378220
1 25544U 98067A   23016.35618922  .00017079  00000-0  30357-3 0  9993
2 25544  51.6455   0.6011 0004489 274.5854 191.1667 15.50275923378240
1 25544U 98067A   23016.49200878  .00017182  00000-0  30530-3 0  9993
2 25544  51.6455 359.9278 0004507 275.1027 229.1610 15.50281121378264
1 25544U 98067A   23016.72193287  .00017386  00000-0  30872-3 0  9999
2 25544  51.6456 358.7882 0004466 274.4680  73.8620 15.50290388378297
1 25544U 98067A   23016.86771919  .00017661  00000-0  31340-3 0  9995
2 25544  51.6460 358.0650 0004424 274.4118 168.1040 15.50297127378324
1 25544U 98067A   23017.12465252  .00020062  00000-0  35457-3 0  9997
2 25544  51.6451 356.7934 0004555 276.4155 161.0382 15.50315885378369
1 25544U 98067A   23017.24191884  .00020097  00000-0  35511-3 0  9996
2 25544  51.6452 356.2118 0004559 276.8258  95.5414 15.50320828378383
1 25544U 98067A   23017.32954517  .00020750  00000-0  36630-3 0  9994
2 25544  51.6459 355.7786 0004470 277.7894 223.9598 15.50326267378397
1 25544U 98067A   23017.57369539  .00020897  00000-0  36869-3 0  9991
2 25544  51.6459 354.5681 0004449 278.9561 146.3440 15.50337058378437
1 25544U 98067A   23017.68978009  .00020572  00000-0  36302-3 0  9993
2 25544  51.6437 353.9657 0004830 297.5015  56.1209 15.50340685378446
1 25544U 98067A   23017.90059159  .00019614  00000-0  34649-3 0  9991
2 25544  51.6449 352.9452 0004467 278.4611 172.5215 15.50346151378485
1 25544U 98067A   23018.03359563  .00019537  00000-0  34509-3 0  9997
2 25544  51.6450 352.2866 0004415 279.6042 194.1949 15.50350931378501
1 25544U 98067A   23018.22944190  .00019654  00000-0  34701-3 0  9998
2 25544  51.6450 351.3148 0004457 282.0307 205.5608 15.50358905378533
1 25544U 98067A   23018.36344718  .00019639  00000-0  34669-3 0  9999
2 25544  51.6453 350.6526 0004463 281.1231 234.8857 15.50364195378552
1 25544U 98067A   23018.42561734  .00019671  00000-0  34721-3 0  9990
2 25544  51.6453 350.3445 0004455 281.5207 221.7089 15.50366821378568
1 25544U 98067A   23018.65581019  .00019616  00000-0  34615-3 0  9994
2 25544  51.6455 349.2035 0004471 281.7022  67.1596 15.50375778378596
1 25544U 98067A   23018.92230418  .00019235  00000-0  34615-3 0  9995
2 25544  51.6419 347.8950 0005548 242.5926 154.0554 15.49826825378648
1 25544U 98067A   23019.00006807  .00019221  00000-0  34615-3 0  9993
2 25544  51.6424 347.5154 0005584 239.4092 231.3801 15.49806889378659
1 25544U 98067A   23019.26336709  .00053599  00000-0  94564-3 0  9993
2 25544  51.6435 346.1972 0005021 247.1897 253.6173 15.49843814378691
1 25544U 98067A   23019.26336709  .00058794  00000-0  10358-2 0  9993
2 25544  51.6439 346.1972 0005032 248.0707 252.7361 15.49845718378691
1 25544U 98067A   23019.38502698  .00044714  00000-0  79094-3 0  9998
2 25544  51.6441 345.5952 0005080 248.4872 211.5591 15.49849381378716
1 25544U 98067A   23019.70001241  .00024229  00000-0  43334-3 0  9999
2 25544  51.6442 344.0344 0005011 250.8093 167.8318 15.49851292378761
1 25544U 98067A   23019.90096810  .00023141  00000-0  41416-3 0  9998
2 25544  51.6435 343.0390 0004986 253.3803 207.2299 15.49860644378791
1 25544U 98067A   23020.03323145  .00018967  00000-0  34109-3 0  9999
2 25544  51.6439 342.3840 0005033 253.9974 225.0575 15.49860639378818
1 25544U 98067A   23020.29675578  .00017813  00000-0  32077-3 0  9998
2 25544  51.6441 341.0787 0005005 255.2885 255.0734 15.49868912378858
1 25544U 98067A   23020.35183345  .00018988  00000-0  34130-3 0  9997
2 25544  51.6434 340.8051 0005080 255.3607 202.5139 15.49872713378868
1 25544U 98067A   23020.73360675  .00019013  00000-0  34157-3 0  9991
2 25544  51.6441 338.9151 0004982 259.1884 170.2215 15.49887740378923
1 25544U 98067A   23020.92180883  .00020150  00000-0  36135-3 0  9995
2 25544  51.6436 337.9826 0004993 261.1793 139.0217 15.49897420378953
1 25544U 98067A   23021.06137310  .00020003  00000-0  35870-3 0  9990
2 25544  51.6431 337.2906 0004982 260.9499 198.4835 15.49902523378976
1 25544U 98067A   23021.26230587  .00021323  00000-0  38162-3 0  9995
2 25544  51.6438 336.2960 0004900 261.9071 239.4122 15.49915035379001
1 25544U 98067A   23021.33036890  .00021570  00000-0  38588-3 0  9990
2 25544  51.6438 335.9588 0004886 262.1577 259.1849 15.49918676379010
1 25544U 98067A   23021.58893016  .00026763  00000-0  47621-3 0  9995
2 25544  51.6443 334.6786 0004827 262.6903 262.3175 15.49939031379055
1 25544U 98067A   23021.69953382  .00025849  00000-0  46019-3 0  9994
2 25544  51.6440 334.1302 0004806 263.3991 159.1606 15.49943919379077
1 25544U 98067A   23021.89945919  .00022028  00000-0  39353-3 0  9992
2 25544  51.6435 333.1389 0004880 264.7141 194.1136 15.49945335379104
1 25544U 98067A   23022.02763773  .00021855  00000-0  39043-3 0  9997
2 25544  51.6437 332.5033 0004885 264.9709 189.5401 15.49950403379129
1 25544U 98067A   23022.23181571  .00022074  00000-0  39411-3 0  9993
2 25544  51.6438 331.4915 0004869 264.9468 249.6000 15.49960362379152
1 25544U 98067A   23022.35183955  .00022133  00000-0  39506-3 0  9995
2 25544  51.6439 330.8963 0004842 265.9630 198.7439 15.49965998379174
1 25544U 98067A   23022.58670139  .00022153  00000-0  39527-3 0  9990
2 25544  51.6439 329.7325 0004846 266.4125  69.6655 15.49976644379202
1 25544U 98067A   23022.66531124  .00021695  00000-0  38725-3 0  9998
2 25544  51.6445 329.3439 0004771 264.8884 150.1183 15.49979944379222
1 25544U 98067A   23022.66531124  .00023336  00000-0  41579-3 0  9993
2 25544  51.6442 329.3439 0004805 266.8793 148.1320 15.49983643379229
1 25544U 98067A   23022.86757014  .00022580  00000-0  40250-3 0  9998
2 25544  51.6440 328.3406 0004833 267.5274 196.8246 15.49991415379259
1 25544U 98067A   23023.19639675  .00022910  00000-0  40801-3 0  9996
2 25544  51.6444 326.7112 0004812 268.4212 232.0022 15.50008317379301
1 25544U 98067A   23023.32449093  .00023011  00000-0  40968-3 0  9991
2 25544  51.6448 326.0766 0004765 269.3576 226.3106 15.50014863379327
1 25544U 98067A   23023.58991953  .00023092  00000-0  41091-3 0  9993
2 25544  51.6448 324.7616 0004748 269.5810 268.1793 15.50027683379364
1 25544U 98067A   23023.69922609  .00023133  00000-0  41153-3 0  9992
2 25544  51.6447 324.2201 0004764 270.0453 158.0617 15.50033056379381
1 25544U 98067A   23023.89963279  .00023328  00000-0  41477-3 0  9997
2 25544  51.6448 323.2268 0004782 271.3189 195.8284 15.50043595379416
1 25544U 98067A   23023.89963279  .00023328  00000-0  41477-3 0  9997
2 25544  51.6448 323.2268 0004782 271.3189 195.8284 15.50043595379416
1 25544U 98067A   23024.02795280  .00023530  00000-0  41818-3 0  9992
2 25544  51.6450 322.5915 0004781 271.8541 191.8157 15.50050555379437
1 25544U 98067A   23024.22871176  .00023985  00000-0  42592-3 0  9997
2 25544  51.6454 321.5971 0004783 272.8326 231.8571 15.50062079379468
1 25544U 98067A   23024.28487531  .00024083  00000-0  42757-3 0  9994
2 25544  51.6452 321.3188 0004789 273.1039 185.1992 15.50065187379477
1 25544U 98067A   23024.55410943  .00024237  00000-0  43004-3 0  9994
2 25544  51.6454 319.9849 0004776 274.2406 247.4528 15.50079045379512
1 25544U 98067A   23024.73316906  .00024370  00000-0  43221-3 0  9997
2 25544  51.6454 319.0974 0004794 275.1350 166.4282 15.50088591379546
1 25544U 98067A   23024.86609220  .00024425  00000-0  43305-3 0  9999
2 25544  51.6453 318.4386 0004806 275.3528 188.4572 15.50095477379567
1 25544U 98067A   23025.06213584  .00024575  00000-0  43550-3 0  9994
2 25544  51.6453 317.4672 0004825 276.5106 202.0171 15.50105753379590
1 25544U 98067A   23025.26302019  .00024707  00000-0  43762-3 0  9990
2 25544  51.6455 316.4721 0004807 277.3281 242.9571 15.50116449379624
1 25544U 98067A   23025.26302019  .00024715  00000-0  43775-3 0  9993
2 25544  51.6455 316.4721 0004809 277.3486 242.9368 15.50116486379628
1 25544U 98067A   23025.55310185  .00024715  00000-0  43753-3 0  9994
2 25544  51.6455 315.0345 0004804 278.5355  61.6037 15.50130975379660
1 25544U 98067A   23025.69933734  .00024770  00000-0  43837-3 0  9994
2 25544  51.6454 314.3099 0004769 277.6272 159.1176 15.50138530379690
1 25544U 98067A   23025.90228707  .00024510  00000-0  43374-3 0  9993
2 25544  51.6453 313.3040 0004742 278.2617 211.7880 15.50147061379725
1 25544U 98067A   23026.04034722  .00024543  00000-0  43420-3 0  9999
2 25544  51.6457 312.6199 0004765 279.6974 261.3096 15.50153907379740
1 25544U 98067A   23026.04034722  .00024547  00000-0  43427-3 0  9990
2 25544  51.6458 312.6199 0004765 279.4226 261.5846 15.50153925379744
1 25544U 98067A   23026.22878602  .00024464  00000-0  43270-3 0  9997
2 25544  51.6457 311.6860 0004760 280.7914 232.5046 15.50162882379776
1 25544U 98067A   23026.28446747  .00024396  00000-0  43148-3 0  9992
2 25544  51.6457 311.4103 0004792 281.1564 183.0794 15.50165374379785
1 25544U 98067A   23026.66540993  .00024244  00000-0  42857-3 0  9990
2 25544  51.6455 309.5225 0004827 282.4220 149.1142 15.50183428379845
1 25544U 98067A   23027.07145833  .00023234  00000-0  41091-3 0  9997
2 25544  51.6443 307.5113 0004776 282.7627 256.2751 15.50197303379903
1 25544U 98067A   23027.25151771  .00023241  00000-0  41091-3 0  9993
2 25544  51.6443 306.6186 0004773 283.4060 181.1579 15.50205830379931
1 25544U 98067A   23027.55332176  .00022744  00000-0  40215-3 0  9990
2 25544  51.6445 305.1233 0004855 286.0842  63.8819 15.50217736379973
1 25544U 98067A   23027.55332176  .00022758  00000-0  40238-3 0  9990
2 25544  51.6447 305.1233 0004851 285.8869  64.0796 15.50217822379970
1 25544U 98067A   23027.89856891  .00018745  00000-0  33296-3 0  9999
2 25544  51.6430 303.4156 0004851 283.7207 194.2458 15.50220375380037
1 25544U 98067A   23028.03913194  .00021754  00000-0  38481-3 0  9991
2 25544  51.6443 302.7162 0004959 283.9554 258.9968 15.50234023380057
1 25544U 98067A   23028.22814569  .00021268  00000-0  37633-3 0  9996
2 25544  51.6441 301.7807 0004961 283.5185 234.9824 15.50240119380080
1 25544U 98067A   23028.29036675  .00021068  00000-0  37286-3 0  9999
2 25544  51.6440 301.4720 0004927 282.5467 223.4305 15.50241974380092
1 25544U 98067A   23028.52354167  .00020920  00000-0  37018-3 0  9993
2 25544  51.6439 300.3153 0004951 283.6316  84.5269 15.50251265380134
1 25544U 98067A   23028.72027634  .00020486  00000-0  36261-3 0  9997
2 25544  51.6439 299.3407 0004924 287.8284  99.0033 15.50257295380165
1 25544U 98067A   23028.86509081  .00018244  00000-0  32393-3 0  9994
2 25544  51.6433 298.6263 0004574 288.3324 187.2023 15.50253619380180
1 25544U 98067A   23029.07246528  .00016664  00000-0  29660-3 0  9999
2 25544  51.6432 297.5990 0004650 286.3111 267.3195 15.50255985380213
1 25544U 98067A   23029.18871563  .00016647  00000-0  29627-3 0  9998
2 25544  51.6435 297.0230 0004646 286.1696 196.6742 15.50259829380234
1 25544U 98067A   23029.25691775  .00016663  00000-0  29651-3 0  9996
2 25544  51.6435 296.6849 0004645 287.7555 215.9706 15.50262187380242
1 25544U 98067A   23029.56454722  .00017995  00000-0  31937-3 0  9998
2 25544  51.6436 295.1592 0004747 290.2457 131.4928 15.50277466380294
1 25544U 98067A   23029.70118098  .00017673  00000-0  31376-3 0  9997
2 25544  51.6431 294.4821 0004694 288.5696 176.2208 15.50280552380313
1 25544U 98067A   23029.89234538  .00015803  00000-0  28153-3 0  9997
2 25544  51.6428 293.5346 0004553 287.9241 164.4345 15.50276269380348
1 25544U 98067A   23030.03843750  .00016560  00000-0  29450-3 0  9999
2 25544  51.6434 292.8109 0004410 289.6232 258.6252 15.50286587380364
1 25544U 98067A   23030.22282150  .00015523  00000-0  27656-3 0  9995
2 25544  51.6435 291.8965 0004577 289.8386 208.1328 15.50288450380398
1 25544U 98067A   23030.53100426  .00015252  00000-0  27180-3 0  9995
2 25544  51.6433 290.3684 0004694 292.5738 126.5125 15.50296813380446
1 25544U 98067A   23030.73101094  .00014801  00000-0  26399-3 0  9999
2 25544  51.6430 289.3774 0004529 290.9765 165.0930 15.50300713380470
1 25544U 98067A   23030.92270735  .00012277  00000-0  22041-3 0  9994
2 25544  51.6436 288.4282 0004934 297.6548 148.9640 15.50296141380504
1 25544U 98067A   23031.12703044  .00012461  00000-0  22354-3 0  9993
2 25544  51.6436 287.4148 0004759 294.3369 213.3840 15.50302673380534
1 25544U 98067A   23031.19183383  .00012034  00000-0  21617-3 0  9995
2 25544  51.6437 287.0940 0004835 295.6186 214.0137 15.50303496380549
1 25544U 98067A   23031.38669409  .00012020  00000-0  21588-3 0  9996
2 25544  51.6437 286.1280 0004820 296.1718 221.7141 15.50308313380573
1 25544U 98067A   23031.56487611  .00012511  00000-0  22433-3 0  9994
2 25544  51.6437 285.2443 0004771 296.1624 136.8391 15.50314228380604
1 25544U 98067A   23031.69840606  .00013050  00000-0  23358-3 0  9991
2 25544  51.6434 284.5820 0004797 296.5619 162.1841 15.50319480380627
1 25544U 98067A   23031.89406853  .00012191  00000-0  21874-3 0  9991
2 25544  51.6433 283.6121 0004719 296.3673 175.1106 15.50320722380654
1 25544U 98067A   23032.08288244  .00011898  00000-0  21365-3 0  9993
2 25544  51.6434 282.6761 0004766 300.0617 145.9076 15.50324176380688
1 25544U 98067A   23032.22283410  .00012077  00000-0  21670-3 0  9998
2 25544  51.6441 281.9830 0004882 301.0444 206.5388 15.50328676380705
1 25544U 98067A   23032.45151620  .00012068  00000-0  21651-3 0  9999
2 25544  51.6441 280.8493 0004886 302.2562  42.4891 15.50334342380732
1 25544U 98067A   23032.52962091  .00012029  00000-0  21583-3 0  9990
2 25544  51.6441 280.4620 0004877 302.9124 118.0388 15.50336111380750
1 25544U 98067A   23032.59683535  .00012234  00000-0  21934-3 0  9998
2 25544  51.6437 280.1282 0004952 302.6733 133.6680 15.50338838380760
1 25544U 98067A   23032.73112231  .00011715  00000-0  21038-3 0  9992
2 25544  51.6431 279.4632 0004722 301.9177 164.3927 15.50339175380785
1 25544U 98067A   23032.85876834  .00011621  00000-0  20874-3 0  9994
2 25544  51.6432 278.8303 0004711 302.2454 156.9560 15.50341833380801
1 25544U 98067A   23033.06078645  .00011490  00000-0  20646-3 0  9993
2 25544  51.6430 277.8287 0004766 303.9579 203.4966 15.50345976380838
1 25544U 98067A   23033.18918240  .00011442  00000-0  20561-3 0  9993
2 25544  51.6430 277.1923 0004788 304.2965 200.2412 15.50348828380857
1 25544U 98067A   23033.56591352  .00011267  00000-0  20253-3 0  9999
2 25544  51.6430 275.3244 0004873 306.2354 142.3276 15.50356943380910
1 25544U 98067A   23033.90410880  .00011188  00000-0  20111-3 0  9998
2 25544  51.6422 273.6483 0004824 307.2030 230.1737 15.50364318380963
1 25544U 98067A   23034.09286435  .00011259  00000-0  20231-3 0  9998
2 25544  51.6424 272.7108 0004697 307.9199 203.6625 15.50369178380993
1 25544U 98067A   23034.21948524  .00011361  00000-0  20404-3 0  9992
2 25544  51.6420 272.0853 0004811 309.2927 189.4695 15.50372651381013
1 25544U 98067A   23034.52951294  .00006729  00000-0  12420-3 0  9995
2 25544  51.6428 270.5488 0004358 313.5722 116.6685 15.50364268381066
1 25544U 98067A   23034.65695583 -.00768921  00000-0 -14871-1 0  9996
2 25544  51.6362 269.9081 0010633 313.7840 107.6245 15.49420889381084
1 25544U 98067A   23034.66467359 -.00565422  00000-0 -10807-1 0  9991
2 25544  51.6398 269.8752 0009040 315.0391 149.4648 15.49465728381085
1 25544U 98067A   23034.98201049  .00049394  00000-0  87946-3 0  9991
2 25544  51.6429 268.3093 0008661 309.4201 126.5134 15.49593503381132
1 25544U 98067A   23035.12172678  .00032925  00000-0  58999-3 0  9991
2 25544  51.6441 267.6153 0008917 312.2336 183.6248 15.49599057381152
1 25544U 98067A   23035.56371721  .00019294  00000-0  34975-3 0  9991
2 25544  51.6423 265.4314 0008372 312.5319 130.6015 15.49599083381227
1 25544U 98067A   23035.69666365  .00008902  00000-0  16600-3 0  9995
2 25544  51.6420 264.7747 0008620 314.4274 150.8239 15.49588766381243
1 25544U 98067A   23035.89163228  .00008240  00000-0  15426-3 0  9997
2 25544  51.6423 263.8092 0008538 314.7800 158.8256 15.49591033381276
1 25544U 98067A   23036.02583449  .00011074  00000-0  20441-3 0  9996
2 25544  51.6424 263.1448 0008325 314.9292 187.8291 15.49598172381290
1 25544U 98067A   23036.22173786  .00010856  00000-0  20054-3 0  9994
2 25544  51.6426 262.1755 0008177 315.4619 200.8788 15.49603028381324
1 25544U 98067A   23036.46311102  .00012560  00000-0  23061-3 0  9991
2 25544  51.6427 260.9798 0008239 316.0995 107.6552 15.49611742381360
1 25544U 98067A   23036.53014505  .00012343  00000-0  22676-3 0  9996
2 25544  51.6428 260.6478 0008271 316.5492 121.4091 15.49613438381373
1 25544U 98067A   23036.73018344  .00010966  00000-0  20239-3 0  9995
2 25544  51.6425 259.6572 0008241 317.6123 157.0132 15.49614912381406
1 25544U 98067A   23036.92618800  .00012950  00000-0  23742-3 0  9996
2 25544  51.6425 258.6869 0008079 317.6503 171.1358 15.49622045381431
1 25544U 98067A   23037.06033896  .00011680  00000-0  21495-3 0  9990
2 25544  51.6427 258.0219 0008251 318.5711 199.0889 15.49624190381452
1 25544U 98067A   23037.25243672  .00011698  00000-0  21524-3 0  9998
2 25544  51.6427 257.0704 0008259 319.2943 190.7209 15.49628908381481
1 25544U 98067A   23037.35454861  .00011712  00000-0  21547-3 0  9995
2 25544  51.6427 256.5646 0008251 319.6329  40.4072 15.49631432381502
1 25544U 98067A   23037.56104797  .00011849  00000-0  21785-3 0  9993
2 25544  51.6425 255.5420 0008258 320.3825 112.4143 15.49636939381535
1 25544U 98067A   23037.69601222  .00011883  00000-0  21841-3 0  9993
2 25544  51.6426 254.8733 0008269 320.8811 145.3384 15.49640401381550
1 25544U 98067A   23037.88453675  .00012029  00000-0  22097-3 0  9998
2 25544  51.6427 253.9395 0008245 321.2765 117.3645 15.49645655381580
1 25544U 98067A   23038.08846098  .00012300  00000-0  22570-3 0  9994
2 25544  51.6425 252.9281 0008282 322.2597 174.7759 15.49651825381619
1 25544U 98067A   23038.21978890  .00012299  00000-0  22565-3 0  9996
2 25544  51.6425 252.2774 0008280 322.7326 187.4330 15.49655130381633
1 25544U 98067A   23038.32129630  .00014376  00000-0  26225-3 0  9993
2 25544  51.6429 251.7773 0008243 323.0854  33.7469 15.49662718381646
1 25544U 98067A   23038.53049328  .00023384  00000-0  42073-3 0  9999
2 25544  51.6425 250.7424 0008115 322.8729 121.8174 15.49683445381686
1 25544U 98067A   23038.78910568  .00019030  00000-0  34402-3 0  9999
2 25544  51.6431 249.4599 0008387 325.0253 123.3716 15.49687526381727
1 25544U 98067A   23038.87321759  .00017137  00000-0  31070-3 0  9991
2 25544  51.6427 249.0437 0007982 324.7575 233.2015 15.49687977381736
1 25544U 98067A   23039.05791565  .00017615  00000-0  31902-3 0  9993
2 25544  51.6432 248.1296 0008064 325.6084 183.4434 15.49695988381767
1 25544U 98067A   23039.11061543  .00017541  00000-0  31768-3 0  9994
2 25544  51.6432 247.8687 0008308 326.4840 116.7658 15.49697602381770
1 25544U 98067A   23039.35126157  .00018513  00000-0  33470-3 0  9995
2 25544  51.6435 246.6776 0008099 327.1964  19.4926 15.49708715381800
1 25544U 98067A   23039.56700557  .00017978  00000-0  32519-3 0  9997
2 25544  51.6432 245.6075 0008128 327.5664 143.5464 15.49715713381848
1 25544U 98067A   23039.69706633  .00018204  00000-0  32909-3 0  9998
2 25544  51.6430 244.9631 0008133 327.8921 149.3097 15.49721357381860
1 25544U 98067A   23039.88879073  .00019859  00000-0  35807-3 0  9995
2 25544  51.6424 244.0154 0008096 329.1844 138.3627 15.49732786381899
1 25544U 98067A   23040.08981449  .00019969  00000-0  35990-3 0  9995
2 25544  51.6424 243.0195 0008099 329.9902 179.8206 15.49741256381928
1 25544U 98067A   23040.28721612  .00020006  00000-0  36041-3 0  9993
2 25544  51.6425 242.0416 0008432 331.3267 200.5285 15.49749397381952
1 25544U 98067A   23040.39562529  .00020695  00000-0  37246-3 0  9997
2 25544  51.6423 241.5065 0008219 331.4824  85.6013 15.49755163381978
1 25544U 98067A   23040.53079799  .00020829  00000-0  37472-3 0  9995
2 25544  51.6428 240.8355 0008263 332.1826 119.5515 15.49762373381993
1 25544U 98067A   23040.91588742  .00021016  00000-0  37778-3 0  9998
2 25544  51.6428 238.9283 0008176 332.8673 108.7706 15.49779516382058
1 25544U 98067A   23040.99359970  .00021153  00000-0  38013-3 0  9990
2 25544  51.6429 238.5437 0008203 333.2748 182.2231 15.49783246382061
1 25544U 98067A   23041.04956278  .00020007  00000-0  36003-3 0  9995
2 25544  51.6423 238.2657 0008388 332.3085 135.6185 15.49782020382074
1 25544U 98067A   23041.56335622  .00020480  00000-0  36802-3 0  9998
2 25544  51.6424 235.7202 0008268 334.5040 121.9130 15.49805588382157
1 25544U 98067A   23041.56335622  .00020480  00000-0  36802-3 0  9998
2 25544  51.6424 235.7202 0008268 334.5040 121.9130 15.49805588382157
1 25544U 98067A   23041.89347980  .00021223  00000-0  38082-3 0  9992
2 25544  51.6429 234.0850 0008252 336.5890 162.9201 15.49822492382204
1 25544U 98067A   23042.07948190  .00021292  00000-0  38191-3 0  9990
2 25544  51.6425 233.1630 0008264 337.3488 120.6232 15.49830872382230
1 25544U 98067A   23042.21879962  .00021274  00000-0  38152-3 0  9993
2 25544  51.6425 232.4726 0008278 337.8370 177.9576 15.49836785382255
1 25544U 98067A   23042.28672317  .00021228  00000-0  38065-3 0  9997
2 25544  51.6425 232.1370 0008596 338.6033 196.4108 15.49839485382263
1 25544U 98067A   23042.39672367  .00021290  00000-0  38166-3 0  9995
2 25544  51.6426 231.5923 0008621 338.8987  90.2622 15.49844576382281
1 25544U 98067A   23042.53025486  .00021490  00000-0  38507-3 0  9996
2 25544  51.6425 230.9302 0008586 339.1150 115.5752 15.49851508382301
1 25544U 98067A   23042.92634023  .00022196  00000-0  39713-3 0  9996
2 25544  51.6419 228.9687 0008602 340.5458 165.5747 15.49872389382368
1 25544U 98067A   23043.21820602  .00022444  00000-0  40127-3 0  9996
2 25544  51.6422 227.5225 0008544 340.6710 355.0152 15.49886827382405
1 25544U 98067A   23043.43167310  .00030675  00000-0  54419-3 0  9994
2 25544  51.6409 226.4659 0009094 341.9279 105.6520 15.49919423382445
1 25544U 98067A   23043.56364072  .00028007  00000-0  49767-3 0  9998
2 25544  51.6412 225.8118 0009295 344.2291 120.1598 15.49920051382463
1 25544U 98067A   23043.89276421  .00027234  00000-0  48395-3 0  9991
2 25544  51.6419 224.1819 0009177 344.3481 157.6746 15.49936243382517
1 25544U 98067A   23043.96079693  .00027306  00000-0  48513-3 0  9993
2 25544  51.6419 223.8443 0009195 344.7688 177.1125 15.49940187382520
1 25544U 98067A   23044.25320602  .00025205  00000-0  44837-3 0  9996
2 25544  51.6420 222.3972 0009244 346.7653   7.7709 15.49951031382562
1 25544U 98067A   23044.33012403  .00023433  00000-0  41754-3 0  9998
2 25544  51.6424 222.0167 0009018 346.7560  77.2509 15.49951622382583
1 25544U 98067A   23044.52990984  .00024643  00000-0  43845-3 0  9995
2 25544  51.6423 221.0255 0009075 346.1584 113.3564 15.49961738382618
1 25544U 98067A   23044.72244041  .00024605  00000-0  43763-3 0  9990
2 25544  51.6424 220.0720 0009078 346.5000 108.0197 15.49970992382643
1 25544U 98067A   23044.86056051  .00025066  00000-0  44550-3 0  9994
2 25544  51.6423 219.3891 0009188 347.0920 158.6367 15.49979671382666
1 25544U 98067A   23045.04567422  .00025280  00000-0  44905-3 0  9996
2 25544  51.6424 218.4720 0009250 348.1349 111.2013 15.49989886382690
1 25544U 98067A   23045.21667824  .00023259  00000-0  41392-3 0  9993
2 25544  51.6421 217.6258 0008926 349.6412 344.5138 15.49992589382716
1 25544U 98067A   23045.36571807  .00025035  00000-0  44457-3 0  9993
2 25544  51.6423 216.8870 0009214 348.9875  97.3640 15.50004743382747
1 25544U 98067A   23045.62437314  .00024615  00000-0  43712-3 0  9992
2 25544  51.6411 215.6042 0009083 349.2798 101.3246 15.50015539382781
1 25544U 98067A   23045.69151348  .00024581  00000-0  43647-3 0  9998
2 25544  51.6410 215.2713 0009138 349.1629 116.3348 15.50018653382794
1 25544U 98067A   23045.82682127  .00024521  00000-0  43533-3 0  9995
2 25544  51.6410 214.6010 0009145 349.6943 151.3295 15.50025084382818
1 25544U 98067A   23045.94522148  .00024199  00000-0  42967-3 0  9995
2 25544  51.6409 214.0144 0009174 350.9938  91.1484 15.50029799382839
1 25544U 98067A   23046.26338337  .00023658  00000-0  42005-3 0  9998
2 25544  51.6404 212.4386 0009338 352.3538  66.3374 15.50042869382888
1 25544U 98067A   23046.33235144  .00023566  00000-0  41842-3 0  9994
2 25544  51.6404 212.0968 0009312 352.6402  91.1572 15.50045791382899
1 25544U 98067A   23046.59814536  .00023205  00000-0  41201-3 0  9999
2 25544  51.6404 210.7788 0009131 353.5043 134.4482 15.50056619382931
1 25544U 98067A   23046.70518584  .00023196  00000-0  41179-3 0  9999
2 25544  51.6404 210.2481 0009174 353.6284  12.0271 15.50061646382956
1 25544U 98067A   23046.85917733  .00023077  00000-0  40962-3 0  9991
2 25544  51.6405 209.4854 0009131 354.4251 151.1060 15.50068409382974
1 25544U 98067A   23047.15298611  .00022214  00000-0  39448-3 0  9991
2 25544  51.6399 208.0318 0009249 355.0534 351.0845 15.50079208383014
1 25544U 98067A   23047.42183986  .00023210  00000-0  41151-3 0  9990
2 25544  51.6397 206.6993 0009381 355.8381  51.5918 15.50095694383065
1 25544U 98067A   23047.56537642  .00023068  00000-0  40896-3 0  9993
2 25544  51.6393 205.9882 0009357 356.5079 132.4336 15.50101685383088
1 25544U 98067A   23047.82862581  .00023302  00000-0  41282-3 0  9996
2 25544  51.6397 204.6847 0009364 357.5003 161.4479 15.50115003383129
1 25544U 98067A   23048.01179604  .00023312  00000-0  41287-3 0  9991
2 25544  51.6397 203.7771 0009324 358.5098 103.2826 15.50123663383150
1 25544U 98067A   23048.26087718  .00024231  00000-0  42852-3 0  9992
2 25544  51.6393 202.5437 0009527 358.8336  53.8706 15.50138443383198
1 25544U 98067A   23048.35037287  .00023514  00000-0  41609-3 0  9990
2 25544  51.6397 202.0987 0009448 359.4932 192.9698 15.50140668383207
1 25544U 98067A   23048.53220763  .00023244  00000-0  41134-3 0  9996
2 25544  51.6392 201.1978 0009372   0.3823 127.4793 15.50147905383232
1 25544U 98067A   23048.72541649  .00023238  00000-0  41110-3 0  9993
2 25544  51.6392 200.2399 0009407   0.7451 126.0402 15.50156970383266
1 25544U 98067A   23048.91511656  .00023249  00000-0  41115-3 0  9996
2 25544  51.6393 199.2996 0009398   1.6207 104.5009 15.50165925383292
1 25544U 98067A   23049.18784862  .00026492  00000-0  46704-3 0  9999
2 25544  51.6393 197.9475 0009398   2.6072 186.5190 15.50175399383332
1 25544U 98067A   23049.23038703  .00027089  00000-0  47728-3 0  9991
2 25544  51.6384 197.7422 0009500   3.1161  63.5560 15.50178861383345
1 25544U 98067A   23049.29866071  .00004454  00000-0  85451-4 0  9991
2 25544  51.6414 197.4046 0009577   2.7211  85.2114 15.50167101383355
1 25544U 98067A   23049.63607639  .00018963  00000-0  33677-3 0  9994
2 25544  51.6388 195.7286 0009543   3.6761 168.4929 15.50185461383408
1 25544U 98067A   23049.69183859  .00018632  00000-0  33103-3 0  9990
2 25544  51.6391 195.4528 0009572   3.7231 119.8395 15.50186661383414
1 25544U 98067A   23049.88211228  .00018716  00000-0  33240-3 0  9998
2 25544  51.6392 194.5095 0009567   4.4902 101.6324 15.50194160383448
1 25544U 98067A   23050.19584422  .00018139  00000-0  32230-3 0  9990
2 25544  51.6391 192.9542 0009743   5.6449  52.4779 15.50204018383497
1 25544U 98067A   23050.38370686  .00017978  00000-0  31944-3 0  9997
2 25544  51.6393 192.0226 0009722   6.3932  20.8348 15.50210334383524
1 25544U 98067A   23050.58757273  .00017402  00000-0  30944-3 0  9991
2 25544  51.6393 191.0122 0009615   6.9019  78.7997 15.50215394383557
1 25544U 98067A   23050.79154880  .00017254  00000-0  30681-3 0  9992
2 25544  51.6393 190.0013 0009649   7.5960 137.2024 15.50221950383584
1 25544U 98067A   23050.90915690  .00017249  00000-0  30668-3 0  9998
2 25544  51.6393 189.4183 0009660   8.0568  73.5234 15.50226084383608
1 25544U 98067A   23050.90915690  .00019097  00000-0  33852-3 0  9999
2 25544  51.6393 189.4175 0009582   7.6791  73.9158 15.50232555383604
1 25544U 98067A   23051.36495299 -.01256871  00000-0 -25100-1 0  9999
2 25544  51.6370 187.1475 0008028   6.6873  99.5559 15.48984843383678
1 25544U 98067A   23051.55722113  .00107056  00000-0  19138-2 0  9990
2 25544  51.6381 186.2131 0005172  11.8510  87.3829 15.49155322383704
1 25544U 98067A   23051.70349537  .00122187  00000-0  21760-2 0  9998
2 25544  51.6386 185.4887 0005033  12.1711 183.3818 15.49195194383729
1 25544U 98067A   23051.82592965  .00059966  00000-0  10809-2 0  9992
2 25544  51.6389 184.8838 0004870  14.3893 144.4317 15.49186847383743
1 25544U 98067A   23052.08627873  .00025296  00000-0  46280-3 0  9990
2 25544  51.6389 183.5966 0005009  12.2674 159.4740 15.49178732383784
1 25544U 98067A   23052.19760620  .00023295  00000-0  42686-3 0  9993
2 25544  51.6388 183.0457 0005313  12.3121  60.7128 15.49181900383807
1 25544U 98067A   23052.38451573  .00021406  00000-0  39294-3 0  9991
2 25544  51.6386 182.1199 0005240  12.7328  23.3861 15.49187897383833
1 25544U 98067A   23052.59112363  .00013830  00000-0  25703-3 0  9997
2 25544  51.6383 181.0981 0005163  12.6559  96.4790 15.49183904383866
1 25544U 98067A   23052.84831380  .00014842  00000-0  27512-3 0  9996
2 25544  51.6384 179.8241 0005178  13.9624  90.4922 15.49193269383905
1 25544U 98067A   23053.15075231  .00015180  00000-0  28109-3 0  9995
2 25544  51.6384 178.3269 0005159  15.2167 337.0877 15.49203346383946
1 25544U 98067A   23053.23195950  .00016894  00000-0  31175-3 0  9995
2 25544  51.6385 177.9244 0005298  15.4932  70.0230 15.49210555383960
1 25544U 98067A   23053.36606105  .00016605  00000-0  30653-3 0  9998
2 25544  51.6385 177.2603 0005320  15.9334  97.9818 15.49214405383989
1 25544U 98067A   23053.57315972  .00016275  00000-0  30055-3 0  9999
2 25544  51.6387 176.2356 0005268  16.5866 173.1166 15.49220419384013
1 25544U 98067A   23053.69333167  .00016305  00000-0  30104-3 0  9997
2 25544  51.6388 175.6411 0005259  17.1242 123.2448 15.49224525384037
1 25544U 98067A   23053.81514089  .00016472  00000-0  30399-3 0  9996
2 25544  51.6387 175.0380 0005222  17.7830  82.3928 15.49229129384059
1 25544U 98067A   23054.05209491  .00016424  00000-0  30306-3 0  9996
2 25544  51.6387 173.8649 0005245  18.6637 323.9337 15.49236956384080
1 25544U 98067A   23054.08647934  .00016425  00000-0  30306-3 0  9998
2 25544  51.6387 173.6946 0005244  18.7627 155.7322 15.49238117384094
1 25544U 98067A   23054.19898951  .00028694  00000-0  52216-3 0  9992
2 25544  51.6393 173.1409 0005751  19.2646  63.1475 15.49255948384115
1 25544U 98067A   23054.39969716  .00016427  00000-0  30296-3 0  9997
2 25544  51.6390 172.1471 0005518  18.5460 104.0061 15.49250053384148
1 25544U 98067A   23054.58928243  .00016742  00000-0  30854-3 0  9998
2 25544  51.6389 171.2069 0005307  19.9715  80.6577 15.49256544384178
1 25544U 98067A   23054.72618734  .00016796  00000-0  30944-3 0  9994
2 25544  51.6389 170.5293 0005299  20.5920 124.1064 15.49261473384199
1 25544U 98067A   23054.78226885  .00016810  00000-0  30967-3 0  9994
2 25544  51.6389 170.2517 0005291  20.7901  76.9011 15.49263456384209
1 25544U 98067A   23055.08365741  .00016813  00000-0  30962-3 0  9991
2 25544  51.6389 168.7596 0005291  21.9119 317.8443 15.49273832384241
1 25544U 98067A   23055.16561388  .00016938  00000-0  31182-3 0  9998
2 25544  51.6388 168.3534 0005337  21.8259  55.3377 15.49277264384268
1 25544U 98067A   23055.28849572  .00024278  00000-0  44273-3 0  9996
2 25544  51.6391 167.7482 0005816  21.6474  21.3351 15.49291943384283
1 25544U 98067A   23055.36715531  .00017001  00000-0  31285-3 0  9997
2 25544  51.6387 167.3561 0005418  22.9195  99.0673 15.49284681384295
1 25544U 98067A   23055.57290509  .00017000  00000-0  31277-3 0  9993
2 25544  51.6389 166.3375 0005390  23.7047 166.5963 15.49291762384327
1 25544U 98067A   23055.76102899  .00017033  00000-0  31328-3 0  9991
2 25544  51.6390 165.4065 0005379  24.5892 135.6596 15.49298512384351
1 25544U 98067A   23055.87981774  .00017046  00000-0  31346-3 0  9994
2 25544  51.6390 164.8184 0005376  25.0602  78.1686 15.49302695384379
1 25544U 98067A   23056.12914976  .00017055  00000-0  31354-3 0  9992
2 25544  51.6390 163.5842 0005369  26.0221  28.7760 15.49311435384417
1 25544U 98067A   23056.21825668  .00017079  00000-0  31393-3 0  9990
2 25544  51.6390 163.1430 0005372  26.3006 165.8227 15.49314688384429
1 25544U 98067A   23056.39727578  .00024502  00000-0  44615-3 0  9990
2 25544  51.6395 162.2594 0005553  31.0555  80.2188 15.49330183384455
1 25544U 98067A   23056.53869213  .00017279  00000-0  31735-3 0  9991
2 25544  51.6393 161.5584 0005574  27.5318 153.0177 15.49326803384477
1 25544U 98067A   23056.71722560  .00017344  00000-0  31845-3 0  9999
2 25544  51.6391 160.6734 0005483  28.4624  68.5337 15.49333413384508
1 25544U 98067A   23056.91304722  .00017343  00000-0  31836-3 0  9996
2 25544  51.6391 159.7038 0005486  29.1217  80.8131 15.49340352384535
1 25544U 98067A   23057.09645598  .00017347  00000-0  31835-3 0  9998
2 25544  51.6391 158.7961 0005487  29.8043  23.7935 15.49346863384568
1 25544U 98067A   23057.23046214  .00017425  00000-0  31968-3 0  9998
2 25544  51.6391 158.1326 0005480  30.2174  51.3174 15.49352144384584
1 25544U 98067A   23057.36772830  .00017620  00000-0  32312-3 0  9993
2 25544  51.6390 157.4550 0005497  32.0781  95.5839 15.49356794384602
1 25544U 98067A   23057.57067130  .00017185  00000-0  31528-3 0  9990
2 25544  51.6391 156.4498 0005527  31.2351 149.1257 15.49362822384633
1 25544U 98067A   23057.69404740  .00017303  00000-0  31732-3 0  9994
2 25544  51.6391 155.8385 0005544  31.5962 117.3777 15.49367684384658
1 25544U 98067A   23057.74978802  .00017271  00000-0  31674-3 0  9994
2 25544  51.6392 155.5626 0005498  31.7421  68.3426 15.49369485384662
1 25544U 98067A   23058.02087164  .00017260  00000-0  31643-3 0  9992
2 25544  51.6391 154.2207 0005572  32.5418 140.5767 15.49379000384700
1 25544U 98067A   23058.25274275  .00017252  00000-0  31621-3 0  9995
2 25544  51.6391 153.0723 0005566  33.2369 354.0623 15.49387188384749
1 25544U 98067A   23058.33153021  .00017222  00000-0  31564-3 0  9992
2 25544  51.6390 152.6823 0005553  33.7359  73.3155 15.49389973384750
1 25544U 98067A   23058.52728191  .00017481  00000-0  32015-3 0  9998
2 25544  51.6389 151.7134 0005680  34.1943  85.4500 15.49398246384782
1 25544U 98067A   23058.79061655  .00017820  00000-0  32607-3 0  9996
2 25544  51.6395 150.4097 0005636  34.7943 114.6707 15.49409691384826
1 25544U 98067A   23058.98789094  .00018435  00000-0  33688-3 0  9994
2 25544  51.6393 149.4335 0005506  37.6234 132.9660 15.49420902384850
1 25544U 98067A   23059.09656420  .00018541  00000-0  33872-3 0  9996
2 25544  51.6392 148.8961 0005310  39.2889  17.8749 15.49425452384870
1 25544U 98067A   23059.22311389  .00017717  00000-0  32407-3 0  9990
2 25544  51.6394 148.2679 0005594  36.8369   6.6465 15.49424695384893
1 25544U 98067A   23059.42649794  .00020820  00000-0  37893-3 0  9999
2 25544  51.6397 147.2641 0005146  32.2811  66.5136 15.49451328384926
1 25544U 98067A   23059.56104113  .00031454  00000-0  56682-3 0  9997
2 25544  51.6405 146.6007 0005660  38.2933  91.5201 15.49486467384942
1 25544U 98067A   23059.75698547  .00034612  00000-0  62223-3 0  9994
2 25544  51.6420 145.6312 0005694  39.6755 103.8805 15.49505794384976
1 25544U 98067A   23059.95558604  .00033204  00000-0  59713-3 0  9991
2 25544  51.6424 144.6484 0005763  39.5965 132.5267 15.49516197385003
1 25544U 98067A   23060.20169737  .00031645  00000-0  56934-3 0  9995
2 25544  51.6397 143.4285 0005961  40.9898  64.9091 15.49527717385046
1 25544U 98067A   23060.58741481  .00027985  00000-0  50444-3 0  9990
2 25544  51.6421 141.5182 0005965  42.8614  56.0898 15.49540202385108
1 25544U 98067A   23060.72453421  .00027779  00000-0  50068-3 0  9993
2 25544  51.6419 140.8390 0005926  43.3718 100.9839 15.49547192385127
1 25544U 98067A   23061.03183443  .00027328  00000-0  49242-3 0  9994
2 25544  51.6420 139.3169 0006091  43.6617  16.0634 15.49562665385178
1 25544U 98067A   23061.23196975  .00026950  00000-0  48563-3 0  9995
2 25544  51.6403 138.3257 0006133  41.7532  55.1306 15.49569302385207
1 25544U 98067A   23061.69029897  .00026576  00000-0  47867-3 0  9993
2 25544  51.6407 136.0569 0006168  40.2914  95.0403 15.49590425385276
1 25544U 98067A   23062.53026366  .00019618  00000-0  35558-3 0  9998
2 25544  51.6396 131.9005 0006043  47.9989  96.1739 15.49607045385406
1 25544U 98067A   23062.59626272  .00020433  00000-0  36991-3 0  9995
2 25544  51.6412 131.5712 0005952  51.3433 101.2629 15.49611808385416
1 25544U 98067A   23062.65702307  .00022568  00000-0  40746-3 0  9990
2 25544  51.6415 131.2703 0006062  51.6021  80.1973 15.49621529385424
1 25544U 98067A   23062.92194759  .00020759  00000-0  37547-3 0  9991
2 25544  51.6414 129.9587 0005914  53.9758 116.7112 15.49626938385468
1 25544U 98067A   23063.15848575  .00021312  00000-0  38508-3 0  9993
2 25544  51.6412 128.7878 0005716  55.1878 355.9514 15.49639727385501
1 25544U 98067A   23063.22450867  .00022115  00000-0  39914-3 0  9998
2 25544  51.6411 128.4610 0005989  52.6011   7.1083 15.49645808385519
1 25544U 98067A   23063.49497122  .00021946  00000-0  39601-3 0  9996
2 25544  51.6412 127.1216 0005923  54.3301  75.2192 15.49657509385559
1 25544U 98067A   23063.56245575  .00021979  00000-0  39654-3 0  9991
2 25544  51.6414 126.7877 0005937  54.4365  91.8432 15.49660777385568
1 25544U 98067A   23063.69158385  .00021974  00000-0  39638-3 0  9994
2 25544  51.6415 126.1481 0005925  54.9786  92.1558 15.49666556385589
1 25544U 98067A   23063.88807068  .00021962  00000-0  39603-3 0  9993
2 25544  51.6414 125.1747 0005907  55.8601 108.1623 15.49675272385618
1 25544U 98067A   23063.95465891  .00021970  00000-0  39614-3 0  9996
2 25544  51.6415 124.8449 0005908  56.0918 119.6610 15.49678287385622
1 25544U 98067A   23064.25918737  .00022096  00000-0  39817-3 0  9997
2 25544  51.6414 123.3367 0005854  58.0440  17.7584 15.49692569385678
1 25544U 98067A   23064.32835543  .00022325  00000-0  40214-3 0  9996
2 25544  51.6409 122.9953 0005817  57.7649  44.1757 15.49696561385687
1 25544U 98067A   23064.59569838  .00022651  00000-0  40768-3 0  9992
2 25544  51.6409 121.6717 0005861  58.4802  95.9363 15.49710030385729
1 25544U 98067A   23064.65729714  .00022759  00000-0  40953-3 0  9995
2 25544  51.6409 121.3668 0005874  58.8594  79.4424 15.49713298385732
1 25544U 98067A   23064.88621528  .00022820  00000-0  41046-3 0  9997
2 25544  51.6409 120.2328 0005881  59.8810 276.3963 15.49724096385760
1 25544U 98067A   23064.88621528  .00022820  00000-0  41046-3 0  9997
2 25544  51.6409 120.2328 0005881  59.8810 276.3963 15.49724096385760
1 25544U 98067A   23065.22572131  .00022590  00000-0  40620-3 0  9992
2 25544  51.6411 118.5510 0005929  61.4968  10.1401 15.49738329385824
1 25544U 98067A   23065.56188042  .00022317  00000-0  40123-3 0  9998
2 25544  51.6407 116.8871 0005825  62.8608  85.4637 15.49751744385878
1 25544U 98067A   23065.85346065 -.00237128  00000-0 -43914-2 0  9991
2 25544  51.6403 115.4541 0004677  45.2208 290.4086 15.49218773385919
1 25544U 98067A   23065.91996528 -.00088316  00000-0 -15959-2 0  9994
2 25544  51.6433 115.1153 0005780  43.4194 303.4079 15.49283232385928
1 25544U 98067A   23066.06649205 -.00284860  00000-0 -52888-2 0  9992
2 25544  51.6420 114.4036 0006692  55.1746  29.4918 15.49307073385952
1 25544U 98067A   23066.19942997 -.00133287  00000-0 -24244-2 0  9991
2 25544  51.6388 113.7342 0006616  51.1967  55.4308 15.49299426385970
1 25544U 98067A   23066.59174225  .00066534  00000-0  11882-2 0  9998
2 25544  51.6401 111.7906 0006758  46.3047  89.9767 15.49395021386039
1 25544U 98067A   23066.65796090  .00063326  00000-0  11315-2 0  9992
2 25544  51.6402 111.4629 0006757  46.8215  99.0592 15.49401145386044
1 25544U 98067A   23066.85609216  .00019871  00000-0  36289-3 0  9991
2 25544  51.6413 110.4849 0006819  50.8033 120.9155 15.49377008386073
1 25544U 98067A   23067.03336791  .00028446  00000-0  51506-3 0  9994
2 25544  51.6411 109.6078 0007003  49.3991  31.7857 15.49395650386102
1 25544U 98067A   23067.29441345  .00019787  00000-0  36118-3 0  9994
2 25544  51.6405 108.3151 0006622  52.4078  45.7944 15.49395622386145
1 25544U 98067A   23067.36115392  .00018677  00000-0  34141-3 0  9993
2 25544  51.6405 107.9846 0006609  52.1744  58.5396 15.49396926386155
1 25544U 98067A   23067.55683839  .00020344  00000-0  37093-3 0  9993
2 25544  51.6406 107.0158 0006673  52.7738  70.1625 15.49407673386183
1 25544U 98067A   23067.62495171  .00020388  00000-0  37168-3 0  9992
2 25544  51.6406 106.6785 0006674  53.0231  90.0916 15.49410577386199
1 25544U 98067A   23067.93329804  .00008611  00000-0  16201-3 0  9995
2 25544  51.6409 105.1531 0006810  54.2527   9.8655 15.49393939386244
1 25544U 98067A   23068.02382199  .00113866  00000-0  20351-2 0  9991
2 25544  51.6306 104.7169 0004218  59.8197 149.3776 15.49133225386251
1 25544U 98067A   23068.26111490  .00011463  00000-0  21553-3 0  9997
2 25544  51.6353 103.5331 0005425  63.5496  29.7943 15.49045556386296
1 25544U 98067A   23068.53091169  .00057768  00000-0  10448-2 0  9995
2 25544  51.6385 102.1977 0005740  65.2163  93.7092 15.49102498386332
1 25544U 98067A   23068.82500000  .00042917  00000-0  77931-3 0  9997
2 25544  51.6392 100.7438 0005811  66.9477 293.1209 15.49117990386374
1 25544U 98067A   23069.03459235  .00034090  00000-0  62131-3 0  9993
2 25544  51.6395  99.7059 0005719  68.4724  21.2178 15.49122278386417
1 25544U 98067A   23069.23474716  .00016482  00000-0  30538-3 0  9997
2 25544  51.6405  98.7111 0005682  67.2948  59.3492 15.49112999386444
1 25544U 98067A   23069.40931888  .00014277  00000-0  26567-3 0  9991
2 25544  51.6413  97.8474 0005568  69.3621 311.4819 15.49117634386478
1 25544U 98067A   23069.49665953  .00016359  00000-0  30307-3 0  9997
2 25544  51.6414  97.4159 0005599  69.6476  78.6048 15.49123493386487
1 25544U 98067A   23069.55246074  .00024074  00000-0  44152-3 0  9999
2 25544  51.6404  97.1398 0005656  68.7192  30.9412 15.49135819386499
1 25544U 98067A   23069.93338119  .00024063  00000-0  44103-3 0  9997
2 25544  51.6403  95.2542 0005656  70.0863 355.3409 15.49154387386557
1 25544U 98067A   23070.06773741  .00022488  00000-0  41274-3 0  9992
2 25544  51.6398  94.5887 0005664  70.9363  24.2765 15.49156435386572
1 25544U 98067A   23070.38949279  .00020448  00000-0  37604-3 0  9994
2 25544  51.6400  92.9989 0005506  69.7821  21.0237 15.49164690386628
1 25544U 98067A   23070.59328765  .00021270  00000-0  39064-3 0  9994
2 25544  51.6407  91.9902 0005601  73.0674  75.0614 15.49175766386656
1 25544U 98067A   23070.78979324  .00021479  00000-0  39426-3 0  9991
2 25544  51.6408  91.0181 0005617  74.1589  90.6162 15.49184970386682
1 25544U 98067A   23070.90128928  .00021692  00000-0  39798-3 0  9990
2 25544  51.6407  90.4653 0005703  75.2100 351.8013 15.49190700386703
1 25544U 98067A   23071.10172505  .00021638  00000-0  39690-3 0  9994
2 25544  51.6404  89.4735 0005770  75.3454  30.2537 15.49199336386732
1 25544U 98067A   23071.22950734  .00021411  00000-0  39277-3 0  9995
2 25544  51.6409  88.8414 0005771  75.2083  23.5161 15.49204123386753
1 25544U 98067A   23071.43150681  .00021322  00000-0  39105-3 0  9992
2 25544  51.6409  87.8416 0005753  76.1205  69.9283 15.49212518386789
1 25544U 98067A   23071.54827727  .00020248  00000-0  37177-3 0  9999
2 25544  51.6406  87.2645 0005798  75.6223   2.1013 15.49215649386808
1 25544U 98067A   23071.68319538  .00021419  00000-0  39265-3 0  9991
2 25544  51.6407  86.5957 0005672  76.8295  33.8603 15.49223715386821
1 25544U 98067A   23071.82688985  .00021293  00000-0  39031-3 0  9993
2 25544  51.6405  85.8839 0005740  78.1829 114.4512 15.49229443386845
1 25544U 98067A   23072.05672641  .00024952  00000-0  45555-3 0  9994
2 25544  51.6402  84.7456 0005939  76.6202 318.7095 15.49241662386889
1 25544U 98067A   23072.18799488  .00019339  00000-0  35521-3 0  9992
2 25544  51.6407  84.0968 0005877  78.5186 329.4010 15.49238013386903
1 25544U 98067A   23072.52057119  .00020150  00000-0  36953-3 0  9991
2 25544  51.6404  82.4510 0005813  79.4938  24.5250 15.49253053386955
1 25544U 98067A   23072.83551765  .00019982  00000-0  36637-3 0  9991
2 25544  51.6406  80.8915 0005807  81.0948 340.6442 15.49265283387001
1 25544U 98067A   23073.03484856  .00019566  00000-0  35886-3 0  9993
2 25544  51.6402  79.9046 0005839  81.8569  12.3506 15.49271322387031
1 25544U 98067A   23073.10292466  .00019275  00000-0  35364-3 0  9993
2 25544  51.6401  79.5678 0005782  81.9873  32.1530 15.49272775387044
1 25544U 98067A   23073.22725079  .00019153  00000-0  35140-3 0  9994
2 25544  51.6402  78.9524 0005759  82.5097   5.5018 15.49277100387061
1 25544U 98067A   23073.36569740  .00019001  00000-0  34864-3 0  9994
2 25544  51.6403  78.2673 0005725  83.4155  57.2753 15.49281621387083
1 25544U 98067A   23074.25993649  .00012453  00000-0  23271-3 0  9996
2 25544  51.6405  73.8477 0005966  92.9777 358.0886 15.49128914387220
1 25544U 98067A   23074.38786450  .00020600  00000-0  37906-3 0  9993
2 25544  51.6415  73.2144 0005971  93.8782 351.1056 15.49140895387245
1 25544U 98067A   23074.46494745  .00032151  00000-0  58587-3 0  9997
2 25544  51.6403  72.8326 0006029  93.4934  61.6668 15.49155088387252
1 25544U 98067A   23074.72540663  .00021450  00000-0  39410-3 0  9991
2 25544  51.6403  71.5436 0006064  94.5830  74.0951 15.49156511387295
1 25544U 98067A   23074.72540663  .00023725  00000-0  43488-3 0  9998
2 25544  51.6406  71.5438 0006034  92.9969  75.6791 15.49158170387294
1 25544U 98067A   23074.90154380  .00023366  00000-0  42831-3 0  9997
2 25544  51.6407  70.6725 0006006  95.0918 336.5499 15.49166824387324
1 25544U 98067A   23075.22800690  .00009049  00000-0  17122-3 0  9992
2 25544  51.6403  69.0572 0006098 100.0219 353.4983 15.49160485387372
1 25544U 98067A   23075.23172105  .00018076  00000-0  33334-3 0  9999
2 25544  51.6401  69.0379 0006032  97.2915  16.9613 15.49172669387371
1 25544U 98067A   23075.36642584  .00018991  00000-0  34968-3 0  9996
2 25544  51.6402  68.3710 0006072  97.6622  48.3414 15.49179330387398
1 25544U 98067A   23075.43289200  .00020037  00000-0  36839-3 0  9999
2 25544  51.6403  68.0422 0006068  97.4505  59.4848 15.49183853387400
1 25544U 98067A   23075.55043120  .00020558  00000-0  37766-3 0  9999
2 25544  51.6402  67.4604 0006054  98.1942 354.7006 15.49189765387429
1 25544U 98067A   23075.87043874  .00021660  00000-0  39718-3 0  9994
2 25544  51.6402  65.8762 0006024  98.8281 339.9669 15.49206000387473
1 25544U 98067A   23076.33355252  .00020713  00000-0  37999-3 0  9999
2 25544  51.6407  63.5846 0006095 100.8446  42.5157 15.49223261387546
1 25544U 98067A   23076.46214245  .00020748  00000-0  38053-3 0  9999
2 25544  51.6407  62.9479 0006088 101.0634  39.9442 15.49228809387567
1 25544U 98067A   23076.65779065  .00020652  00000-0  37871-3 0  9997
2 25544  51.6407  61.9791 0006073 101.8114  51.0927 15.49236710387594
1 25544U 98067A   23076.72542369  .00020495  00000-0  37587-3 0  9999
2 25544  51.6408  61.6449 0006044 101.8633  68.4944 15.49238954387601
1 25544U 98067A   23076.72542369  .00020495  00000-0  37587-3 0  9999
2 25544  51.6408  61.6449 0006044 101.8633  68.4944 15.49238954387601
1 25544U 98067A   23076.83697927  .00020369  00000-0  37356-3 0  9996
2 25544  51.6408  61.0927 0006072 102.3418 330.6007 15.49243121387622
1 25544U 98067A   23076.95719767  .00020454  00000-0  37502-3 0  9994
2 25544  51.6409  60.4976 0006088 103.6296 280.2479 15.49248301387645
1 25544U 98067A   23077.21401792  .00019319  00000-0  35464-3 0  9993
2 25544  51.6408  59.2264 0006107 105.3588 271.8164 15.49254095387683
1 25544U 98067A   23077.36925388  .00019081  00000-0  35032-3 0  9998
2 25544  51.6407  58.4577 0006060 105.8710  57.6734 15.49259083387708
1 25544U 98067A   23077.42870586  .00019077  00000-0  35022-3 0  9998
2 25544  51.6407  58.1634 0006059 106.0946  29.2524 15.49261381387718
1 25544U 98067A   23077.69324005  .00018741  00000-0  34412-3 0  9996
2 25544  51.6408  56.8546 0005970 106.1404  65.5750 15.49269967387753
1 25544U 98067A   23077.99257223  .00018209  00000-0  33449-3 0  9994
2 25544  51.6404  55.3731 0006122 107.4234 294.8764 15.49278596387800
1 25544U 98067A   23078.00448664  .00018112  00000-0  33276-3 0  9999
2 25544  51.6405  55.3142 0006135 107.9749   0.8186 15.49278544387803
1 25544U 98067A   23078.20096814  .00017732  00000-0  32589-3 0  9990
2 25544  51.6406  54.3415 0006238 109.4384  15.9299 15.49283728387837
1 25544U 98067A   23078.39998922  .00017686  00000-0  32499-3 0  9999
2 25544  51.6406  53.3563 0006222 109.9442  46.1828 15.49290675387869
1 25544U 98067A   23078.46264956  .00017684  00000-0  32493-3 0  9992
2 25544  51.6406  53.0460 0006221 110.1775  35.6652 15.49292926387874
1 25544U 98067A   23078.66085926  .00017689  00000-0  32493-3 0  9997
2 25544  51.6406  52.0647 0006219 110.9061  61.1750 15.49300118387903
1 25544U 98067A   23078.89179992  .00017362  00000-0  31904-3 0  9993
2 25544  51.6406  50.9220 0006135 110.5583 270.4347 15.49306640387946
1 25544U 98067A   23079.03815557  .00016821  00000-0  30934-3 0  9995
2 25544  51.6408  50.1970 0006203 111.3415   6.4805 15.49308950387965
1 25544U 98067A   23079.42898256  .00015754  00000-0  29018-3 0  9990
2 25544  51.6412  48.2628 0006159 112.0657  27.0298 15.49317299388023
1 25544U 98067A   23079.48674860  .00015807  00000-0  29112-3 0  9993
2 25544  51.6409  47.9767 0006133 112.0753 349.4260 15.49319350388039
1 25544U 98067A   23079.73818497  .00015771  00000-0  29040-3 0  9997
2 25544  51.6409  46.7319 0006101 112.4919 312.3369 15.49327314388074
1 25544U 98067A   23079.87218834  .00015558  00000-0  28656-3 0  9996
2 25544  51.6406  46.0718 0006135 111.8377 340.8929 15.49330280388091
1 25544U 98067A   23080.12985697  .00015383  00000-0  28336-3 0  9995
2 25544  51.6412  44.7936 0006124 114.4775 336.3766 15.49337956388135
1 25544U 98067A   23080.26813490  .00015338  00000-0  28250-3 0  9996
2 25544  51.6415  44.1101 0006135 114.9983  27.6264 15.49342139388158
1 25544U 98067A   23080.38988954  .00015304  00000-0  28187-3 0  9999
2 25544  51.6415  43.5078 0006133 115.2181 346.9578 15.49345862388179
1 25544U 98067A   23080.59213334  .00015261  00000-0  28104-3 0  9996
2 25544  51.6417  42.5066 0006123 115.9816  34.9851 15.49352032388207
1 25544U 98067A   23080.70512120  .00015280  00000-0  28135-3 0  9999
2 25544  51.6417  41.9472 0006129 116.4287 305.1642 15.49355675388224
1 25544U 98067A   23080.83902292  .00015283  00000-0  28135-3 0  9999
2 25544  51.6417  41.2842 0006128 116.9281 332.0201 15.49359891388242
1 25544U 98067A   23081.03898101  .00015358  00000-0  28263-3 0  9990
2 25544  51.6417  40.2943 0006096 117.6201   7.3764 15.49366819388274
1 25544U 98067A   23081.23536847  .00015504  00000-0  28517-3 0  9993
2 25544  51.6415  39.3221 0006075 118.2167  22.9014 15.49373629388307
1 25544U 98067A   23081.36343941  .00015575  00000-0  28639-3 0  9991
2 25544  51.6416  38.6887 0006071 118.7594  17.1799 15.49378099388327
1 25544U 98067A   23081.62874546  .00015580  00000-0  28639-3 0  9996
2 25544  51.6416  37.3750 0006069 119.7368  56.9978 15.49386609388369
1 25544U 98067A   23081.73785554  .00015582  00000-0  28639-3 0  9990
2 25544  51.6416  36.8347 0006071 120.1415 305.5892 15.49390109388387
1 25544U 98067A   23081.87225215  .00015935  00000-0  29262-3 0  9993
2 25544  51.6418  36.1698 0006055 120.4003 335.4746 15.49396602388406
1 25544U 98067A   23082.12970756  .00016190  00000-0  29707-3 0  9997
2 25544  51.6419  34.8951 0005978 121.0982 331.7746 15.49406253388447
1 25544U 98067A   23082.39717484  .00016571  00000-0  30373-3 0  9997
2 25544  51.6420  33.5716 0006039 122.8804  22.8850 15.49417071388483
1 25544U 98067A   23082.39717484  .00016571  00000-0  30373-3 0  9997
2 25544  51.6420  33.5716 0006039 122.8805  22.8850 15.49417071388484
1 25544U 98067A   23082.77276304  .00016825  00000-0  30810-3 0  9998
2 25544  51.6419  31.7118 0006068 124.0360 318.1210 15.49431195388541
1 25544U 98067A   23082.84000303  .00016933  00000-0  30998-3 0  9997
2 25544  51.6419  31.3787 0006057 123.8337 333.6353 15.49434153388556
1 25544U 98067A   23083.03356133  .00017108  00000-0  31302-3 0  9999
2 25544  51.6419  30.4203 0006020 124.7581 333.0904 15.49441741388580
1 25544U 98067A   23083.20466380  .00017721  00000-0  32381-3 0  9993
2 25544  51.6423  29.5762 0006008 126.3478 206.5488 15.49450638388602
1 25544U 98067A   23083.36411618  .00018007  00000-0  32882-3 0  9998
2 25544  51.6426  28.7875 0006017 126.1976  16.7212 15.49457892388630
1 25544U 98067A   23083.59472222  .00018191  00000-0  33196-3 0  9994
2 25544  51.6427  27.6456 0006097 127.2775 222.8304 15.49467369388666
1 25544U 98067A   23083.67246850  .00018332  00000-0  33443-3 0  9991
2 25544  51.6427  27.2602 0006167 127.6308 296.4423 15.49470984388687
1 25544U 98067A   23083.87238453  .00018987  00000-0  34593-3 0  9996
2 25544  51.6422  26.2701 0005998 125.9072 334.0715 15.49482451388710
1 25544U 98067A   23084.05676679  .00019384  00000-0  35287-3 0  9996
2 25544  51.6419  25.3575 0005924 126.2094 282.9659 15.49491405388742
1 25544U 98067A   23084.20248098  .00020046  00000-0  36450-3 0  9993
2 25544  51.6422  24.6365 0005913 125.8938  16.6510 15.49500614388768
1 25544U 98067A   23084.33064495  .00020909  00000-0  37966-3 0  9995
2 25544  51.6424  24.0027 0006186 130.1254   7.8345 15.49509892388789
1 25544U 98067A   23084.70602699  .00027571  00000-0  49698-3 0  9997
2 25544  51.6427  22.1468 0005888 130.9089 302.4663 15.49548613388840
1 25544U 98067A   23084.83878896  .00026934  00000-0  48562-3 0  9996
2 25544  51.6427  21.4895 0005903 131.2304 323.2280 15.49554301388867
1 25544U 98067A   23085.03395788  .00026155  00000-0  47174-3 0  9996
2 25544  51.6428  20.5198 0005791 132.0372 331.8662 15.49561904388892
1 25544U 98067A   23085.20512024  .00025932  00000-0  46768-3 0  9999
2 25544  51.6428  19.6722 0005752 132.2213 207.1276 15.49569968388914
1 25544U 98067A   23085.29744338  .00025913  00000-0  46726-3 0  9996
2 25544  51.6429  19.2151 0005757 132.7658   1.9442 15.49574754388936
1 25544U 98067A   23085.52840278  .00025950  00000-0  46772-3 0  9994
2 25544  51.6429  18.0711 0005750 133.4196 210.5462 15.49586962388960
1 25544U 98067A   23085.74047939  .00025770  00000-0  46437-3 0  9999
2 25544  51.6427  17.0209 0005769 134.2033 313.6164 15.49597137389004
1 25544U 98067A   23085.93976041  .00025289  00000-0  45576-3 0  9993
2 25544  51.6429  16.0339 0005803 135.0013 345.2444 15.49604929389038
1 25544U 98067A   23086.00105795  .00025292  00000-0  45576-3 0  9996
2 25544  51.6429  15.7303 0005803 135.2275 327.1976 15.49608083389042
1 25544U 98067A   23086.20188432  .00024982  00000-0  45015-3 0  9990
2 25544  51.6429  14.7356 0005804 135.3885   8.0988 15.49616489389078
1 25544U 98067A   23086.33125476  .00024988  00000-0  45015-3 0  9999
2 25544  51.6429  14.0948 0005803 135.8715   9.8026 15.49623065389096
1 25544U 98067A   23086.56083333  .00024998  00000-0  45015-3 0  9990
2 25544  51.6429  12.9576 0005803 136.6906 210.5712 15.49634740389120
1 25544U 98067A   23086.70684053  .00025005  00000-0  45015-3 0  9992
2 25544  51.6429  12.2344 0005803 137.2655 305.0646 15.49642167389155
1 25544U 98067A   23086.89170262  .00024411  00000-0  43958-3 0  9998
2 25544  51.6430  11.3198 0005882 137.9718 256.3172 15.49647840389186
1 25544U 98067A   23087.11709491  .00024030  00000-0  43273-3 0  9993
2 25544  51.6427  10.2045 0005925 139.0622  73.4557 15.49656807389218
1 25544U 98067A   23087.16975413  .00023901  00000-0  43043-3 0  9998
2 25544  51.6428   9.9440 0005938 139.8250   6.6590 15.49658790389221
1 25544U 98067A   23087.42115834  .00023149  00000-0  41707-3 0  9999
2 25544  51.6429   8.7001 0005782 139.9496 329.9825 15.49667684389260
1 25544U 98067A   23087.49332566  .00022535  00000-0  40622-3 0  9992
2 25544  51.6427   8.3435 0005908 141.1668  11.6352 15.49668820389275
1 25544U 98067A   23087.56265429  .00023174  00000-0  41740-3 0  9995
2 25544  51.6429   7.9993 0005796 140.4783  39.3557 15.49674467389285
1 25544U 98067A   23087.67332255  .00023018  00000-0  41458-3 0  9992
2 25544  51.6429   7.4513 0005888 141.6160 296.0251 15.49679008389304
1 25544U 98067A   23087.74403900  .00023558  00000-0  42403-3 0  9996
2 25544  51.6437   7.1017 0005533 141.6175 330.8107 15.49685431389317
1 25544U 98067A   23087.87270052  .00029877  00000-0  53474-3 0  9990
2 25544  51.6420   6.4657 0005772 142.1937 328.5238 15.49707242389334
1 25544U 98067A   23088.08098380  .00030532  00000-0  54595-3 0  9991
2 25544  51.6421   5.4335 0005829 143.4013  50.0954 15.49721800389360
1 25544U 98067A   23088.26221505  .00024873  00000-0  44665-3 0  9996
2 25544  51.6425   4.5351 0005716 143.4859 341.7493 15.49718085389397
1 25544U 98067A   23088.46018744  .00049479  00000-0  87606-3 0  9998
2 25544  51.6432   3.5570 0005809 146.3940   4.1326 15.49773635389424
1 25544U 98067A   23088.63976610  .00039281  00000-0  69794-3 0  9990
2 25544  51.6427   2.6677 0005712 146.1232 286.9579 15.49778825389450
1 25544U 98067A   23088.77333606  .00037436  00000-0  66556-3 0  9990
2 25544  51.6424   2.0057 0005658 147.0295 311.7514 15.49784665389478
1 25544U 98067A   23088.83886978  .00037791  00000-0  67162-3 0  9990
2 25544  51.6424   1.6813 0005687 147.1679 317.4832 15.49790316389489
1 25544U 98067A   23089.01611083  .00036782  00000-0  65377-3 0  9999
2 25544  51.6426   0.8034 0005589 146.7746 227.3966 15.49800708389516
1 25544U 98067A   23089.07075666  .00036111  00000-0  64198-3 0  9992
2 25544  51.6427   0.5328 0005588 147.8833 171.3701 15.49802746389517
1 25544U 98067A   23089.17170997  .00030110  00000-0  53719-3 0  9996
2 25544  51.6425   0.0310 0005885 149.0909  13.7638 15.49793248389535
1 25544U 98067A   23089.35406344  .00030332  00000-0  54083-3 0  9995
2 25544  51.6427 359.1282 0006014 149.8412 311.0895 15.49805318389569
1 25544U 98067A   23089.49590255  .00035268  00000-0  62668-3 0  9996
2 25544  51.6426 358.4274 0005296 149.2000  23.6456 15.49830654389581
1 25544U 98067A   23089.80973234  .00211559  00000-0  37048-2 0  9995
2 25544  51.6400 356.8793 0007573 138.6476 346.0489 15.49289518389631
1 25544U 98067A   23090.06917057  .00058902  00000-0  10570-2 0  9998
2 25544  51.6422 355.5946 0007202 138.1517 354.5009 15.49307915389679
1 25544U 98067A   23090.19783697 -.00125339  00000-0 -22800-2 0  9993
2 25544  51.6417 354.9554 0007332 134.3235 356.4299 15.49256375389697
1 25544U 98067A   23090.26496853  .00041671  00000-0  75140-3 0  9996
2 25544  51.6417 354.6242 0007057 138.0418   7.4011 15.49322954389700
1 25544U 98067A   23090.26496853 -.00121133  00000-0 -22031-2 0  9990
2 25544  51.6415 354.6230 0007256 134.2299  11.1855 15.49243653389707
1 25544U 98067A   23090.76183388  .00017229  00000-0  31641-3 0  9997
2 25544  51.6406 352.1611 0006947 137.2277 261.3232 15.49324580389783
1 25544U 98067A   23090.84004966  .00014813  00000-0  27326-3 0  9991
2 25544  51.6407 351.7737 0006940 137.5615 337.5280 15.49323868389798
1 25544U 98067A   23091.10374725  .00020749  00000-0  37896-3 0  9992
2 25544  51.6419 350.4695 0007223 140.3984   6.4707 15.49341873389833
1 25544U 98067A   23091.17029035  .00023476  00000-0  42744-3 0  9998
2 25544  51.6420 350.1410 0007132 140.7394  17.5318 15.49349165389849
1 25544U 98067A   23091.23198343  .00023540  00000-0  42854-3 0  9998
2 25544  51.6420 349.8358 0007165 140.8187   1.7826 15.49352136389854
1 25544U 98067A   23091.53994771  .00023685  00000-0  43089-3 0  9991
2 25544  51.6420 348.3110 0007164 141.9683 279.4987 15.49367168389905
1 25544U 98067A   23091.72859833  .00024430  00000-0  44398-3 0  9994
2 25544  51.6420 347.3766 0007150 142.6031 251.8064 15.49378139389934
1 25544U 98067A   23091.93205159  .00023522  00000-0  42772-3 0  9998
2 25544  51.6423 346.3693 0007132 143.3495 306.6210 15.49385665389964
1 25544U 98067A   23092.03729512  .00023181  00000-0  42160-3 0  9996
2 25544  51.6424 345.8486 0007082 143.7445 173.6379 15.49389682389974
1 25544U 98067A   23092.19857081  .00023445  00000-0  42617-3 0  9996
2 25544  51.6427 345.0502 0007074 144.3638 353.1809 15.49398123390009
1 25544U 98067A   23092.46085029  .00023404  00000-0  42526-3 0  9995
2 25544  51.6427 343.7517 0007074 145.3107  16.1565 15.49410436390043
1 25544U 98067A   23092.50670376  .00023415  00000-0  42541-3 0  9994
2 25544  51.6427 343.5246 0007066 145.4812 271.9203 15.49412667390054
1 25544U 98067A   23092.70717598  .00027209  00000-0  49259-3 0  9992
2 25544  51.6443 342.5350 0006931 145.2796 311.0730 15.49425987390089
1 25544U 98067A   23092.89923959  .00027220  00000-0  49259-3 0  9995
2 25544  51.6443 341.5840 0006930 145.9946 302.3873 15.49436603390117
1 25544U 98067A   23093.16814089  .00023718  00000-0  43035-3 0  9993
2 25544  51.6437 340.2539 0006821 148.5611   0.7271 15.49443646390158
1 25544U 98067A   23093.60532799  .00023224  00000-0  42127-3 0  9990
2 25544  51.6429 338.0860 0006983 149.8126 279.7327 15.49463725390223
1 25544U 98067A   23093.73556237  .00022726  00000-0  41239-3 0  9996
2 25544  51.6425 337.4415 0007018 149.6150 286.8580 15.49467330390241
1 25544U 98067A   23094.07004410  .00022130  00000-0  40164-3 0  9990
2 25544  51.6427 335.7851 0006991 151.6009 351.8668 15.49479492390290
1 25544U 98067A   23094.07004410  .00022146  00000-0  40193-3 0  9999
2 25544  51.6428 335.7847 0006966 151.3239 352.1433 15.49479522390298
1 25544U 98067A   23094.19936069  .00022109  00000-0  40120-3 0  9995
2 25544  51.6427 335.1447 0006964 152.0059 353.2833 15.49485206390318
1 25544U 98067A   23094.26313126  .00022095  00000-0  40092-3 0  9998
2 25544  51.6427 334.8287 0006969 152.2732 348.9727 15.49487983390329
1 25544U 98067A   23094.50657977  .00022051  00000-0  39998-3 0  9995
2 25544  51.6427 333.6231 0006981 153.0607 267.0796 15.49498631390362
1 25544U 98067A   23094.70766733  .00021509  00000-0  39028-3 0  9999
2 25544  51.6421 332.6280 0007164 154.2094 308.3654 15.49504178390395
1 25544U 98067A   23094.83671916  .00021365  00000-0  38768-3 0  9991
2 25544  51.6424 331.9880 0007116 153.8989 309.0266 15.49508921390411
1 25544U 98067A   23095.03771330  .00020477  00000-0  37188-3 0  9993
2 25544  51.6426 330.9939 0007176 155.6322 349.2096 15.49512863390444
1 25544U 98067A   23095.23194501  .00019613  00000-0  35655-3 0  9991
2 25544  51.6427 330.0338 0006850 156.0082 353.0104 15.49517154390479
1 25544U 98067A   23095.39437500  .00019469  00000-0  35393-3 0  9995
2 25544  51.6430 329.2301 0006781 156.6544 179.0377 15.49522907390497
1 25544U 98067A   23095.54115885  .00016307  00000-0  29793-3 0  9996
2 25544  51.6420 328.5063 0006770 156.1433 278.8701 15.49518767390525
1 25544U 98067A   23095.74059031  .00016636  00000-0  30368-3 0  9993
2 25544  51.6421 327.5180 0006848 157.4655 310.7686 15.49525963390558
1 25544U 98067A   23095.86650751  .00019071  00000-0  34667-3 0  9994
2 25544  51.6437 326.8920 0006909 158.0162 293.1100 15.49539409390574
1 25544U 98067A   23096.00461388  .00018467  00000-0  33593-3 0  9992
2 25544  51.6436 326.2084 0007037 158.8123 343.2114 15.49541007390597
1 25544U 98067A   23096.18845088  .00017407  00000-0  31715-3 0  9991
2 25544  51.6431 325.2993 0006862 159.1562 289.0392 15.49543408390622
1 25544U 98067A   23096.39622788  .00014820  00000-0  27133-3 0  9999
2 25544  51.6424 324.2730 0006588 158.8749   9.1209 15.49542628390654
1 25544U 98067A   23096.50762824  .00015470  00000-0  28280-3 0  9994
2 25544  51.6422 323.7205 0006677 159.9339 269.9079 15.49547515390672
1 25544U 98067A   23096.71104126  .00015825  00000-0  28902-3 0  9997
2 25544  51.6410 322.7137 0006631 161.6107 323.7018 15.49555448390705
1 25544U 98067A   23096.88423170  .00016547  00000-0  30170-3 0  9990
2 25544  51.6417 321.8555 0006781 161.6809 210.4012 15.49563419390737
1 25544U 98067A   23097.09993082  .00016256  00000-0  29651-3 0  9997
2 25544  51.6417 320.7867 0006673 162.4258 333.7134 15.49569601390764
1 25544U 98067A   23097.09993082  .00016334  00000-0  29787-3 0  9994
2 25544  51.6416 320.7874 0006714 162.8689 333.2708 15.49569857390764
1 25544U 98067A   23097.32991898  .00020350  00000-0  36881-3 0  9999
2 25544  51.6397 319.6514 0006117 164.7289 175.2373 15.49582344390795
1 25544U 98067A   23097.59884483  .00017122  00000-0  31165-3 0  9992
2 25544  51.6402 318.3189 0006225 165.1937 235.9666 15.49588783390849
1 25544U 98067A   23097.73647199  .00016192  00000-0  29515-3 0  9991
2 25544  51.6405 317.6357 0006641 166.0570 283.3648 15.49590445390863
1 25544U 98067A   23097.88297454  .00016141  00000-0  29421-3 0  9992
2 25544  51.6405 316.9101 0006609 165.9008  21.3281 15.49594966390887
1 25544U 98067A   23098.06627056  .00016132  00000-0  29399-3 0  9992
2 25544  51.6405 316.0023 0006579 166.8694 323.5606 15.49600887390910
1 25544U 98067A   23098.13349461  .00016132  00000-0  29396-3 0  9998
2 25544  51.6405 315.6697 0006557 167.0001 338.6909 15.49603089390924
1 25544U 98067A   23098.36644676  .00015955  00000-0  29076-3 0  9996
2 25544  51.6405 314.5162 0006500 168.0373 198.0529 15.49610007390968
1 25544U 98067A   23098.51073282  .00015771  00000-0  28748-3 0  9993
2 25544  51.6403 313.8019 0006533 168.4522 283.0804 15.49613662390988
1 25544U 98067A   23098.70666999  .00015229  00000-0  27786-3 0  9996
2 25544  51.6396 312.8323 0006594 169.0025 296.2982 15.49616837391013
1 25544U 98067A   23098.88376014  .00015109  00000-0  27569-3 0  9997
2 25544  51.6394 311.9562 0006548 169.7513 204.1186 15.49621630391048
1 25544U 98067A   23099.10019541  .00014897  00000-0  27190-3 0  9995
2 25544  51.6394 310.8844 0006511 170.9978 331.0834 15.49627436391071
1 25544U 98067A   23099.22326483  .00014751  00000-0  26928-3 0  9991
2 25544  51.6395 310.2750 0006477 171.5737 297.5227 15.49630649391097
1 25544U 98067A   23099.36372169  .00014677  00000-0  26795-3 0  9997
2 25544  51.6394 309.5793 0006449 172.3562   0.8196 15.49634498391117
1 25544U 98067A   23099.47734626  .00014561  00000-0  26586-3 0  9999
2 25544  51.6395 309.0167 0006465 172.7034 274.7647 15.49637256391134
1 25544U 98067A   23099.67805970  .00014074  00000-0  25722-3 0  9992
2 25544  51.6392 308.0226 0006566 174.3038 313.6158 15.49640646391160
1 25544U 98067A   23099.86273939  .00013924  00000-0  25453-3 0  9991
2 25544  51.6392 307.1081 0006593 174.7557 264.1181 15.49645332391195
1 25544U 98067A   23100.00484385  .00013716  00000-0  25083-3 0  9997
2 25544  51.6391 306.4040 0006568 175.4655 336.6922 15.49648554391210
1 25544U 98067A   23100.19019884  .00013372  00000-0  24471-3 0  9993
2 25544  51.6391 305.4855 0006534 176.0618 290.8238 15.49652424391247
1 25544U 98067A   23100.44398579  .00013197  00000-0  24158-3 0  9999
2 25544  51.6391 304.2285 0006396 177.0260 266.6087 15.49658709391280
1 25544U 98067A   23100.56386093  .00013170  00000-0  24107-3 0  9995
2 25544  51.6390 303.6347 0006396 177.3045 215.5293 15.49661958391300
1 25544U 98067A   23100.83856078  .00013039  00000-0  23871-3 0  9991
2 25544  51.6391 302.2744 0006397 178.4304 307.9071 15.49668679391349
1 25544U 98067A   23100.89387752  .00013037  00000-0  23865-3 0  9996
2 25544  51.6390 302.0001 0006416 178.7555 256.3878 15.49670139391352
1 25544U 98067A   23101.60331282  .00013397  00000-0  24484-3 0  9990
2 25544  51.6390 298.4869 0006380 181.3868 254.2162 15.49691807391469
1 25544U 98067A   23101.67742072  .00013433  00000-0  24546-3 0  9990
2 25544  51.6391 298.1200 0006348 181.7761 307.5395 15.49693937391473
1 25544U 98067A   23101.86369488  .00013635  00000-0  24897-3 0  9990
2 25544  51.6391 297.1974 0006247 182.4088 266.8002 15.49699872391508
1 25544U 98067A   23102.00588002  .00013881  00000-0  25325-3 0  9992
2 25544  51.6394 296.4939 0006229 182.2948 340.6833 15.49705208391523
1 25544U 98067A   23102.06712487  .00013901  00000-0  25359-3 0  9994
2 25544  51.6394 296.1905 0006222 182.4811 322.4043 15.49707045391530
1 25544U 98067A   23102.37720667  .00013998  00000-0  25521-3 0  9994
2 25544  51.6394 294.6563 0006461 183.5725 252.3932 15.49716390391580
1 25544U 98067A   23102.51130243  .00014126  00000-0  25742-3 0  9994
2 25544  51.6393 293.9922 0006427 184.4136 280.1678 15.49721005391606
1 25544U 98067A   23102.70441747  .00014116  00000-0  25720-3 0  9994
2 25544  51.6394 293.0354 0006351 184.7958 277.8843 15.49726323391636
1 25544U 98067A   23103.34329337  .00013637  00000-0  24862-3 0  9998
2 25544  51.6394 289.8725 0006247 186.5807 242.7700 15.49743662391737
1 25544U 98067A   23103.53680603  .00014327  00000-0  26069-3 0  9993
2 25544  51.6391 288.9125 0006296 187.9910 241.7066 15.49751749391764
1 25544U 98067A   23103.87255372  .00014371  00000-0  26137-3 0  9996
2 25544  51.6392 287.2497 0006287 189.4893 314.6227 15.49761673391818
1 25544U 98067A   23104.00021873  .00014461  00000-0  26292-3 0  9991
2 25544  51.6393 286.6173 0006195 189.9492 306.8966 15.49765924391839
1 25544U 98067A   23104.37742442  .00016118  00000-0  29188-3 0  9991
2 25544  51.6390 284.7500 0006343 190.9642 251.7871 15.49783077391891
1 25544U 98067A   23105.34385800  .00015771  00000-0  28547-3 0  9992
2 25544  51.6392 279.9617 0006307 194.6134 243.7088 15.49814820392045
1 25544U 98067A   23105.53714519  .00016304  00000-0  29473-3 0  9998
2 25544  51.6389 279.0039 0006236 195.4935 241.9737 15.49824404392072
1 25544U 98067A   23105.87284601  .00017047  00000-0  30762-3 0  9997
2 25544  51.6391 277.3421 0006227 196.8973 314.8213 15.49838968392123
1 25544U 98067A   23106.22888889  .00017332  00000-0  31245-3 0  9999
2 25544  51.6393 275.5785 0006295 197.4877 142.0692 15.49852744392178
1 25544U 98067A   23106.44441399  .00017449  00000-0  31442-3 0  9992
2 25544  51.6393 274.5104 0006267 198.4423 264.4312 15.49861092392218
1 25544U 98067A   23106.50844690  .00020215  00000-0  36275-3 0  9994
2 25544  51.6392 274.1971 0005904 200.0032 260.3896 15.49871570392223
1 25544U 98067A   23106.77243927  .00020111  00000-0  36079-3 0  9996
2 25544  51.6392 272.8882 0005955 200.6729 293.6537 15.49882047392260
1 25544U 98067A   23106.83811927  .00018440  00000-0  33155-3 0  9998
2 25544  51.6391 272.5601 0006135 200.9478 300.0839 15.49880293392270
1 25544U 98067A   23107.36543405  .00025321  00000-0  45141-3 0  9994
2 25544  51.6394 269.9491 0006143 202.1589   3.0440 15.49911273392356
1 25544U 98067A   23107.54116911  .00020699  00000-0  37063-3 0  9999
2 25544  51.6393 269.0787 0006070 202.4487 263.9445 15.49914660392381
1 25544U 98067A   23107.71565398  .00019656  00000-0  35236-3 0  9996
2 25544  51.6394 268.2146 0006096 203.2981 157.3069 15.49919092392414
1 25544U 98067A   23107.98921390  .00019571  00000-0  35075-3 0  9990
2 25544  51.6391 266.8590 0006075 204.1111 243.8915 15.49929677392455
1 25544U 98067A   23108.19795662  .00019582  00000-0  35083-3 0  9996
2 25544  51.6392 265.8247 0006047 205.5734 327.9333 15.49938062392488
1 25544U 98067A   23108.43397694  .00019322  00000-0  34619-3 0  9992
2 25544  51.6395 264.6579 0006032 207.9800 203.3391 15.49946793392526
1 25544U 98067A   23108.95540690  .00019443  00000-0  34804-3 0  9995
2 25544  51.6391 262.0713 0006099 208.3097 234.4315 15.49967460392604
1 25544U 98067A   23109.39970694  .00019424  00000-0  34748-3 0  9991
2 25544  51.6384 259.8731 0006437 211.4949 192.0399 15.49984871392670
1 25544U 98067A   23109.53559294  .00019257  00000-0  34454-3 0  9994
2 25544  51.6389 259.1975 0006157 210.6524 231.6170 15.49989360392694
1 25544U 98067A   23109.73346817  .00030594  00000-0  54147-3 0  9999
2 25544  51.6390 258.2218 0006408 211.5948 255.5495 15.50009302392725
1 25544U 98067A   23110.13164068  .00019545  00000-0  34922-3 0  9993
2 25544  51.6371 256.2453 0006496 214.7549 315.6671 15.50013836392789
1 25544U 98067A   23110.39618455  .00019514  00000-0  34859-3 0  9990
2 25544  51.6391 254.9320 0006068 214.2836 353.2893 15.50024903392824
1 25544U 98067A   23110.43007450  .00021693  00000-0  38641-3 0  9996
2 25544  51.6397 254.7694 0006141 215.2286 181.5841 15.50031843392831
1 25544U 98067A   23110.56616775  .00019410  00000-0  34669-3 0  9996
2 25544  51.6392 254.0903 0006098 214.8909 221.8318 15.50031261392853
1 25544U 98067A   23110.71593750  .00019555  00000-0  34913-3 0  9992
2 25544  51.6387 253.3480 0006094 215.8203 337.1894 15.50037718392878
1 25544U 98067A   23111.47001403  .00017360  00000-0  31065-3 0  9992
2 25544  51.6391 249.6155 0006190 218.6359 225.0344 15.50062753392995
1 25544U 98067A   23111.53605740  .00024056  00000-0  42689-3 0  9997
2 25544  51.6391 249.2881 0006190 218.8833 233.5690 15.50071615393004
1 25544U 98067A   23111.53698402  .00017435  00000-0  31193-3 0  9995
2 25544  51.6390 249.2836 0006190 218.9189 238.7067 15.50065286393000
1 25544U 98067A   23111.80679479  .00018885  00000-0  33698-3 0  9990
2 25544  51.6405 247.9483 0006112 219.9813 304.2624 15.50079845393047
1 25544U 98067A   23112.16353009  .00019726  00000-0  35140-3 0  9997
2 25544  51.6398 246.1769 0006058 221.9747 134.2867 15.50096219393093
1 25544U 98067A   23112.44136294  .00020542  00000-0  36537-3 0  9992
2 25544  51.6408 244.8035 0006070 223.6531 244.0522 15.50111040393144
1 25544U 98067A   23112.64828704  .00020905  00000-0  37153-3 0  9996
2 25544  51.6409 243.7781 0006053 225.2644 317.9305 15.50121205393171
1 25544U 98067A   23112.77041343  .00020477  00000-0  36406-3 0  9990
2 25544  51.6408 243.1723 0006098 225.0285 280.1359 15.50125092393198
1 25544U 98067A   23113.58215200  .00019096  00000-0  33971-3 0  9994
2 25544  51.6413 239.1522 0005911 228.0908 129.9885 15.50158565393313
1 25544U 98067A   23113.73746781  .00020950  00000-0  37172-3 0  9992
2 25544  51.6412 238.3791 0005962 229.2359 276.1743 15.50168057393348
1 25544U 98067A   23114.17389280  .00019670  00000-0  34935-3 0  9999
2 25544  51.6414 236.2188 0005920 230.0177 192.5268 15.50183767393415
1 25544U 98067A   23114.56846125  .00022639  00000-0  40039-3 0  9999
2 25544  51.6407 234.2648 0005841 233.9101 232.0722 15.50208430393473
1 25544U 98067A   23114.76943958  .00065331  00000-0  11320-2 0  9999
2 25544  51.6366 233.2700 0005886 235.4914 272.8836 15.50264043393507
1 25544U 98067A   23115.14034597  .00035216  00000-0  61617-3 0  9996
2 25544  51.6366 231.4311 0005968 234.1810 185.5471 15.50265567393560
1 25544U 98067A   23115.53220313  .00027629  00000-0  48547-3 0  9998
2 25544  51.6404 229.4846 0005628 240.7961 207.2997 15.50274552393622
1 25544U 98067A   23116.29474727  .00025262  00000-0  44412-3 0  9990
2 25544  51.6408 225.7029 0006196 237.2828 149.4192 15.50308039393747
1 25544U 98067A   23116.75985888  .00025496  00000-0  44778-3 0  9990
2 25544  51.6396 223.3971 0006085 243.6113 220.6572 15.50331714393816
1 25544U 98067A   23117.29580829  .00021162  00000-0  37309-3 0  9994
2 25544  51.6386 220.7438 0005539 246.6442 330.8231 15.50344675393899
1 25544U 98067A   23117.53591650  .00019446  00000-0  34350-3 0  9990
2 25544  51.6406 219.5567 0005317 247.5469 230.8975 15.50349702393939
1 25544U 98067A   23117.72507036  .00019323  00000-0  34129-3 0  9994
2 25544  51.6396 218.6162 0005309 248.6829 206.1814 15.50357183393964
1 25544U 98067A   23117.99531396  .00019654  00000-0  34685-3 0  9993
2 25544  51.6402 217.2782 0005322 249.3970 274.7771 15.50368762394009
1 25544U 98067A   23118.17288796  .00022917  00000-0  40266-3 0  9995
2 25544  51.6395 216.3921 0005491 254.1975 181.7638 15.50388315394039
1 25544U 98067A   23118.43383685  .00021920  00000-0  38548-3 0  9990
2 25544  51.6392 215.1006 0005110 252.9812 200.3836 15.50394765394079
1 25544U 98067A   23118.54857039  .00020479  00000-0  36070-3 0  9997
2 25544  51.6398 214.5362 0005423 249.9785 124.1769 15.50394484394093
1 25544U 98067A   23118.75805738  .00020531  00000-0  36149-3 0  9995
2 25544  51.6399 213.4975 0005408 250.9074 213.2598 15.50403455394121
1 25544U 98067A   23118.99333333  .00020579  00000-0  36217-3 0  9996
2 25544  51.6391 212.3282 0005473 251.3788  86.8451 15.50413496394152
1 25544U 98067A   23119.26363086  .00020483  00000-0  36039-3 0  9991
2 25544  51.6392 210.9877 0005436 254.5935 153.2945 15.50424588394202
1 25544U 98067A   23119.33915411  .00020493  00000-0  36053-3 0  9991
2 25544  51.6391 210.6131 0005433 254.9361 214.7667 15.50427801394211
1 25544U 98067A   23119.53554697  .00020465  00000-0  35994-3 0  9990
2 25544  51.6393 209.6395 0005400 255.6448 230.9593 15.50435836394249
1 25544U 98067A   23119.67114167  .00020654  00000-0  36310-3 0  9992
2 25544  51.6403 208.9694 0005364 255.5541 268.3841 15.50442361394261
1 25544U 98067A   23120.23020652 -.00277946  00000-0 -50811-2 0  9992
2 25544  51.6358 206.2040 0006258 287.6342 118.3601 15.49723358394358
1 25544U 98067A   23120.30550722 -.00137492  00000-0 -24643-2 0  9991
2 25544  51.6388 205.8267 0005442 283.2281 183.1709 15.49744270394361
1 25544U 98067A   23120.56923203  .00055462  00000-0  97888-3 0  9993
2 25544  51.6397 204.5229 0005887 291.0263 207.7333 15.49813287394401
1 25544U 98067A   23120.70182420  .00057418  00000-0  10123-2 0  9996
2 25544  51.6398 203.8659 0005838 290.3324 228.6966 15.49829140394428
1 25544U 98067A   23120.99255787  .00045877  00000-0  81109-3 0  9993
2 25544  51.6400 202.4262 0005820 292.6910  49.5257 15.49848376394463