1 32384U 07062A   23001.36677924 -.00000095  00000-0  00000-0 0  9990
2 32384  56.0597 324.4516 0019650 145.1566  15.5680  2.00572424110180
1 32384U 07062A   23001.88894858 -.00000097  00000-0  00000-0 0  9996
2 32384  56.0593 324.4310 0019655 145.1223  32.6498  2.00572472110194
1 32384U 07062A   23002.37135289 -.00000098  00000-0  00000-0 0  9998
2 32384  56.0590 324.4120 0019659 145.0858  21.0203  2.00572512110200
1 32384U 07062A   23003.37615390 -.00000098  00000-0  00000-0 0  9995
2 32384  56.0582 324.3725 0019668 145.0203  26.6317  2.00572598110228
1 32384U 07062A   23004.37051851 -.00000096  00000-0  00000-0 0  9990
2 32384  56.0575 324.3333 0019677 144.9549  24.7073  2.00572677110244
1 32384U 07062A   23004.86194073 -.00000094  00000-0  00000-0 0  9996
2 32384  56.0572 324.3140 0019680 144.9157  19.5918  2.00572693110255
1 32384U 07062A   23005.37443244 -.00000091  00000-0  00000-0 0  9997
2 32384  56.0568 324.2938 0019684 144.8768  29.6906  2.00572734110261
1 32384U 07062A   23006.36701321 -.00000085  00000-0  00000-0 0  9993
2 32384  56.0561 324.2548 0019691 144.7948  26.4953  2.00572811110283
1 32384U 07062A   23007.39999167 -.00000079  00000-0  00000+0 0  9996
2 32384  56.0554 324.2142 0019702 144.6930  52.4902  2.00572869110363
1 32384U 07062A   23008.36550641 -.00000073  00000-0  00000-0 0  9999
2 32384  56.0547 324.1762 0019710 144.6115  29.7505  2.00572911110326
1 32384U 07062A   23009.23594545 -.00000069  00000-0  00000-0 0  9992
2 32384  56.0540 324.1419 0019715 144.5304 298.3583  2.00572946110342
1 32384U 07062A   23009.61760528 -.00000067  00000-0  00000-0 0  9998
2 32384  56.0538 324.1268 0019716 144.5183 213.9596  2.00572958110347
1 32384U 07062A   23010.37235868 -.00000065  00000-0  00000-0 0  9995
2 32384  56.0532 324.0971 0019729 144.4625  39.0081  2.00572987110365
1 32384U 07062A   23010.62183108 -.00000064  00000-0  00000-0 0  9991
2 32384  56.0530 324.0873 0019727 144.4450 219.1647  2.00572994110376
1 32384U 07062A   23011.35864198 -.00000062  00000-0  00000-0 0  9995
2 32384  56.0525 324.0583 0019739 144.3903  31.2566  2.00573026110384
1 32384U 07062A   23011.85911322 -.00000061  00000-0  00000-0 0  9991
2 32384  56.0521 324.0386 0019744 144.3559  32.6714  2.00573030110390
1 32384U 07062A   23012.87029635 -.00000060  00000-0  00000+0 0  9999
2 32384  56.0514 323.9988 0019753 144.2868  42.8966  2.00573057110470
1 32384U 07062A   23013.38294608 -.00000060  00000-0  00000-0 0  9991
2 32384  56.0510 323.9786 0019755 144.2472  53.1107  2.00573059110424
1 32384U 07062A   23013.82764354 -.00000060  00000-0  00000-0 0  9990
2 32384  56.0506 323.9611 0019759 144.2119  14.2533  2.00573055110436
1 32384U 07062A   23014.32756065 -.00000060  00000-0  00000-0 0  9996
2 32384  56.0503 323.9414 0019763 144.1871  15.2589  2.00573068110440
1 32384U 07062A   23015.32510073 -.00000060  00000-0  00000-0 0  9994
2 32384  56.0495 323.9020 0019772 144.1109  15.6401  2.00573085110465
1 32384U 07062A   23016.33847935 -.00000061  00000-0  00000-0 0  9997
2 32384  56.0487 323.8621 0019782 144.0274  27.4657  2.00573115110485
1 32384U 07062A   23017.42479159 -.00000062  00000-0  00000-0 0  9998
2 32384  56.0478 323.8193 0019797 143.9705  91.9285  2.00573133110508
1 32384U 07062A   23017.84295637 -.00000062  00000-0  00000-0 0  9991
2 32384  56.0475 323.8028 0019800 143.9438  33.9048  2.00573167110511
1 32384U 07062A   23018.23310389 -.00000062  00000-0  00000-0 0  9997
2 32384  56.0472 323.7874 0019804 143.9223 315.6446  2.00573174110523
1 32384U 07062A   23018.87697351 -.00000062  00000-0  00000+0 0  9993
2 32384  56.0467 323.7620 0019816 143.8712  60.6223  2.00573194110590
1 32384U 07062A   23019.33913091 -.00000062  00000-0  00000-0 0  9998
2 32384  56.0464 323.7438 0019822 143.8211  34.3878  2.00573208110540
1 32384U 07062A   23020.35234927 -.00000062  00000-0  00000-0 0  9996
2 32384  56.0456 323.7038 0019838 143.7575  46.0780  2.00573241110567
1 32384U 07062A   23024.38821637 -.00000071  00000-0  00000+0 0  9992
2 32384  56.0425 323.5447 0019903 143.5239  80.5404  2.00573453110700
1 32384U 07062A   23025.57988331 -.00000079  00000-0  00000-0 0  9998
2 32384  56.0415 323.4977 0019919 143.4779 221.0694  2.00573557110675
1 32384U 07062A   23025.82618896 -.00000081  00000-0  00000-0 0  9995
2 32384  56.0413 323.4880 0019926 143.4413  38.9593  2.00573574110671
1 32384U 07062A   23027.30054431 -.00000091  00000-0  00000+0 0  9999
2 32384  56.0402 323.4299 0019953 143.3392  23.6688  2.00573688110760
1 32384U 07062A   23027.85197656 -.00000094  00000-0  00000-0 0  9990
2 32384  56.0397 323.4081 0019967 143.3046  61.8834  2.00573722110714
1 32384U 07062A   23028.31930238 -.00000096  00000-0  00000-0 0  9995
2 32384  56.0394 323.3897 0019976 143.2710  39.3656  2.00573768110725
1 32384U 07062A   23029.31342149 -.00000099  00000-0  00000+0 0  9996
2 32384  56.0386 323.3505 0019997 143.2147  37.2596  2.00573862110803
1 32384U 07062A   23030.28073965 -.00000100  00000-0  00000-0 0  9995
2 32384  56.0378 323.3123 0020022 143.1212  15.8374  2.00573918110766
1 32384U 07062A   23031.29405919 -.00000098  00000-0  00000-0 0  9991
2 32384  56.0371 323.2724 0020046 143.0599  27.6009  2.00574000110789
1 32384U 07062A   23031.82667468 -.00000096  00000-0  00000+0 0  9996
2 32384  56.0367 323.2514 0020059 143.0276  52.2270  2.00574060110855
1 32384U 07062A   23032.30831625 -.00000093  00000-0  00000-0 0  9996
2 32384  56.0363 323.2324 0020070 142.9919  40.0487  2.00574102110802
1 32384U 07062A   23033.30286576 -.00000088  00000-0  00000-0 0  9990
2 32384  56.0356 323.1933 0020091 142.9290  38.2608  2.00574182110828
1 32384U 07062A   23033.85587446 -.00000084  00000-0  00000+0 0  9995
2 32384  56.0351 323.1715 0020102 142.8969  77.6124  2.00574229110895
1 32384U 07062A   23034.31218071 -.00000081  00000-0  00000-0 0  9990
2 32384  56.0348 323.1535 0020113 142.8577  47.1432  2.00574248110848
1 32384U 07062A   23035.27891148 -.00000075  00000-0  00000-0 0  9991
2 32384  56.0341 323.1155 0020133 142.7829  25.2802  2.00574310110860
1 32384U 07062A   23036.12340959 -.00000070  00000-0  00000+0 0  9999
2 32384  56.0334 323.0822 0020148 142.7166 275.1462  2.00574349110941
1 32384U 07062A   23036.27010282 -.00000069  00000-0  00000-0 0  9997
2 32384  56.0333 323.0764 0020157 142.7066  21.0813  2.00574359110886
1 32384U 07062A   23037.26190376 -.00000065  00000-0  00000-0 0  9996
2 32384  56.0326 323.0373 0020182 142.6285  17.3247  2.00574406110909
1 32384U 07062A   23038.21616912 -.00000061  00000-0  00000+0 0  9996
2 32384  56.0319 322.9997 0020205 142.5595 346.4552  2.00574443110984
1 32384U 07062A   23038.27308980 -.00000061  00000-0  00000-0 0  9996
2 32384  56.0318 322.9975 0020208 142.5592  27.5572  2.00574446110925
1 32384U 07062A   23038.80219895 -.00000060  00000-0  00000-0 0  9990
2 32384  56.0315 322.9766 0020220 142.5363  49.6426  2.00574467110937
1 32384U 07062A   23039.26871432 -.00000059  00000-0  00000-0 0  9990
2 32384  56.0311 322.9582 0020231 142.5037  26.5394  2.00574478110940
1 32384U 07062A   23039.78167954 -.00000058  00000-0  00000-0 0  9993
2 32384  56.0307 322.9380 0020243 142.4739  36.9743  2.00574492110952
1 32384U 07062A   23040.28590282 -.00000057  00000-0  00000+0 0  9992
2 32384  56.0304 322.9181 0020254 142.4442  41.0966  2.00574506111020
1 32384U 07062A   23041.10774505 -.00000056  00000-0  00000-0 0  9996
2 32384  56.0297 322.8857 0020272 142.3827 274.5992  2.00574525110983
1 32384U 07062A   23041.82137271 -.00000056  00000-0  00000-0 0  9998
2 32384  56.0292 322.8576 0020287 142.3615  69.9209  2.00574523110993
1 32384U 07062A   23042.11363153 -.00000056  00000-0  00000-0 0  9991
2 32384  56.0290 322.8460 0020291 142.3450 280.9738  2.00574536111004
1 32384U 07062A   23042.77786389 -.00000056  00000-0  00000+0 0  9992
2 32384  56.0285 322.8198 0020308 142.2987  40.6536  2.00574561111071
1 32384U 07062A   23043.26432483 -.00000056  00000-0  00000-0 0  9991
2 32384  56.0281 322.8006 0020319 142.2721  31.9473  2.00574572111023
1 32384U 07062A   23044.25005966 -.00000056  00000-0  00000-0 0  9993
2 32384  56.0274 322.7617 0020342 142.2231  23.7826  2.00574599111046
1 32384U 07062A   23045.24655983 -.00000055  00000-0  00000+0 0  9991
2 32384  56.0266 322.7224 0020369 142.1695  23.3956  2.00574609111124
1 32384U 07062A   23046.23965916 -.00000055  00000-0  00000-0 0  9992
2 32384  56.0259 322.6832 0020396 142.1149  20.5552  2.00574667111084
1 32384U 07062A   23046.30031041 -.00000055  00000-0  00000-0 0  9993
2 32384  56.0258 322.6808 0020400 142.1115  64.3541  2.00574669111081
1 32384U 07062A   23047.09884295 -.00000054  00000-0  00000-0 0  9996
2 32384  56.0252 322.6492 0020419 142.0858 280.9900  2.00574695111104
1 32384U 07062A   23048.27302255 -.00000053  00000-0  00000+0 0  9996
2 32384  56.0243 322.6029 0020456 142.0194  48.9171  2.00574754111180
1 32384U 07062A   23048.84449987 -.00000053  00000-0  00000-0 0  9994
2 32384  56.0239 322.5803 0020474 142.0007 101.5927  2.00574785111131
1 32384U 07062A   23049.12835639 -.00000053  00000-0  00000-0 0  9999
2 32384  56.0236 322.5691 0020477 141.9951 306.5676  2.00574799111146
1 32384U 07062A   23050.24426862 -.00000055  00000-0  00000-0 0  9990
2 32384  56.0228 322.5250 0020512 141.9375  32.4119  2.00574857111162
1 32384U 07062A   23050.24573866 -.00000055  00000-0  00000-0 0  9997
2 32384  56.0228 322.5250 0020512 141.9377  33.4732  2.00574856111165
1 32384U 07062A   23052.22938846 -.00000065  00000-0  00000+0 0  9990
2 32384  56.0212 322.4466 0020570 141.8543  25.9270  2.00574989111265
1 32384U 07062A   23053.21395251 -.00000071  00000-0  00000-0 0  9995
2 32384  56.0204 322.4078 0020600 141.8082  16.9156  2.00575060111227
1 32384U 07062A   23053.84770663 -.00000075  00000-0  00000-0 0  9992
2 32384  56.0199 322.3827 0020625 141.7874 114.5635  2.00575124111235
1 32384U 07062A   23054.22015971 -.00000078  00000-0  00000-0 0  9992
2 32384  56.0196 322.3680 0020633 141.7598  23.5354  2.00575155111243
1 32384U 07062A   23055.20789024 -.00000084  00000-0  00000+0 0  9994
2 32384  56.0189 322.3290 0020666 141.7152  16.8094  2.00575231111324
1 32384U 07062A   23055.78001411 -.00000086  00000-0  00000-0 0  9997
2 32384  56.0184 322.3064 0020689 141.6924  69.9569  2.00575283111276
1 32384U 07062A   23056.22457111 -.00000088  00000-0  00000-0 0  9991
2 32384  56.0181 322.2888 0020708 141.6503  31.0088  2.00575318111287
1 32384U 07062A   23057.23789753 -.00000089  00000-0  00000+0 0  9993
2 32384  56.0173 322.2488 0020743 141.6177  42.7541  2.00575416111361
1 32384U 07062A   23058.21438836 -.00000088  00000-0  00000-0 0  9995
2 32384  56.0166 322.2102 0020781 141.5657  27.9201  2.00575497111323
1 32384U 07062A   23059.27674571 -.00000083  00000-0  00000+0 0  9994
2 32384  56.0158 322.1683 0020815 141.5519  75.0518  2.00575587111406
1 32384U 07062A   23060.79492104 -.00000074  00000-0  00000-0 0  9994
2 32384  56.0147 322.1084 0020865 141.4980  91.3659  2.00575724111371
1 32384U 07062A   23061.72917760 -.00000068  00000-0  00000+0 0  9990
2 32384  56.0139 322.0715 0020896 141.4552  46.0266  2.00575787111450
1 32384U 07062A   23062.24461118 -.00000065  00000-0  00000-0 0  9997
2 32384  56.0136 322.0512 0020913 141.4351  58.2363  2.00575813111407
1 32384U 07062A   23062.75073750 -.00000062  00000-0  00000-0 0  9991
2 32384  56.0132 322.0312 0020929 141.4193  63.7216  2.00575852111414
1 32384U 07062A   23063.19261878 -.00000059  00000-0  00000-0 0  9996
2 32384  56.0129 322.0137 0020945 141.3911  22.8283  2.00575877111428
1 32384U 07062A   23063.71160312 -.00000056  00000-0  00000-0 0  9992
2 32384  56.0125 321.9932 0020964 141.3702  37.6035  2.00575919111431
1 32384U 07062A   23064.17621997 -.00000054  00000-0  00000+0 0  9991
2 32384  56.0121 321.9749 0020981 141.3465  13.1229  2.00575937111500
1 32384U 07062A   23064.72454133 -.00000052  00000-0  00000-0 0  9997
2 32384  56.0117 321.9532 0021001 141.3303  49.0772  2.00575958111458
1 32384U 07062A   23065.26190185 -.00000050  00000-0  00000-0 0  9999
2 32384  56.0113 321.9320 0021018 141.3150  77.1160  2.00575981111467
1 32384U 07062A   23066.20691623 -.00000047  00000-0  00000+0 0  9992
2 32384  56.0107 321.8947 0021051 141.2838  39.5342  2.00576013111543
1 32384U 07062A   23066.49155959 -.00000046  00000-0  00000-0 0  9990
2 32384  56.0105 321.8835 0021054 141.2781 245.0785  2.00576021111495
1 32384U 07062A   23067.71021541 -.00000044  00000-0  00000-0 0  9993
2 32384  56.0096 321.8354 0021099 141.2499  45.0881  2.00576056111511
1 32384U 07062A   23068.27492269 -.00000044  00000-0  00000+0 0  9993
2 32384  56.0092 321.8131 0021113 141.2448  92.8645  2.00576094111588
1 32384U 07062A   23068.76281041 -.00000043  00000-0  00000-0 0  9991
2 32384  56.0089 321.7939 0021128 141.2313  85.1777  2.00576101111531
1 32384U 07062A   23069.87696685 -.00000043  00000-0  00000-0 0  9998
2 32384  56.0081 321.7499 0021170 141.1913 169.7413  2.00576118111552
1 32384U 07062A   23070.16817142 -.00000043  00000-0  00000-0 0  9995
2 32384  56.0079 321.7384 0021179 141.1793  20.0298  2.00576123111564
1 32384U 07062A   23070.84837428 -.00000043  00000-0  00000+0 0  9998
2 32384  56.0074 321.7115 0021205 141.1613 151.2172  2.00576137111633
1 32384U 07062A   23071.15248278 -.00000042  00000-0  00000-0 0  9992
2 32384  56.0071 321.6995 0021216 141.1453  10.8277  2.00576148111581
1 32384U 07062A   23071.86290625 -.00000042  00000-0  00000-0 0  9993
2 32384  56.0066 321.6714 0021242 141.1357 163.8293  2.00576184111594
1 32384U 07062A   23072.13230477 -.00000042  00000-0  00000-0 0  9993
2 32384  56.0064 321.6608 0021251 141.1209 358.3748  2.00576193111608
1 32384U 07062A   23072.89755351 -.00000041  00000-0  00000+0 0  9997
2 32384  56.0059 321.6305 0021280 141.1150 190.9614  2.00576217111679
1 32384U 07062A   23073.28325694 -.00000041  00000-0  00000-0 0  9995
2 32384  56.0056 321.6153 0021295 141.1031 109.4868  2.00576219111624
1 32384U 07062A   23073.82671274 -.00000040  00000-0  00000-0 0  9992
2 32384  56.0052 321.5938 0021315 141.0983 141.9172  2.00576234111635
1 32384U 07062A   23074.19601505 -.00000039  00000-0  00000-0 0  9991
2 32384  56.0049 321.5792 0021327 141.0874  48.5986  2.00576246111640
1 32384U 07062A   23075.17028747 -.00000038  00000-0  00000+0 0  9999
2 32384  56.0042 321.5407 0021362 141.0780  32.1236  2.00576286111721
1 32384U 07062A   23075.78260500 -.00000038  00000-0  00000-0 0  9992
2 32384  56.0038 321.5165 0021390 141.0769 114.2755  2.00576326111672
1 32384U 07062A   23076.22727802 -.00000038  00000-0  00000-0 0  9995
2 32384  56.0034 321.4989 0021405 141.0699  75.3780  2.00576351111684
1 32384U 07062A   23076.79955010 -.00000039  00000-0  00000-0 0  9992
2 32384  56.0030 321.4763 0021428 141.0733 128.6087  2.00576381111690
1 32384U 07062A   23077.68243550 -.00000041  00000-0  00000+0 0  9992
2 32384  56.0024 321.4414 0021460 141.0601  46.1479  2.00576432111771
1 32384U 07062A   23078.24193657 -.00000043  00000-0  00000-0 0  9990
2 32384  56.0020 321.4193 0021484 141.0580  90.1624  2.00576473111724
1 32384U 07062A   23078.73103958 -.00000045  00000-0  00000-0 0  9991
2 32384  56.0016 321.4000 0021502 141.0546  83.3442  2.00576505111738
1 32384U 07062A   23079.21558819 -.00000048  00000-0  00000-0 0  9998
2 32384  56.0013 321.3808 0021521 141.0495  73.2390  2.00576537111740
1 32384U 07062A   23080.17054957 -.00000054  00000-0  00000+0 0  9995
2 32384  56.0006 321.3431 0021555 141.0400  42.8208  2.00576611111829
1 32384U 07062A   23080.77748549 -.00000059  00000-0  00000-0 0  9994
2 32384  56.0001 321.3191 0021582 141.0446 121.0809  2.00576641111771
1 32384U 07062A   23081.79386997 -.00000066  00000-0  00000-0 0  9990
2 32384  55.9994 321.2789 0021621 141.0402 135.0112  2.00576724111794
1 32384U 07062A   23082.21477802 -.00000068  00000-0  00000+0 0  9995
2 32384  55.9991 321.2623 0021639 141.0290  78.9583  2.00576771111869
1 32384U 07062A   23082.70366688 -.00000071  00000-0  00000-0 0  9993
2 32384  55.9987 321.2430 0021659 141.0260  71.9854  2.00576814111816
1 32384U 07062A   23083.27949597 -.00000073  00000-0  00000-0 0  9994
2 32384  55.9983 321.2202 0021683 141.0341 127.7804  2.00576848111829
1 32384U 07062A   23083.81411764 -.00000075  00000-0  00000-0 0  9996
2 32384  55.9979 321.1991 0021703 141.0372 153.8253  2.00576906111839
1 32384U 07062A   23084.73181389 -.00000076  00000-0  00000-0 0  9996
2 32384  55.9973 321.1628 0021744 141.0297  96.4972  2.00576993111859
1 32384U 07062A   23085.17956535 -.00000075  00000-0  00000+0 0  9996
2 32384  55.9970 321.1451 0021761 141.0254  59.8209  2.00577036111925
1 32384U 07062A   23085.87257515 -.00000074  00000-0  00000-0 0  9995
2 32384  55.9965 321.1178 0021783 141.0411 200.2249  2.00577103111879
1 32384U 07062A   23086.18566920 -.00000073  00000-0  00000-0 0  9992
2 32384  55.9963 321.1054 0021801 141.0331  66.3166  2.00577124111885
1 32384U 07062A   23087.11508598 -.00000068  00000-0  00000-0 0  9997
2 32384  55.9956 321.0686 0021836 141.0291  17.4488  2.00577201111903
1 32384U 07062A   23087.80177209 -.00000064  00000-0  00000+0 0  9999
2 32384  55.9951 321.0414 0021860 141.0477 153.2835  2.00577248111973
1 32384U 07062A   23088.21427454 -.00000062  00000-0  00000-0 0  9994
2 32384  55.9948 321.0252 0021879 141.0419  91.1555  2.00577271111925
1 32384U 07062A   23089.86487260 -.00000051  00000-0  00000+0 0  9994
2 32384  55.9937 320.9600 0021935 141.0368 203.0521  2.00577404112010
1 32384U 07062A   23091.11614365 -.00000045  00000-0  00000-0 0  9997
2 32384  55.9928 320.9105 0021990 141.0264  26.6009  2.00577461111984
1 32384U 07062A   23091.80001468 -.00000042  00000-0  00000-0 0  9994
2 32384  55.9923 320.8835 0022013 141.0375 160.4116  2.00577514111994
1 32384U 07062A   23092.79437204 -.00000039  00000-0  00000+0 0  9999
2 32384  55.9916 320.8443 0022055 141.0409 158.4311  2.00577565112075
1 32384U 07062A   23093.08992676 -.00000038  00000-0  00000-0 0  9991
2 32384  55.9914 320.8326 0022069 141.0352  11.8560  2.00577577112021
1 32384U 07062A   23093.78218590 -.00000037  00000-0  00000-0 0  9993
2 32384  55.9909 320.8053 0022093 141.0531 151.7165  2.00577591112030
1 32384U 07062A   23094.63243365 -.00000036  00000-0  00000-0 0  9995
2 32384  55.9904 320.7717 0022125 141.0625  45.6687  2.00577612112057
1 32384U 07062A   23095.11029061 -.00000035  00000-0  00000+0 0  9992
2 32384  55.9900 320.7528 0022142 141.0692  30.7214  2.00577622112126
1 32384U 07062A   23095.62000819 -.00000035  00000-0  00000-0 0  9999
2 32384  55.9897 320.7327 0022159 141.0768  38.7798  2.00577641112070
1 32384U 07062A   23095.62271661 -.00000035  00000-0  00000-0 0  9994
2 32384  55.9897 320.7326 0022159 141.0773  40.7350  2.00577640112071
1 32384U 07062A   23096.78246101 -.00000034  00000-0  00000-0 0  9992
2 32384  55.9889 320.6868 0022196 141.1019 158.1599  2.00577686112098
1 32384U 07062A   23097.62341519 -.00000034  00000-0  00000-0 0  9995
2 32384  55.9883 320.6536 0022227 141.1109  45.4022  2.00577706112114
1 32384U 07062A   23097.79279116 -.00000034  00000-0  00000+0 0  9995
2 32384  55.9882 320.6469 0022232 141.1192 167.7000  2.00577708112178
1 32384U 07062A   23098.61912531 -.00000034  00000-0  00000-0 0  9993
2 32384  55.9876 320.6143 0022264 141.1268  44.3868  2.00577730112132
1 32384U 07062A   23099.62049130 -.00000033  00000-0  00000-0 0  9990
2 32384  55.9869 320.5747 0022302 141.1458  47.4525  2.00577753112158
1 32384U 07062A   23099.83744428 -.00000033  00000-0  00000+0 0  9994
2 32384  55.9868 320.5661 0022310 141.1596 204.1002  2.00577760112211
1 32384U 07062A   23100.60043104 -.00000032  00000-0  00000-0 0  9995
2 32384  55.9863 320.5360 0022340 141.1696  35.0418  2.00577783112178
1 32384U 07062A   23101.07729372 -.00000031  00000-0  00000-0 0  9994
2 32384  55.9859 320.5172 0022357 141.1828  19.3705  2.00577798112180
1 32384U 07062A   23101.77623878 -.00000031  00000-0  00000-0 0  9995
2 32384  55.9854 320.4895 0022387 141.2135 164.0471  2.00577817112192
1 32384U 07062A   23102.10619015 -.00000030  00000-0  00000+0 0  9999
2 32384  55.9852 320.4765 0022399 141.2141  42.3040  2.00577838112267
1 32384U 07062A   23103.08019194 -.00000030  00000-0  00000-0 0  9990
2 32384  55.9845 320.4380 0022436 141.2485  25.5954  2.00577877112221
1 32384U 07062A   23104.61805556 -.00000032  00000-0  00000+0 0  9996
2 32384  55.9834 320.3773 0022585 139.0229  58.2400  2.00551028112319
1 32384U 07062A   23105.80758009 -.00000037  00000-0  00000-0 0  9994
2 32384  55.9821 320.3306 0022596 138.9840 197.1210  2.00551063112272
1 32384U 07062A   23106.11929519 -.00000039  00000-0  00000-0 0  9997
2 32384  55.9819 320.3183 0022597 139.0027  62.1608  2.00551005112281
1 32384U 07062A   23106.78775906 -.00000043  00000-0  00000+0 0  9993
2 32384  55.9815 320.2919 0022623 139.0502 184.7456  2.00551030112359
1 32384U 07062A   23107.08671725 -.00000046  00000-0  00000-0 0  9995
2 32384  55.9813 320.2800 0022638 139.0750  40.5692  2.00551036112309
1 32384U 07062A   23107.10719250 -.00000046  00000-0  00000-0 0  9994
2 32384  55.9813 320.2792 0022636 139.0771  55.3500  2.00551021112306
1 32384U 07062A   23108.11449231 -.00000054  00000-0  00000-0 0  9994
2 32384  55.9806 320.2394 0022678 139.1215  62.5784  2.00551078112324
1 32384U 07062A   23108.86714550 -.00000059  00000-0  00000-0 0  9990
2 32384  55.9804 320.2097 0022702 139.1854 245.9321  2.00551106112347
1 32384U 07062A   23109.74097975 -.00000065  00000-0  00000-0 0  9990
2 32384  55.9797 320.1752 0022744 139.2239 156.8043  2.00551166112357
1 32384U 07062A   23110.28340708 -.00000068  00000-0  00000-0 0  9999
2 32384  55.9793 320.1537 0022753 139.2442 188.4184  2.00551215112363
1 32384U 07062A   23111.58098774 -.00000073  00000-0  00000-0 0  9992
2 32384  55.9784 320.1025 0022809 139.2859  45.2338  2.00551326112396
1 32384U 07062A   23111.76276870 -.00000073  00000-0  00000-0 0  9997
2 32384  55.9783 320.0953 0022815 139.3092 176.4569  2.00551336112395
1 32384U 07062A   23112.07185064 -.00000073  00000-0  00000-0 0  9996
2 32384  55.9781 320.0831 0022829 139.3076  39.6167  2.00551365112403
1 32384U 07062A   23112.73460816 -.00000072  00000-0  00000-0 0  9999
2 32384  55.9776 320.0569 0022852 139.3567 158.0810  2.00551430112411
1 32384U 07062A   23113.07519451 -.00000072  00000-0  00000-0 0  9997
2 32384  55.9773 320.0435 0022868 139.3588  43.9834  2.00551459112420
1 32384U 07062A   23113.73399562 -.00000070  00000-0  00000+0 0  9996
2 32384  55.9769 320.0174 0022890 139.4052 159.5939  2.00551512112494
1 32384U 07062A   23114.31229914 -.00000067  00000-0  00000-0 0  9991
2 32384  55.9765 319.9946 0022909 139.4278 217.1087  2.00551561112449
1 32384U 07062A   23114.90777770 -.00000064  00000-0  00000-0 0  9991
2 32384  55.9761 319.9711 0022931 139.4432 287.0312  2.00551614112460
1 32384U 07062A   23116.22138299 -.00000056  00000-0  00000-0 0  9996
2 32384  55.9752 319.9193 0022977 139.5107 155.3921  2.00551709112484
1 32384U 07062A   23116.91591282 -.00000053  00000-0  00000-0 0  9994
2 32384  55.9747 319.8919 0023001 139.5222 296.8342  2.00551759112506
1 32384U 07062A   23117.55569212 -.00000049  00000-0  00000-0 0  9998
2 32384  55.9743 319.8666 0023029 139.5532  38.7266  2.00551793112512
1 32384U 07062A   23118.55939234 -.00000045  00000-0  00000-0 0  9990
2 32384  55.9736 319.8270 0023066 139.5963  43.3598  2.00551855112535
1 32384U 07062A   23119.06576997 -.00000044  00000-0  00000+0 0  9998
2 32384  55.9732 319.8070 0023083 139.6185  48.9447  2.00551880112605
1 32384U 07062A   23120.06713185 -.00000041  00000-0  00000-0 0  9990
2 32384  55.9725 319.7675 0023118 139.6652  51.8865  2.00551934112567
1 32384U 07062A   23120.70482222 -.00000040  00000-0  00000-0 0  9995
2 32384  55.9721 319.7423 0023137 139.7025 152.2651  2.00551957112575
1 32384U 07062A   23122.56057796 -.00000039  00000-0  00000+0 0  9992
2 32384  55.9708 319.6691 0023199 139.8027  52.0301  2.00552003112670
1 32384U 07062A   23122.77373887 -.00000039  00000-0  00000-0 0  9998
2 32384  55.9706 319.6607 0023203 139.8156 205.9206  2.00552007112615
1 32384U 07062A   23123.56247831 -.00000038  00000-0  00000-0 0  9994
2 32384  55.9701 319.6295 0023231 139.8605  55.3501  2.00552033112639
1 32384U 07062A   23123.73872490 -.00000038  00000-0  00000-0 0  9998
2 32384  55.9700 319.6226 0023234 139.8726 182.5891  2.00552041112633
1 32384U 07062A   23124.54592405 -.00000038  00000-0  00000-0 0  9993
2 32384  55.9694 319.5907 0023259 139.9118  45.3525  2.00552063112659