1 55124U 98067UR  23004.21338982  .00079917  00000-0  13402-2 0  9997
2 55124  51.6430  60.7286 0003024 275.1575  84.9069 15.51110842   956
1 55124U 98067UR  23004.59994486  .00093942  00000-0  15671-2 0  9999
2 55124  51.6430  58.8100 0002929 275.6342  84.4313 15.51185007  1019
1 55124U 98067UR  23004.85763783  .00080215  00000-0  13395-2 0  9992
2 55124  51.6428  57.5318 0002912 278.3286  81.7374 15.51228684  1052
1 55124U 98067UR  23005.56625610  .00069476  00000-0  11579-2 0  9995
2 55124  51.6423  54.0142 0002801 281.0065  79.0609 15.51347004  1168
1 55124U 98067UR  23006.53246447  .00074904  00000-0  12393-2 0  9997
2 55124  51.6421  49.2173 0002725 285.2270  74.8418 15.51518528  1314
1 55124U 98067UR  23007.11213922  .00081290  00000-0  13385-2 0  9992
2 55124  51.6422  46.3394 0002670 290.2183  69.8519 15.51617196  1403
1 55124U 98067UR  23007.11213923  .00078922  00000-0  13015-2 0  9991
2 55124  51.6458  46.3394 0004610 259.9313 100.0292 15.51580250  1401
1 55124U 98067UR  23007.49856706  .00088508  00000-0  14515-2 0  9991
2 55124  51.6452  44.4154 0003056 292.4641  67.6061 15.51689452  1469
1 55124U 98067UR  23007.82058018  .00086671  00000-0  14195-2 0  9991
2 55124  51.6424  42.8207 0002597 294.0428  66.0290 15.51737918  1513
1 55124U 98067UR  23008.46456905  .00079278  00000-0  12952-2 0  9993
2 55124  51.6424  39.6209 0002503 296.3863  63.6870 15.51847589  1618
1 55124U 98067UR  23009.10851281  .00091274  00000-0  14816-2 0  9992
2 55124  51.6419  36.4223 0002390 301.3656  58.7100 15.51963764  1710
1 55124U 98067UR  23009.43046655  .00085145  00000-0  13810-2 0  9992
2 55124  51.6419  34.8223 0002337 301.1413  58.9348 15.52018370  1768
1 55124U 98067UR  23010.33187828  .00088011  00000-0  14188-2 0  9995
2 55124  51.6422  30.3426 0002221 306.2298  53.8486 15.52173475  1908
1 55124U 98067UR  23010.46064346  .00089135  00000-0  14353-2 0  9990
2 55124  51.6423  29.7024 0002169 306.3627  53.7162 15.52199386  1924
1 55124U 98067UR  23011.04006268  .00102591  00000-0  16414-2 0  9996
2 55124  51.6425  26.8228 0002149 311.4373  48.6432 15.52311502  2013
1 55124U 98067UR  23011.49069107  .00105223  00000-0  16769-2 0  9994
2 55124  51.6428  24.5816 0002034 313.1707  46.9113 15.52408632  2082
1 55124U 98067UR  23011.74818084  .00106088  00000-0  16873-2 0  9994
2 55124  51.6426  23.3020 0001999 316.4405  43.6427 15.52460320  2123
1 55124U 98067UR  23012.71368506  .00100916  00000-0  15947-2 0  9996
2 55124  51.6418  18.5007 0001769 322.1646  37.9219 15.52664854  2270
1 55124U 98067UR  23013.29292538  .00113659  00000-0  17837-2 0  9999
2 55124  51.6419  15.6189 0001680 323.4718  36.6157 15.52797320  2368
1 55124U 98067UR  23014.25821218  .00140426  00000-0  21754-2 0  9994
2 55124  51.6422  10.8159 0001512 328.6678  31.4222 15.53040215  2510
1 55124U 98067UR  23014.96599448  .00148478  00000-0  22830-2 0  9990
2 55124  51.6421   7.2935 0001418 335.5372  24.5550 15.53213665  2624
1 55124U 98067UR  23015.54502195  .00133702  00000-0  20480-2 0  9991
2 55124  51.6425   4.4106 0001197 339.5872  20.5071 15.53380480  2714
1 55124U 98067UR  23015.80234808  .00128407  00000-0  19634-2 0  9998
2 55124  51.6423   3.1298 0001179 343.2541  16.8410 15.53452313  2759
1 55124U 98067UR  23016.25263526  .00163364  00000-0  24709-2 0  9997
2 55124  51.6420   0.8864 0001031 344.1664  15.9294 15.53607654  2820
1 55124U 98067UR  23017.21741272  .00122105  00000-0  18416-2 0  9999
2 55124  51.6418 356.0800 0000828 348.8887  11.2086 15.53857662  2974
1 55124U 98067UR  23017.34603801  .00122486  00000-0  18450-2 0  9998
2 55124  51.6418 355.4389 0000765 350.7244   9.3732 15.53890824  2993
1 55124U 98067UR  23017.92481878  .00120195  00000-0  18018-2 0  9995
2 55124  51.6419 352.5551 0000742 358.4531   1.6457 15.54033313  3085
1 55124U 98067UR  23018.31064132  .00161319  00000-0  23930-2 0  9991
2 55124  51.6419 350.6312 0000548   5.1763 354.9234 15.54150245  3144
1 55124U 98067UR  23018.63213913  .00155009  00000-0  22941-2 0  9999
2 55124  51.6418 349.0292 0000546  12.5847 347.5157 15.54239031  3193
1 55124U 98067UR  23019.27507789  .00124214  00000-0  18355-2 0  9995
2 55124  51.6415 345.8226 0000385  28.1885 331.9126 15.54409661  3299
1 55124U 98067UR  23019.72509334  .00151460  00000-0  22186-2 0  9993
2 55124  51.6414 343.5788 0000322  41.5628 318.5387 15.54535380  3367
1 55124U 98067UR  23019.98222888  .00143128  00000-0  20938-2 0  9992
2 55124  51.6414 342.2959 0000280  50.0112 310.0904 15.54605449  3400
1 55124U 98067UR  23021.26772683  .00152774  00000-0  22020-2 0  9990
2 55124  51.6420 335.8810 0000353 132.6765 227.4256 15.54971489  3606
1 55124U 98067UR  23022.55291500  .00142450  00000-0  20284-2 0  9997
2 55124  51.6415 329.4656 0000642 151.5500 208.5526 15.55344725  3805
1 55124U 98067UR  23023.13115006  .00150858  00000-0  21322-2 0  9993
2 55124  51.6415 326.5773 0000821 162.7851 197.3168 15.55512989  3890
1 55124U 98067UR  23024.22320559  .00144489  00000-0  20210-2 0  9993
2 55124  51.6414 321.1213 0001113 170.1078 189.9935 15.55821713  4065
1 55124U 98067UR  23025.05816532  .00138262  00000-0  19203-2 0  9998
2 55124  51.6410 316.9482 0001224 174.0028 186.0978 15.56038247  4194
1 55124U 98067UR  23025.50771025  .00126658  00000-0  17550-2 0  9994
2 55124  51.6405 314.7013 0001330 174.5330 185.5677 15.56150173  4264
1 55124U 98067UR  23026.34248979  .00130669  00000-0  17945-2 0  9999
2 55124  51.6401 310.5260 0001570 180.9529 179.1460 15.56374048  4397
1 55124U 98067UR  23027.30555107  .00116343  00000-0  15868-2 0  9995
2 55124  51.6404 305.7080 0001749 186.5092 173.5877 15.56620766  4549
1 55124U 98067UR  23028.20427426  .00121241  00000-0  16389-2 0  9999
2 55124  51.6398 301.2097 0001867 191.2036 168.8914 15.56839699  4683
1 55124U 98067UR  23029.03869399  .00106296  00000-0  14305-2 0  9999
2 55124  51.6398 297.0334 0001933 198.3547 161.7376 15.57025133  4818
1 55124U 98067UR  23029.74466415  .00104231  00000-0  13953-2 0  9994
2 55124  51.6400 293.4977 0002065 201.3400 158.7506 15.57176595  4927
1 55124U 98067UR  23030.12971085  .00100151  00000-0  13377-2 0  9999
2 55124  51.6402 291.5687 0002176 202.5897 157.5000 15.57255053  4981
1 55124U 98067UR  23030.89974730  .00091898  00000-0  12224-2 0  9990
2 55124  51.6403 287.7119 0002195 206.8981 153.1897 15.57405351  5100
1 55124U 98067UR  23031.02807948  .00094766  00000-0  12587-2 0  9991
2 55124  51.6403 287.0689 0002237 207.0221 153.0655 15.57430633  5126
1 55124U 98067UR  23031.73386721  .00112334  00000-0  14789-2 0  9998
2 55124  51.6398 283.5336 0002252 210.6750 149.4111 15.57586417  5233
1 55124U 98067UR  23032.11881223  .00106774  00000-0  14026-2 0  9993
2 55124  51.6398 281.6040 0002401 211.2599 148.8251 15.57669836  5299
1 55124U 98067UR  23033.08108186  .00106151  00000-0  13836-2 0  9997
2 55124  51.6400 276.7806 0002562 217.1265 142.9550 15.57880241  5440
1 55124U 98067UR  23033.53009394  .00103690  00000-0  13467-2 0  9993
2 55124  51.6395 274.5311 0002534 221.4335 138.6465 15.57986882  5518
1 55124U 98067UR  23033.91493716  .00097486  00000-0  12632-2 0  9998
2 55124  51.6393 272.6008 0002613 223.9004 136.1781 15.58077149  5574
1 55124U 98067UR  23034.49216353  .00109739  00000-0  14121-2 0  9992
2 55124  51.6388 269.7069 0002620 226.9520 133.1253 15.58206370  5667
1 55124U 98067UR  23034.68456205  .00105488  00000-0  13563-2 0  9991
2 55124  51.6385 268.7418 0002659 228.5164 131.5600 15.58246866  5690
1 55124U 98067UR  23035.90294717  .00109529  00000-0  13914-2 0  9995
2 55124  51.6380 262.6285 0002899 234.8388 125.2333 15.58548043  5880
1 55124U 98067UR  23036.60822557  .00109772  00000-0  13860-2 0  9992
2 55124  51.6376 259.0893 0002916 240.0878 119.9825 15.58708839  5992
1 55124U 98067UR  23036.80056079  .00110904  00000-0  13975-2 0  9998
2 55124  51.6376 258.1234 0002959 240.9021 119.1676 15.58756667  6020
1 55124U 98067UR  23036.86467118  .00113878  00000-0  14334-2 0  9997
2 55124  51.6377 257.8015 0002986 241.4544 118.6148 15.58772696  6039
1 55124U 98067UR  23037.44163657  .00140165  00000-0  17470-2 0  9996
2 55124  51.6375 254.9055 0002994 245.9806 114.0874 15.58924303  6128
1 55124U 98067UR  23037.56984359  .00145021  00000-0  18038-2 0  9996
2 55124  51.6374 254.2620 0003034 247.5725 112.4947 15.58959353  6140
1 55124U 98067UR  23037.89034526  .00140147  00000-0  17381-2 0  9998
2 55124  51.6373 252.6515 0003142 248.1173 111.9486 15.59055561  6194
1 55124U 98067UR  23038.14673250  .00146797  00000-0  18131-2 0  9991
2 55124  51.6373 251.3640 0003192 249.1701 110.8950 15.59137795  6231
1 55124U 98067UR  23038.46719629  .00166291  00000-0  20394-2 0  9992
2 55124  51.6372 249.7548 0003201 251.7831 108.2813 15.59249411  6285
1 55124U 98067UR  23038.78763655  .00173392  00000-0  21148-2 0  9993
2 55124  51.6372 248.1440 0003294 253.8849 106.1781 15.59367897  6339
1 55124U 98067UR  23039.55659721  .00192120  00000-0  23121-2 0  9990
2 55124  51.6370 244.2798 0003338 259.5674 100.4943 15.59650657  6457
1 55124U 98067UR  23039.62067114  .00190202  00000-0  22876-2 0  9992
2 55124  51.6370 243.9568 0003327 259.0969 100.9649 15.59673880  6460
1 55124U 98067UR  23039.81288553  .00188904  00000-0  22660-2 0  9992
2 55124  51.6374 242.9905 0003467 261.4962  98.5639 15.59747680  6497
1 55124U 98067UR  23040.26135129  .00192768  00000-0  22960-2 0  9999
2 55124  51.6372 240.7354 0003609 263.9165  96.1417 15.59919613  6562
1 55124U 98067UR  23040.83787641  .00199025  00000-0  23479-2 0  9993
2 55124  51.6372 237.8359 0003725 267.8904  92.1662 15.60147971  6657
1 55124U 98067UR  23040.96598082  .00215333  00000-0  25287-2 0  9996
2 55124  51.6371 237.1914 0003774 268.6432  91.4129 15.60209223  6676
1 55124U 98067UR  23041.09408240  .00192848  00000-0  22681-2 0  9997
2 55124  51.6370 236.5467 0003757 269.6452  90.4111 15.60250053  6694
1 55124U 98067UR  23041.60643878  .00218969  00000-0  25432-2 0  9992
2 55124  51.6371 233.9682 0003846 273.8030  86.2523 15.60484543  6775
1 55124U 98067UR  23042.11872116  .00206257  00000-0  23798-2 0  9998
2 55124  51.6376 231.3889 0003996 278.0328  82.0212 15.60701464  6856
1 55124U 98067UR  23043.14308140  .00233708  00000-0  26379-2 0  9992
2 55124  51.6424 226.2373 0004761 276.2109  83.9649 15.61174497  7013
1 55124U 98067UR  23043.91111759  .00229777  00000-0  25614-2 0  9997
2 55124  51.6372 222.3612 0004655 289.8939  70.1553 15.61511841  7134
1 55124U 98067UR  23044.55103772  .00222262  00000-0  24532-2 0  9994
2 55124  51.6370 219.1345 0004832 295.0737  64.9755 15.61793568  7235
1 55124U 98067UR  23045.06289071  .00222402  00000-0  24334-2 0  9994
2 55124  51.6370 216.5527 0004965 298.6634  61.3861 15.62017996  7313
1 55124U 98067UR  23045.44673382  .00234804  00000-0  25484-2 0  9994
2 55124  51.6369 214.6162 0005141 301.7047  58.3445 15.62182940  7378
1 55124U 98067UR  23046.27825050  .00247730  00000-0  26455-2 0  9998
2 55124  51.6361 210.4199 0005400 306.9430  53.1069 15.62554266  7509
1 55124U 98067UR  23046.53406085  .00281347  00000-0  29758-2 0  9991
2 55124  51.6356 209.1272 0005446 307.7760  52.2741 15.62687380  7540
1 55124U 98067UR  23046.85379147  .00284963  00000-0  29921-2 0  9993
2 55124  51.6362 207.5140 0005633 310.0684  49.9816 15.62861791  7594
1 55124U 98067UR  23046.91773259  .00289762  00000-0  30357-2 0  9999
2 55124  51.6358 207.1901 0005656 310.2857  49.7643 15.62902946  7605
1 55124U 98067UR  23047.55706912  .00287741  00000-0  29742-2 0  9993
2 55124  51.6358 203.9593 0005947 314.2726  45.7780 15.63252699  7701
1 55124U 98067UR  23047.87668455  .00273485  00000-0  28133-2 0  9990
2 55124  51.6358 202.3439 0006071 316.0433  44.0078 15.63421821  7759
1 55124U 98067UR  23048.00452157  .00246332  00000-0  25374-2 0  9991
2 55124  51.6358 201.6976 0006098 316.7655  43.2861 15.63477850  7775
1 55124U 98067UR  23048.57972792  .00219199  00000-0  22428-2 0  9993
2 55124  51.6355 198.7896 0006338 320.5583  39.4950 15.63738881  7869
1 55124U 98067UR  23048.83534562  .00212311  00000-0  21652-2 0  9998
2 55124  51.6356 197.4968 0006457 321.5769  38.4765 15.63845107  7903
1 55124U 98067UR  23048.89924699  .00212396  00000-0  21635-2 0  9992
2 55124  51.6356 197.1735 0006494 321.9672  38.0864 15.63874714  7913
1 55124U 98067UR  23049.41042452  .00201397  00000-0  20387-2 0  9991
2 55124  51.6359 194.5871 0006630 324.7284  35.3271 15.64069740  7996
1 55124U 98067UR  23049.47431675  .00209381  00000-0  21147-2 0  9992
2 55124  51.6359 194.2638 0006663 325.2779  34.7780 15.64099921  8000
1 55124U 98067UR  23050.56033070  .00201725  00000-0  20049-2 0  9995
2 55124  51.6364 188.7664 0007103 331.3197  28.7406 15.64529309  8179
1 55124U 98067UR  23050.62420453  .00194417  00000-0  19325-2 0  9991
2 55124  51.6364 188.4430 0007127 331.7769  28.2839 15.64551165  8183
1 55124U 98067UR  23051.58218863  .00209316  00000-0  20449-2 0  9991
2 55124  51.6360 183.5911 0007452 336.5926  23.4729 15.64933975  8333
1 55124U 98067UR  23051.64604585  .00211786  00000-0  20662-2 0  9999
2 55124  51.6361 183.2675 0007461 336.7729  23.2928 15.64960093  8342
1 55124U 98067UR  23052.53992953  .00238290  00000-0  22801-2 0  9993
2 55124  51.6369 178.7377 0007823 341.3220  18.7487 15.65356306  8489
1 55124U 98067UR  23052.79528111  .00238993  00000-0  22753-2 0  9998
2 55124  51.6367 177.4428 0007867 342.6704  17.4022 15.65480294  8529
1 55124U 98067UR  23053.36975345  .00213302  00000-0  20172-2 0  9997
2 55124  51.6365 174.5297 0008036 345.5418  14.5346 15.65730794  8612
1 55124U 98067UR  23053.49740119  .00210326  00000-0  19854-2 0  9998
2 55124  51.6364 173.8822 0008097 346.0293  14.0478 15.65786173  8636
1 55124U 98067UR  23053.88031869  .00216966  00000-0  20326-2 0  9998
2 55124  51.6366 171.9396 0008220 347.6638  12.4155 15.65952372  8697
1 55124U 98067UR  23054.51842397  .00240876  00000-0  22235-2 0  9993
2 55124  51.6364 168.7011 0008413 350.3494   9.7339 15.66240211  8795
1 55124U 98067UR  23054.58222796  .00239810  00000-0  22115-2 0  9998
2 55124  51.6364 168.3770 0008409 350.6780   9.4058 15.66268014  8807
1 55124U 98067UR  23054.77363275  .00232279  00000-0  21366-2 0  9996
2 55124  51.6364 167.4051 0008466 351.5599   8.5253 15.66355429  8837
1 55124U 98067UR  23055.47535723  .00233422  00000-0  21186-2 0  9994
2 55124  51.6361 163.8415 0008700 354.8434   5.2471 15.66681349  8944
1 55124U 98067UR  23055.66671248  .00200574  00000-0  18232-2 0  9998
2 55124  51.6358 162.8694 0008769 355.6816   4.4102 15.66751314  8971
1 55124U 98067UR  23055.85805812  .00190881  00000-0  17319-2 0  9999
2 55124  51.6356 161.8972 0008826 356.5803   3.5131 15.66828732  9003
1 55124U 98067UR  23056.55958075  .00210781  00000-0  18856-2 0  9996
2 55124  51.6352 158.3322 0009009 359.3990   0.6994 15.67110381  9113
1 55124U 98067UR  23056.68711681  .00212528  00000-0  18967-2 0  9994
2 55124  51.6352 157.6839 0009039 359.9387   0.1607 15.67163138  9133
1 55124U 98067UR  23057.45222930  .00256291  00000-0  22396-2 0  9990
2 55124  51.6352 153.7932 0009238   3.0926 357.0126 15.67539103  9253
1 55124U 98067UR  23057.77097314  .00243514  00000-0  21186-2 0  9991
2 55124  51.6353 152.1715 0009383   4.9644 355.1444 15.67686470  9302
1 55124U 98067UR  23058.21716115  .00312286  00000-0  26668-2 0  9991
2 55124  51.6348 149.9016 0009484   6.8419 353.2705 15.67927108  9379
1 55124U 98067UR  23058.34462951  .00321494  00000-0  27333-2 0  9992
2 55124  51.6346 149.2526 0009528   7.3861 352.7274 15.68006864  9397
1 55124U 98067UR  23058.66326783  .00562213  00000-0  45845-2 0  9993
2 55124  51.6347 147.6304 0009558   8.4468 351.6687 15.68300028  9443
1 55124U 98067UR  23059.23669642  .00364059  00000-0  29978-2 0  9998
2 55124  51.6350 144.7097 0009570  10.8048 349.3153 15.68658087  9532
1 55124U 98067UR  23059.49150752  .00318811  00000-0  26233-2 0  9999
2 55124  51.6351 143.4111 0009579  11.8615 348.2605 15.68813423  9577
1 55124U 98067UR  23059.61890504  .00260983  00000-0  21584-2 0  9999
2 55124  51.6350 142.7618 0009608  12.5189 347.6045 15.68867747  9598
1 55124U 98067UR  23060.19212379  .00294339  00000-0  23919-2 0  9998
2 55124  51.6349 139.8404 0009891  15.0104 345.1185 15.69188045  9681
1 55124U 98067UR  23060.38317138  .00281676  00000-0  22831-2 0  9990
2 55124  51.6348 138.8662 0009927  15.7817 344.3488 15.69289013  9711
1 55124U 98067UR  23061.59285964  .00281197  00000-0  22202-2 0  9995
2 55124  51.6350 132.6946 0010171  21.0799 339.0615 15.69921572  9900
1 55124U 98067UR  23062.35660638  .00349974  00000-0  26859-2 0  9995
2 55124  51.6348 128.7947 0010256  24.6778 335.4709 15.70396499 10029
1 55124U 98067UR  23062.42024091  .00355476  00000-0  27213-2 0  9999
2 55124  51.6348 128.4696 0010244  25.0360 335.1132 15.70440412 10039
1 55124U 98067UR  23063.56536224  .00376320  00000-0  27797-2 0  9999
2 55124  51.6344 122.6166 0010338  29.9444 330.2143 15.71232851 10218
1 55124U 98067UR  23063.75615941  .00369191  00000-0  27144-2 0  9998
2 55124  51.6344 121.6405 0010387  30.6609 329.4994 15.71363817 10243
1 55124U 98067UR  23064.83703723  .00387849  00000-0  27535-2 0  9998
2 55124  51.6336 116.1090 0010661  35.5147 324.6558 15.72136399 10415
1 55124U 98067UR  23065.15483476  .00403108  00000-0  28257-2 0  9993
2 55124  51.6335 114.4811 0010642  36.9648 323.2081 15.72392650 10461
1 55124U 98067UR  23065.66320641  .00378004  00000-0  26148-2 0  9996
2 55124  51.6330 111.8747 0010518  39.9495 320.2275 15.72778679 10540
1 55124U 98067UR  23065.85381399  .00398198  00000-0  27301-2 0  9992
2 55124  51.6327 110.8974 0010600  40.6534 319.5254 15.72928638 10575
1 55124U 98067UR  23066.10792813  .00423407  00000-0  28682-2 0  9993
2 55124  51.6328 109.5939 0010593  42.1052 318.0758 15.73139164 10612
1 55124U 98067UR  23066.80656894  .00424601  00000-0  28068-2 0  9993
2 55124  51.6316 106.0093 0010695  44.6620 315.5238 15.73705966 10729
1 55124U 98067UR  23067.12405059  .00414302  00000-0  27125-2 0  9994
2 55124  51.6311 104.3791 0010674  46.3697 313.8186 15.73959186 10773
1 55124U 98067UR  23067.31451425  .00395506  00000-0  25790-2 0  9993
2 55124  51.6314 103.4001 0010503  47.9922 312.1970 15.74108088 10804
1 55124U 98067UR  23068.07618276  .00535944  00000-0  33378-2 0  9999
2 55124  51.6313  99.4862 0010575  51.4083 308.7861 15.74779807 10925
1 55124U 98067UR  23068.77408929  .00531046  00000-0  32184-2 0  9991
2 55124  51.6313  95.8965 0010623  54.6285 305.5705 15.75420175 11039
1 55124U 98067UR  23069.09122086  .00510543  00000-0  30614-2 0  9999
2 55124  51.6311  94.2637 0010532  56.3602 303.8401 15.75721208 11087
1 55124U 98067UR  23069.47169666  .00503971  00000-0  29762-2 0  9995
2 55124  51.6308  92.3041 0010498  58.1684 302.0336 15.76088333 11143
1 55124U 98067UR  23070.04225033  .00504698  00000-0  29112-2 0  9997
2 55124  51.6314  89.3632 0010511  61.5617 298.6441 15.76621357 11238
1 55124U 98067UR  23070.42250773  .00519625  00000-0  29427-2 0  9993
2 55124  51.6309  87.4019 0010480  64.1125 296.0955 15.76997939 11298
1 55124U 98067UR  23071.05608062  .00480737  00000-0  26664-2 0  9992
2 55124  51.6305  84.1319 0010399  67.9274 292.2830 15.77572294 11391
1 55124U 98067UR  23071.43610875  .00529545  00000-0  28715-2 0  9999
2 55124  51.6307  82.1693 0010286  70.7068 289.5044 15.77950705 11454
1 55124U 98067UR  23072.00598138  .00517316  00000-0  27394-2 0  9995
2 55124  51.6309  79.2238 0010276  74.3020 285.9114 15.78513429 11542
1 55124U 98067UR  23072.38578658  .00463933  00000-0  24347-2 0  9991
2 55124  51.6308  77.2602 0010314  76.1893 284.0255 15.78853691 11606
1 55124U 98067UR  23073.20840952  .00523188  00000-0  26323-2 0  9997
2 55124  51.6305  73.0026 0010181  81.7570 278.4586 15.79633057 11734
1 55124U 98067UR  23073.39818652  .00551315  00000-0  27400-2 0  9999
2 55124  51.6306  72.0197 0010146  83.2079 277.0077 15.79830690 11760
1 55124U 98067UR  23073.71442851  .00563875  00000-0  27564-2 0  9994
2 55124  51.6306  70.3812 0010128  85.2375 274.9783 15.80162247 11810
1 55124U 98067UR  23074.15704663  .00625449  00000-0  29641-2 0  9999
2 55124  51.6307  68.0867 0010079  87.6551 272.5605 15.80683269 11888
1 55124U 98067UR  23074.34669424  .00640444  00000-0  29976-2 0  9998
2 55124  51.6301  67.1028 0010133  89.1782 271.0381 15.80916085 11919
1 55124U 98067UR  23075.23134714  .00690431  00000-0  30547-2 0  9993
2 55124  51.6299  62.5088 0009953  95.5665 264.6472 15.82011735 12054
1 55124U 98067UR  23075.35767747  .00673079  00000-0  29636-2 0  9990
2 55124  51.6298  61.8520 0009943  96.6154 263.5980 15.82159003 12075
1 55124U 98067UR  23075.67345494  .00551812  00000-0  24278-2 0  9993
2 55124  51.6298  60.2100 0009933  98.6436 261.5692 15.82477785 12120
1 55124U 98067UR  23076.24168383  .00567785  00000-0  24230-2 0  9991
2 55124  51.6293  57.2531 0009906 102.8371 257.3739 15.83090136 12212
1 55124U 98067UR  23076.30480704  .00562307  00000-0  23937-2 0  9990
2 55124  51.6292  56.9246 0009915 103.4337 256.7771 15.83156126 12221
1 55124U 98067UR  23076.93589024  .00649126  00000-0  26456-2 0  9998
2 55124  51.6292  53.6373 0009852 108.5456 251.6618 15.83866941 12322
1 55124U 98067UR  23077.31440633  .00617449  00000-0  24774-2 0  9997
2 55124  51.6290  51.6638 0009868 111.5101 248.6955 15.84273920 12386
1 55124U 98067UR  23077.62975752  .00592948  00000-0  23462-2 0  9995
2 55124  51.6288  50.0189 0009862 114.0584 246.1452 15.84625560 12436
1 55124U 98067UR  23077.94503541  .00622635  00000-0  24114-2 0  9995
2 55124  51.6285  48.3733 0009863 116.6979 243.5036 15.85002735 12483
1 55124U 98067UR  23078.19720284  .00641127  00000-0  24412-2 0  9996
2 55124  51.6287  47.0567 0009903 118.4219 241.7784 15.85312164 12523
1 55124U 98067UR  23078.32326726  .00648732  00000-0  24488-2 0  9996
2 55124  51.6287  46.3983 0009932 119.7494 240.4499 15.85474325 12547
1 55124U 98067UR  23078.89040166  .00693399  00000-0  25140-2 0  9994
2 55124  51.6289  43.4336 0009902 124.1860 236.0084 15.86203714 12637
1 55124U 98067UR  23079.07938833  .00689290  00000-0  24710-2 0  9999
2 55124  51.6288  42.4451 0009913 125.9725 234.2200 15.86446197 12661
1 55124U 98067UR  23079.33132247  .00732927  00000-0  25696-2 0  9993
2 55124  51.6285  41.1266 0010020 128.0248 232.1662 15.86800322 12701
1 55124U 98067UR  23080.14972648  .00813496  00000-0  26683-2 0  9999
2 55124  51.6284  36.8386 0010107 135.4348 224.7471 15.87971427 12838
1 55124U 98067UR  23080.84173058  .00774885  24799-3  26553-2 0  9992
2 55124  51.6285  33.2081 0010143 140.8872 219.2868 15.89024905 12947
1 55124U 98067UR  23081.28185256  .00826993  28645-3  27332-2 0  9992
2 55124  51.6282  30.8968 0010213 144.2656 215.9035 15.89743733 13012
1 55124U 98067UR  23082.16146346  .00844945  30571-3  25805-2 0  9998
2 55124  51.6279  26.2676 0010426 152.0013 208.1556 15.91285242 13159
1 55124U 98067UR  23082.28705099  .00845983  30743-3  25534-2 0  9990
2 55124  51.6277  25.6056 0010425 152.9909 207.1642 15.91513436 13170
1 55124U 98067UR  23083.16558005  .01680761  15039-2  45797-2 0  9996
2 55124  51.6272  20.9693 0010221 161.4099 198.7284 15.93748524 13312
1 55124U 98067UR  23083.29097199  .01825952  18653-2  48837-2 0  9998
2 55124  51.6270  20.3060 0010143 162.1095 198.0271 15.94190968 13334
1 55124U 98067UR  23083.72964945  .01509243  11887-2  37712-2 0  9992
2 55124  51.6264  17.9832 0010107 165.4265 194.7037 15.95291689 13405
1 55124U 98067UR  23083.91755900  .01184299  67972-3  28821-2 0  9990
2 55124  51.6263  16.9872 0010167 166.6260 193.5019 15.95655168 13437
1 55124U 98067UR  23083.98015903  .01377855  96867-3  33080-2 0  9999
2 55124  51.6262  16.6549 0010044 166.8719 193.2553 15.95975721 13440
1 55124U 98067UR  23084.98121540  .01392909  10384-2  29039-2 0  9990
2 55124  51.6247  11.3358 0010345 176.6575 183.4505 15.98537174 13601
1 55124U 98067UR  23085.04372735  .01316530  91119-3  27196-2 0  9996
2 55124  51.6249  11.0026 0010484 176.9726 183.1348 15.98666202 13615
1 55124U 98067UR  23086.16778994  .01540407  14102-2  26634-2 0  9991
2 55124  51.6237   5.0017 0010757 188.3869 171.6963 16.01878199 13792
1 55124U 98067UR  23086.79122595  .01692995  18697-2  26057-2 0  9992
2 55124  51.6236   1.6601 0010506 193.9852 166.0870 16.03956360 13893
1 55124U 98067UR  23087.91112909  .02274811  49367-2  27453-2 0  9998
2 55124  51.6226 355.6300 0010958 207.3282 152.7156 16.08633657 14074
1 55124U 98067UR  23087.97324438  .02307938  52355-2  27437-2 0  9996
2 55124  51.6226 355.2944 0011001 208.3054 151.7363 16.08941642 14088
1 55124U 98067UR  23088.09743702  .02394854  60996-2  27665-2 0  9995
2 55124  51.6223 354.6226 0011214 208.8913 151.1481 16.09595196 14104
1 55124U 98067UR  23089.08897489  .03090220  20439-1  27041-2 0  9993
2 55124  51.6204 349.2335 0011475 219.7999 140.2177 16.15928623 14268
1 55124U 98067UR  23090.07537165  .07633833  11981-4  20025-2 0  9993
2 55124  51.6157 343.8055 0010092 234.6006 125.4073 16.27590546 14423
1 55124U 98067UR  23090.07541274  .10842043  12101-4  25873-2 0  9999
2 55124  51.6155 343.7992 0009173 275.4244  84.5731 16.28650747 14422
