# real positions of the satellite in ECI coordinates
6.83509e+06 1.10735e+06 9550.44
6.83509e+06 1.10735e+06 9550.44
6.86631e+06 893618 9544.99
6.90345e+06 535733 9554.66
6.90345e+06 535733 9554.66
6.91496e+06 356170 9550.65
6.91496e+06 356170 9550.65
6.92386e+06 68373.6 9558
6.92428e+06 -3693.04 9551.9
6.90299e+06 -543239 9546.82
6.87437e+06 -829677 9556.86
6.83958e+06 -1.07915e+06 9553.72
6.81565e+06 -1.22112e+06 9546.84
6.75117e+06 -1.53849e+06 9554.28
6.7348e+06 -1.60863e+06 9549.42
6.66209e+06 -1.88726e+06 9551.45
6.65209e+06 -1.9218e+06 9555.17
6.65209e+06 -1.9218e+06 9555.17
6.54336e+06 -2.26488e+06 9548.78
6.49481e+06 -2.40041e+06 9548.66
6.41688e+06 -2.60207e+06 9553.68
6.41688e+06 -2.60207e+06 9553.68
6.347e+06 -2.76766e+06 9552.94
6.28813e+06 -2.89915e+06 9555.64
6.22632e+06 -3.02922e+06 9554.32
6.19468e+06 -3.09378e+06 9547.43
6.11211e+06 -3.25364e+06 9550.23
5.97168e+06 -3.50502e+06 9552.08
5.97168e+06 -3.50502e+06 9552.08
5.55437e+06 -4.13484e+06 9548.98
5.46709e+06 -4.24936e+06 9549.28
5.46709e+06 -4.24936e+06 9549.28
5.09533e+06 -4.68925e+06 9550.27
5.04627e+06 -4.74185e+06 9557.43
4.99676e+06 -4.79406e+06 9552.26
4.99676e+06 -4.79406e+06 9552.26
4.608e+06 -5.16869e+06 9554.4
4.44472e+06 -5.31027e+06 9557.91
4.22016e+06 -5.4904e+06 9557.82
4.16287e+06 -5.53391e+06 9554.57
3.87007e+06 -5.74231e+06 9551.51
3.77987e+06 -5.80245e+06 9551.54
3.41077e+06 -6.02717e+06 9544.52
3.3164e+06 -6.07941e+06 9554.37
2.96342e+06 -6.25889e+06 9552.02
2.93088e+06 -6.2742e+06 9554
2.76673e+06 -6.34822e+06 9547.56
2.63387e+06 -6.40423e+06 9545.19
2.63387e+06 -6.40423e+06 9545.19
2.3996e+06 -6.49632e+06 9550.82
2.29793e+06 -6.53278e+06 9552.27
2.12735e+06 -6.5904e+06 9552.26
2.12735e+06 -6.5904e+06 9552.26
1.7821e+06 -6.69232e+06 9545.9
1.60757e+06 -6.73638e+06 9554.42
1.60757e+06 -6.73638e+06 9554.42
1.0779e+06 -6.84101e+06 9550.96
721036 -6.8878e+06 9551.7
541618 -6.90431e+06 9556.24
181806 -6.9234e+06 9550.67
-214127 -6.92225e+06 9550.15
-895656 -6.8672e+06 9550.38
-1.03844e+06 -6.84729e+06 9559.51
-1.03844e+06 -6.84729e+06 9559.51
-1.28652e+06 -6.80507e+06 9556.78
-1.28652e+06 -6.80507e+06 9556.78
-1.42786e+06 -6.77686e+06 9550.23
-1.84754e+06 -6.67459e+06 9550.42
-1.91685e+06 -6.65502e+06 9543.8
-2.32803e+06 -6.52253e+06 9551.23
-2.36192e+06 -6.51034e+06 9555.03
-2.46316e+06 -6.47271e+06 9557.64
-2.86187e+06 -6.3065e+06 9549.46
-2.92728e+06 -6.27641e+06 9552.64
-3.28135e+06 -6.0989e+06 9550.84
-3.34439e+06 -6.06433e+06 9559.34
-3.40725e+06 -6.02923e+06 9555.09
-3.40725e+06 -6.02923e+06 9555.09
-3.80659e+06 -5.7854e+06 9551.29
-3.98521e+06 -5.66382e+06 9554.29
-4.13106e+06 -5.55832e+06 9552.13
-4.13106e+06 -5.55832e+06 9552.13
-4.24576e+06 -5.47121e+06 9545.42
-4.55153e+06 -5.21959e+06 9553.29
-4.68564e+06 -5.09951e+06 9551.53
-4.94433e+06 -4.84913e+06 9544.86
-5.18964e+06 -4.58562e+06 9548
-5.28388e+06 -4.47671e+06 9552.28
-5.42095e+06 -4.30971e+06 9547.79
-5.61654e+06 -4.05146e+06 9553.83
-5.61654e+06 -4.05146e+06 9553.83
-5.74011e+06 -3.87434e+06 9558.31
-5.91506e+06 -3.60163e+06 9558.33
-5.91506e+06 -3.60163e+06 9558.33
-6.02452e+06 -3.41541e+06 9557.91
-6.17768e+06 -3.12989e+06 9545.22
-6.24138e+06 -3.0008e+06 9554.34
-6.24138e+06 -3.0008e+06 9554.34
-6.38889e+06 -2.67246e+06 9553.63
-6.38889e+06 -2.67246e+06 9553.63
-6.44307e+06 -2.53904e+06 9557.86
-6.57763e+06 -2.16678e+06 9548.3
-6.57763e+06 -2.16678e+06 9548.3
-6.63153e+06 -1.99493e+06 9558.11
-6.63153e+06 -1.99493e+06 9558.11
-6.69059e+06 -1.7872e+06 9548.86
-6.72634e+06 -1.64776e+06 9548.09
-6.75117e+06 -1.54269e+06 9543.93
-6.80949e+06 -1.26061e+06 9550.92
-6.85086e+06 -1.01203e+06 9547.48
-6.85593e+06 -976408 9552.17
-6.9154e+06 -367482 9548.94
-6.92397e+06 -151282 9555.52
-6.92532e+06 28535.5 9548.36
-6.91808e+06 316368 9554.03
-6.90478e+06 531950 9543.54
-6.90185e+06 567807 9550.75
-6.88842e+06 711164 9550.85
-6.87221e+06 854242 9554.23
-6.84236e+06 1.06819e+06 9554.11
-6.83672e+06 1.10375e+06 9553.72
-6.80562e+06 1.28102e+06 9554.24
-6.78503e+06 1.38705e+06 9553.1
-6.72136e+06 1.66791e+06 9546.04
-6.69448e+06 1.77253e+06 9550.67
-6.6755e+06 1.84201e+06 9543.77
-6.62533e+06 2.01483e+06 9549.97
-6.5707e+06 2.18638e+06 9557.23
-6.51154e+06 2.35639e+06 9554.48
-6.46151e+06 2.4914e+06 9557.33
-6.38068e+06 2.69168e+06 9550.72
-6.33793e+06 2.79082e+06 9554.78
-6.3085e+06 2.85655e+06 9550.05
-6.26342e+06 2.95461e+06 9559.86
-6.15174e+06 3.18059e+06 9547.55
-5.92285e+06 3.58858e+06 9554.73
-5.8852e+06 3.64994e+06 9552.97
-5.76858e+06 3.83177e+06 9547.96
-5.62552e+06 4.03919e+06 9549.42
-5.5832e+06 4.09738e+06 9555.43
-5.24734e+06 4.51967e+06 9549.38
-5.17576e+06 4.60102e+06 9551.13
-5.17576e+06 4.60102e+06 9551.13
-5.10374e+06 4.68149e+06 9560.05
-4.90467e+06 4.88979e+06 9547.63
-4.90467e+06 4.88979e+06 9547.63
-4.50866e+06 5.25702e+06 9555.04
-4.31429e+06 5.41742e+06 9555.26
-4.31429e+06 5.41742e+06 9555.26
-4.0854e+06 5.59202e+06 9546.39
-3.99756e+06 5.65501e+06 9548.51
-3.75899e+06 5.81623e+06 9552.02
-3.66783e+06 5.87415e+06 9551.84
-3.45154e+06 6.00391e+06 9548.56
-3.45154e+06 6.00391e+06 9548.56
-3.19922e+06 6.14224e+06 9547.63
-3.10291e+06 6.19127e+06 9544.53
-2.97357e+06 6.2544e+06 9554.17
-2.97357e+06 6.2544e+06 9554.17
-2.57767e+06 6.42748e+06 9549.63
-2.47712e+06 6.46696e+06 9545.9
-2.47712e+06 6.46696e+06 9545.9
-2.13767e+06 6.58672e+06 9558.93
-2.06906e+06 6.60859e+06 9552.38
-1.82748e+06 6.67985e+06 9551.3
-1.58318e+06 6.74219e+06 9547.28
-1.44272e+06 6.77357e+06 9546.48
-1.05326e+06 6.84476e+06 9554.25
-1.05326e+06 6.84476e+06 9554.25
-624426 6.89707e+06 9556.66
-408956 6.91294e+06 9554.59
-408956 6.91294e+06 9554.59
-13212.4 6.92551e+06 9547.3
22828.2 6.9255e+06 9552.3
22828.2 6.9255e+06 9552.3
274791 6.92008e+06 9549
382722 6.91509e+06 9552.45
669713 6.89288e+06 9553.93
669713 6.89288e+06 9553.93
1.20468e+06 6.8197e+06 9548.66
1.55751e+06 6.74776e+06 9547.91
1.73219e+06 6.70499e+06 9553.6
1.73219e+06 6.70499e+06 9553.6
1.87145e+06 6.66774e+06 9558.07
2.24969e+06 6.55003e+06 9548.8
2.24969e+06 6.55003e+06 9548.8
2.85193e+06 6.31109e+06 9544.7
2.95001e+06 6.26602e+06 9557.34
3.20768e+06 6.13774e+06 9550.52
3.20768e+06 6.13774e+06 9550.52
3.36634e+06 6.05263e+06 9557.07
3.5532e+06 5.94439e+06 9553.38
3.79732e+06 5.79154e+06 9558.52
3.82743e+06 5.7717e+06 9547.14
4.03485e+06 5.62877e+06 9552.67
4.23695e+06 5.47821e+06 9549.04
4.26528e+06 5.45605e+06 9544.87
4.461e+06 5.2972e+06 9558.53
4.461e+06 5.2972e+06 9558.53
4.75657e+06 5.03379e+06 9553.68
4.80867e+06 4.98394e+06 9549.4
4.93648e+06 4.85726e+06 9554.72
5.03644e+06 4.75357e+06 9554.87
5.18208e+06 4.59416e+06 9560.57
5.39161e+06 4.34697e+06 9558.12
5.48053e+06 4.23386e+06 9554.8
5.52425e+06 4.1766e+06 9553.55
5.71349e+06 3.91373e+06 9557.28
5.83271e+06 3.73361e+06 9555.85
5.90862e+06 3.61104e+06 9546.5
5.90862e+06 3.61104e+06 9546.5
6.00095e+06 3.45663e+06 9555.41
6.01881e+06 3.42546e+06 9553.96
6.25184e+06 2.97866e+06 9551.93
6.31239e+06 2.84802e+06 9553.02
6.39834e+06 2.64984e+06 9549.84
6.39834e+06 2.64984e+06 9549.84
6.51552e+06 2.34779e+06 9550.93
6.52764e+06 2.31389e+06 9554.93
6.68787e+06 1.79833e+06 9550.77
6.68787e+06 1.79833e+06 9550.77
6.77261e+06 1.44852e+06 9560.34
6.80748e+06 1.27196e+06 9549.52
6.814e+06 1.23657e+06 9545.07
6.88578e+06 737787 9548.69
6.91697e+06 343228 9555.12
6.92273e+06 199251 9553.37
6.92278e+06 -196729 9551.24
6.91878e+06 -304680 9548.64
6.9158e+06 -376499 9559.34
6.88521e+06 -735225 9557.22
6.87842e+06 -806903 9554.14
6.8067e+06 -1.26915e+06 9552.56
6.78723e+06 -1.37556e+06 9548.09
6.78723e+06 -1.37556e+06 9548.09
6.69709e+06 -1.76109e+06 9553.68
6.68778e+06 -1.7959e+06 9555.88
6.67877e+06 -1.83075e+06 9553.62
6.5396e+06 -2.27756e+06 9548.08
6.51589e+06 -2.3454e+06 9548.9
6.49113e+06 -2.41305e+06 9558.42
6.34255e+06 -2.78006e+06 9549.17
6.2687e+06 -2.94414e+06 9557.64
6.2533e+06 -2.97668e+06 9550.25
5.89173e+06 -3.64021e+06 9553.8
5.83396e+06 -3.73147e+06 9550.65
5.75527e+06 -3.85206e+06 9550.21
5.75527e+06 -3.85206e+06 9550.21
5.50389e+06 -4.20333e+06 9560.16
5.50389e+06 -4.20333e+06 9560.16
5.1835e+06 -4.59224e+06 9552.65
5.15972e+06 -4.61942e+06 9562.28
5.15972e+06 -4.61942e+06 9562.28
4.88722e+06 -4.90646e+06 9554.81
4.78417e+06 -5.00704e+06 9556.54
4.73178e+06 -5.05648e+06 9558.1
4.73178e+06 -5.05648e+06 9558.1
4.37977e+06 -5.36473e+06 9551.76
4.26719e+06 -5.45444e+06 9554.27
4.26719e+06 -5.45444e+06 9554.27
3.94841e+06 -5.68944e+06 9551.48
3.64746e+06 -5.88672e+06 9554.72
3.64746e+06 -5.88672e+06 9554.72
3.46199e+06 -5.99782e+06 9548.45
3.17767e+06 -6.15326e+06 9549.63
3.01663e+06 -6.23362e+06 9548.1
2.68867e+06 -6.38206e+06 9554.63
2.68867e+06 -6.38206e+06 9554.63
2.18329e+06 -6.57194e+06 9550.53
1.97725e+06 -6.63677e+06 9545.57
1.66471e+06 -6.72221e+06 9554.01
1.66471e+06 -6.72221e+06 9554.01
1.48942e+06 -6.76287e+06 9559.34
1.13592e+06 -6.83107e+06 9551.74
922390 -6.86306e+06 9551.5
922390 -6.86306e+06 9551.5
600266 -6.89847e+06 9549.03
97154.7 -6.92433e+06 9555.3
61183.4 -6.92477e+06 9548.83
-298739 -6.91911e+06 9552.37
-442564 -6.91145e+06 9555.39
-657833 -6.89394e+06 9551.17
-979511 -6.8555e+06 9551.71
-1.19282e+06 -6.82147e+06 9546.05
-1.36983e+06 -6.78839e+06 9554.02
-1.51078e+06 -6.7592e+06 9553.66
-1.58095e+06 -6.74287e+06 9555.66
-1.65096e+06 -6.72615e+06 9559.02
-1.65096e+06 -6.72615e+06 9559.02
-2.03266e+06 -6.62064e+06 9546.52
-2.10136e+06 -6.59911e+06 9552.78
-2.20405e+06 -6.56548e+06 9556.84
-2.54215e+06 -6.44185e+06 9557.21
-2.67558e+06 -6.3876e+06 9544.23
-3.03613e+06 -6.22417e+06 9555.09
-3.16482e+06 -6.15963e+06 9556.15
-3.16482e+06 -6.15963e+06 9556.15
-3.48079e+06 -5.98717e+06 9550.74
-3.57373e+06 -5.93208e+06 9546.85
-3.63522e+06 -5.89463e+06 9552.98
-4.05432e+06 -5.61456e+06 9546.75
-4.25538e+06 -5.46344e+06 9555.21
-4.25538e+06 -5.46344e+06 9555.21
-4.42403e+06 -5.32811e+06 9553.55
-4.45159e+06 -5.30509e+06 9557
-4.77365e+06 -5.01714e+06 9547.33
-4.77365e+06 -5.01714e+06 9547.33
-4.82543e+06 -4.9672e+06 9556.78
-5.15033e+06 -4.63028e+06 9556.21
-5.38376e+06 -4.35638e+06 9556.8
-5.53869e+06 -4.15772e+06 9556.76
-5.53869e+06 -4.15772e+06 9556.76
-5.86493e+06 -3.68311e+06 9556.26
-6.13379e+06 -3.21505e+06 9547.53
-6.16684e+06 -3.15111e+06 9553.05
-6.24589e+06 -2.98991e+06 9558.26
-6.36556e+06 -2.72738e+06 9549.34
-6.36556e+06 -2.72738e+06 9549.34
-6.51081e+06 -2.35904e+06 9543.3
-6.55838e+06 -2.22317e+06 9546.6
-6.66533e+06 -1.87969e+06 9556.07
-6.71235e+06 -1.70576e+06 9551.12
-6.71235e+06 -1.70576e+06 9551.12
-6.81864e+06 -1.21317e+06 9555.95
-6.87665e+06 -821620 9559.43
-6.89567e+06 -642548 9551.7
-6.89567e+06 -642548 9551.7
-6.92493e+06 -67349.3 9549.03
-6.92072e+06 256560 9553.44
-6.90923e+06 472339 9552.52
-6.89452e+06 651692 9556.35
-6.85646e+06 973471 9551.38


# integrated positions of the satellite in ECI coordinates
6.83509e+06 1.10735e+06 9550.44
6.83509e+06 1.10735e+06 9550.44
6.84744e+06 1.02316e+06 -103591
6.86222e+06 874041 -302466
6.86222e+06 874041 -302466
6.86635e+06 797391 -403960
6.86635e+06 797391 -403960
6.8682e+06 682275 -555470
6.86783e+06 652625 -594318
6.8543e+06 430153 -883511
6.83913e+06 309930 -1.03813e+06
6.8212e+06 203769 -1.17371e+06
6.80881e+06 141921 -1.25228e+06
6.77793e+06 11400.2 -1.4171e+06
6.77053e+06 -16416.5 -1.45205e+06
6.735e+06 -137273 -1.6032e+06
6.72988e+06 -153298 -1.62315e+06
6.72988e+06 -153298 -1.62315e+06
6.67829e+06 -300566 -1.80558e+06
6.65532e+06 -359589 -1.87821e+06
6.61717e+06 -450938 -1.99007e+06
6.61717e+06 -450938 -1.99007e+06
6.58644e+06 -519514 -2.0736e+06
6.55621e+06 -583376 -2.15105e+06
6.5262e+06 -643717 -2.22392e+06
6.51188e+06 -671554 -2.25744e+06
6.47169e+06 -746744 -2.34766e+06
6.40563e+06 -862255 -2.48534e+06
6.40563e+06 -862255 -2.48534e+06
6.20481e+06 -1.168e+06 -2.84428e+06
6.16287e+06 -1.22531e+06 -2.91065e+06
6.16287e+06 -1.22531e+06 -2.91065e+06
5.98154e+06 -1.45376e+06 -3.17223e+06
5.95582e+06 -1.48398e+06 -3.20647e+06
5.9288e+06 -1.51521e+06 -3.24176e+06
5.9288e+06 -1.51521e+06 -3.24176e+06
5.75133e+06 -1.70866e+06 -3.45822e+06
5.67085e+06 -1.79047e+06 -3.54861e+06
5.55851e+06 -1.89936e+06 -3.66783e+06
5.52924e+06 -1.9268e+06 -3.69766e+06
5.38867e+06 -2.05364e+06 -3.83448e+06
5.33985e+06 -2.09592e+06 -3.87967e+06
5.15868e+06 -2.24562e+06 -4.03791e+06
5.11177e+06 -2.28267e+06 -4.07663e+06
4.93431e+06 -2.41706e+06 -4.21556e+06
4.91702e+06 -2.42969e+06 -4.22849e+06
4.82922e+06 -2.49265e+06 -4.29259e+06
4.76162e+06 -2.53982e+06 -4.34023e+06
4.76162e+06 -2.53982e+06 -4.34023e+06
4.63442e+06 -2.62566e+06 -4.42604e+06
4.5797e+06 -2.66147e+06 -4.46149e+06
4.49198e+06 -2.71755e+06 -4.51657e+06
4.49198e+06 -2.71755e+06 -4.51657e+06
4.30854e+06 -2.82978e+06 -4.62515e+06
4.21626e+06 -2.8838e+06 -4.67657e+06
4.21626e+06 -2.8838e+06 -4.67657e+06
3.92249e+06 -3.04581e+06 -4.82718e+06
3.72319e+06 -3.14772e+06 -4.91885e+06
3.62212e+06 -3.19709e+06 -4.96231e+06
3.42116e+06 -3.29091e+06 -5.04301e+06
3.18347e+06 -3.39478e+06 -5.12915e+06
2.76876e+06 -3.55894e+06 -5.25703e+06
2.68267e+06 -3.59045e+06 -5.28021e+06
2.68267e+06 -3.59045e+06 -5.28021e+06
2.53544e+06 -3.6424e+06 -5.3173e+06
2.53544e+06 -3.6424e+06 -5.3173e+06
2.44768e+06 -3.67222e+06 -5.3379e+06
2.1803e+06 -3.75793e+06 -5.39393e+06
2.13604e+06 -3.77139e+06 -5.40225e+06
1.85871e+06 -3.85117e+06 -5.44838e+06
1.83479e+06 -3.85769e+06 -5.45188e+06
1.76351e+06 -3.87677e+06 -5.46188e+06
1.47366e+06 -3.94926e+06 -5.4958e+06
1.42461e+06 -3.96073e+06 -5.50049e+06
1.16247e+06 -4.01817e+06 -5.5205e+06
1.11539e+06 -4.0278e+06 -5.52321e+06
1.06747e+06 -4.0374e+06 -5.52568e+06
1.06747e+06 -4.0374e+06 -5.52568e+06
755870 -4.09466e+06 -5.53501e+06
610411 -4.11837e+06 -5.53541e+06
492432 -4.1362e+06 -5.53389e+06
492432 -4.1362e+06 -5.53389e+06
396967 -4.14972e+06 -5.53146e+06
132122 -4.18295e+06 -5.51913e+06
10438.4 -4.19613e+06 -5.51072e+06
-229023 -4.21821e+06 -5.48912e+06
-468837 -4.23521e+06 -5.46076e+06
-564700 -4.24056e+06 -5.44753e+06
-708791 -4.24705e+06 -5.42561e+06
-926890 -4.25331e+06 -5.38774e+06
-926890 -4.25331e+06 -5.38774e+06
-1.07183e+06 -4.25506e+06 -5.35942e+06
-1.28063e+06 -4.25418e+06 -5.31414e+06
-1.28063e+06 -4.25418e+06 -5.31414e+06
-1.42323e+06 -4.25123e+06 -5.28014e+06
-1.63448e+06 -4.2433e+06 -5.2251e+06
-1.73117e+06 -4.23823e+06 -5.19802e+06
-1.73117e+06 -4.23823e+06 -5.19802e+06
-1.96146e+06 -4.22245e+06 -5.12864e+06
-1.96146e+06 -4.22245e+06 -5.12864e+06
-2.05328e+06 -4.21467e+06 -5.09903e+06
-2.30286e+06 -4.18913e+06 -5.01277e+06
-2.30286e+06 -4.18913e+06 -5.01277e+06
-2.41989e+06 -4.17489e+06 -4.96935e+06
-2.41989e+06 -4.17489e+06 -4.96935e+06
-2.5522e+06 -4.157e+06 -4.91791e+06
-2.63895e+06 -4.14421e+06 -4.88279e+06
-2.70727e+06 -4.13355e+06 -4.85436e+06
-2.88387e+06 -4.10348e+06 -4.77758e+06
-3.03435e+06 -4.07494e+06 -4.70832e+06
-3.0566e+06 -4.07049e+06 -4.69777e+06
-3.41706e+06 -3.98954e+06 -4.51535e+06
-3.53756e+06 -3.95862e+06 -4.44929e+06
-3.64448e+06 -3.92947e+06 -4.38843e+06
-3.80439e+06 -3.88273e+06 -4.2933e+06
-3.92435e+06 -3.8451e+06 -4.21855e+06
-3.94461e+06 -3.83852e+06 -4.20563e+06
-4.02423e+06 -3.81201e+06 -4.154e+06
-4.09985e+06 -3.78585e+06 -4.10368e+06
-4.21555e+06 -3.7439e+06 -4.02418e+06
-4.23458e+06 -3.73678e+06 -4.0108e+06
-4.33056e+06 -3.69982e+06 -3.942e+06
-4.38536e+06 -3.67793e+06 -3.90169e+06
-4.53455e+06 -3.61534e+06 -3.788e+06
-4.59139e+06 -3.59028e+06 -3.7431e+06
-4.62493e+06 -3.57517e+06 -3.71618e+06
-4.71422e+06 -3.53373e+06 -3.6429e+06
-4.80253e+06 -3.49092e+06 -3.56805e+06
-4.88969e+06 -3.44682e+06 -3.49174e+06
-4.95432e+06 -3.41286e+06 -3.43351e+06
-5.05067e+06 -3.36015e+06 -3.34395e+06
-5.09826e+06 -3.33314e+06 -3.29844e+06
-5.12912e+06 -3.31528e+06 -3.26847e+06
-5.1752e+06 -3.28806e+06 -3.22301e+06
-5.28224e+06 -3.22224e+06 -3.11398e+06
-5.47749e+06 -3.09186e+06 -2.90157e+06
-5.50747e+06 -3.07055e+06 -2.86726e+06
-5.59207e+06 -3.00833e+06 -2.76771e+06
-5.68536e+06 -2.93596e+06 -2.65299e+06
-5.71166e+06 -2.91478e+06 -2.61963e+06
-5.90833e+06 -2.74422e+06 -2.35418e+06
-5.94749e+06 -2.70737e+06 -2.29752e+06
-5.94749e+06 -2.70737e+06 -2.29752e+06
-5.9822e+06 -2.67381e+06 -2.24613e+06
-6.07021e+06 -2.58455e+06 -2.11036e+06
-6.07021e+06 -2.58455e+06 -2.11036e+06
-6.22873e+06 -2.40599e+06 -1.84247e+06
-6.29701e+06 -2.32043e+06 -1.71571e+06
-6.29701e+06 -2.32043e+06 -1.71571e+06
-6.37194e+06 -2.219e+06 -1.56673e+06
-6.39878e+06 -2.18044e+06 -1.51044e+06
-6.46871e+06 -2.07344e+06 -1.3552e+06
-6.49406e+06 -2.03197e+06 -1.29541e+06
-6.54724e+06 -1.93942e+06 -1.16267e+06
-6.54724e+06 -1.93942e+06 -1.16267e+06
-6.60319e+06 -1.83218e+06 -1.01007e+06
-6.62258e+06 -1.79211e+06 -953376
-6.64702e+06 -1.73905e+06 -878561
-6.64702e+06 -1.73905e+06 -878561
-6.71501e+06 -1.57202e+06 -644921
-6.72979e+06 -1.5307e+06 -587557
-6.72979e+06 -1.5307e+06 -587557
-6.77559e+06 -1.38544e+06 -387189
-6.78386e+06 -1.3555e+06 -346135
-6.80702e+06 -1.26253e+06 -219191
-6.82679e+06 -1.16791e+06 -90806
-6.83666e+06 -1.11222e+06 -15606.5
-6.85772e+06 -953652 197004
-6.85772e+06 -953652 197004
-6.86933e+06 -773225 436316
-6.87033e+06 -686119 550876
-6.87033e+06 -686119 550876
-6.86403e+06 -519490 768289
-6.86292e+06 -504176 788157
-6.86292e+06 -504176 788157
-6.85333e+06 -403228 918652
-6.84786e+06 -358571 976119
-6.82974e+06 -240484 1.12731e+06
-6.82974e+06 -240484 1.12731e+06
-6.78074e+06 -15545.6 1.41225e+06
-6.73787e+06 133387 1.5987e+06
-6.7137e+06 206736 1.68989e+06
-6.7137e+06 206736 1.68989e+06
-6.69288e+06 265512 1.76265e+06
-6.62777e+06 429752 1.9645e+06
-6.62777e+06 429752 1.9645e+06
-6.50001e+06 696702 2.28795e+06
-6.47618e+06 740920 2.34096e+06
-6.40893e+06 858757 2.48144e+06
-6.40893e+06 858757 2.48144e+06
-6.36572e+06 929795 2.56557e+06
-6.31013e+06 1.01665e+06 2.66785e+06
-6.23289e+06 1.13006e+06 2.8004e+06
-6.22246e+06 1.1448e+06 2.81755e+06
-6.14861e+06 1.24568e+06 2.93437e+06
-6.06935e+06 1.34787e+06 3.05178e+06
-6.05764e+06 1.36248e+06 3.06849e+06
-5.97099e+06 1.4672e+06 3.18765e+06
-5.97099e+06 1.4672e+06 3.18765e+06
-5.8448e+06 1.60998e+06 3.34843e+06
-5.8196e+06 1.63728e+06 3.37894e+06
-5.75708e+06 1.70338e+06 3.45251e+06
-5.70467e+06 1.75714e+06 3.512e+06
-5.62131e+06 1.83977e+06 3.60287e+06
-5.49737e+06 1.95669e+06 3.73018e+06
-5.44002e+06 2.00861e+06 3.78621e+06
-5.41039e+06 2.03492e+06 3.81449e+06
-5.26895e+06 2.15607e+06 3.94364e+06
-5.16802e+06 2.23836e+06 4.03035e+06
-5.10746e+06 2.28619e+06 4.08035e+06
-5.10746e+06 2.28619e+06 4.08035e+06
-5.02672e+06 2.34828e+06 4.1448e+06
-5.0107e+06 2.36038e+06 4.15729e+06
-4.7762e+06 2.5297e+06 4.33002e+06
-4.7039e+06 2.57916e+06 4.37968e+06
-4.59722e+06 2.64995e+06 4.45007e+06
-4.59722e+06 2.64995e+06 4.45007e+06
-4.43898e+06 2.75047e+06 4.54859e+06
-4.4209e+06 2.76162e+06 4.55941e+06
-4.12705e+06 2.93425e+06 4.72395e+06
-4.12705e+06 2.93425e+06 4.72395e+06
-3.93944e+06 3.03647e+06 4.8185e+06
-3.84544e+06 3.08553e+06 4.86304e+06
-3.82596e+06 3.09551e+06 4.87203e+06
-3.53286e+06 3.23895e+06 4.9984e+06
-3.31119e+06 3.33931e+06 5.08332e+06
-3.22477e+06 3.37666e+06 5.11409e+06
-2.96562e+06 3.48295e+06 5.19886e+06
-2.89023e+06 3.51232e+06 5.22149e+06
-2.84369e+06 3.53011e+06 5.23502e+06
-2.64278e+06 3.60402e+06 5.28959e+06
-2.59984e+06 3.61922e+06 5.30047e+06
-2.31733e+06 3.71413e+06 5.36538e+06
-2.24509e+06 3.73702e+06 5.38016e+06
-2.24509e+06 3.73702e+06 5.38016e+06
-2.00307e+06 3.80972e+06 5.42447e+06
-1.98018e+06 3.81629e+06 5.42825e+06
-1.95734e+06 3.82278e+06 5.43196e+06
-1.65495e+06 3.90391e+06 5.47456e+06
-1.60553e+06 3.91631e+06 5.4804e+06
-1.5557e+06 3.92858e+06 5.48598e+06
-1.30108e+06 3.98756e+06 5.50961e+06
-1.18005e+06 4.01345e+06 5.51803e+06
-1.15539e+06 4.01856e+06 5.51952e+06
-641297 4.11233e+06 5.534e+06
-575187 4.12264e+06 5.53357e+06
-484810 4.13611e+06 5.53216e+06
-484810 4.13611e+06 5.53216e+06
-200248 4.17375e+06 5.52144e+06
-200248 4.17375e+06 5.52144e+06
131790 4.20855e+06 5.49697e+06
156549 4.21075e+06 5.49463e+06
156549 4.21075e+06 5.49463e+06
424616 4.23109e+06 5.46469e+06
525765 4.2371e+06 5.45121e+06
576632 4.23977e+06 5.44397e+06
576632 4.23977e+06 5.44397e+06
885672 4.251e+06 5.39342e+06
979040 4.25269e+06 5.37591e+06
979040 4.25269e+06 5.37591e+06
1.24133e+06 4.25313e+06 5.32107e+06
1.47342e+06 4.24816e+06 5.26551e+06
1.47342e+06 4.24816e+06 5.26551e+06
1.61355e+06 4.24267e+06 5.2287e+06
1.82495e+06 4.23079e+06 5.16844e+06
1.94441e+06 4.22212e+06 5.13182e+06
2.17425e+06 4.20138e+06 5.05602e+06
2.17425e+06 4.20138e+06 5.05602e+06
2.52086e+06 4.15961e+06 4.92795e+06
2.66265e+06 4.13874e+06 4.8706e+06
2.85546e+06 4.10668e+06 4.78778e+06
2.85546e+06 4.10668e+06 4.78778e+06
2.96067e+06 4.08735e+06 4.74017e+06
3.17458e+06 4.04387e+06 4.6379e+06
3.30492e+06 4.01454e+06 4.57186e+06
3.30492e+06 4.01454e+06 4.57186e+06
3.488e+06 3.96953e+06 4.47409e+06
3.7733e+06 3.88998e+06 4.30938e+06
3.79416e+06 3.88369e+06 4.29672e+06
3.99859e+06 3.81844e+06 4.16787e+06
4.07364e+06 3.79278e+06 4.11832e+06
4.18866e+06 3.75158e+06 4.03993e+06
4.36607e+06 3.68334e+06 3.91287e+06
4.48653e+06 3.63357e+06 3.82208e+06
4.57572e+06 3.59481e+06 3.75236e+06
4.64181e+06 3.565e+06 3.69926e+06
4.6757e+06 3.54933e+06 3.67153e+06
4.70736e+06 3.53446e+06 3.64532e+06
4.70736e+06 3.53446e+06 3.64532e+06
4.88745e+06 3.44537e+06 3.49031e+06
4.92095e+06 3.42791e+06 3.46031e+06
4.97185e+06 3.40081e+06 3.41398e+06
5.12968e+06 3.31221e+06 3.26432e+06
5.19196e+06 3.27521e+06 3.20259e+06
5.3641e+06 3.16638e+06 3.02335e+06
5.42751e+06 3.12364e+06 2.95385e+06
5.42751e+06 3.12364e+06 2.95385e+06
5.56899e+06 3.02253e+06 2.79123e+06
5.60924e+06 2.9922e+06 2.74291e+06
5.63492e+06 2.97245e+06 2.71156e+06
5.81881e+06 2.82132e+06 2.4743e+06
5.90728e+06 2.74171e+06 2.3511e+06
5.90728e+06 2.74171e+06 2.3511e+06
5.97989e+06 2.67249e+06 2.24489e+06
5.99131e+06 2.66125e+06 2.22772e+06
6.13251e+06 2.5135e+06 2.00392e+06
6.13251e+06 2.5135e+06 2.00392e+06
6.15558e+06 2.48764e+06 1.96511e+06
6.29163e+06 2.32314e+06 1.72041e+06
6.38604e+06 2.19434e+06 1.53139e+06
6.44422e+06 2.10727e+06 1.40478e+06
6.44422e+06 2.10727e+06 1.40478e+06
6.55976e+06 1.91094e+06 1.12264e+06
6.65672e+06 1.71072e+06 839318
6.66868e+06 1.68275e+06 800071
6.69656e+06 1.61375e+06 703601
6.73799e+06 1.49898e+06 544175
6.73799e+06 1.49898e+06 544175
6.78685e+06 1.33473e+06 318233
6.80218e+06 1.2728e+06 233702
6.8318e+06 1.12691e+06 35912.9
6.84268e+06 1.05801e+06 -56830
6.84268e+06 1.05801e+06 -56830
6.86329e+06 857863 -323928
6.86825e+06 697979 -534867
6.8672e+06 625199 -630186
6.8672e+06 625199 -630186
6.84919e+06 384496 -942368
6.82998e+06 252592 -1.11147e+06
6.81354e+06 164711 -1.22336e+06
6.79744e+06 90644.3 -1.31719e+06
6.76289e+06 -44046.4 -1.48671e+06
