# real positions of the satellite in ECI coordinates
3.3143e+06 5.92781e+06 9194.19
3.51079e+06 5.81333e+06 9192.93
3.63947e+06 5.73339e+06 9203.56
3.63947e+06 5.73339e+06 9203.56
3.98414e+06 5.49894e+06 9192.84
4.42962e+06 5.14604e+06 9194.43
4.42962e+06 5.14604e+06 9194.43
4.68211e+06 4.91684e+06 9192.43
4.68211e+06 4.91684e+06 9192.43
4.6876e+06 4.91338e+06 1163.12
4.84409e+06 4.7568e+06 9532.02
4.97472e+06 4.61991e+06 9198.29
5.22457e+06 4.3348e+06 9199.45
5.22457e+06 4.3348e+06 9199.45
5.45795e+06 4.03628e+06 9198.21
5.56841e+06 3.88223e+06 9201.3
5.85418e+06 3.43518e+06 9192.37
5.89215e+06 3.36952e+06 9190.89
6.05361e+06 3.06907e+06 9194.9
6.16876e+06 2.82989e+06 9198.02
6.23024e+06 2.69135e+06 9196.59
6.43311e+06 2.16025e+06 9190.93
6.43311e+06 2.16025e+06 9190.93
6.53324e+06 1.83399e+06 9192.66
6.53324e+06 1.83399e+06 9192.66
6.66321e+06 1.2804e+06 9196.44
6.72878e+06 868532 9188.25
6.76358e+06 528992 9201.94
6.7735e+06 377659 9193.16
6.78273e+06 112219 9195.25
6.78273e+06 112219 9195.25
6.76768e+06 -456447 9203.83
6.76209e+06 -532146 9192.92
6.72635e+06 -871623 9193.91
6.6931e+06 -1.09691e+06 9202.92
6.6931e+06 -1.09691e+06 9202.92
6.65957e+06 -1.28356e+06 9193.57
6.65957e+06 -1.28356e+06 9193.57
6.57699e+06 -1.65397e+06 9190.75
6.57699e+06 -1.65397e+06 9190.75
6.5069e+06 -1.91012e+06 9193.49
6.46235e+06 -2.05527e+06 9201.49
6.46235e+06 -2.05527e+06 9201.49
6.19155e+06 -2.7641e+06 9198.28
5.84318e+06 -3.43818e+06 9193.58
5.66223e+06 -3.72805e+06 9194.6
5.28157e+06 -4.24911e+06 9192.46
4.95797e+06 -4.62181e+06 9193.82
4.77278e+06 -4.81245e+06 9203.74
4.77278e+06 -4.81245e+06 9203.74
4.40941e+06 -5.14681e+06 9198.07
4.40941e+06 -5.14681e+06 9198.07
3.96119e+06 -5.49849e+06 9194.49
3.96119e+06 -5.49849e+06 9194.49
3.51745e+06 -5.79174e+06 9192.08
3.51745e+06 -5.79174e+06 9192.08
3.08608e+06 -6.03204e+06 9202.35
2.70806e+06 -6.21053e+06 9195.78
2.49741e+06 -6.29801e+06 9201.67
2.49741e+06 -6.29801e+06 9201.67
2.06798e+06 -6.45128e+06 9191.98
1.99544e+06 -6.47403e+06 9198.09
1.59232e+06 -6.58428e+06 9199.23
1.59232e+06 -6.58428e+06 9199.23
1.36968e+06 -6.63401e+06 9199.93
806934 -6.72507e+06 9193.87
542314 -6.75116e+06 9193.11
314593 -6.76532e+06 9197.11
-27366.1 -6.77214e+06 9194.57
-27366.1 -6.77214e+06 9194.57
-141426 -6.77058e+06 9193.12
-861532 -6.71609e+06 9194.97
-861532 -6.71609e+06 9194.97
-1.27437e+06 -6.6495e+06 9194.94
-1.38624e+06 -6.62692e+06 9200.74
-1.42345e+06 -6.61898e+06 9194.16
-1.75588e+06 -6.53805e+06 9201.13
-1.82916e+06 -6.51778e+06 9200.99
-2.01154e+06 -6.46354e+06 9198.11
-2.15618e+06 -6.41646e+06 9195.63
-2.33538e+06 -6.35299e+06 9191.15
-2.33538e+06 -6.35299e+06 9191.15
-2.51289e+06 -6.28446e+06 9192.69
-2.51289e+06 -6.28446e+06 9192.69
-2.93025e+06 -6.0999e+06 9196.86
-2.96458e+06 -6.08323e+06 9189.17
-3.0666e+06 -6.03212e+06 9203.43
-3.3013e+06 -5.90627e+06 9196.44
-3.5954e+06 -5.73101e+06 9189.52
-3.5954e+06 -5.73101e+06 9189.52
-3.65952e+06 -5.69003e+06 9196.54
-3.72322e+06 -5.64836e+06 9197.94
-3.97306e+06 -5.47444e+06 9190.13
-4.21487e+06 -5.28945e+06 9195.69
-4.21487e+06 -5.28945e+06 9195.69
-4.66493e+06 -4.89525e+06 21290.9
-4.9904e+06 -4.56052e+06 9194.66
-5.23831e+06 -4.27168e+06 9193.2
-5.42471e+06 -4.03086e+06 9198.96
-5.55726e+06 -3.84485e+06 9189.01
-5.82246e+06 -3.42717e+06 9191.12
-5.8979e+06 -3.29473e+06 9197.13
-5.9877e+06 -3.12707e+06 9194.03
-6.00516e+06 -3.09311e+06 9197.82
-6.16871e+06 -2.7492e+06 9192.52
-6.24317e+06 -2.57397e+06 9191.36
-6.27161e+06 -2.50331e+06 9198.3
-6.38953e+06 -2.18157e+06 9195.23
-6.43673e+06 -2.03673e+06 9189.66
-6.448e+06 -2.00034e+06 9195.62
-6.53097e+06 -1.70713e+06 9188.03
-6.54037e+06 -1.67022e+06 9189.68
-6.66857e+06 -1.0357e+06 9186.22
-6.67421e+06 -998036 9191.64
-6.73324e+06 -429859 9190.86
-6.73547e+06 -391818 9190.23
-6.74386e+06 141325 9188.57
-6.74386e+06 141325 9188.57
-6.73853e+06 293667 9192.28
-6.71399e+06 635667 9186.03
-6.70617e+06 711470 9195.99
-6.67761e+06 938311 9188.57
-6.61296e+06 1.31385e+06 9191.28
-6.60534e+06 1.35122e+06 9186.33
-6.58117e+06 1.463e+06 9188.94
-6.47643e+06 1.86892e+06 9190.15
-6.44354e+06 1.97845e+06 9181.31
-6.40879e+06 2.08741e+06 9187.27
-6.26572e+06 2.48153e+06 9191.22
-6.23708e+06 2.5522e+06 9193.68
-6.23708e+06 2.5522e+06 9193.68
-6.04845e+06 2.96899e+06 9190.73
-6.04845e+06 2.96899e+06 9190.73
-5.96156e+06 3.13874e+06 9191.13
-5.96156e+06 3.13874e+06 9191.13
-5.83193e+06 3.37203e+06 9186.51
-5.79314e+06 3.43774e+06 9187.29
-5.69279e+06 3.59991e+06 9181.45
-5.69279e+06 3.59991e+06 9181.45
-5.50116e+06 3.88473e+06 9192.37
-5.41136e+06 4.00815e+06 9182.25
-5.36547e+06 4.06912e+06 9191.07
-5.36547e+06 4.06912e+06 9191.07
-5.15032e+06 4.33662e+06 9191.3
-5.07563e+06 4.42337e+06 9192.55
-5.07563e+06 4.42337e+06 9192.55
-4.56947e+06 4.9421e+06 9183.23
-4.22199e+06 5.24047e+06 9195.57
-4.19211e+06 5.26426e+06 9185.38
-3.63233e+06 5.66259e+06 9186.5
-3.63233e+06 5.66259e+06 9186.5
-3.53515e+06 5.72334e+06 9189.25
-3.53515e+06 5.72334e+06 9189.25
-2.9661e+06 6.03563e+06 9180
-2.9661e+06 6.03563e+06 9180
-2.79318e+06 6.1169e+06 9182.31
-2.51183e+06 6.23684e+06 9183.88
-2.40494e+06 6.27839e+06 9188.72
-2.26133e+06 6.33103e+06 9182.65
-1.86068e+06 6.45864e+06 9184.03
-1.67606e+06 6.50841e+06 9193.3
-1.56457e+06 6.53591e+06 9192.46
-1.56457e+06 6.53591e+06 9192.46
-1.11452e+06 6.62586e+06 9181.55
-697324 6.68113e+06 9183.61
-697324 6.68113e+06 9183.61
-506627 6.69764e+06 9189.69
-277269 6.7102e+06 9185.19
67352.1 6.71443e+06 9190.99
297072 6.70742e+06 9195.42
297072 6.70742e+06 9195.42
679068 6.67837e+06 9193.1
907289 6.65048e+06 9189.05
907289 6.65048e+06 9189.05
1.24761e+06 6.59391e+06 9193.9
1.47265e+06 6.54655e+06 9191.07
1.47265e+06 6.54655e+06 9191.07
1.95415e+06 6.41769e+06 9196.63
2.06384e+06 6.38286e+06 9196.51
2.24527e+06 6.32058e+06 9193.78
2.24527e+06 6.32058e+06 9193.78
2.49607e+06 6.22452e+06 9196.32
2.6024e+06 6.1803e+06 9194.55
2.6024e+06 6.1803e+06 9194.55
3.08797e+06 5.94992e+06 9187.34
3.15583e+06 5.91387e+06 9189.7
3.15583e+06 5.91387e+06 9189.7
3.32366e+06 5.82043e+06 9192.35
3.6188e+06 5.64018e+06 9193.68
3.65102e+06 5.61924e+06 9190.34
3.96637e+06 5.39947e+06 9193.22
4.14945e+06 5.25903e+06 9193.58
4.29824e+06 5.1372e+06 9192.53
4.44346e+06 5.01107e+06 9201.5
4.55697e+06 4.90714e+06 9197.19
4.61284e+06 4.85423e+06 9195.3
4.61284e+06 4.85423e+06 9195.3
4.85655e+06 4.60803e+06 9196.17
4.93495e+06 4.52322e+06 9197.75
5.03715e+06 4.40797e+06 9194.27
5.03715e+06 4.40797e+06 9194.27
5.35055e+06 4.01744e+06 9195.72
5.35055e+06 4.01744e+06 9195.72
5.5921e+06 3.6692e+06 9195.48
5.73404e+06 3.4398e+06 9199.07
5.73404e+06 3.4398e+06 9199.07
5.98963e+06 2.96417e+06 9198.38
6.02295e+06 2.89451e+06 9200.72
6.23162e+06 2.39607e+06 9202.94
6.25776e+06 2.32332e+06 9195.23
6.34394e+06 2.06688e+06 9206.12
6.37801e+06 1.95601e+06 9195.06
6.38832e+06 1.91872e+06 9203.72
6.38832e+06 1.91872e+06 9203.72
6.53205e+06 1.31691e+06 9197.17
6.53934e+06 1.27884e+06 9193.59
6.53934e+06 1.27884e+06 9193.59
6.62845e+06 587421 9194.02
6.62845e+06 587421 9194.02
6.64537e+06 199885 9197.68
6.64537e+06 199885 9197.68
6.61644e+06 -498319 9195.76
6.61253e+06 -536992 9197.26
6.60408e+06 -614327 9195.83
6.60408e+06 -614327 9195.83
6.49951e+06 -1.22849e+06 9199.03
6.49951e+06 -1.22849e+06 9199.03
6.3219e+06 -1.82844e+06 9191.53
6.3219e+06 -1.82844e+06 9191.53
6.31472e+06 -1.82711e+06 9187.31
6.31472e+06 -1.82711e+06 9187.31
