1 26626U 00077A   23002.17515449 -.00000080  00000-0  00000+0 0  9997
2 26626  60.9104 303.6521 0015679 303.6531  56.1854  1.58823065 94474
1 26626U 00077A   23002.17515449 -.00000080  00000-0  00000-0 0  9998
2 26626  60.9104 303.6521 0015679 303.6531  56.1854  1.58823065 94452
1 26626U 00077A   23004.69367432 -.00000070  00000-0  00000+0 0  9992
2 26626  60.9079 303.5996 0015574 304.0248  55.8207  1.58823190 94516
1 26626U 00077A   23004.69367432 -.00000070  00000-0  00000-0 0  9993
2 26626  60.9079 303.5996 0015574 304.0248  55.8207  1.58823190 94493
1 26626U 00077A   23006.58257172 -.00000058  00000-0  00000-0 0  9998
2 26626  60.9059 303.5603 0015526 304.1862  55.6705  1.58823271 94521
1 26626U 00077A   23007.21221161 -.00000055  00000-0  00000+0 0  9994
2 26626  60.9069 303.5472 0015367 304.8485  55.0149  1.58823342 94555
1 26626U 00077A   23007.21221161 -.00000055  00000-0  00000-0 0  9995
2 26626  60.9069 303.5472 0015367 304.8485  55.0149  1.58823342 94533
1 26626U 00077A   23009.73073918 -.00000043  00000-0  00000+0 0  9995
2 26626  60.9045 303.4947 0015416 305.0499  54.8281  1.58823317 94598
1 26626U 00077A   23009.73073918 -.00000043  00000-0  00000-0 0  9996
2 26626  60.9045 303.4947 0015416 305.0499  54.8281  1.58823317 94576
1 26626U 00077A   23010.36036895 -.00000040  00000-0  00000-0 0  9997
2 26626  60.9037 303.4817 0015426 304.9843  54.8962  1.58823341 94589
1 26626U 00077A   23012.24926830 -.00000036  00000-0  00000+0 0  9997
2 26626  60.9006 303.4422 0015187 306.1767  53.7121  1.58823203 94638
1 26626U 00077A   23012.24926830 -.00000036  00000-0  00000-0 0  9998
2 26626  60.9006 303.4422 0015187 306.1767  53.7121  1.58823203 94616
1 26626U 00077A   23012.87888705 -.00000035  00000-0  00000-0 0  9994
2 26626  60.9004 303.4290 0015371 305.8931  53.9935  1.58823133 94629
1 26626U 00077A   23014.13813789 -.00000035  00000-0  00000-0 0  9995
2 26626  60.8991 303.4026 0015385 306.1705  53.7149  1.58823075 94640
1 26626U 00077A   23015.39739462 -.00000037  00000-0  00000+0 0  9990
2 26626  60.8976 303.3763 0015325 307.3014  52.5840  1.58822971 94683
1 26626U 00077A   23015.39739462 -.00000037  00000-0  00000-0 0  9991
2 26626  60.8976 303.3763 0015325 307.3014  52.5840  1.58822971 94661
1 26626U 00077A   23016.02701990 -.00000037  00000-0  00000-0 0  9997
2 26626  60.8969 303.3631 0015324 307.4035  52.4809  1.58822925 94674
1 26626U 00077A   23017.91589753 -.00000038  00000-0  00000+0 0  9997
2 26626  60.8949 303.3232 0015373 307.3514  52.5316  1.58822803 94729
1 26626U 00077A   23017.91589753 -.00000038  00000-0  00000-0 0  9998
2 26626  60.8949 303.3232 0015373 307.3514  52.5316  1.58822803 94707
1 26626U 00077A   23019.17515107 -.00000037  00000-0  00000-0 0  9999
2 26626  60.8936 303.2966 0015481 306.9541  52.9300  1.58822759 94720
1 26626U 00077A   23020.43442331 -.00000036  00000-0  00000+0 0  9996
2 26626  60.8919 303.2699 0015258 307.5921  52.3007  1.58822777 94767
1 26626U 00077A   23023.58259205 -.00000043  00000-0  00000+0 0  9999
2 26626  60.8882 303.2031 0015027 308.3819  51.5271  1.58822828 94812
1 26626U 00077A   23024.21222212 -.00000046  00000-0  00000-0 0  9992
2 26626  60.8875 303.1898 0014979 308.4793  51.4310  1.58822865 94804
1 26626U 00077A   23026.10110308 -.00000059  00000-0  00000+0 0  9997
2 26626  60.8854 303.1499 0014832 308.7825  51.1271  1.58822995 94857
1 26626U 00077A   23026.10110308 -.00000059  00000-0  00000-0 0  9998
2 26626  60.8854 303.1499 0014832 308.7825  51.1271  1.58822995 94835
1 26626U 00077A   23026.73072803 -.00000062  00000-0  00000-0 0  9998
2 26626  60.8847 303.1366 0014788 308.8894  51.0190  1.58823040 94849
1 26626U 00077A   23027.36035545 -.00000065  00000-0  00000-0 0  9993
2 26626  60.8840 303.1233 0014705 309.2407  50.6671  1.58823059 94859
1 26626U 00077A   23027.98997371 -.00000066  00000-0  00000-0 0  9996
2 26626  60.8833 303.1101 0014760 308.8583  51.0467  1.58823136 94861
1 26626U 00077A   23029.87885194 -.00000065  00000-0  00000+0 0  9993
2 26626  60.8813 303.0704 0014631 309.1477  50.7567  1.58823264 94915
1 26626U 00077A   23029.87885194 -.00000065  00000-0  00000-0 0  9994
2 26626  60.8813 303.0704 0014631 309.1477  50.7567  1.58823264 94892
1 26626U 00077A   23031.13810873 -.00000059  00000-0  00000-0 0  9991
2 26626  60.8800 303.0440 0014562 309.2762  50.6311  1.58823352 94913
1 26626U 00077A   23032.39737133 -.00000051  00000-0  00000+0 0  9998
2 26626  60.8788 303.0177 0014486 309.5669  50.3465  1.58823393 94955
1 26626U 00077A   23032.39737133 -.00000051  00000-0  00000-0 0  9999
2 26626  60.8788 303.0177 0014486 309.5669  50.3465  1.58823393 94933
1 26626U 00077A   23033.65663535 -.00000043  00000-0  00000-0 0  9994
2 26626  60.8776 302.9914 0014441 309.8680  50.0532  1.58823449 94950
1 26626U 00077A   23034.28626636 -.00000039  00000-0  00000-0 0  9990
2 26626  60.8771 302.9782 0014447 309.8591  50.0659  1.58823482 94963
1 26626U 00077A   23034.91589935 -.00000035  00000-0  00000+0 0  9995
2 26626  60.8765 302.9651 0014423 309.9982  49.9310  1.58823483 94995
1 26626U 00077A   23034.91589935 -.00000035  00000-0  00000-0 0  9996
2 26626  60.8765 302.9651 0014423 309.9982  49.9310  1.58823483 94973
1 26626U 00077A   23037.43442432 -.00000022  00000-0  00000+0 0  9991
2 26626  60.8742 302.9125 0014396 310.5747  49.3684  1.58823461 95032
1 26626U 00077A   23037.43442432 -.00000022  00000-0  00000-0 0  9992
2 26626  60.8742 302.9125 0014396 310.5747  49.3684  1.58823461 95010
1 26626U 00077A   23038.06405181 -.00000020  00000-0  00000-0 0  9990
2 26626  60.8737 302.8993 0014414 310.5756  49.3692  1.58823454 95029
1 26626U 00077A   23039.32331026 -.00000016  00000-0  00000-0 0  9991
2 26626  60.8732 302.8728 0014277 310.9675  48.9809  1.58823389 95045
1 26626U 00077A   23039.95293565 -.00000015  00000-0  00000+0 0  9993
2 26626  60.8726 302.8596 0014275 311.0634  48.8850  1.58823362 95075
1 26626U 00077A   23039.95293565 -.00000015  00000-0  00000-0 0  9994
2 26626  60.8726 302.8596 0014275 311.0634  48.8850  1.58823362 95053
1 26626U 00077A   23040.58256140 -.00000015  00000-0  00000-0 0  9993
2 26626  60.8720 302.8464 0014253 311.2613  48.6869  1.58823327 95066
1 26626U 00077A   23043.73069118 -.00000015  00000-0  00000+0 0  9999
2 26626  60.8688 302.7801 0014031 312.6932  47.2515  1.58823067 95138
1 26626U 00077A   23043.73069118 -.00000015  00000-0  00000-0 0  9990
2 26626  60.8688 302.7801 0014031 312.6932  47.2515  1.58823067 95116
1 26626U 00077A   23044.98994307 -.00000015  00000-0  00000-0 0  9995
2 26626  60.8676 302.7535 0014005 312.8579  47.0858  1.58822989 95139
1 26626U 00077A   23046.24920080 -.00000014  00000-0  00000+0 0  9991
2 26626  60.8661 302.7269 0013968 313.0914  46.8542  1.58822906 95170
1 26626U 00077A   23046.24920080 -.00000014  00000-0  00000-0 0  9992
2 26626  60.8661 302.7269 0013968 313.0914  46.8542  1.58822906 95158
1 26626U 00077A   23046.87883161 -.00000013  00000-0  00000-0 0  9998
2 26626  60.8655 302.7136 0013939 313.2164  46.7312  1.58822865 95160
1 26626U 00077A   23048.13809610 -.00000011  00000-0  00000-0 0  9994
2 26626  60.8640 302.6869 0013859 313.4478  46.5055  1.58822820 95182
1 26626U 00077A   23048.76772829 -.00000011  00000-0  00000+0 0  9993
2 26626  60.8633 302.6734 0013803 313.5295  46.4269  1.58822816 95217
1 26626U 00077A   23048.76772829 -.00000011  00000-0  00000-0 0  9994
2 26626  60.8633 302.6734 0013803 313.5295  46.4269  1.58822816 95194
1 26626U 00077A   23050.02699158 -.00000014  00000-0  00000-0 0  9992
2 26626  60.8619 302.6467 0013729 313.6672  46.2938  1.58822830 95218
1 26626U 00077A   23051.28624866 -.00000019  00000-0  00000+0 0  9999
2 26626  60.8605 302.6199 0013637 313.6519  46.3109  1.58822914 95251
1 26626U 00077A   23051.28624866 -.00000019  00000-0  00000-0 0  9990
2 26626  60.8606 302.6199 0013643 313.6561  46.3066  1.58822910 95232
1 26626U 00077A   23051.91587375 -.00000023  00000-0  00000-0 0  9998
2 26626  60.8597 302.6065 0013599 313.5388  46.4234  1.58822986 95241
1 26626U 00077A   23051.91587541 -.00000023  00000-0  00000-0 0  9993
2 26626  60.8599 302.6065 0013593 313.6986  46.2639  1.58822952 95242
1 26626U 00077A   23053.17512276 -.00000032  00000-0  00000-0 0  9996
2 26626  60.8583 302.5798 0013520 313.6242  46.3350  1.58823069 95265
1 26626U 00077A   23055.06399017 -.00000041  00000-0  00000+0 0  9991
2 26626  60.8562 302.5398 0013399 313.7746  46.1776  1.58823215 95311
1 26626U 00077A   23055.06399017 -.00000041  00000-0  00000-0 0  9992
2 26626  60.8562 302.5398 0013399 313.7746  46.1776  1.58823215 95298
1 26626U 00077A   23055.69361446 -.00000042  00000-0  00000-0 0  9997
2 26626  60.8556 302.5265 0013311 313.9550  45.9957  1.58823249 95300
1 26626U 00077A   23056.95286270 -.00000041  00000-0  00000-0 0  9997
2 26626  60.8543 302.4999 0013214 314.1289  45.8197  1.58823324 95324
1 26626U 00077A   23058.21212069 -.00000036  00000-0  00000+0 0  9996
2 26626  60.8530 302.4734 0013001 314.6566  45.2943  1.58823359 95369
1 26626U 00077A   23058.21212069 -.00000036  00000-0  00000-0 0  9997
2 26626  60.8530 302.4734 0013001 314.6566  45.2943  1.58823359 95347
1 26626U 00077A   23058.84174900 -.00000032  00000-0  00000-0 0  9993
2 26626  60.8524 302.4602 0012955 314.7640  45.1884  1.58823388 95351
1 26626U 00077A   23060.10100834 -.00000024  00000-0  00000-0 0  9991
2 26626  60.8512 302.4338 0012868 314.9691  44.9879  1.58823442 95379
1 26626U 00077A   23061.98990067 -.00000013  00000-0  00000+0 0  9990
2 26626  60.8495 302.3942 0012765 315.2806  44.6859  1.58823490 95421
1 26626U 00077A   23061.98990067 -.00000013  00000-0  00000-0 0  9991
2 26626  60.8495 302.3942 0012765 315.2806  44.6859  1.58823490 95409
1 26626U 00077A   23063.24916126 -.00000006  00000-0  00000-0 0  9998
2 26626  60.8483 302.3678 0012709 315.4936  44.4788  1.58823499 95426
1 26626U 00077A   23063.87879127 -.00000003  00000-0  00000-0 0  9993
2 26626  60.8478 302.3547 0012667 315.6581  44.3171  1.58823493 95436
1 26626U 00077A   23067.02692436  .00000006  00000-0  00000+0 0  9991
2 26626  60.8452 302.2886 0012533 316.2314  43.7472  1.58823384 95500
1 26626U 00077A   23067.02692436  .00000006  00000-0  00000-0 0  9992
2 26626  60.8452 302.2886 0012533 316.2314  43.7472  1.58823384 95487
1 26626U 00077A   23067.65654771  .00000007  00000-0  00000-0 0  9992
2 26626  60.8446 302.2753 0012509 316.3360  43.6413  1.58823352 95498
1 26626U 00077A   23068.91579194  .00000007  00000-0  00000-0 0  9997
2 26626  60.8435 302.2488 0012472 316.5208  43.4523  1.58823278 95513
1 26626U 00077A   23070.80465610  .00000006  00000-0  00000+0 0  9993
2 26626  60.8419 302.2090 0012433 316.6450  43.3203  1.58823188 95560
1 26626U 00077A   23070.80465610  .00000006  00000-0  00000-0 0  9994
2 26626  60.8419 302.2090 0012433 316.6450  43.3203  1.58823188 95548
1 26626U 00077A   23070.80465632  .00000006  00000-0  00000-0 0  9998
2 26626  60.8419 302.2090 0012424 316.6556  43.3098  1.58823162 95549
1 26626U 00077A   23075.84167226  .00000008  00000-0  00000+0 0  9996
2 26626  60.8380 302.1023 0012179 316.9647  43.0015  1.58822875 95649
1 26626U 00077A   23075.84167226  .00000008  00000-0  00000-0 0  9997
2 26626  60.8380 302.1023 0012179 316.9647  43.0015  1.58822875 95627
1 26626U 00077A   23077.10093162  .00000006  00000-0  00000-0 0  9993
2 26626  60.8365 302.0755 0012075 316.9957  42.9733  1.58822876 95648
1 26626U 00077A   23080.87867883 -.00000018  00000-0  00000-0 0  9994
2 26626  60.8318 301.9954 0011676 316.6501  43.3103  1.58823110 95708
1 26626U 00077A   23080.87867914 -.00000018  00000-0  00000+0 0  9998
2 26626  60.8319 301.9954 0011730 316.8630  43.0974  1.58823080 95726
1 26626U 00077A   23083.39716174 -.00000028  00000-0  00000+0 0  9990
2 26626  60.8291 301.9421 0011467 316.6602  43.2871  1.58823274 95765
1 26626U 00077A   23083.39716174 -.00000028  00000-0  00000-0 0  9991
2 26626  60.8291 301.9421 0011467 316.6602  43.2871  1.58823274 95743
1 26626U 00077A   23084.02678396 -.00000028  00000-0  00000-0 0  9995
2 26626  60.8287 301.9287 0011414 316.6871  43.2580  1.58823314 95751
1 26626U 00077A   23084.65640744 -.00000027  00000-0  00000-0 0  9999
2 26626  60.8281 301.9154 0011328 316.7074  43.2366  1.58823360 95762
1 26626U 00077A   23087.80454045 -.00000012  00000-0  00000+0 0  9999
2 26626  60.8252 301.8491 0011116 316.7084  43.2388  1.58823481 95835
1 26626U 00077A   23087.80454045 -.00000012  00000-0  00000-0 0  9990
2 26626  60.8252 301.8491 0011116 316.7084  43.2388  1.58823481 95813
1 26626U 00077A   23089.69342707 -.00000003  00000-0  00000-0 0  9990
2 26626  60.8237 301.8095 0010991 316.6985  43.2552  1.58823526 95841
1 26626U 00077A   23091.58231017  .00000004  00000-0  00000+0 0  9991
2 26626  60.8221 301.7699 0010916 316.6824  43.2758  1.58823522 95891
1 26626U 00077A   23091.58231017  .00000004  00000-0  00000-0 0  9992
2 26626  60.8221 301.7699 0010916 316.6824  43.2758  1.58823522 95879
1 26626U 00077A   23092.84156051  .00000007  00000-0  00000-0 0  9999
2 26626  60.8212 301.7434 0010888 316.6853  43.2731  1.58823484 95896
1 26626U 00077A   23095.36004957  .00000010  00000-0  00000+0 0  9999
2 26626  60.8191 301.6905 0010817 316.6296  43.3218  1.58823382 95952
1 26626U 00077A   23095.36004957  .00000010  00000-0  00000-0 0  9990
2 26626  60.8191 301.6905 0010817 316.6296  43.3218  1.58823382 95930
1 26626U 00077A   23097.24890985  .00000008  00000-0  00000-0 0  9990
2 26626  60.8176 301.6507 0010750 316.4586  43.4830  1.58823251 95966
1 26626U 00077A   23097.87853012  .00000007  00000-0  00000+0 0  9997
2 26626  60.8170 301.6375 0010735 316.4021  43.5361  1.58823206 95993
1 26626U 00077A   23097.87853012  .00000007  00000-0  00000-0 0  9998
2 26626  60.8170 301.6375 0010735 316.4021  43.5361  1.58823206 95971
1 26626U 00077A   23101.65627396  .00000006  00000-0  00000+0 0  9992
2 26626  60.8149 301.5579 0010620 315.7800  44.1496  1.58822961 96055
1 26626U 00077A   23101.65627396  .00000006  00000-0  00000-0 0  9993
2 26626  60.8149 301.5579 0010620 315.7800  44.1496  1.58822961 96033
1 26626U 00077A   23102.91553192  .00000006  00000-0  00000-0 0  9995
2 26626  60.8136 301.5313 0010516 315.4645  44.4670  1.58822910 96056
1 26626U 00077A   23104.17478917  .00000003  00000-0  00000+0 0  9992
2 26626  60.8111 301.5046 0010430 315.1173  44.8159  1.58822895 96092
1 26626U 00077A   23104.17478917  .00000003  00000-0  00000-0 0  9993
2 26626  60.8111 301.5046 0010430 315.1173  44.8159  1.58822895 96070
1 26626U 00077A   23107.32291029 -.00000018  00000-0  00000-0 0  9997
2 26626  60.8077 301.4381 0010128 313.7818  46.1439  1.58823054 96126
1 26626U 00077A   23107.95253056 -.00000023  00000-0  00000+0 0  9999
2 26626  60.8072 301.4248 0010114 313.7389  46.1832  1.58823060 96158
1 26626U 00077A   23108.58215020 -.00000028  00000-0  00000-0 0  9994
2 26626  60.8066 301.4115 0010066 313.5443  46.3737  1.58823103 96142
1 26626U 00077A   23109.21177010 -.00000032  00000-0  00000-0 0  9996
2 26626  60.8059 301.3982 0009995 313.2936  46.6204  1.58823172 96157
1 26626U 00077A   23109.84138942 -.00000035  00000-0  00000-0 0  9999
2 26626  60.8053 301.3848 0009938 313.1267  46.7833  1.58823242 96163
1 26626U 00077A   23110.47100950 -.00000037  00000-0  00000+0 0  9999
2 26626  60.8046 301.3716 0009892 312.9998  46.9068  1.58823287 96190
1 26626U 00077A   23110.47100950 -.00000037  00000-0  00000-0 0  9990
2 26626  60.8046 301.3716 0009892 312.9998  46.9068  1.58823287 96178
1 26626U 00077A   23111.73025271 -.00000038  00000-0  00000-0 0  9993
2 26626  60.8034 301.3450 0009824 312.7889  47.1127  1.58823352 96196
1 26626U 00077A   23112.35987616 -.00000037  00000-0  00000-0 0  9991
2 26626  60.8028 301.3318 0009786 312.6557  47.2446  1.58823385 96203
1 26626U 00077A   23112.98950084 -.00000035  00000-0  00000+0 0  9996
2 26626  60.8022 301.3185 0009747 312.4808  47.4189  1.58823413 96234
1 26626U 00077A   23112.98950084 -.00000035  00000-0  00000-0 0  9997
2 26626  60.8022 301.3185 0009747 312.4808  47.4189  1.58823413 96212
1 26626U 00077A   23113.61912670 -.00000033  00000-0  00000-0 0  9995
2 26626  60.8016 301.3053 0009711 312.3249  47.5750  1.58823439 96222
1 26626U 00077A   23115.50800887 -.00000024  00000-0  00000-0 0  9991
2 26626  60.8000 301.2656 0009649 312.0356  47.8683  1.58823488 96254
1 26626U 00077A   23116.13763785 -.00000021  00000-0  00000-0 0  9993
2 26626  60.7996 301.2524 0009600 311.6812  48.2246  1.58823505 96261
1 26626U 00077A   23118.02652184 -.00000015  00000-0  00000+0 0  9995
2 26626  60.7981 301.2129 0009555 311.2598  48.6511  1.58823525 96319
1 26626U 00077A   23118.02652184 -.00000015  00000-0  00000-0 0  9996
2 26626  60.7981 301.2129 0009555 311.2598  48.6511  1.58823525 96296
1 26626U 00077A   23119.91540006 -.00000011  00000-0  00000-0 0  9990
2 26626  60.7965 301.1734 0009525 310.8802  49.0324  1.58823509 96322
1 26626U 00077A   23122.43388973 -.00000009  00000-0  00000-0 0  9991
2 26626  60.7944 301.1206 0009452 309.8194  50.0868  1.58823417 96361
1 26626U 00077A   23123.06350959 -.00000010  00000-0  00000+0 0  9995
2 26626  60.7939 301.1074 0009478 309.8827  50.0206  1.58823400 96390
1 26626U 00077A   23123.06350959 -.00000010  00000-0  00000-0 0  9996
2 26626  60.7939 301.1074 0009478 309.8827  50.0206  1.58823400 96378
1 26626U 00077A   23124.32274960 -.00000011  00000-0  00000-0 0  9994
2 26626  60.7929 301.0809 0009468 309.3411  50.5555  1.58823294 96390
1 26626U 00077A   23124.95236964 -.00000012  00000-0  00000-0 0  9996
2 26626  60.7922 301.0677 0009464 309.1864  50.7072  1.58823275 96409