1 44713U 19074A   23001.33310695  .00000538  00000-0  55037-4 0  9996
2 44713  53.0541   9.1431 0002180  39.3908 320.7239 15.06389052173400
1 44713U 19074A   23001.33310695  .00000538  00000-0  55037-4 0  9996
2 44713  53.0541   9.1431 0002180  39.3908 320.7239 15.06389052173578
1 44713U 19074A   23001.73119448 -.00001402  00000-0 -75271-4 0  9998
2 44713  53.0539   7.3557 0002187  39.7032 320.4116 15.06387107173461
1 44713U 19074A   23002.39465377 -.00001947  00000-0 -11179-3 0  9996
2 44713  53.0533   4.3780 0002141  41.0345 319.0805 15.06403549173562
1 44713U 19074A   23002.39465377 -.00001947  00000-0 -11179-3 0  9996
2 44713  53.0533   4.3780 0002141  41.0345 319.0805 15.06403549173731
1 44713U 19074A   23002.72637923 -.00001489  00000-0 -81025-4 0  9990
2 44713  53.0541   2.8891 0002207  39.6864 320.4286 15.06412629173613
1 44713U 19074A   23002.72637923 -.00001489  00000-0 -81025-4 0  9990
2 44713  53.0541   2.8891 0002207  39.6864 320.4286 15.06412629173781
1 44713U 19074A   23003.25716027  .00000392  00000-0  45226-4 0  9995
2 44713  53.0541   0.5063 0002153  39.4434 320.6712 15.06397347173862
1 44713U 19074A   23003.38985355  .00001057  00000-0  89841-4 0  9991
2 44713  53.0547 359.9100 0002129  43.3175 316.7981 15.06396475173719
1 44713U 19074A   23004.38505526  .00000493  00000-0  52017-4 0  9998
2 44713  53.0557 355.4409 0002080  45.8067 314.3092 15.06402632174032
1 44713U 19074A   23004.91582691  .00000889  00000-0  78571-4 0  9997
2 44713  53.0549 353.0587 0002104  42.1696 317.9455 15.06402820173949
1 44713U 19074A   23005.38025022  .00000876  00000-0  77670-4 0  9994
2 44713  53.0549 350.9743 0002143  40.4092 319.7056 15.06406340174010
1 44713U 19074A   23005.64563218  .00001347  00000-0  10929-3 0  9994
2 44713  53.0550 349.7830 0002152  40.7282 319.3867 15.06410729174055
1 44713U 19074A   23006.24276326  .00000884  00000-0  78250-4 0  9999
2 44713  53.0568 347.1029 0002661  53.5141 306.6093 15.06398670174316
1 44713U 19074A   23006.37546202 -.00001329  00000-0 -70339-4 0  9993
2 44713  53.0551 346.5070 0002000  37.2220 322.8907 15.06394992174330
1 44713U 19074A   23006.90623319 -.00000645  00000-0 -24390-4 0  9993
2 44713  53.0553 344.1240 0001996  37.2433 322.8694 15.06398414174240
1 44713U 19074A   23006.97257729 -.00000315  00000-0 -22541-5 0  9999
2 44713  53.0549 343.8264 0002139  35.7050 324.4082 15.06402074174253
1 44713U 19074A   23006.97257729 -.00000315  00000-0 -22541-5 0  9999
2 44713  53.0549 343.8264 0002139  35.7050 324.4082 15.06402074174422
1 44713U 19074A   23007.63605023  .00000354  00000-0  42655-4 0  9995
2 44713  53.0533 340.8481 0001944  34.0340 326.0773 15.06392392174527
1 44713U 19074A   23007.90143889 -.00001175  00000-0 -59954-4 0  9996
2 44713  53.0526 339.6568 0002391  45.8810 314.2375 15.06396506174393
1 44713U 19074A   23008.29951452 -.00003644  00000-0 -22577-3 0  9995
2 44713  53.0533 337.8678 0001820  43.3382 316.7750 15.06413226174456
1 44713U 19074A   23008.29951452 -.00003644  00000-0 -22577-3 0  9995
2 44713  53.0533 337.8678 0001820  43.3382 316.7750 15.06413226174625
1 44713U 19074A   23008.63126270  .00006771  00000-0  47339-3 0  9990
2 44713  53.0536 336.3806 0002124  31.8074 328.3043 15.06368599174674
1 44713U 19074A   23008.89663844  .00000895  00000-0  78970-4 0  9998
2 44713  53.0542 335.1884 0002057  42.0808 318.0339 15.06400440174540
1 44713U 19074A   23009.16202269  .00000416  00000-0  46820-4 0  9997
2 44713  53.0539 333.9968 0002118  34.1154 325.9971 15.06405979174753
1 44713U 19074A   23009.29472056  .00000336  00000-0  41472-4 0  9993
2 44713  53.0548 333.4019 0002031  40.3967 319.7172 15.06399812174606
1 44713U 19074A   23009.62645079  .00001263  00000-0  10369-3 0  9997
2 44713  53.0554 331.9130 0002173  39.5516 320.5631 15.06404043174655
1 44713U 19074A   23010.15723002  .00001649  00000-0  12962-3 0  9999
2 44713  53.0558 329.5302 0002010  41.7458 318.3684 15.06396239174732
1 44713U 19074A   23010.15723002  .00001649  00000-0  12962-3 0  9999
2 44713  53.0558 329.5302 0002010  41.7458 318.3684 15.06396239174901
1 44713U 19074A   23011.55051029  .00000735  00000-0  68265-4 0  9990
2 44713  53.0548 323.2755 0001746  43.0725 317.0400 15.06403048174943
1 44713U 19074A   23011.81589768  .00000684  00000-0  64846-4 0  9999
2 44713  53.0556 322.0840 0001929  40.5271 319.5861 15.06403830174986
1 44713U 19074A   23011.81589768  .00000684  00000-0  64846-4 0  9999
2 44713  53.0556 322.0840 0001929  40.5271 319.5861 15.06403830175156
1 44713U 19074A   23012.87744260  .00000830  00000-0  74613-4 0  9992
2 44713  53.0541 317.3171 0001561  54.9575 305.1560 15.06408475175148
1 44713U 19074A   23013.01013047  .00002116  00000-0  16083-3 0  9996
2 44713  53.0544 316.7219 0001586  50.2468 309.8661 15.06412912175339
1 44713U 19074A   23013.14281544  .00003575  00000-0  25866-3 0  9998
2 44713  53.0541 316.1266 0001501  52.3815 307.7310 15.06421647175184
1 44713U 19074A   23013.14281544  .00003575  00000-0  25866-3 0  9998
2 44713  53.0541 316.1266 0001501  52.3815 307.7310 15.06421647175353
1 44713U 19074A   23014.13805509 -.00004657  00000-0 -29413-3 0  9997
2 44713  53.0530 311.6582 0001970  49.2704 310.8456 15.06376195175504
1 44713U 19074A   23014.53613573 -.00002082  00000-0 -12095-3 0  9997
2 44713  53.0526 309.8700 0001512  63.1839 296.9305 15.06382446175565
1 44713U 19074A   23015.06690698  .00001993  00000-0  15264-3 0  9998
2 44713  53.0518 307.4880 0001276  59.2169 300.8946 15.06395474175648
1 44713U 19074A   23015.19959856  .00003463  00000-0  25129-3 0  9991
2 44713  53.0531 306.8928 0001805  67.4154 292.7026 15.06401581175490
1 44713U 19074A   23015.86308135  .00004621  00000-0  32899-3 0  9992
2 44713  53.0498 303.9188 0001928  59.9761 300.1419 15.06388795175596
1 44713U 19074A   23016.06211285  .00007394  00000-0  51465-3 0  9994
2 44713  53.0529 303.0219 0001235  69.1521 290.9600 15.06406552175629
1 44713U 19074A   23016.85828761 -.00007179  00000-0 -46387-3 0  9994
2 44713  53.0518 299.4461 0001298  84.0884 276.0252 15.06373123175918
1 44713U 19074A   23017.05733071 -.00004169  00000-0 -26133-3 0  9999
2 44713  53.0520 298.5536 0001233  71.4616 288.6507 15.06372686175775
1 44713U 19074A   23017.78715348  .00023690  00000-0  16039-2 0  9997
2 44713  53.0521 295.2769 0001368  68.8521 291.2614 15.06401131176051
1 44713U 19074A   23017.85349923  .00025368  00000-0  17154-2 0  9990
2 44713  53.0519 294.9793 0001390  71.4269 288.6871 15.06409624175896
1 44713U 19074A   23018.18522717  .00038492  00000-0  25862-2 0  9998
2 44713  53.0519 293.4895 0001386  72.6978 287.4162 15.06439343176115
1 44713U 19074A   23018.45061760  .00024522  00000-0  16583-2 0  9993
2 44713  53.0524 292.2965 0002265  68.7765 291.3465 15.06424652175984
1 44713U 19074A   23018.45061760  .00024522  00000-0  16583-2 0  9993
2 44713  53.0524 292.2965 0002265  68.7765 291.3465 15.06424652176154
1 44713U 19074A   23018.91503679  .00016890  00000-0  11494-2 0  9999
2 44713  53.0518 290.2137 0001210  94.3799 265.7328 15.06421768176054
1 44713U 19074A   23019.11407506  .00026602  00000-0  17966-2 0  9996
2 44713  53.0518 289.3201 0001171  82.7824 277.3298 15.06429458176252
1 44713U 19074A   23019.44581496  .00012859  00000-0  88042-3 0  9996
2 44713  53.0516 287.8304 0001706  86.4924 273.6260 15.06408020176130
1 44713U 19074A   23019.44581496  .00012859  00000-0  88042-3 0  9996
2 44713  53.0516 287.8304 0001706  86.4924 273.6260 15.06408020176309
1 44713U 19074A   23020.10928660  .00032605  00000-0  21978-2 0  9994
2 44713  53.0512 284.8519 0000845 108.6517 251.4563 15.06398207176404
1 44713U 19074A   23020.44102518  .00013070  00000-0  89489-3 0  9994
2 44713  53.0513 283.3626 0001495  99.6979 260.4179 15.06393035176284
1 44713U 19074A   23020.44102518  .00013070  00000-0  89489-3 0  9994
2 44713  53.0513 283.3626 0001495  99.6979 260.4179 15.06393035176453
1 44713U 19074A   23021.43622287  .00009607  00000-0  66276-3 0  9994
2 44713  53.0516 278.8947 0001197  96.6856 263.4269 15.06410061176600
1 44713U 19074A   23022.09969301  .00002026  00000-0  15487-3 0  9994
2 44713  53.0517 275.9167 0001005  97.5595 262.5508 15.06398990176704
1 44713U 19074A   23022.43142863  .00000801  00000-0  72646-4 0  9998
2 44713  53.0517 274.4260 0000462 120.3501 239.7534 15.06394528176753
1 44713U 19074A   23023.09490774  .00006536  00000-0  45746-3 0  9999
2 44713  53.0525 271.4448 0001335 115.3588 244.7539 15.06384922176855
1 44713U 19074A   23023.82471383  .00003412  00000-0  24785-3 0  9995
2 44713  53.0519 268.1688 0001083 107.5835 252.5272 15.06402432176965
1 44713U 19074A   23025.08530028  .00001176  00000-0  97837-4 0  9991
2 44713  53.0510 262.5097 0001199  92.1538 267.9588 15.06404639177158
1 44713U 19074A   23025.35069169 -.00000586  00000-0 -20435-4 0  9990
2 44713  53.0509 261.3169 0001203 106.2834 253.8288 15.06395631177023
1 44713U 19074A   23025.35069169 -.00000586  00000-0 -20435-4 0  9990
2 44713  53.0509 261.3169 0001203 106.2834 253.8288 15.06395631177191
1 44713U 19074A   23025.81513430 -.00007179  00000-0 -46387-3 0  9994
2 44713  53.0503 259.2349 0000998 106.5672 253.5427 15.06373710177099
1 44713U 19074A   23025.81513430 -.00007179  00000-0 -46387-3 0  9994
2 44713  53.0503 259.2349 0000998 106.5672 253.5427 15.06373710177268
1 44713U 19074A   23026.08052512 -.00005241  00000-0 -33343-3 0  9999
2 44713  53.0506 258.0426 0001120 107.6662 252.4449 15.06375447177130
1 44713U 19074A   23026.87669530  .00002763  00000-0  20436-3 0  9993
2 44713  53.0503 254.4684 0001115 103.4391 256.6722 15.06384366177422
1 44713U 19074A   23027.00939143  .00008327  00000-0  57743-3 0  9992
2 44713  53.0504 253.8726 0001119 104.8380 255.2732 15.06389315177278
1 44713U 19074A   23027.80555256  .00012138  00000-0  83214-3 0  9996
2 44713  53.0504 250.2980 0001067 108.1751 251.9354 15.06410365177567
1 44713U 19074A   23027.87189828  .00013040  00000-0  89234-3 0  9992
2 44713  53.0502 250.0000 0001058 110.2182 249.8921 15.06413981177404
1 44713U 19074A   23028.07093643  .00013554  00000-0  92660-3 0  9991
2 44713  53.0501 249.1064 0001050 110.7806 249.3296 15.06419128177434
1 44713U 19074A   23028.86708467  .00009144  00000-0  63142-3 0  9998
2 44713  53.0502 245.5322 0001036 108.8631 251.2470 15.06429890177556
1 44713U 19074A   23028.99977532  .00009867  00000-0  67975-3 0  9993
2 44713  53.0504 244.9365 0001018 109.4260 250.6839 15.06432086177747
1 44713U 19074A   23029.72958785  .00000575  00000-0  57483-4 0  9995
2 44713  53.0507 241.6593 0001134 112.3315 247.7794 15.06413574177850
1 44713U 19074A   23029.86228225 -.00000622  00000-0 -22860-4 0  9995
2 44713  53.0506 241.0644 0000952  96.6523 263.4575 15.06408842177700
1 44713U 19074A   23029.99497544 -.00000164  00000-0  78655-5 0  9995
2 44713  53.0506 240.4688 0000963  95.7369 264.3730 15.06408110177724
1 44713U 19074A   23029.99497544 -.00000164  00000-0  78655-5 0  9995
2 44713  53.0506 240.4688 0000963  95.7369 264.3730 15.06408110177892
1 44713U 19074A   23030.85748278  .00000699  00000-0  65768-4 0  9997
2 44713  53.0508 236.5971 0000983  95.1024 265.0077 15.06404198177859
1 44713U 19074A   23031.25556144  .00001477  00000-0  11802-3 0  9995
2 44713  53.0509 234.8093 0000979  94.1640 265.9461 15.06407036178080
1 44713U 19074A   23031.58729898  .00001094  00000-0  92331-4 0  9991
2 44713  53.0499 233.3201 0000935  91.4902 268.6194 15.06399832177969
1 44713U 19074A   23031.58729898  .00001094  00000-0  92331-4 0  9991
2 44713  53.0499 233.3201 0000935  91.4902 268.6194 15.06399832178139
1 44713U 19074A   23031.85268751  .00000918  00000-0  80510-4 0  9997
2 44713  53.0501 232.1285 0000941  91.2356 268.8740 15.06398569178001
1 44713U 19074A   23032.58250293  .00000891  00000-0  78669-4 0  9992
2 44713  53.0502 228.8518 0001021  90.4946 269.6160 15.06396808178110
1 44713U 19074A   23032.91423535  .00001546  00000-0  12265-3 0  9997
2 44713  53.0500 227.3625 0001040  89.6743 270.4365 15.06400459178336
1 44713U 19074A   23033.57770616  .00000635  00000-0  61510-4 0  9991
2 44713  53.0498 224.3837 0001046  89.9139 270.1969 15.06396346178260
1 44713U 19074A   23034.24117600  .00001053  00000-0  89561-4 0  9995
2 44713  53.0506 221.4047 0001087  89.2225 270.8888 15.06397747178538
1 44713U 19074A   23034.50656381  .00000754  00000-0  69486-4 0  9999
2 44713  53.0505 220.2131 0001118  89.3371 270.7746 15.06397701178404
1 44713U 19074A   23034.90464474  .00000578  00000-0  57668-4 0  9996
2 44713  53.0504 218.4256 0001122  89.5176 270.5941 15.06398621178463
1 44713U 19074A   23035.50176214  .00001363  00000-0  11036-3 0  9996
2 44713  53.0508 215.7451 0001126  87.9651 272.1467 15.06401726178550
1 44713U 19074A   23035.50176214  .00001363  00000-0  11036-3 0  9996
2 44713  53.0508 215.7451 0001126  87.9651 272.1467 15.06401726178729
1 44713U 19074A   23035.89984032  .00001463  00000-0  11705-3 0  9997
2 44713  53.0511 213.9583 0001081  85.5083 274.6030 15.06404591178616
1 44713U 19074A   23036.49696962  .00000711  00000-0  66614-4 0  9991
2 44713  53.0509 211.2774 0001107  85.6793 274.4323 15.06395262178701
1 44713U 19074A   23036.49696962  .00000711  00000-0  66614-4 0  9991
2 44713  53.0509 211.2774 0001107  85.6793 274.4323 15.06395262178879
1 44713U 19074A   23036.89504944  .00000517  00000-0  53580-4 0  9995
2 44713  53.0512 209.4902 0001071  86.7992 273.3120 15.06397060178767
1 44713U 19074A   23037.49217142 -.00000061  00000-0  14788-4 0  9995
2 44713  53.0511 206.8094 0001108  87.5011 272.6104 15.06398848178850
1 44713U 19074A   23037.75755371  .00000576  00000-0  57553-4 0  9992
2 44713  53.0511 205.6184 0001074  86.9883 273.1229 15.06404065178896
1 44713U 19074A   23037.75755371  .00000576  00000-0  57553-4 0  9992
2 44713  53.0511 205.6184 0001074  86.9883 273.1229 15.06404065179066
1 44713U 19074A   23038.42102515  .00001196  00000-0  99142-4 0  9992
2 44713  53.0511 202.6400 0001057  87.1817 272.9293 15.06397933178999
1 44713U 19074A   23038.42102515  .00001196  00000-0  99142-4 0  9992
2 44713  53.0511 202.6400 0001057  87.1817 272.9293 15.06397933179169
1 44713U 19074A   23038.68641317  .00000991  00000-0  85424-4 0  9998
2 44713  53.0513 201.4486 0001062  87.1095 273.0016 15.06398029179034
1 44713U 19074A   23039.41623150  .00000858  00000-0  76458-4 0  9994
2 44713  53.0526 198.1733 0000931  87.1158 272.9937 15.06393672179140
1 44713U 19074A   23039.41623150  .00000858  00000-0  76458-4 0  9994
2 44713  53.0526 198.1733 0000931  87.1158 272.9937 15.06393672179319
1 44713U 19074A   23039.74795943  .00000927  00000-0  81084-4 0  9998
2 44713  53.0529 196.6831 0001195  73.8967 286.2154 15.06405139179194
1 44713U 19074A   23039.74795943  .00000927  00000-0  81084-4 0  9998
2 44713  53.0529 196.6831 0001195  73.8967 286.2154 15.06405139179363
1 44713U 19074A   23040.14604465  .00000064  00000-0  23216-4 0  9997
2 44713  53.0535 194.8963 0001171  78.5598 281.5522 15.06400140179423
1 44713U 19074A   23040.41143621  .00000213  00000-0  33216-4 0  9996
2 44713  53.0535 193.7053 0001302  81.6002 278.5134 15.06395266179294
1 44713U 19074A   23040.61047391  .00000702  00000-0  66026-4 0  9993
2 44713  53.0536 192.8121 0001450  80.8262 279.2890 15.06399671179329
1 44713U 19074A   23041.14124791  .00000744  00000-0  68813-4 0  9994
2 44713  53.0525 190.4287 0001175  79.2744 280.8377 15.06399467179405
1 44713U 19074A   23041.60567888  .00000845  00000-0  75592-4 0  9997
2 44713  53.0525 188.3437 0001391  81.5080 278.6066 15.06396929179643
1 44713U 19074A   23041.67202463  .00000802  00000-0  72732-4 0  9995
2 44713  53.0526 188.0460 0001420  76.4315 283.6832 15.06399166179489
1 44713U 19074A   23042.79992257  .00000851  00000-0  76005-4 0  9997
2 44713  53.0525 182.9824 0001410  78.8146 281.3001 15.06398506179651
1 44713U 19074A   23043.19801120 -.00000082  00000-0  13392-4 0  9997
2 44713  53.0519 181.1922 0001197 107.5937 252.5183 15.06389262179889
1 44713U 19074A   23043.52973790  .00001656  00000-0  13002-3 0  9991
2 44713  53.0517 179.7045 0001193  93.0295 267.0830 15.06400732179930
1 44713U 19074A   23044.06051656 -.00002519  00000-0 -15035-3 0  9998
2 44713  53.0511 177.3222 0001163  85.9777 274.1345 15.06390355180017
1 44713U 19074A   23044.45859693  .00008888  00000-0  61480-3 0  9996
2 44713  53.0510 175.5352 0001151  83.4233 276.6886 15.06402942180076
1 44713U 19074A   23044.52494284  .00014335  00000-0  97902-3 0  9997
2 44713  53.0509 175.2375 0001137  79.9278 280.1839 15.06411146179914
1 44713U 19074A   23044.79032821  .00036404  00000-0  24487-2 0  9999
2 44713  53.0507 174.0462 0001154  72.7331 287.3784 15.06423937180120
1 44713U 19074A   23045.05571968 -.00004916  00000-0 -31146-3 0  9995
2 44713  53.0507 172.8548 0001352  72.7411 287.3726 15.06388322180168
1 44713U 19074A   23045.45379966  .00021686  00000-0  14699-2 0  9997
2 44713  53.0504 171.0675 0001173  85.0661 275.0462 15.06409622180227
1 44713U 19074A   23045.52014647  .00025524  00000-0  17257-2 0  9995
2 44713  53.0504 170.7696 0001164  85.4080 274.7042 15.06411575180067
1 44713U 19074A   23045.85187729  .00037611  00000-0  25284-2 0  9992
2 44713  53.0501 169.2805 0001189  81.9265 278.1859 15.06430118180116
1 44713U 19074A   23046.05092003  .00008230  00000-0  57068-3 0  9996
2 44713  53.0501 168.3869 0001153  92.4376 267.6745 15.06406081180318
1 44713U 19074A   23046.58168970  .00043530  00000-0  29202-2 0  9991
2 44713  53.0500 166.0041 0001167  89.6513 270.4609 15.06438854180224
1 44713U 19074A   23046.78072453  .00054263  00000-0  36283-2 0  9995
2 44713  53.0500 165.1104 0001154  90.3237 269.7884 15.06457123180420
1 44713U 19074A   23046.91342283 -.00000358  00000-0 -51300-5 0  9999
2 44713  53.0499 164.5145 0001288  67.1662 292.9462 15.06405817180273
1 44713U 19074A   23047.24515520  .00010812  00000-0  74334-3 0  9996
2 44713  53.0499 163.0255 0001272  64.3418 295.7702 15.06413150180491
1 44713U 19074A   23047.57688650  .00038673  00000-0  25988-2 0  9992
2 44713  53.0501 161.5358 0001270  67.6754 292.4370 15.06430912180376
1 44713U 19074A   23047.90861699  .00030561  00000-0  20599-2 0  9996
2 44713  53.0502 160.0464 0001281  59.0779 301.0336 15.06432128180429
1 44713U 19074A   23048.17401020 -.00009960  00000-0 -65095-3 0  9996
2 44713  53.0504 158.8551 0001210  76.1348 283.9776 15.06386323180631
1 44713U 19074A   23048.57209752  .00020716  00000-0  14059-2 0  9991
2 44713  53.0508 157.0682 0001201  77.3816 282.7307 15.06389830180525
1 44713U 19074A   23048.77114070  .00035647  00000-0  24002-2 0  9999
2 44713  53.0510 156.1749 0001145  77.0673 283.0444 15.06396366180727
1 44713U 19074A   23048.90383748  .00019796  00000-0  13446-2 0  9991
2 44713  53.0510 155.5791 0001324  72.1173 287.9960 15.06387467180578
1 44713U 19074A   23049.10288212  .00020142  00000-0  13684-2 0  9995
2 44713  53.0514 154.6861 0001184  82.0135 278.0989 15.06368936180776
1 44713U 19074A   23049.56731576  .00023486  00000-0  15908-2 0  9996
2 44713  53.0515 152.6006 0001125  86.1026 274.0091 15.06389873180677
1 44713U 19074A   23050.42982367  .00024265  00000-0  16414-2 0  9998
2 44713  53.0518 148.7294 0001144  82.1804 277.9315 15.06419656180973
1 44713U 19074A   23050.56251478  .00022314  00000-0  15112-2 0  9992
2 44713  53.0518 148.1338 0001158  80.9817 279.1303 15.06424481180828
1 44713U 19074A   23050.96059754  .00011390  00000-0  78212-3 0  9992
2 44713  53.0516 146.3466 0001266  85.2358 274.8775 15.06408008181054
1 44713U 19074A   23051.42503384  .00018516  00000-0  12592-2 0  9992
2 44713  53.0514 144.2618 0001331  92.1742 267.9399 15.06384244181123
1 44713U 19074A   23051.55772926  .00021313  00000-0  14459-2 0  9999
2 44713  53.0515 143.6665 0001517  88.8267 271.2896 15.06385913180975
1 44713U 19074A   23052.55292081  .00021353  00000-0  14466-2 0  9991
2 44713  53.0531 139.2014 0001969  99.7361 260.3850 15.06437510181127
1 44713U 19074A   23052.75195340  .00029290  00000-0  19741-2 0  9992
2 44713  53.0511 138.3049 0001625  89.5718 270.5457 15.06456314181157
1 44713U 19074A   23052.75195340  .00029290  00000-0  19741-2 0  9992
2 44713  53.0511 138.3049 0001625  89.5718 270.5457 15.06456314181326
1 44713U 19074A   23052.95099759 -.00009623  00000-0 -62791-3 0  9995
2 44713  53.0511 137.4114 0000853 121.5968 238.5105 15.06404725181351
1 44713U 19074A   23053.48178705  .00013654  00000-0  93447-3 0  9992
2 44713  53.0504 135.0276 0001414 108.6278 251.4864 15.06372103181260
1 44713U 19074A   23053.48178705  .00013654  00000-0  93447-3 0  9992
2 44713  53.0504 135.0276 0001414 108.6278 251.4864 15.06372103181439
1 44713U 19074A   23054.47699837  .00027351  00000-0  18474-2 0  9991
2 44713  53.0503 130.5584 0001461 108.5100 251.6048 15.06411599181412
1 44713U 19074A   23054.94143031  .00011757  00000-0  80688-3 0  9993
2 44713  53.0514 128.4734 0001861  93.7777 266.3425 15.06398551181487
1 44713U 19074A   23054.94143031  .00011757  00000-0  80688-3 0  9993
2 44713  53.0514 128.4734 0001861  93.7777 266.3425 15.06398551181656
1 44713U 19074A   23055.47220391  .00019883  00000-0  13498-2 0  9999
2 44713  53.0510 126.0916 0001589  93.7056 266.4114 15.06403647181564
1 44713U 19074A   23055.67124382  .00015416  00000-0  10514-2 0  9998
2 44713  53.0515 125.1973 0001602  88.4471 271.6701 15.06405765181596
1 44713U 19074A   23056.20200841  .00019429  00000-0  13185-2 0  9998
2 44713  53.0513 122.8149 0001494  88.3655 271.7505 15.06432173181849
1 44713U 19074A   23056.40104263  .00019795  00000-0  13425-2 0  9994
2 44713  53.0510 121.9213 0001572  90.3857 269.7312 15.06443836181708
1 44713U 19074A   23056.86547022 -.00012368  00000-0 -81276-3 0  9999
2 44713  53.0515 119.8344 0001968  89.3617 270.7597 15.06401438181771
1 44713U 19074A   23056.86547022 -.00012368  00000-0 -81276-3 0  9999
2 44713  53.0515 119.8344 0001968  89.3617 270.7597 15.06401438181940
1 44713U 19074A   23057.39624455  .00025736  00000-0  17406-2 0  9998
2 44713  53.0513 117.4536 0001237  97.3685 262.7444 15.06394088182022
1 44713U 19074A   23057.59528635  .00026652  00000-0  18014-2 0  9997
2 44713  53.0516 116.5595 0001309  88.1580 271.9558 15.06399969181886
1 44713U 19074A   23057.86067724  .00017361  00000-0  11816-2 0  9994
2 44713  53.0514 115.3687 0001590  86.8701 273.2470 15.06397015181928
1 44713U 19074A   23057.86067724  .00017361  00000-0  11816-2 0  9994
2 44713  53.0514 115.3687 0001590  86.8701 273.2470 15.06397015182097
1 44713U 19074A   23058.65683403  .00040542  00000-0  27217-2 0  9999
2 44713  53.0521 111.7933 0001686  84.7611 275.3570 15.06445509182212
1 44713U 19074A   23058.85587562  .00015731  00000-0  10722-2 0  9995
2 44713  53.0517 110.8996 0001402  81.2670 278.8477 15.06414821182070
1 44713U 19074A   23058.85587562  .00015731  00000-0  10722-2 0  9995
2 44713  53.0517 110.8996 0001402  81.2670 278.8477 15.06414821182249
1 44713U 19074A   23059.51933088  .00013312  00000-0  91007-3 0  9996
2 44713  53.0521 107.9210 0001648  73.9336 286.1835 15.06434561182174
1 44713U 19074A   23059.65202019  .00015133  00000-0  10315-2 0  9999
2 44713  53.0521 107.3252 0001612  74.6617 285.4550 15.06441179182196
1 44713U 19074A   23060.11646503 -.00019829  00000-0 -13172-2 0  9994
2 44713  53.0520 105.2412 0001193  81.6445 278.4679 15.06365991182439
1 44713U 19074A   23060.58090734  .00020217  00000-0  13738-2 0  9993
2 44713  53.0511 103.1552 0001427  95.9891 264.1260 15.06358314182501
1 44713U 19074A   23060.84629949  .00021266  00000-0  14433-2 0  9996
2 44713  53.0513 101.9645 0001382  95.2082 264.9064 15.06372214182377
1 44713U 19074A   23061.57611675  .00024282  00000-0  16430-2 0  9994
2 44713  53.0513  98.6885 0001413  90.7914 269.3237 15.06409963182489
1 44713U 19074A   23061.57611675  .00024282  00000-0  16430-2 0  9994
2 44713  53.0513  98.6885 0001413  90.7914 269.3237 15.06409963182658
1 44713U 19074A   23062.37226626  .00026661  00000-0  18000-2 0  9999
2 44713  53.0515  95.1137 0001501  93.7572 266.3589 15.06441404182601
1 44713U 19074A   23062.77035026  .00000278  00000-0  37599-4 0  9997
2 44713  53.0516  93.3261 0002531  80.3477 279.7798 15.06405800182666
1 44713U 19074A   23062.77035026  .00000278  00000-0  37599-4 0  9997
2 44713  53.0516  93.3261 0002531  80.3477 279.7798 15.06405800182835
1 44713U 19074A   23063.50015543  .00025768  00000-0  17417-2 0  9997
2 44713  53.0519  90.0499 0001271 105.1376 254.9753 15.06417091182773
1 44713U 19074A   23063.56650105  .00024375  00000-0  16487-2 0  9991
2 44713  53.0519  89.7517 0001295 106.7924 253.3207 15.06420316182783
1 44713U 19074A   23063.56650105  .00024375  00000-0  16487-2 0  9991
2 44713  53.0519  89.7517 0001295 106.7924 253.3207 15.06420316182952
1 44713U 19074A   23064.03093642  .00012067  00000-0  82766-3 0  9990
2 44713  53.0512  87.6666 0001657  99.2253 260.8923 15.06397149183024
1 44713U 19074A   23064.22997686  .00017945  00000-0  12206-2 0  9993
2 44713  53.0514  86.7727 0001490 108.3655 251.7496 15.06398796182883
1 44713U 19074A   23064.76075430  .00013699  00000-0  93676-3 0  9999
2 44713  53.0517  84.3911 0001265  89.3362 270.7772 15.06398880182969
1 44713U 19074A   23064.76075430  .00013699  00000-0  93676-3 0  9999
2 44713  53.0517  84.3911 0001265  89.3362 270.7772 15.06398880183139
1 44713U 19074A   23065.75595432 -.00006552  00000-0 -42149-3 0  9999
2 44713  53.0513  79.9228 0001086  82.9535 277.1577 15.06389510183288
1 44713U 19074A   23066.41942371  .00013881  00000-0  94868-3 0  9997
2 44713  53.0507  76.9433 0001423  82.2508 277.8642 15.06409310183386
1 44713U 19074A   23066.75116106  .00021026  00000-0  14260-2 0  9990
2 44713  53.0506  75.4553 0001375  77.7844 282.3299 15.06405977183261
1 44713U 19074A   23066.75116106  .00021026  00000-0  14260-2 0  9990
2 44713  53.0506  75.4553 0001375  77.7844 282.3299 15.06405977183430
1 44713U 19074A   23067.01655059  .00012499  00000-0  85649-3 0  9999
2 44713  53.0520  74.2626 0001813  92.7722 267.3475 15.06401692183476
1 44713U 19074A   23067.74636456  .00010644  00000-0  73224-3 0  9995
2 44713  53.0517  70.9849 0001688 104.3117 255.8059 15.06406708183417
1 44713U 19074A   23067.74636456  .00010644  00000-0  73224-3 0  9995
2 44713  53.0517  70.9849 0001688 104.3117 255.8059 15.06406708183585
1 44713U 19074A   23068.94060637  .00012345  00000-0  84590-3 0  9998
2 44713  53.0518  65.6228 0001783 101.9939 258.1249 15.06412467183596
1 44713U 19074A   23069.13964675  .00016984  00000-0  11560-2 0  9994
2 44713  53.0534  64.7297 0001570 112.2222 247.8934 15.06409872183798
1 44713U 19074A   23069.67042024  .00013538  00000-0  92577-3 0  9998
2 44713  53.0532  62.3483 0001195  95.5129 264.5996 15.06408652183709
1 44713U 19074A   23069.67042024  .00013538  00000-0  92577-3 0  9998
2 44713  53.0532  62.3483 0001195  95.5129 264.5996 15.06408652183877
1 44713U 19074A   23070.00215945  .00007237  00000-0  50426-3 0  9997
2 44713  53.0538  60.8587 0002578 104.8351 255.2924 15.06400439183927
1 44713U 19074A   23070.40024146  .00015063  00000-0  10278-2 0  9998
2 44713  53.0536  59.0721 0001443  93.6752 266.4402 15.06406409183811
1 44713U 19074A   23070.93102185  .00012434  00000-0  85219-3 0  9993
2 44713  53.0535  56.6890 0001841  93.8733 266.2467 15.06398494183894
1 44713U 19074A   23070.99736780  .00009917  00000-0  68383-3 0  9998
2 44713  53.0530  56.3907 0001111  95.8073 264.3042 15.06392981184078
1 44713U 19074A   23071.46179428  .00007619  00000-0  52975-3 0  9998
2 44713  53.0532  54.3066 0001429 102.1863 257.9286 15.06404224183975
1 44713U 19074A   23071.92621533  .00012440  00000-0  85205-3 0  9998
2 44713  53.0545  52.2215 0001301 104.3307 255.7826 15.06421542184045
1 44713U 19074A   23071.99256098  .00020849  00000-0  14133-2 0  9998
2 44713  53.0534  51.9240 0001436  98.2012 261.9139 15.06429837184221
1 44713U 19074A   23072.45697274  .00022365  00000-0  15132-2 0  9990
2 44713  53.0524  49.8384 0001519 101.7458 258.3702 15.06457511184126
1 44713U 19074A   23072.45697274  .00022365  00000-0  15132-2 0  9990
2 44713  53.0524  49.8384 0001519 101.7458 258.3702 15.06457511184294
1 44713U 19074A   23073.18681564  .00011575  00000-0  79557-3 0  9999
2 44713  53.0529  46.5625 0001513  97.2645 262.8516 15.06357020184402
1 44713U 19074A   23073.31951017 -.00000774  00000-0 -33069-4 0  9997
2 44713  53.0528  45.9660 0001538  95.5137 264.6027 15.06370699184254
1 44713U 19074A   23073.65125133  .00024561  00000-0  16626-2 0  9992
2 44713  53.0534  44.4771 0001538  93.6639 266.4526 15.06386809184472
1 44713U 19074A   23073.91664094  .00031585  00000-0  21298-2 0  9990
2 44713  53.0535  43.2855 0001546  96.9619 263.1546 15.06400187184344
1 44713U 19074A   23074.31471808  .00031773  00000-0  21409-2 0  9997
2 44713  53.0539  41.4990 0001533  93.8830 266.2335 15.06424636184407
1 44713U 19074A   23074.91184901  .00019041  00000-0  12939-2 0  9990
2 44713  53.0540  38.8179 0001406 111.9009 248.2130 15.06394178184496
1 44713U 19074A   23075.17723903  .00028689  00000-0  19372-2 0  9996
2 44713  53.0541  37.6276 0000969  98.3066 261.8033 15.06396999184706
1 44713U 19074A   23075.30993263  .00028329  00000-0  19130-2 0  9992
2 44713  53.0541  37.0316 0000959  97.2972 262.8126 15.06402379184555
1 44713U 19074A   23075.90704230  .00024934  00000-0  16851-2 0  9997
2 44713  53.0546  34.3516 0000950 106.0994 254.0100 15.06439422184640
1 44713U 19074A   23076.30510723  .00026134  00000-0  17638-2 0  9992
2 44713  53.0539  32.5645 0000960 107.8430 252.2664 15.06465228184873
1 44713U 19074A   23076.57050269  .00000641  00000-0  61918-4 0  9992
2 44713  53.0534  31.3717 0002699  72.4122 287.7161 15.06425555184741
1 44713U 19074A   23076.57050269  .00000641  00000-0  61918-4 0  9992
2 44713  53.0534  31.3717 0002699  72.4122 287.7161 15.06425555184910
1 44713U 19074A   23076.90223849 -.00002812  00000-0 -17003-3 0  9994
2 44713  53.0537  29.8831 0000841  79.7831 280.3253 15.06382054184799
1 44713U 19074A   23076.96858636  .00006348  00000-0  44485-3 0  9998
2 44713  53.0532  29.5859 0000899  81.8740 278.2351 15.06383694184973
1 44713U 19074A   23077.89744748  .00027599  00000-0  18637-2 0  9999
2 44713  53.0532  25.4158 0000910  78.5039 281.6052 15.06415312184944
1 44713U 19074A   23078.16282961  .00029257  00000-0  19732-2 0  9994
2 44713  53.0534  24.2245 0000912  80.4692 279.6400 15.06432427185153
1 44713U 19074A   23078.56091034  .00004831  00000-0  34288-3 0  9992
2 44713  53.0538  22.4372 0000886  93.0136 267.0954 15.06411192185040
1 44713U 19074A   23078.56091034  .00004831  00000-0  34288-3 0  9992
2 44713  53.0538  22.4372 0000886  93.0136 267.0954 15.06411192185219
1 44713U 19074A   23079.15804269  .00023727  00000-0  16070-2 0  9993
2 44713  53.0537  19.7566 0000979 110.2475 249.8619 15.06387124185306
1 44713U 19074A   23079.22439026  .00029406  00000-0  19853-2 0  9998
2 44713  53.0538  19.4587 0000988 110.7999 249.3096 15.06390509185140
1 44713U 19074A   23080.21957192  .00038343  00000-0  25744-2 0  9994
2 44713  53.0545  14.9911 0001013 114.9651 245.1443 15.06466799185291
1 44713U 19074A   23080.21957192  .00038343  00000-0  25744-2 0  9994
2 44713  53.0545  14.9911 0001013 114.9651 245.1443 15.06466799185460
1 44713U 19074A   23080.88305487  .00013160  00000-0  90091-3 0  9999
2 44713  53.0548  12.0130 0001455 114.0454 246.0688 15.06391183185394
1 44713U 19074A   23081.21479912  .00036697  00000-0  24713-2 0  9999
2 44713  53.0547  10.5241 0001186  81.6688 278.4435 15.06376291185615
1 44713U 19074A   23081.28114696  .00039253  00000-0  26408-2 0  9995
2 44713  53.0547  10.2264 0001221  83.1811 276.9316 15.06381755185456
1 44713U 19074A   23082.20998822  .00025427  00000-0  17176-2 0  9999
2 44713  53.0548   6.0563 0001235  89.3228 270.7902 15.06446433185590
1 44713U 19074A   23082.93981838  .00042299  00000-0  28415-2 0  9992
2 44713  53.0543   2.7813 0000973 102.5487 257.5611 15.06401189185701
1 44713U 19074A   23083.20520304  .00117535  00000-0  77644-2 0  9994
2 44713  53.0541   1.5892 0001319 121.4586 238.6532 15.06470302185916
1 44713U 19074A   23083.93497991  .00041914  00000-0  28081-2 0  9997
2 44713  53.0539 358.3128 0001354 126.2527 233.8587 15.06504804185850
1 44713U 19074A   23084.13400357  .00044310  00000-0  29647-2 0  9992
2 44713  53.0544 357.4191 0001366 124.8947 235.2170 15.06528355186053
1 44713U 19074A   23084.26669269 -.00011612  00000-0 -75999-3 0  9998
2 44713  53.0536 356.8244 0001752 143.9250 216.1858 15.06490722186073
1 44713U 19074A   23084.93019507  .00012455  00000-0  85454-3 0  9997
2 44713  53.0538 353.8454 0002114  40.3460 319.7686 15.06356443186004
1 44713U 19074A   23085.06289151  .00038485  00000-0  25919-2 0  9996
2 44713  53.0538 353.2498 0001324  95.7354 264.3786 15.06350952186199
1 44713U 19074A   23085.92541741  .00030479  00000-0  20561-2 0  9990
2 44713  53.0545 349.3787 0002429  37.7324 322.3835 15.06401557186158
1 44713U 19074A   23086.12445146  .00033461  00000-0  22535-2 0  9992
2 44713  53.0540 348.4837 0001396  86.0213 274.0935 15.06417925186188
1 44713U 19074A   23086.12445146  .00033461  00000-0  22535-2 0  9992
2 44713  53.0540 348.4837 0001396  86.0213 274.0935 15.06417925186357
1 44713U 19074A   23086.85428342  .00020167  00000-0  13699-2 0  9991
2 44713  53.0543 345.2074 0000977  13.4887 346.6128 15.06372785186469
1 44713U 19074A   23086.92063058  .00019388  00000-0  13178-2 0  9993
2 44713  53.0543 344.9092 0001112  23.0516 337.0523 15.06374716186305
1 44713U 19074A   23086.98697786  .00021579  00000-0  14641-2 0  9991
2 44713  53.0544 344.6115 0000878  63.5326 296.5753 15.06375318186319
1 44713U 19074A   23087.84948707  .00031394  00000-0  21157-2 0  9995
2 44713  53.0544 340.7388 0000870  46.7700 313.3361 15.06424772186445
1 44713U 19074A   23087.98217671  .00036167  00000-0  24320-2 0  9997
2 44713  53.0546 340.1442 0000892  83.2131 276.8959 15.06438630186635
1 44713U 19074A   23088.11486586  .00038050  00000-0  25561-2 0  9997
2 44713  53.0546 339.5481 0000958  85.9514 274.1585 15.06450826186487
1 44713U 19074A   23088.84468887  .00027410  00000-0  18514-2 0  9999
2 44713  53.0547 336.2718 0000766  63.4347 296.6720 15.06409124186594
1 44713U 19074A   23089.17641934  .00034629  00000-0  23308-2 0  9999
2 44713  53.0540 334.7831 0001033 121.8733 238.2357 15.06423145186814
1 44713U 19074A   23089.24276480  .00035252  00000-0  23719-2 0  9996
2 44713  53.0540 334.4853 0001036 122.3551 237.7538 15.06428560186655
1 44713U 19074A   23090.63602996 -.00007331  00000-0 -47396-3 0  9993
2 44713  53.0534 328.2307 0001285 102.1349 257.9784 15.06382774187036
1 44713U 19074A   23090.83507972  .00006094  00000-0  42809-3 0  9990
2 44713  53.0534 327.3371 0001124  73.2884 286.8228 15.06359456187069
1 44713U 19074A   23091.10047609  .00036130  00000-0  24343-2 0  9993
2 44713  53.0532 326.1458 0001147  88.1781 271.9339 15.06365403186938
1 44713U 19074A   23091.10047609  .00036130  00000-0  24343-2 0  9993
2 44713  53.0532 326.1458 0001147  88.1781 271.9339 15.06365403187108
1 44713U 19074A   23091.89664522  .00023894  00000-0  16175-2 0  9995
2 44713  53.0538 322.5715 0001130  92.8982 267.2137 15.06401211187053
1 44713U 19074A   23091.89664522  .00023894  00000-0  16175-2 0  9995
2 44713  53.0538 322.5715 0001130  92.8982 267.2137 15.06401211187222
1 44713U 19074A   23092.82550975  .00023886  00000-0  16168-2 0  9998
2 44713  53.0535 318.4017 0001191  75.5023 284.6098 15.06404422187360
1 44713U 19074A   23092.89185561  .00014256  00000-0  97408-3 0  9998
2 44713  53.0534 318.1029 0001464  95.1281 264.9876 15.06398242187206
1 44713U 19074A   23092.89185561  .00014256  00000-0  97408-3 0  9998
2 44713  53.0534 318.1029 0001464  95.1281 264.9876 15.06398242187374
1 44713U 19074A   23093.62166635  .00017498  00000-0  11901-2 0  9995
2 44713  53.0531 314.8280 0000840  80.3018 279.8066 15.06418551187310
1 44713U 19074A   23093.88704620  .00023947  00000-0  16194-2 0  9990
2 44713  53.0536 313.6366 0000931  90.2225 269.8871 15.06438951187351
1 44713U 19074A   23094.01973561  .00021869  00000-0  14807-2 0  9998
2 44713  53.0531 313.0406 0000863  85.0346 275.0742 15.06444304187372
1 44713U 19074A   23094.01973561  .00021869  00000-0  14807-2 0  9998
2 44713  53.0531 313.0406 0000863  85.0346 275.0742 15.06444304187541
1 44713U 19074A   23094.88224887  .00020566  00000-0  13954-2 0  9998
2 44713  53.0528 309.1688 0000796 109.1714 250.9361 15.06404193187504
1 44713U 19074A   23095.14763972  .00015136  00000-0  10332-2 0  9995
2 44713  53.0527 307.9778 0000958  82.9285 277.1813 15.06385872187549
1 44713U 19074A   23095.14763972  .00015136  00000-0  10332-2 0  9995
2 44713  53.0527 307.9778 0000958  82.9285 277.1813 15.06385872187718
1 44713U 19074A   23095.87745435  .00014378  00000-0  98198-3 0  9993
2 44713  53.0533 304.7008 0000945  87.9739 272.1358 15.06407556187657
1 44713U 19074A   23096.54092968  .00004826  00000-0  34276-3 0  9998
2 44713  53.0527 301.7232 0001403  75.8888 284.2257 15.06390401187750
1 44713U 19074A   23096.54092968  .00004826  00000-0  34276-3 0  9998
2 44713  53.0527 301.7232 0001403  75.8888 284.2257 15.06390401187929
1 44713U 19074A   23096.93901218  .00007052  00000-0  49190-3 0  9993
2 44713  53.0533 299.9345 0000965  82.1741 277.9357 15.06395724187811
1 44713U 19074A   23097.53613188  .00017207  00000-0  11708-2 0  9992
2 44713  53.0524 297.2533 0000851  92.9182 267.1904 15.06413235187900
1 44713U 19074A   23097.86786057  .00017689  00000-0  12026-2 0  9992
2 44713  53.0527 295.7643 0000964  82.6754 277.4344 15.06426669188126
1 44713U 19074A   23098.53132949  .00001203  00000-0  99648-4 0  9994
2 44713  53.0530 292.7855 0000943  86.8284 273.2813 15.06404640188055
1 44713U 19074A   23098.53132949  .00001203  00000-0  99648-4 0  9994
2 44713  53.0530 292.7855 0000943  86.8284 273.2813 15.06404640188224
1 44713U 19074A   23099.52652139  .00017851  00000-0  12132-2 0  9999
2 44713  53.0527 288.3178 0001195  81.1804 278.9320 15.06432789188371
1 44713U 19074A   23099.92458960  .00022048  00000-0  14923-2 0  9993
2 44713  53.0530 286.5306 0001210  80.6843 279.4282 15.06452715188265
1 44713U 19074A   23100.52172131  .00013918  00000-0  95140-3 0  9992
2 44713  53.0532 283.8496 0001696  86.4304 273.6879 15.06399051188352
1 44713U 19074A   23100.52172131  .00013918  00000-0  95140-3 0  9992
2 44713  53.0532 283.8496 0001696  86.4304 273.6879 15.06399051188521
1 44713U 19074A   23100.85346244  .00020476  00000-0  13904-2 0  9990
2 44713  53.0533 282.3608 0001370  60.3918 299.7208 15.06377225188571
1 44713U 19074A   23101.51693421  .00021291  00000-0  14438-2 0  9995
2 44713  53.0531 279.3817 0001372  60.8171 299.2955 15.06402780188507
1 44713U 19074A   23101.91501056  .00022214  00000-0  15046-2 0  9993
2 44713  53.0530 277.5952 0001405  58.5065 301.6061 15.06422040188562
1 44713U 19074A   23101.91501056  .00022214  00000-0  15046-2 0  9993
2 44713  53.0530 277.5952 0001405  58.5065 301.6061 15.06422040188731
1 44713U 19074A   23102.51214213  .00007682  00000-0  53409-3 0  9994
2 44713  53.0508 274.9136 0002385  60.8039 299.3188 15.06397339188821
1 44713U 19074A   23103.44100041  .00020361  00000-0  13814-2 0  9994
2 44713  53.0530 270.7444 0001316  71.3249 288.7883 15.06412572188792
1 44713U 19074A   23103.50734592  .00020555  00000-0  13942-2 0  9992
2 44713  53.0526 270.4468 0001187  72.2133 287.8985 15.06416321188977
1 44713U 19074A   23104.17080359 -.00009724  00000-0 -63506-3 0  9990
2 44713  53.0519 267.4683 0000315 146.1817 213.9192 15.06388457189076
1 44713U 19074A   23104.43619672  .00011070  00000-0  76137-3 0  9994
2 44713  53.0526 266.2767 0000442 130.0203 230.0825 15.06376733188948
1 44713U 19074A   23104.83427900  .00037319  00000-0  25099-2 0  9993
2 44713  53.0522 264.4898 0001277  87.9228 272.1907 15.06416541189179
1 44713U 19074A   23105.43138576  .00034115  00000-0  22947-2 0  9998
2 44713  53.0521 261.8092 0001321  86.9777 273.1363 15.06455313189091
1 44713U 19074A   23105.82944717  .00038467  00000-0  25813-2 0  9992
2 44713  53.0521 260.0220 0001306  83.6757 276.4380 15.06486118189159
1 44713U 19074A   23106.16118439 -.00000954  00000-0 -45134-4 0  9996
2 44713  53.0523 258.5320 0001789  88.5508 271.5686 15.06427717189376
1 44713U 19074A   23106.42658311  .00047344  00000-0  31834-2 0  9995
2 44713  53.0525 257.3412 0001079 120.1052 240.0044 15.06314111189413
1 44713U 19074A   23106.55928007 -.00014927  00000-0 -98673-3 0  9999
2 44713  53.0519 256.7452 0001099 106.4842 253.6268 15.06346099189260
1 44713U 19074A   23106.69198129  .00004441  00000-0  31732-3 0  9999
2 44713  53.0522 256.1497 0001304 108.8599 251.2532 15.06343001189281
1 44713U 19074A   23106.69198129  .00004441  00000-0  31732-3 0  9999
2 44713  53.0522 256.1497 0001304 108.8599 251.2532 15.06343001189450
1 44713U 19074A   23107.42181764  .00033595  00000-0  22646-2 0  9993
2 44713  53.0525 252.8731 0001188 107.6973 252.4145 15.06382736189563
1 44713U 19074A   23107.55451194  .00034583  00000-0  23297-2 0  9995
2 44713  53.0527 252.2775 0001169 107.0868 253.0249 15.06392685189413
1 44713U 19074A   23107.75355097  .00038460  00000-0  25860-2 0  9998
2 44713  53.0532 251.3835 0001249 107.3408 252.7718 15.06411704189442
1 44713U 19074A   23108.41703221  .00023274  00000-0  15764-2 0  9997
2 44713  53.0532 248.4048 0001717  88.0207 272.0979 15.06394709189547
1 44713U 19074A   23108.68242283  .00025165  00000-0  17030-2 0  9991
2 44713  53.0527 247.2132 0001085  85.6884 274.4228 15.06384181189584
1 44713U 19074A   23109.41223243  .00028378  00000-0  19148-2 0  9999
2 44713  53.0539 243.9376 0001092  86.1389 273.9725 15.06430356189698
1 44713U 19074A   23109.67761062  .00033053  00000-0  22243-2 0  9999
2 44713  53.0534 242.7464 0001093  84.7642 275.3472 15.06453683189733
1 44713U 19074A   23109.67761062  .00033053  00000-0  22243-2 0  9999
2 44713  53.0534 242.7464 0001093  84.7642 275.3472 15.06453683189902
1 44713U 19074A   23110.34108693  .00017864  00000-0  12150-2 0  9998
2 44713  53.0533 239.7679 0001379  98.5315 261.5830 15.06404206189836
1 44713U 19074A   23110.54013229  .00003028  00000-0  22232-3 0  9990
2 44713  53.0530 238.8741 0001162  85.3839 274.7282 15.06362167190038
1 44713U 19074A   23110.67283142  .00024567  00000-0  16642-2 0  9995
2 44713  53.0529 238.2784 0001328  87.9819 272.1322 15.06360238189882
1 44713U 19074A   23111.60169405  .00022127  00000-0  14995-2 0  9993
2 44713  53.0524 234.1072 0001195  93.4501 266.6624 15.06405048190024
1 44713U 19074A   23112.06612041  .00012352  00000-0  84642-3 0  9999
2 44713  53.0516 232.0261 0001443  79.9864 280.1288 15.06410675190095
1 44713U 19074A   23112.06612041  .00012352  00000-0  84642-3 0  9999
2 44713  53.0516 232.0261 0001443  79.9864 280.1288 15.06410675190264
1 44713U 19074A   23112.46420127  .00010220  00000-0  70380-3 0  9991
2 44713  53.0528 230.2371 0001530  93.5699 266.5465 15.06410368190325
1 44713U 19074A   23112.53054939  .00024970  00000-0  16890-2 0  9995
2 44713  53.0532 229.9400 0001499  92.2584 267.8577 15.06406489190160
1 44713U 19074A   23113.32669447  .00028063  00000-0  18927-2 0  9999
2 44713  53.0535 226.3652 0001512  94.9519 265.1642 15.06452074190284
1 44713U 19074A   23113.32669447  .00028063  00000-0  18927-2 0  9999
2 44713  53.0535 226.3652 0001512  94.9519 265.1642 15.06452074190453
1 44713U 19074A   23113.45938301  .00039453  00000-0  26479-2 0  9997
2 44713  53.0531 225.7700 0001446  91.5783 268.5372 15.06467447190309
1 44713U 19074A   23114.32187901  .00111974  00000-0  73980-2 0  9994
2 44713  53.0534 221.8969 0001709 124.4029 235.7122 15.06499163190430
1 44713U 19074A   23114.98534106  .00035860  00000-0  24113-2 0  9992
2 44713  53.0532 218.9193 0001248 111.9971 248.1151 15.06443286190704
1 44713U 19074A   23115.44977809 -.00039507  00000-0 -26509-2 0  9990
2 44713  53.0532 216.8349 0001899  95.3249 264.7957 15.06360366190603
1 44713U 19074A   23115.44977809 -.00039507  00000-0 -26509-2 0  9990
2 44713  53.0532 216.8349 0001899  95.3249 264.7957 15.06360366190771
1 44713U 19074A   23116.51136812  .00028581  00000-0  19318-2 0  9998
2 44713  53.0515 212.0689 0001727  92.5015 267.6172 15.06362461190765
1 44713U 19074A   23117.50657787  .00029528  00000-0  19922-2 0  9990
2 44713  53.0516 207.6020 0001803  90.4941 269.6254 15.06412821190911
1 44713U 19074A   23117.63927003  .00030050  00000-0  20266-2 0  9990
2 44713  53.0517 207.0065 0001798  89.5888 270.5307 15.06419732191107
1 44713U 19074A   23117.97100394  .00031232  00000-0  21048-2 0  9995
2 44713  53.0514 205.5210 0002182  66.0924 294.0294 15.06426639191153
1 44713U 19074A   23118.50176931  .00014648  00000-0  99951-3 0  9996
2 44713  53.0507 203.1337 0001723  88.8602 271.2584 15.06425736191060
1 44713U 19074A   23118.50176931  .00014648  00000-0  99951-3 0  9996
2 44713  53.0507 203.1337 0001723  88.8602 271.2584 15.06425736191239
1 44713U 19074A   23119.23156020  .00021708  00000-0  14693-2 0  9998
2 44713  53.0519 199.8574 0001766  83.4444 276.6745 15.06462032191348
1 44713U 19074A   23119.49693447  .00017646  00000-0  11982-2 0  9999
2 44713  53.0522 198.6663 0001847  82.2333 277.8865 15.06473078191216
1 44713U 19074A   23120.16039636 -.00007967  00000-0 -51628-3 0  9998
2 44713  53.0535 195.6895 0001534  91.3285 268.7880 15.06419704191485
1 44713U 19074A   23120.49213911  .00011582  00000-0  79570-3 0  9996
2 44713  53.0531 194.1989 0001767 103.0897 257.0289 15.06373709191362
1 44713U 19074A   23120.49213911  .00011582  00000-0  79570-3 0  9996
2 44713  53.0531 194.1989 0001767 103.0897 257.0289 15.06373709191531
1 44713U 19074A   23121.42100431  .00017282  00000-0  11763-2 0  9994
2 44713  53.0535 190.0290 0001807 107.2982 252.8205 15.06397955191508
1 44713U 19074A   23122.15082395  .00008675  00000-0  60057-3 0  9990
2 44713  53.0533 186.7539 0001724 100.3137 259.8047 15.06397727191786
1 44713U 19074A   23122.48256077  .00004362  00000-0  31160-3 0  9998
2 44713  53.0531 185.2641 0001602  99.2853 260.8317 15.06393154191667
1 44713U 19074A   23122.48256077  .00004362  00000-0  31160-3 0  9998
2 44713  53.0531 185.2641 0001602  99.2853 260.8317 15.06393154191836
1 44713U 19074A   23123.54410200  .00009697  00000-0  66865-3 0  9992
2 44713  53.0525 180.4978 0001558  88.3687 271.7480 15.06418365191994
1 44713U 19074A   23124.14122912  .00000623  00000-0  60696-4 0  9996
2 44713  53.0526 177.8175 0001634  96.6329 263.4846 15.06398112192086
1 44713U 19074A   23124.53931436  .00001278  00000-0  10469-3 0  9997
2 44713  53.0521 176.0297 0001563  89.6037 270.5131 15.06393712191970
1 44713U 19074A   23124.87105013  .00005571  00000-0  39263-3 0  9991
2 44713  53.0526 174.5408 0001331  84.1408 275.9733 15.06396702192191
1 44713U 19074A   23125.46817125  .00010542  00000-0  72545-3 0  9995
2 44713  53.0521 171.8598 0001405  84.3819 275.7330 15.06406890192119
