ISS (ZARYA)             
1 25544U 98067A   23086.20188432  .00024982  00000+0  45015-3 0  9999
2 25544  51.6429  14.7356 0005804 135.3885   8.0988 15.49616489389078
AEROCUBE 12A            
1 43556U 18046C   23085.86939751  .00156107  00000+0  13658-2 0  9992
2 43556  51.6250 229.3910 0009573 314.1451  45.8757 15.67835634263053
AEROCUBE 12B            
1 43557U 18046D   23085.74263673  .00089441  00000+0  12375-2 0  9994
2 43557  51.6321 243.4629 0007550 308.5390  51.4924 15.56331827262803
ISS DEB                 
1 47853U 98067RZ  23086.16564503  .00031817  00000+0  34717-3 0  9990
2 47853  51.6395 354.6588 0000661  79.1789 280.9280 15.63070803115965
MMSATS-1                
1 47976U 98067SJ  23086.14863515  .01125143  90241-3  74352-3 0  9995
2 47976  51.6252 318.6512 0005740 233.1528 214.2649 16.16585217114716
CSS (TIANHE)            
1 48274U 21035A   23086.04715188  .00054095  00000+0  56602-3 0  9993
2 48274  41.4738 296.8673 0003282 238.4397 252.6242 15.63562740108984
ISS (NAUKA)             
1 49044U 21066A   23085.52840278  .00025950  00000+0  46772-3 0  9999
2 49044  51.6429  18.0711 0005750 133.4196 210.5462 15.49586962388961
FREGAT DEB              
1 49271U 11037PF  23086.19046645  .00040870  00000+0  11128+0 0  9999
2 49271  51.6554 174.1311 0996839 260.8145  87.8778 12.01954018 81026
CSS (WENTIAN)           
1 53239U 22085A   23085.52826549  .00056223  00000+0  58903-3 0  9993
2 53239  41.4734 300.0358 0003207 235.3586 211.2563 15.63518080108905
D3                      
1 53767U 98067UE  23086.14238903  .00699912  22900-3  14315-2 0  9995
2 53767  51.6226 354.2646 0006622 198.3828 161.6943 15.98768668 31577
BEAVERCUBE              
1 53768U 98067UF  23086.15079899  .00521197  11975-3  13957-2 0  9994
2 53768  51.6255 355.1016 0006797 187.6116 172.4789 15.93849663 31573
CLICK-A                 
1 53769U 98067UG  23086.08032554  .01787420  11995-4  55192-3 0  9999
2 53769  51.6319 344.8187 0007676 229.3979 130.6375 16.25845319 31709
SOYUZ-MS 22             
1 53879U 22116A   23085.52840278  .00025950  00000+0  46772-3 0  9997
2 53879  51.6429  18.0711 0005750 133.4196 210.5462 15.49586962388962
CSS (MENGTIAN)          
1 54216U 22143A   23085.52826549  .00056223  00000+0  58903-3 0  9994
2 54216  41.4734 300.0358 0003207 235.3586 211.2563 15.63518080108901
CYGNUS NG-18            
1 54232U 22149A   23085.52840278  .00025950  00000+0  46772-3 0  9997
2 54232  51.6429  18.0711 0005750 133.4196 210.5462 15.49586962388966
TIANZHOU-5              
1 54237U 22152A   23085.52826549  .00056223  00000+0  58903-3 0  9997
2 54237  41.4734 300.0358 0003207 235.3586 211.2563 15.63518080108904
SHENZHOU-15             
1 54379U 22162A   23085.52826549  .00056223  00000+0  58903-3 0  9995
2 54379  41.4734 300.0358 0003207 235.3586 211.2563 15.63518080108901
1998-067UL              
1 54534U 98067UL  23086.17702572  .00204022  00000+0  14368-2 0  9994
2 54534  51.6352   7.3672 0008476 158.0979 202.0384 15.72896109 17964
1998-067UM              
1 54535U 98067UM  23086.21581289  .00343538  00000+0  18148-2 0  9996
2 54535  51.6370   5.7997 0009017 148.1933   5.4430 15.79042859 17980
1998-067UN              
1 54536U 98067UN  23086.14017506  .00173624  00000+0  13995-2 0  9997
2 54536  51.6409   8.3541 0008920 157.2462 343.5178 15.69778391 17901
1998-067UP              
1 54537U 98067UP  23086.19613100  .00218119  00000+0  15160-2 0  9990
2 54537  51.6360   7.1811 0008364 158.1801 351.6166 15.73162234 17965
MARIO                   
1 55123U 98067UQ  23085.39839019  .00238444  00000+0  16748-2 0  9998
2 55123  51.6368  12.6858 0008188 152.8492 207.2936 15.72855258 13633
NUTSAT                  
1 55124U 98067UR  23086.16778994  .01540407  14102-2  26634-2 0  9991
2 55124  51.6237   5.0017 0010757 188.3869 171.6963 16.01878199 13792
LORIS                   
1 55125U 98067US  23086.19916040  .00159482  00000+0  14058-2 0  9995
2 55125  51.6372   9.7810 0007693 159.0081 201.1233 15.67660458 13754
ORCASAT                 
1 55126U 98067UT  23085.94364551  .00103862  00000+0  10651-2 0  9998
2 55126  51.6392  11.8348 0006679 157.4373 202.6917 15.64106755 13708
TJREVERB                
1 55128U 98067UV  23086.16280996  .00149761  00000+0  13721-2 0  9994
2 55128  51.6372  10.2887 0008742 157.9556 202.1817 15.66731449 13733
SPORT                   
1 55129U 98067UW  23085.30659906  .00062554  00000+0  80367-3 0  9996
2 55129  51.6398  16.5770 0005788 143.9001 216.2383 15.58482927 13570
PETITSAT                
1 55130U 98067UX  23086.17376161  .00566665  00000+0  21883-2 0  9992
2 55130  51.6344   7.3281 0011380 169.6134 190.5107 15.85177042 13729
SS-1                    
1 55181U 98067UY  23086.04892797  .00217159  00000+0  16602-2 0  9996
2 55181  51.6365  10.2705 0010253 143.0710 217.0995 15.70890982 12432
HSKSAT                  
1 55182U 98067UZ  23085.91069185  .00102756  00000+0  10711-2 0  9990
2 55182  51.6378  12.3551 0008285 131.5116 228.6591 15.63682996 12406
OPTIMAL-1               
1 55183U 98067VA  23086.03222771  .00075791  00000+0  89244-3 0  9993
2 55183  51.6412  12.4285 0007551 166.0363 194.0841 15.60682986 12414
ISS DEB (SPX-26 IPA FSE)
1 55448U 98067VB  23086.20555335  .00044574  00000+0  65860-3 0  9994
2 55448  51.6405  13.5747 0008184 140.8652 219.2932 15.54842999  8476
PROGRESS-MS 22          
1 55560U 23018A   23085.52840278  .00025950  00000+0  46772-3 0  9998
2 55560  51.6429  18.0711 0005750 133.4196 210.5462 15.49586962388961
SOYUZ-MS 23             
1 55688U 23024A   23085.52840278  .00025950  00000+0  46772-3 0  9996
2 55688  51.6429  18.0711 0005750 133.4196 210.5462 15.49586962388962
CREW DRAGON 6           
1 55740U 23027A   23085.52840278  .00025950  00000+0  46772-3 0  9998
2 55740  51.6429  18.0711 0005750 133.4196 210.5462 15.49586962388961
CREW DRAGON 5 DEB       
1 55840U 22124B   23086.17456775  .00301764  40574-4  13871-2 0  9991
2 55840  51.3157  11.0324 0069639 119.6759 241.1195 15.79387502  2437
DRAGON CRS-27           
1 55860U 23033A   23085.52840278  .00025950  00000+0  46772-3 0  9998
2 55860  51.6429  18.0711 0005750 133.4196 210.5462 15.49586962388964
