1 19548U 88091B   23001.35960612 -.00000299  00000-0  00000-0 0  9992
2 19548  13.5693 349.7957 0039562 331.4225 220.2100  1.00274867112720
1 19548U 88091B   23001.86184027 -.00000298  00000-0  00000-0 0  9995
2 19548  13.5689 349.7917 0039630 331.4477  41.4918  1.00274745112732
1 19548U 88091B   23002.36577413 -.00000297  00000-0  00000-0 0  9995
2 19548  13.5685 349.7877 0039678 331.4969 223.3636  1.00274627112738
1 19548U 88091B   23002.79436406 -.00000296  00000-0  00000-0 0  9997
2 19548  13.5682 349.7843 0039740 331.5275  18.0537  1.00274517112736
1 19548U 88091B   23003.28309355 -.00000295  00000-0  00000-0 0  9993
2 19548  13.5679 349.7805 0039781 331.5773 194.4359  1.00274390112749
1 19548U 88091B   23004.36825978 -.00000293  00000-0  00000-0 0  9995
2 19548  13.5671 349.7718 0039897 331.6990 226.0587  1.00274091112758
1 19548U 88091B   23004.88312995 -.00000293  00000-0  00000-0 0  9992
2 19548  13.5668 349.7676 0039957 331.7646  51.8602  1.00273940112768
1 19548U 88091B   23005.33660701 -.00000292  00000-0  00000-0 0  9993
2 19548  13.5665 349.7639 0039984 331.8176 215.5121  1.00273799112760
1 19548U 88091B   23006.31021674 -.00000291  00000-0  00000+0 0  9990
2 19548  13.5658 349.7560 0040068 331.9565 206.8437  1.00273484112756
1 19548U 88091B   23006.81113084 -.00000290  00000-0  00000-0 0  9992
2 19548  13.5654 349.7519 0040115 332.0518  27.5763  1.00273316112775
1 19548U 88091B   23007.31577206 -.00000290  00000-0  00000+0 0  9997
2 19548  13.5652 349.7480 0040143 332.1132 209.6883  1.00273117112768
1 19548U 88091B   23007.81528677 -.00000289  00000-0  00000-0 0  9999
2 19548  13.5649 349.7439 0040177 332.2129  29.9107  1.00272938112797
1 19548U 88091B   23008.33123278 -.00000288  00000-0  00000-0 0  9994
2 19548  13.5645 349.7397 0040206 332.2893 216.0885  1.00272743112793
1 19548U 88091B   23008.81942455 -.00000288  00000-0  00000-0 0  9993
2 19548  13.5642 349.7355 0040230 332.3977  32.2140  1.00272546112800
1 19548U 88091B   23009.41006281 -.00000287  00000-0  00000-0 0  9997
2 19548  13.5637 349.7307 0040257 332.4996 245.3290  1.00272312112806
1 19548U 88091B   23009.82365867 -.00000287  00000-0  00000-0 0  9990
2 19548  13.5634 349.7273 0040269 332.5934  34.5398  1.00272143112811
1 19548U 88091B   23010.32563347 -.00000286  00000-0  00000-0 0  9999
2 19548  13.5631 349.7232 0040289 332.6800 215.6622  1.00271928112810
1 19548U 88091B   23010.82784064 -.00000286  00000-0  00000-0 0  9995
2 19548  13.5627 349.7191 0040293 332.7874  36.8467  1.00271712112828
1 19548U 88091B   23010.99563440 -.00000286  00000-0  00000+0 0  9995
2 19548  13.5626 349.7178 0040296 332.8242  97.3818  1.00271633112807
1 19548U 88091B   23011.32974385 -.00000285  00000-0  00000-0 0  9997
2 19548  13.5624 349.7151 0040308 332.8837 217.9329  1.00271485112824
1 19548U 88091B   23011.83200493 -.00000285  00000-0  00000-0 0  9995
2 19548  13.5620 349.7110 0040302 332.9870  39.1402  1.00271256112830
1 19548U 88091B   23012.37850631 -.00000285  00000-0  00000+0 0  9999
2 19548  13.5616 349.7066 0040309 333.0862 236.3219  1.00270990112814
1 19548U 88091B   23012.85268976 -.00000284  00000-0  00000-0 0  9997
2 19548  13.5613 349.7028 0040296 333.1797  47.4023  1.00270764112848
1 19548U 88091B   23013.26641133 -.00000284  00000-0  00000-0 0  9993
2 19548  13.5610 349.6996 0040301 333.2697 196.6608  1.00270564112849
1 19548U 88091B   23014.27047609 -.00000283  00000-0  00000+0 0  9991
2 19548  13.5602 349.6917 0040273 333.4455 198.9374  1.00270044112832
1 19548U 88091B   23014.52587882 -.00000283  00000-0  00000-0 0  9992
2 19548  13.5600 349.6896 0040265 333.4721 291.1073  1.00269905112851
1 19548U 88091B   23015.41516833 -.00000283  00000-0  00000-0 0  9999
2 19548  13.5594 349.6829 0040220 333.6053 251.9921  1.00269429112868
1 19548U 88091B   23015.77673512 -.00000283  00000-0  00000-0 0  9996
2 19548  13.5591 349.6802 0040203 333.6529  22.4634  1.00269237112864
1 19548U 88091B   23016.27867997 -.00000283  00000-0  00000-0 0  9994
2 19548  13.5588 349.6765 0040183 333.7414 203.5671  1.00268960112875
1 19548U 88091B   23017.28284199 -.00000285  00000-0  00000-0 0  9995
2 19548  13.5579 349.6692 0040130 333.8484 205.9415  1.00268414112881
1 19548U 88091B   23017.78492347 -.00000285  00000-0  00000-0 0  9996
2 19548  13.5576 349.6657 0040104 333.9001  27.1299  1.00268143112890
1 19548U 88091B   23018.28690630 -.00000287  00000-0  00000-0 0  9999
2 19548  13.5571 349.6622 0040079 333.9405 208.2933  1.00267880112890
1 19548U 88091B   23018.78907012 -.00000288  00000-0  00000-0 0  9990
2 19548  13.5567 349.6587 0040054 333.9887  29.5139  1.00267617112904
1 19548U 88091B   23019.13137049 -.00000289  00000-0  00000-0 0  9996
2 19548  13.5564 349.6563 0040042 333.9991 153.0652  1.00267458112904
1 19548U 88091B   23019.79318844 -.00000291  00000-0  00000+0 0  9994
2 19548  13.5559 349.6518 0040012 334.0578  31.9055  1.00267121112894
1 19548U 88091B   23019.87385065 -.00000291  00000-0  00000-0 0  9993
2 19548  13.5558 349.6514 0040009 334.0561  61.0239  1.00267090112913
1 19548U 88091B   23020.79728385 -.00000294  00000-0  00000+0 0  9994
2 19548  13.5550 349.6449 0039981 334.0909  34.3230  1.00266665112905
1 19548U 88091B   23022.30338059 -.00000299  00000-0  00000+0 0  9993
2 19548  13.5537 349.6345 0039978 334.1081 217.9620  1.00266083112910
1 19548U 88091B   23023.30746906 -.00000302  00000-0  00000+0 0  9993
2 19548  13.5529 349.6276 0040002 334.1262 220.3886  1.00265750112928
1 19548U 88091B   23024.74210259 -.00000305  00000-0  00000+0 0  9992
2 19548  13.5516 349.6176 0040045 334.1235  18.2472  1.00265333112933
1 19548U 88091B   23025.36531917 -.00000305  00000-0  00000-0 0  9999
2 19548  13.5511 349.6133 0040093 334.1420 243.1891  1.00265196112964
1 19548U 88091B   23025.88085097 -.00000305  00000-0  00000-0 0  9999
2 19548  13.5506 349.6096 0040120 334.1468  69.2737  1.00265069112975
1 19548U 88091B   23027.25234236 -.00000304  00000-0  00000+0 0  9991
2 19548  13.5494 349.5994 0040222 334.1899 204.2921  1.00264787112969
1 19548U 88091B   23027.56534046 -.00000304  00000-0  00000-0 0  9998
2 19548  13.5491 349.5970 0040251 334.1855 317.2775  1.00264713112987
1 19548U 88091B   23028.25610781 -.00000303  00000-0  00000-0 0  9995
2 19548  13.5486 349.5917 0040307 334.2386 206.5675  1.00264577112992
1 19548U 88091B   23028.75818889 -.00000302  00000-0  00000-0 0  9998
2 19548  13.5482 349.5878 0040357 334.2616  27.7774  1.00264462113004
1 19548U 88091B   23029.43820264 -.00000301  00000-0  00000+0 0  9992
2 19548  13.5477 349.5824 0040416 334.3332 273.1664  1.00264324112989
1 19548U 88091B   23029.76228632 -.00000300  00000-0  00000-0 0  9999
2 19548  13.5474 349.5799 0040451 334.3572  30.1245  1.00264238113017
1 19548U 88091B   23030.30605035 -.00000299  00000-0  00000-0 0  9994
2 19548  13.5471 349.5756 0040489 334.4238 226.3371  1.00264115113011
1 19548U 88091B   23030.76628572 -.00000299  00000-0  00000-0 0  9995
2 19548  13.5467 349.5719 0040540 334.4693  32.4190  1.00263995113029
1 19548U 88091B   23031.26815220 -.00000298  00000-0  00000-0 0  9998
2 19548  13.5464 349.5679 0040568 334.5348 213.5088  1.00263865113023
1 19548U 88091B   23031.77025741 -.00000297  00000-0  00000-0 0  9994
2 19548  13.5460 349.5638 0040619 334.6003  34.6837  1.00263726113031
1 19548U 88091B   23032.09051485 -.00000297  00000-0  00000+0 0  9993
2 19548  13.5458 349.5613 0040632 334.6390 150.2458  1.00263633113014
1 19548U 88091B   23032.27222303 -.00000296  00000-0  00000-0 0  9992
2 19548  13.5457 349.5598 0040639 334.6655 215.8091  1.00263582113032
1 19548U 88091B   23032.77429649 -.00000296  00000-0  00000-0 0  9999
2 19548  13.5453 349.5557 0040686 334.7443  36.9588  1.00263431113048
1 19548U 88091B   23033.70674630 -.00000294  00000-0  00000+0 0  9992
2 19548  13.5449 349.5486 0040536 333.2376  15.0972  1.00282198113021
1 19548U 88091B   23034.32688108 -.00000293  00000-0  00000-0 0  9996
2 19548  13.5445 349.5433 0040557 333.2686 238.9507  1.00281336113052
1 19548U 88091B   23034.71079567 -.00000293  00000-0  00000-0 0  9992
2 19548  13.5443 349.5402 0040576 333.3437  17.4780  1.00281215113051
1 19548U 88091B   23035.31924300 -.00000292  00000-0  00000-0 0  9992
2 19548  13.5438 349.5352 0040601 333.4643 237.0221  1.00280980113067
1 19548U 88091B   23035.71482453 -.00000292  00000-0  00000-0 0  9994
2 19548  13.5435 349.5320 0040612 333.5495  19.7509  1.00280837113062
1 19548U 88091B   23036.19675637 -.00000291  00000-0  00000-0 0  9994
2 19548  13.5432 349.5280 0040625 333.6375 193.6517  1.00280654113075
1 19548U 88091B   23037.07141483 -.00000291  00000-0  00000+0 0  9998
2 19548  13.5427 349.5208 0040635 333.8282 149.2321  1.00280304113060
1 19548U 88091B   23037.22827315 -.00000290  00000-0  00000-0 0  9990
2 19548  13.5425 349.5195 0040636 333.8549 205.8348  1.00280241113080
1 19548U 88091B   23037.72291043 -.00000290  00000-0  00000-0 0  9998
2 19548  13.5422 349.5155 0040626 333.9610  24.3029  1.00280036113084
1 19548U 88091B   23038.30744068 -.00000289  00000-0  00000-0 0  9991
2 19548  13.5418 349.5107 0040627 334.0794 235.2120  1.00279787113099
1 19548U 88091B   23038.78243632 -.00000289  00000-0  00000-0 0  9994
2 19548  13.5415 349.5068 0040609 334.1876  46.5860  1.00279575113105
1 19548U 88091B   23039.22688524 -.00000288  00000-0  00000-0 0  9996
2 19548  13.5412 349.5032 0040604 334.2806 206.9477  1.00279373113104
1 19548U 88091B   23039.73098296 -.00000288  00000-0  00000-0 0  9993
2 19548  13.5409 349.4992 0040582 334.3870  28.8292  1.00279135113114
1 19548U 88091B   23040.33754193 -.00000287  00000-0  00000-0 0  9995
2 19548  13.5405 349.4942 0040563 334.5040 247.6904  1.00278842113110
1 19548U 88091B   23040.73501101 -.00000287  00000-0  00000-0 0  9998
2 19548  13.5402 349.4911 0040535 334.5758  31.1110  1.00278651113122
1 19548U 88091B   23041.15979108 -.00000287  00000-0  00000-0 0  9991
2 19548  13.5399 349.4877 0040514 334.6665 184.3722  1.00278435113123
1 19548U 88091B   23041.24424351 -.00000286  00000-0  00000-0 0  9995
2 19548  13.5399 349.4870 0040512 334.6844 214.8431  1.00278396113125
1 19548U 88091B   23042.05257688 -.00000286  00000-0  00000+0 0  9991
2 19548  13.5393 349.4807 0040454 334.8307 146.5159  1.00277983113118
1 19548U 88091B   23042.37805927 -.00000286  00000-0  00000-0 0  9992
2 19548  13.5391 349.4781 0040446 334.8902 263.9600  1.00277809113133
1 19548U 88091B   23042.74302194 -.00000286  00000-0  00000-0 0  9991
2 19548  13.5389 349.4754 0040416 334.9478  35.6579  1.00277619113145
1 19548U 88091B   23043.31924412 -.00000286  00000-0  00000-0 0  9998
2 19548  13.5384 349.4709 0040380 335.0470 243.5814  1.00277312113146
1 19548U 88091B   23044.24898723 -.00000287  00000-0  00000-0 0  9997
2 19548  13.5377 349.4641 0040306 335.1744 219.0997  1.00276815113154
1 19548U 88091B   23045.18147213 -.00000288  00000-0  00000-0 0  9993
2 19548  13.5371 349.4573 0040233 335.2829 195.6250  1.00276319113167
1 19548U 88091B   23046.18548691 -.00000291  00000-0  00000-0 0  9993
2 19548  13.5363 349.4502 0040159 335.3799 197.9827  1.00275794113176
1 19548U 88091B   23047.15577829 -.00000294  00000-0  00000-0 0  9999
2 19548  13.5355 349.4434 0040094 335.4497 188.1916  1.00275313113184
1 19548U 88091B   23048.19348087 -.00000297  00000-0  00000-0 0  9999
2 19548  13.5346 349.4362 0040036 335.5043 202.7495  1.00274829113195
1 19548U 88091B   23048.33185142 -.00000298  00000-0  00000-0 0  9997
2 19548  13.5345 349.4353 0040024 335.5135 252.6923  1.00274762113199
1 19548U 88091B   23049.29980130 -.00000301  00000-0  00000-0 0  9998
2 19548  13.5337 349.4287 0039988 335.5352 242.1005  1.00274358113202
1 19548U 88091B   23050.19830008 -.00000304  00000-0  00000-0 0  9990
2 19548  13.5330 349.4224 0039973 335.5463 206.4464  1.00274031113214
1 19548U 88091B   23051.20561455 -.00000306  00000-0  00000-0 0  9992
2 19548  13.5321 349.4155 0039970 335.5536 210.0771  1.00273701113221
1 19548U 88091B   23052.20958931 -.00000307  00000-0  00000-0 0  9993
2 19548  13.5313 349.4086 0039984 335.5657 212.4962  1.00273409113238
1 19548U 88091B   23053.21359432 -.00000308  00000-0  00000-0 0  9997
2 19548  13.5304 349.4015 0040012 335.5817 214.9215  1.00273161113246
1 19548U 88091B   23053.71570858 -.00000308  00000-0  00000-0 0  9999
2 19548  13.5300 349.3980 0040021 335.5853  36.1783  1.00273021113252
1 19548U 88091B   23054.23035567 -.00000308  00000-0  00000-0 0  9990
2 19548  13.5296 349.3943 0040053 335.6178 221.9307  1.00272926113250
1 19548U 88091B   23055.31970528 -.00000306  00000-0  00000-0 0  9993
2 19548  13.5287 349.3863 0040108 335.6631 255.1339  1.00272700113261
1 19548U 88091B   23056.24077108 -.00000305  00000-0  00000-0 0  9997
2 19548  13.5280 349.3794 0040158 335.7236 227.5721  1.00272507113278
1 19548U 88091B   23057.18361705 -.00000304  00000-0  00000-0 0  9999
2 19548  13.5273 349.3721 0040211 335.7994 207.8570  1.00272310113287
1 19548U 88091B   23058.12315647 -.00000302  00000-0  00000-0 0  9996
2 19548  13.5266 349.3648 0040262 335.8871 186.9355  1.00272093113295
1 19548U 88091B   23058.16134053 -.00000302  00000-0  00000-0 0  9990
2 19548  13.5266 349.3645 0040263 335.8944 200.7122  1.00272078113294
1 19548U 88091B   23059.16519247 -.00000300  00000-0  00000-0 0  9991
2 19548  13.5259 349.3567 0040314 336.0149 202.9734  1.00271826113301
1 19548U 88091B   23060.34563044 -.00000299  00000-0  00000-0 0  9994
2 19548  13.5251 349.3473 0040363 336.1939 268.9208  1.00271494113311
1 19548U 88091B   23061.17304631 -.00000298  00000-0  00000-0 0  9990
2 19548  13.5246 349.3407 0040389 336.3209 207.4820  1.00271237113326
1 19548U 88091B   23062.30683231 -.00000297  00000-0  00000+0 0  9990
2 19548  13.5238 349.3315 0040406 336.5226 256.5636  1.00270847113311
1 19548U 88091B   23062.36912905 -.00000297  00000-0  00000-0 0  9990
2 19548  13.5238 349.3311 0040402 336.5289 279.0458  1.00270838113336
1 19548U 88091B   23063.10257796 -.00000296  00000-0  00000-0 0  9992
2 19548  13.5233 349.3252 0040409 336.6672 183.6726  1.00270563113343
1 19548U 88091B   23063.17271861 -.00000296  00000-0  00000-0 0  9998
2 19548  13.5233 349.3246 0040407 336.6807 208.9790  1.00270535113345
1 19548U 88091B   23063.60466069 -.00000295  00000-0  00000+0 0  9990
2 19548  13.5230 349.3211 0040397 336.7701   4.8146  1.00270366113324
1 19548U 88091B   23064.18468885 -.00000295  00000-0  00000-0 0  9993
2 19548  13.5226 349.3163 0040394 336.8803 214.0860  1.00270136113352
1 19548U 88091B   23065.18859289 -.00000293  00000-0  00000-0 0  9994
2 19548  13.5220 349.3082 0040366 337.0785 216.2814  1.00269724113362
1 19548U 88091B   23066.18104948 -.00000292  00000-0  00000-0 0  9999
2 19548  13.5213 349.3002 0040324 337.2809 214.3385  1.00269294113374
1 19548U 88091B   23067.11924087 -.00000292  00000-0  00000+0 0  9996
2 19548  13.5207 349.2928 0040269 337.4639 192.8247  1.00268862113360
1 19548U 88091B   23067.19621196 -.00000291  00000-0  00000-0 0  9999
2 19548  13.5207 349.2921 0040265 337.4855 220.5880  1.00268817113383
1 19548U 88091B   23068.19129126 -.00000290  00000-0  00000-0 0  9995
2 19548  13.5200 349.2843 0040193 337.6769 219.5995  1.00268350113393
1 19548U 88091B   23069.09172039 -.00000290  00000-0  00000-0 0  9996
2 19548  13.5195 349.2774 0040115 337.8323 184.4786  1.00267906113407
1 19548U 88091B   23069.20483226 -.00000290  00000-0  00000-0 0  9992
2 19548  13.5194 349.2764 0040109 337.8641 225.2775  1.00267838113407
1 19548U 88091B   23071.10915769 -.00000290  00000-0  00000+0 0  9995
2 19548  13.5181 349.2621 0039919 338.1497 192.4048  1.00266872113400
1 19548U 88091B   23071.18244021 -.00000290  00000-0  00000-0 0  9990
2 19548  13.5181 349.2616 0039910 338.1737 218.8336  1.00266828113428
1 19548U 88091B   23072.17927249 -.00000291  00000-0  00000-0 0  9991
2 19548  13.5174 349.2543 0039806 338.2974 218.5380  1.00266314113434
1 19548U 88091B   23073.20684917 -.00000294  00000-0  00000+0 0  9990
2 19548  13.5167 349.2470 0039701 338.4009 229.3583  1.00265784113424
1 19548U 88091B   23073.43203483 -.00000294  00000-0  00000-0 0  9991
2 19548  13.5165 349.2453 0039677 338.4299 310.6143  1.00265661113448
1 19548U 88091B   23074.17410633 -.00000296  00000-0  00000-0 0  9992
2 19548  13.5159 349.2402 0039606 338.4688 218.4387  1.00265296113459
1 19548U 88091B   23075.11484682 -.00000299  00000-0  00000+0 0  9994
2 19548  13.5152 349.2337 0039537 338.5053 197.9774  1.00264851113445
1 19548U 88091B   23075.49246885 -.00000300  00000-0  00000-0 0  9990
2 19548  13.5149 349.2310 0039498 338.5342 334.2571  1.00264671113462
1 19548U 88091B   23076.16924330 -.00000303  00000-0  00000-0 0  9996
2 19548  13.5143 349.2265 0039457 338.5411 218.5408  1.00264383113471
1 19548U 88091B   23077.18382652 -.00000306  00000-0  00000-0 0  9997
2 19548  13.5135 349.2196 0039399 338.5491 224.7595  1.00263965113480
1 19548U 88091B   23078.16507855 -.00000309  00000-0  00000-0 0  9993
2 19548  13.5127 349.2128 0039361 338.5491 218.9535  1.00263610113492
1 19548U 88091B   23079.08382760 -.00000311  00000-0  00000+0 0  9993
2 19548  13.5119 349.2064 0039344 338.5443 190.5900  1.00263312113489
1 19548U 88091B   23079.58695870 -.00000311  00000-0  00000-0 0  9998
2 19548  13.5115 349.2030 0039325 338.5350  12.2091  1.00263142113509
1 19548U 88091B   23079.61832005 -.00000311  00000-0  00000-0 0  9995
2 19548  13.5115 349.2028 0039326 338.5358  23.5284  1.00263133113515
1 19548U 88091B   23080.17410416 -.00000311  00000-0  00000-0 0  9996
2 19548  13.5110 349.1990 0039337 338.5437 224.1356  1.00262998113514
1 19548U 88091B   23081.11525490 -.00000312  00000-0  00000-0 0  9991
2 19548  13.5102 349.1924 0039346 338.5500 203.8452  1.00262758113529
1 19548U 88091B   23082.09077240 -.00000310  00000-0  00000-0 0  9992
2 19548  13.5081 349.1743 0040822 335.5388 199.0796  1.00276563113533
1 19548U 88091B   23082.67576678 -.00000310  00000-0  00000-0 0  9995
2 19548  13.5168 349.1772 0039240 336.6352  49.1675  1.00279949113549
1 19548U 88091B   23083.08206198 -.00000309  00000-0  00000-0 0  9996
2 19548  13.5085 349.1786 0039178 336.8028 195.6790  1.00280812113540
1 19548U 88091B   23084.11836266 -.00000308  00000-0  00000+0 0  9994
2 19548  13.5080 349.1683 0039214 336.7437 209.8635  1.00279957113538
1 19548U 88091B   23085.25775685 -.00000306  00000-0  00000-0 0  9996
2 19548  13.5069 349.1625 0039267 336.8982 261.0562  1.00280272113569
1 19548U 88091B   23086.16497123 -.00000304  00000-0  00000-0 0  9993
2 19548  13.5063 349.1552 0039279 337.0002 228.4774  1.00280035113571
1 19548U 88091B   23087.22598111 -.00000303  00000-0  00000-0 0  9999
2 19548  13.5056 349.1470 0039306 337.1141 251.4089  1.00279755113581
1 19548U 88091B   23088.13130053 -.00000301  00000-0  00000-0 0  9995
2 19548  13.5051 349.1400 0039298 337.2642 218.0955  1.00279468113599
1 19548U 88091B   23089.06570394 -.00000300  00000-0  00000+0 0  9992
2 19548  13.5045 349.1329 0039301 337.4045 195.2910  1.00279168113589
1 19548U 88091B   23089.69922959 -.00000299  00000-0  00000-0 0  9997
2 19548  13.5040 349.1277 0039292 337.5323  63.8763  1.00278939113610
1 19548U 88091B   23090.43288352 -.00000299  00000-0  00000+0 0  9992
2 19548  13.5035 349.1221 0039270 337.6485 328.6211  1.00278689113598
1 19548U 88091B   23091.08105013 -.00000298  00000-0  00000-0 0  9996
2 19548  13.5030 349.1168 0039253 337.7573 202.5099  1.00278428113622
1 19548U 88091B   23092.05813462 -.00000297  00000-0  00000+0 0  9996
2 19548  13.5024 349.1092 0039211 337.9344 195.0737  1.00278042113619
1 19548U 88091B   23092.08799449 -.00000296  00000-0  00000-0 0  9997
2 19548  13.5024 349.1090 0039209 337.9392 205.8488  1.00278031113630
1 19548U 88091B   23093.09632767 -.00000295  00000-0  00000-0 0  9997
2 19548  13.5017 349.1010 0039149 338.1239 209.6848  1.00277602113646
1 19548U 88091B   23093.26411046 -.00000295  00000-0  00000-0 0  9991
2 19548  13.5017 349.0996 0039136 338.1479 270.2327  1.00277531113647
1 19548U 88091B   23094.09702147 -.00000294  00000-0  00000-0 0  9997
2 19548  13.5011 349.0931 0039072 338.3064 210.7636  1.00277152113653
1 19548U 88091B   23095.37567949 -.00000292  00000-0  00000-0 0  9996
2 19548  13.5003 349.0832 0038954 338.5237 312.1533  1.00276552113663
1 19548U 88091B   23096.40700675 -.00000291  00000-0  00000-0 0  9995
2 19548  13.4996 349.0754 0038840 338.6974 324.2956  1.00276043113678
1 19548U 88091B   23097.49716862 -.00000291  00000-0  00000+0 0  9999
2 19548  13.4988 349.0675 0038713 338.8560 357.6904  1.00275489113668
1 19548U 88091B   23098.09947370 -.00000291  00000-0  00000-0 0  9997
2 19548  13.4984 349.0632 0038635 338.9383 215.0416  1.00275184113694
1 19548U 88091B   23099.08729931 -.00000292  00000-0  00000+0 0  9998
2 19548  13.4977 349.0561 0038511 339.0481 211.5383  1.00274682113686
1 19548U 88091B   23099.56701637 -.00000292  00000-0  00000-0 0  9995
2 19548  13.4974 349.0527 0038456 339.0910  24.6735  1.00274425113713
1 19548U 88091B   23099.63964697 -.00000292  00000-0  00000-0 0  9990
2 19548  13.4973 349.0522 0038444 339.0965  50.8876  1.00274401113715
1 19548U 88091B   23100.51939194 -.00000294  00000-0  00000+0 0  9995
2 19548  13.4967 349.0460 0038335 339.1718   8.3992  1.00273948113694
1 19548U 88091B   23101.07202170 -.00000295  00000-0  00000-0 0  9996
2 19548  13.4962 349.0422 0038266 339.1944 207.8738  1.00273678113729
1 19548U 88091B   23102.15102448 -.00000298  00000-0  00000-0 0  9996
2 19548  13.4954 349.0350 0038144 339.2371 237.3466  1.00273162113735
1 19548U 88091B   23103.25411825 -.00000302  00000-0  00000-0 0  9996
2 19548  13.4945 349.0275 0038030 339.2513 275.5427  1.00272672113740
1 19548U 88091B   23103.40849375 -.00000303  00000-0  00000+0 0  9998
2 19548  13.4944 349.0263 0038014 339.2518 331.2709  1.00272600113725
1 19548U 88091B   23104.16912417 -.00000305  00000-0  00000-0 0  9993
2 19548  13.4937 349.0213 0037958 339.2322 245.8718  1.00272285113753
1 19548U 88091B   23105.03799678 -.00000308  00000-0  00000+0 0  9994
2 19548  13.4930 349.0152 0037904 339.2097 199.5498  1.00271964113740
1 19548U 88091B   23105.08452280 -.00000308  00000-0  00000-0 0  9995
2 19548  13.4929 349.0150 0037899 339.2098 216.3452  1.00271949113763
1 19548U 88091B   23106.04702094 -.00000310  00000-0  00000+0 0  9995
2 19548  13.4921 349.0083 0037853 339.1783 203.8288  1.00271613113755
1 19548U 88091B   23106.19254969 -.00000310  00000-0  00000-0 0  9995
2 19548  13.4920 349.0074 0037842 339.1726 256.3688  1.00271558113776
1 19548U 88091B   23107.23268348 -.00000311  00000-0  00000-0 0  9998
2 19548  13.4911 349.0002 0037811 339.1359 271.8820  1.00271239113782
1 19548U 88091B   23108.06487208 -.00000312  00000-0  00000-0 0  9999
2 19548  13.4904 348.9943 0037803 339.1169 212.3110  1.00271018113794
1 19548U 88091B   23109.03660435 -.00000311  00000-0  00000+0 0  9990
2 19548  13.4896 348.9874 0037800 339.0963 203.1143  1.00270766113787
1 19548U 88091B   23109.49894950 -.00000311  00000-0  00000-0 0  9992
2 19548  13.4892 348.9841 0037794 339.0745  10.0365  1.00270644113806
1 19548U 88091B   23110.15483955 -.00000310  00000-0  00000+0 0  9994
2 19548  13.4887 348.9794 0037804 339.0878 246.7901  1.00270504113793
1 19548U 88091B   23110.52047465 -.00000310  00000-0  00000-0 0  9998
2 19548  13.4884 348.9767 0037807 339.0721  18.7948  1.00270407113813
1 19548U 88091B   23111.20397729 -.00000309  00000-0  00000+0 0  9992
2 19548  13.4879 348.9717 0037817 339.0975 265.5036  1.00270266113806
1 19548U 88091B   23111.50637413 -.00000308  00000-0  00000-0 0  9992
2 19548  13.4877 348.9694 0037824 339.0908  14.6710  1.00270187113828
1 19548U 88091B   23112.51005634 -.00000307  00000-0  00000-0 0  9997
2 19548  13.4869 348.9618 0037841 339.1315  16.9437  1.00269959113834
1 19548U 88091B   23113.51377133 -.00000305  00000-0  00000-0 0  9992
2 19548  13.4862 348.9542 0037855 339.1940  19.2056  1.00269717113848
1 19548U 88091B   23114.51746891 -.00000304  00000-0  00000-0 0  9993
2 19548  13.4855 348.9466 0037861 339.2813  21.4357  1.00269462113860
1 19548U 88091B   23115.52107953 -.00000302  00000-0  00000-0 0  9993
2 19548  13.4849 348.9389 0037856 339.3850  23.6170  1.00269176113873
1 19548U 88091B   23116.36762456 -.00000301  00000-0  00000-0 0  9990
2 19548  13.4843 348.9323 0037837 339.4857 329.1027  1.00268925113878
1 19548U 88091B   23117.02966028 -.00000300  00000-0  00000+0 0  9993
2 19548  13.4838 348.9272 0037819 339.5623 208.0076  1.00268695113869
1 19548U 88091B   23117.53509375 -.00000300  00000-0  00000-0 0  9998
2 19548  13.4834 348.9233 0037806 339.6452  30.3756  1.00268521113891
1 19548U 88091B   23118.56965000 -.00000298  00000-0  00000-0 0  9999
2 19548  13.4828 348.9152 0037757 339.7953  43.6775  1.00268136113908
1 19548U 88091B   23119.46390708 -.00000297  00000-0  00000-0 0  9995
2 19548  13.4821 348.9082 0037702 339.9250   6.3541  1.00267787113903
1 19548U 88091B   23120.18120359 -.00000296  00000-0  00000+0 0  9997
2 19548  13.4817 348.9026 0037654 340.0254 265.1805  1.00267492113898
1 19548U 88091B   23120.46750402 -.00000296  00000-0  00000-0 0  9997
2 19548  13.4815 348.9004 0037626 340.0791   8.4740  1.00267373113914
