1 21639U 91054B   23001.63511664  .00000083  00000-0  00000-0 0  9999
2 21639  14.2213   3.1106 0026002 348.9717 169.9005  1.00270380115059
1 21639U 91054B   23001.68139472  .00000083  00000-0  00000+0 0  9996
2 21639  14.2213   3.1102 0026008 348.9688 186.6092  1.00270407115049
1 21639U 91054B   23002.58909981  .00000084  00000-0  00000-0 0  9998
2 21639  14.2212   3.1029 0026113 348.9336 154.3134  1.00270889115068
1 21639U 91054B   23002.67868306  .00000085  00000-0  00000-0 0  9994
2 21639  14.2212   3.1022 0026124 348.9334 186.6521  1.00270940115067
1 21639U 91054B   23003.31662844  .00000086  00000-0  00000+0 0  9995
2 21639  14.2211   3.0970 0026207 348.9074  56.9683  1.00271268115062
1 21639U 91054B   23004.20519722  .00000087  00000-0  00000-0 0  9992
2 21639  14.2210   3.0898 0026323 348.9312  17.7084  1.00271715115083
1 21639U 91054B   23004.67271934  .00000088  00000-0  00000+0 0  9993
2 21639  14.2210   3.0860 0026371 348.9677 186.4436  1.00271942115075
1 21639U 91054B   23005.20930339  .00000089  00000-0  00000-0 0  9996
2 21639  14.2209   3.0816 0026450 348.9953  20.1179  1.00272197115092
1 21639U 91054B   23005.71137373  .00000089  00000-0  00000+0 0  9998
2 21639  14.2209   3.0774 0026501 349.0445 201.3128  1.00272428115083
1 21639U 91054B   23006.68251140  .00000091  00000-0  00000-0 0  9998
2 21639  14.2208   3.0694 0026618 349.1485 191.7834  1.00272861115107
1 21639U 91054B   23007.14607712  .00000091  00000-0  00000+0 0  9999
2 21639  14.2209   3.0656 0026681 349.2106 359.0653  1.00273042115107
1 21639U 91054B   23007.67546645  .00000092  00000-0  00000-0 0  9996
2 21639  14.2209   3.0612 0026733 349.2771 190.1065  1.00273262115111
1 21639U 91054B   23008.67198404  .00000093  00000-0  00000+0 0  9993
2 21639  14.2208   3.0529 0026841 349.4479 189.6753  1.00273659115111
1 21639U 91054B   23009.59067781  .00000094  00000-0  00000-0 0  9990
2 21639  14.2207   3.0453 0026934 349.6344 161.1352  1.00273997115139
1 21639U 91054B   23009.66652066  .00000095  00000-0  00000-0 0  9995
2 21639  14.2207   3.0447 0026939 349.6483 188.5005  1.00274024115131
1 21639U 91054B   23010.06087345  .00000095  00000-0  00000+0 0  9992
2 21639  14.2207   3.0414 0026974 349.7480 330.7615  1.00274164115135
1 21639U 91054B   23010.19824840  .00000095  00000-0  00000-0 0  9996
2 21639  14.2206   3.0403 0026988 349.7866  20.3150  1.00274211115145
1 21639U 91054B   23010.71368635  .00000096  00000-0  00000-0 0  9990
2 21639  14.2206   3.0360 0027031 349.8812 206.2937  1.00274384115148
1 21639U 91054B   23011.15524911  .00000096  00000-0  00000+0 0  9999
2 21639  14.2206   3.0324 0027061 350.0051   5.5737  1.00274533115144
1 21639U 91054B   23011.43029663  .00000097  00000-0  00000-0 0  9996
2 21639  14.2205   3.0302 0027084 350.0729 104.7982  1.00274612115159
1 21639U 91054B   23011.69007671  .00000097  00000-0  00000-0 0  9999
2 21639  14.2205   3.0280 0027103 350.1179 198.5344  1.00274698115153
1 21639U 91054B   23012.15933139  .00000097  00000-0  00000+0 0  9997
2 21639  14.2204   3.0242 0027125 350.2485   7.8050  1.00274844115154
1 21639U 91054B   23012.67396376  .00000098  00000-0  00000-0 0  9992
2 21639  14.2203   3.0200 0027158 350.3667 193.4703  1.00274986115161
1 21639U 91054B   23013.20863878  .00000098  00000-0  00000+0 0  9997
2 21639  14.2203   3.0158 0027176 350.5189  26.3372  1.00275161115166
1 21639U 91054B   23013.72966137  .00000099  00000-0  00000-0 0  9998
2 21639  14.2203   3.0116 0027202 350.6394 214.3076  1.00275290115173
1 21639U 91054B   23014.36587847  .00000099  00000-0  00000+0 0  9995
2 21639  14.2202   3.0066 0027210 350.8084  83.8144  1.00275451115177
1 21639U 91054B   23015.58985742  .00000099  00000-0  00000-0 0  9997
2 21639  14.2201   2.9971 0027227 351.0920 165.3922  1.00275738115199
1 21639U 91054B   23015.66716291  .00000099  00000-0  00000+0 0  9996
2 21639  14.2201   2.9966 0027231 351.1094 193.2824  1.00275758115183
1 21639U 91054B   23016.70112894  .00000098  00000-0  00000+0 0  9990
2 21639  14.2200   2.9888 0027226 351.3305 206.3280  1.00275991115198
1 21639U 91054B   23017.18737866  .00000097  00000-0  00000-0 0  9995
2 21639  14.2200   2.9852 0027220 351.4168  21.7802  1.00276112115219
1 21639U 91054B   23017.68930757  .00000096  00000-0  00000-0 0  9993
2 21639  14.2199   2.9816 0027211 351.5107 202.8855  1.00276221115211
1 21639U 91054B   23018.13747892  .00000095  00000-0  00000+0 0  9998
2 21639  14.2199   2.9783 0027202 351.5795   4.6093  1.00276332115212
1 21639U 91054B   23018.58592632  .00000094  00000-0  00000-0 0  9997
2 21639  14.2198   2.9751 0027186 351.6314 166.4497  1.00276450115222
1 21639U 91054B   23018.68421569  .00000094  00000-0  00000-0 0  9998
2 21639  14.2198   2.9745 0027186 351.6530 201.9112  1.00276470115226
1 21639U 91054B   23019.13953814  .00000093  00000-0  00000+0 0  9990
2 21639  14.2197   2.9712 0027175 351.7105   6.2283  1.00276595115229
1 21639U 91054B   23019.55057612  .00000091  00000-0  00000-0 0  9996
2 21639  14.2196   2.9682 0027164 351.7369 154.5895  1.00276714115234
1 21639U 91054B   23020.21139632  .00000089  00000-0  00000+0 0  9990
2 21639  14.2196   2.9637 0027145 351.7945  33.0933  1.00276915115230
1 21639U 91054B   23021.25000010  .00000086  00000-0  00000+0 0  9999
2 21639  14.2194   2.9564 0027121 351.8314  48.0015  1.00277271115246
1 21639U 91054B   23022.68493924  .00000082  00000-0  00000+0 0  9993
2 21639  14.2193   2.9463 0027107 351.8176 206.0436  1.00277849115258
1 21639U 91054B   23024.02481365  .00000080  00000-0  00000+0 0  9997
2 21639  14.2191   2.9368 0027110 351.7608 329.8120  1.00278466115275
1 21639U 91054B   23025.15318198  .00000079  00000-0  00000+0 0  9993
2 21639  14.2189   2.9288 0027150 351.6744  17.2563  1.00279058115285
1 21639U 91054B   23025.54047203  .00000079  00000-0  00000-0 0  9993
2 21639  14.2189   2.9260 0027180 351.6539 157.0950  1.00279282115293
1 21639U 91054B   23025.68001125  .00000079  00000-0  00000-0 0  9991
2 21639  14.2189   2.9251 0027184 351.6389 207.4859  1.00279359115293
1 21639U 91054B   23026.16742104  .00000079  00000-0  00000+0 0  9993
2 21639  14.2188   2.9215 0027202 351.6004  23.4880  1.00279627115295
1 21639U 91054B   23027.08542154  .00000079  00000-0  00000-0 0  9999
2 21639  14.2186   2.9146 0027261 351.5409 354.9631  1.00280140115309
1 21639U 91054B   23027.67521605  .00000080  00000-0  00000+0 0  9993
2 21639  14.2186   2.9101 0027313 351.5304 207.9020  1.00280499115308
1 21639U 91054B   23028.08923980  .00000081  00000-0  00000-0 0  9993
2 21639  14.2185   2.9069 0027343 351.4957 357.4082  1.00280724115317
1 21639U 91054B   23028.68103561  .00000081  00000-0  00000+0 0  9993
2 21639  14.2185   2.9022 0027398 351.5024 211.0538  1.00281079115317
1 21639U 91054B   23029.68373198  .00000083  00000-0  00000+0 0  9991
2 21639  14.2184   2.8943 0027493 351.5035 213.0509  1.00281632115321
1 21639U 91054B   23030.41344944  .00000084  00000-0  00000-0 0  9993
2 21639  14.2184   2.8884 0027567 351.5136 116.4882  1.00282023115346
1 21639U 91054B   23030.59927771  .00000085  00000-0  00000-0 0  9998
2 21639  14.2183   2.8869 0027586 351.5314 183.5596  1.00282119115340
1 21639U 91054B   23031.10131858  .00000085  00000-0  00000+0 0  9998
2 21639  14.2183   2.8829 0027648 351.5375   4.8038  1.00282378115345
1 21639U 91054B   23031.34922771  .00000086  00000-0  00000+0 0  9997
2 21639  14.2180   2.8792 0027506 345.3610 100.4515  1.00289478115348
1 21639U 91054B   23031.60330135  .00000086  00000-0  00000+0 0  9993
2 21639  14.2179   2.8774 0027754 346.2048 191.3308  1.00281054115347
1 21639U 91054B   23032.10466175  .00000085  00000-0  00000+0 0  9992
2 21639  14.2180   2.8749 0027654 349.0672   9.4236  1.00263915115350
1 21639U 91054B   23032.55578267  .00000086  00000-0  00000-0 0  9999
2 21639  14.2180   2.8711 0027663 349.0543 172.2757  1.00264332115368
1 21639U 91054B   23033.10940510  .00000086  00000-0  00000+0 0  9994
2 21639  14.2180   2.8665 0027743 349.1339  12.0335  1.00264545115368
1 21639U 91054B   23033.59569161  .00000087  00000-0  00000-0 0  9998
2 21639  14.2178   2.8629 0027780 349.2266 187.4733  1.00264792115370
1 21639U 91054B   23034.11337446  .00000088  00000-0  00000+0 0  9996
2 21639  14.2179   2.8583 0027844 349.3321  14.2338  1.00265033115371
1 21639U 91054B   23034.54915500  .00000088  00000-0  00000-0 0  9997
2 21639  14.2179   2.8546 0027877 349.4036 171.4649  1.00265228115388
1 21639U 91054B   23034.69144806  .00000088  00000-0  00000-0 0  9996
2 21639  14.2179   2.8533 0027887 349.4310 222.8009  1.00265293115383
1 21639U 91054B   23035.11743844  .00000089  00000-0  00000+0 0  9991
2 21639  14.2179   2.8498 0027934 349.5293  16.4709  1.00265469115386
1 21639U 91054B   23035.52495090  .00000089  00000-0  00000-0 0  9994
2 21639  14.2178   2.8464 0027964 349.5997 163.4998  1.00265629115394
1 21639U 91054B   23035.68080807  .00000090  00000-0  00000-0 0  9999
2 21639  14.2178   2.8451 0027976 349.6384 219.7210  1.00265694115398
1 21639U 91054B   23036.12140826  .00000090  00000-0  00000+0 0  9996
2 21639  14.2178   2.8414 0028017 349.7571  18.6449  1.00265866115394
1 21639U 91054B   23036.29125715  .00000090  00000-0  00000-0 0  9995
2 21639  14.2178   2.8400 0028032 349.7850  79.9273  1.00265935115400
1 21639U 91054B   23036.72114564  .00000091  00000-0  00000-0 0  9994
2 21639  14.2178   2.8364 0028056 349.8741 235.0156  1.00266106115401
1 21639U 91054B   23037.20559619  .00000092  00000-0  00000+0 0  9992
2 21639  14.2178   2.8324 0028095 350.0181  49.7434  1.00266278115401
1 21639U 91054B   23037.52589073  .00000092  00000-0  00000-0 0  9995
2 21639  14.2178   2.8298 0028116 350.0820 165.2968  1.00266389115415
1 21639U 91054B   23038.23000464  .00000093  00000-0  00000+0 0  9996
2 21639  14.2177   2.8238 0028156 350.2918  59.2519  1.00266630115415
1 21639U 91054B   23038.54207664  .00000093  00000-0  00000-0 0  9992
2 21639  14.2177   2.8213 0028175 350.3615 171.8318  1.00266735115429
1 21639U 91054B   23038.66092448  .00000093  00000-0  00000-0 0  9997
2 21639  14.2177   2.8202 0028178 350.3958 214.6986  1.00266777115423
1 21639U 91054B   23039.38505872  .00000094  00000-0  00000+0 0  9997
2 21639  14.2177   2.8143 0028206 350.6178 115.8692  1.00267009115421
1 21639U 91054B   23039.66973579  .00000094  00000-0  00000-0 0  9992
2 21639  14.2177   2.8120 0028220 350.6777 218.5705  1.00267100115436
1 21639U 91054B   23040.29141606  .00000095  00000-0  00000-0 0  9992
2 21639  14.2177   2.8069 0028229 350.8763  82.7820  1.00267287115440
1 21639U 91054B   23040.68389791  .00000095  00000-0  00000+0 0  9993
2 21639  14.2176   2.8037 0028244 350.9705 224.3642  1.00267397115435
1 21639U 91054B   23041.07000878  .00000095  00000-0  00000-0 0  9994
2 21639  14.2176   2.8007 0028241 351.0862   3.6245  1.00267508115447
1 21639U 91054B   23041.67714516  .00000096  00000-0  00000-0 0  9992
2 21639  14.2176   2.7958 0028253 351.2570 222.6152  1.00267671115454
1 21639U 91054B   23042.07393826  .00000096  00000-0  00000+0 0  9993
2 21639  14.2176   2.7927 0028245 351.3667   5.7381  1.00267779115452
1 21639U 91054B   23042.60078927  .00000096  00000-0  00000-0 0  9995
2 21639  14.2176   2.7885 0028245 351.5147 195.7707  1.00267907115466
1 21639U 91054B   23042.68178066  .00000096  00000-0  00000-0 0  9998
2 21639  14.2176   2.7879 0028246 351.5348 224.9868  1.00267925115466
1 21639U 91054B   23043.08105075  .00000095  00000-0  00000+0 0  9991
2 21639  14.2175   2.7848 0028234 351.6335   9.0150  1.00268026115464
1 21639U 91054B   23044.08206649  .00000094  00000-0  00000+0 0  9990
2 21639  14.2175   2.7772 0028211 351.8819  10.1103  1.00268267115473
1 21639U 91054B   23044.58404907  .00000094  00000-0  00000-0 0  9993
2 21639  14.2175   2.7735 0028192 352.0000 191.1965  1.00268382115480
1 21639U 91054B   23045.13457939  .00000093  00000-0  00000+0 0  9996
2 21639  14.2175   2.7694 0028172 352.1088  29.8171  1.00268529115488
1 21639U 91054B   23045.53799469  .00000092  00000-0  00000-0 0  9997
2 21639  14.2174   2.7665 0028153 352.1891 175.3610  1.00268620115494
1 21639U 91054B   23045.71347682  .00000091  00000-0  00000-0 0  9992
2 21639  14.2174   2.7652 0028149 352.2322 238.6632  1.00268658115493
1 21639U 91054B   23046.23271166  .00000090  00000-0  00000+0 0  9991
2 21639  14.2173   2.7615 0028123 352.3008  66.0273  1.00268812115491
1 21639U 91054B   23046.61206734  .00000089  00000-0  00000-0 0  9991
2 21639  14.2173   2.7588 0028105 352.3662 202.9015  1.00268894115503
1 21639U 91054B   23046.68698134  .00000089  00000-0  00000-0 0  9997
2 21639  14.2173   2.7583 0028103 352.3841 229.9261  1.00268919115505
1 21639U 91054B   23047.27257476  .00000087  00000-0  00000+0 0  9990
2 21639  14.2172   2.7541 0028074 352.4405  81.2570  1.00269100115507
1 21639U 91054B   23047.59216024  .00000086  00000-0  00000-0 0  9999
2 21639  14.2172   2.7518 0028059 352.4817 196.5798  1.00269176115517
1 21639U 91054B   23047.78205275  .00000085  00000-0  00000-0 0  9995
2 21639  14.2172   2.7505 0028049 352.5164 265.0927  1.00269229115513
1 21639U 91054B   23048.09812250  .00000084  00000-0  00000-0 0  9996
2 21639  14.2171   2.7482 0028035 352.5338  19.1705  1.00269330115520
1 21639U 91054B   23048.67505093  .00000082  00000-0  00000+0 0  9991
2 21639  14.2171   2.7442 0028012 352.5703 227.3942  1.00269525115518
1 21639U 91054B   23049.53254424  .00000080  00000-0  00000-0 0  9995
2 21639  14.2170   2.7381 0027984 352.5902 176.9143  1.00269850115532
1 21639U 91054B   23049.79867978  .00000079  00000-0  00000+0 0  9994
2 21639  14.2169   2.7363 0027969 352.6123 272.9627  1.00269943115525
1 21639U 91054B   23050.55813375  .00000077  00000-0  00000-0 0  9991
2 21639  14.2169   2.7310 0027961 352.5985 187.1272  1.00270280115545
1 21639U 91054B   23051.03938321  .00000076  00000-0  00000+0 0  9992
2 21639  14.2168   2.7276 0027944 352.6032   0.8461  1.00270473115545
1 21639U 91054B   23051.52035021  .00000075  00000-0  00000-0 0  9991
2 21639  14.2168   2.7242 0027954 352.5836 174.4880  1.00270722115551
1 21639U 91054B   23052.04285435  .00000075  00000-0  00000+0 0  9994
2 21639  14.2167   2.7206 0027942 352.5738   3.1146  1.00270962115557
1 21639U 91054B   23052.54458909  .00000074  00000-0  00000-0 0  9997
2 21639  14.2167   2.7170 0027962 352.5597 184.2486  1.00271235115565
1 21639U 91054B   23052.67528718  .00000074  00000-0  00000-0 0  9997
2 21639  14.2167   2.7162 0027959 352.5530 231.4357  1.00271301115565
1 21639U 91054B   23053.13574068  .00000074  00000-0  00000+0 0  9997
2 21639  14.2166   2.7128 0027964 352.5317  37.6754  1.00271533115569
1 21639U 91054B   23053.54865604  .00000074  00000-0  00000-0 0  9992
2 21639  14.2165   2.7098 0027986 352.5239 186.7415  1.00271780115576
1 21639U 91054B   23053.72876705  .00000074  00000-0  00000-0 0  9996
2 21639  14.2165   2.7086 0027985 352.5118 251.7716  1.00271870115575
1 21639U 91054B   23054.55263571  .00000075  00000-0  00000-0 0  9990
2 21639  14.2164   2.7025 0028024 352.5026 189.1903  1.00272338115583
1 21639U 91054B   23054.67056973  .00000075  00000-0  00000+0 0  9998
2 21639  14.2164   2.7016 0028026 352.4924 231.7736  1.00272407115575
1 21639U 91054B   23054.73531020  .00000075  00000-0  00000-0 0  9997
2 21639  14.2164   2.7011 0028028 352.4859 255.1509  1.00272445115580
1 21639U 91054B   23055.27601685  .00000076  00000-0  00000-0 0  9993
2 21639  14.2164   2.6971 0028056 352.4890  90.3391  1.00272739115595
1 21639U 91054B   23055.62362525  .00000076  00000-0  00000-0 0  9999
2 21639  14.2164   2.6944 0028079 352.4910 215.8217  1.00272954115593
1 21639U 91054B   23056.05654637  .00000077  00000-0  00000+0 0  9995
2 21639  14.2163   2.6911 0028102 352.4726  12.1222  1.00273184115598
1 21639U 91054B   23056.60118598  .00000077  00000-0  00000-0 0  9998
2 21639  14.2163   2.6869 0028142 352.5074 208.7002  1.00273509115603
1 21639U 91054B   23056.70438531  .00000078  00000-0  00000-0 0  9992
2 21639  14.2163   2.6861 0028149 352.5015 245.9608  1.00273574115604
1 21639U 91054B   23057.25651194  .00000078  00000-0  00000+0 0  9994
2 21639  14.2162   2.6817 0028188 352.5181  85.2602  1.00273868115606
1 21639U 91054B   23057.60813326  .00000079  00000-0  00000-0 0  9992
2 21639  14.2162   2.6790 0028214 352.5468 212.1663  1.00274072115611
1 21639U 91054B   23058.58799406  .00000080  00000-0  00000-0 0  9994
2 21639  14.2162   2.6713 0028289 352.6219 205.8204  1.00274595115624
1 21639U 91054B   23058.65422851  .00000080  00000-0  00000+0 0  9998
2 21639  14.2162   2.6707 0028296 352.6292 229.7239  1.00274634115612
1 21639U 91054B   23059.59979824  .00000082  00000-0  00000-0 0  9992
2 21639  14.2161   2.6632 0028371 352.7352 210.9699  1.00275109115632
1 21639U 91054B   23059.66766883  .00000082  00000-0  00000+0 0  9998
2 21639  14.2161   2.6626 0028377 352.7427 235.4638  1.00275146115629
1 21639U 91054B   23059.72601237  .00000082  00000-0  00000-0 0  9997
2 21639  14.2161   2.6621 0028384 352.7501 256.5186  1.00275179115634
1 21639U 91054B   23060.70665876  .00000083  00000-0  00000+0 0  9996
2 21639  14.2161   2.6542 0028459 352.8977 250.3878  1.00275646115636
1 21639U 91054B   23061.66918661  .00000085  00000-0  00000-0 0  9998
2 21639  14.2160   2.6463 0028529 353.0721 237.6910  1.00276077115651
1 21639U 91054B   23062.13611517  .00000085  00000-0  00000+0 0  9990
2 21639  14.2160   2.6425 0028572 353.1741  46.1527  1.00276270115652
1 21639U 91054B   23062.51194622  .00000086  00000-0  00000-0 0  9997
2 21639  14.2160   2.6395 0028588 353.2460 181.7588  1.00276432115668
1 21639U 91054B   23062.56993987  .00000086  00000-0  00000-0 0  9993
2 21639  14.2160   2.6390 0028590 353.2579 202.6831  1.00276457115668
1 21639U 91054B   23063.13738656  .00000087  00000-0  00000+0 0  9997
2 21639  14.2159   2.6342 0028634 353.4065  47.3869  1.00276687115664
1 21639U 91054B   23063.51584807  .00000087  00000-0  00000-0 0  9997
2 21639  14.2159   2.6312 0028650 353.4817 183.9399  1.00276842115673
1 21639U 91054B   23063.66834785  .00000088  00000-0  00000-0 0  9997
2 21639  14.2159   2.6299 0028655 353.5192 238.9562  1.00276900115677
1 21639U 91054B   23064.51975041  .00000089  00000-0  00000+0 0  9993
2 21639  14.2159   2.6230 0028701 353.7395 186.1001  1.00277213115671
1 21639U 91054B   23065.68102616  .00000091  00000-0  00000+0 0  9995
2 21639  14.2159   2.6133 0028741 354.0622 245.0110  1.00277629115682
1 21639U 91054B   23066.66892833  .00000092  00000-0  00000-0 0  9993
2 21639  14.2158   2.6053 0028764 354.3518 241.3659  1.00277949115709
1 21639U 91054B   23067.34880237  .00000093  00000-0  00000+0 0  9994
2 21639  14.2159   2.6000 0028770 354.5711 126.5895  1.00278162115700
1 21639U 91054B   23067.67120486  .00000093  00000-0  00000-0 0  9994
2 21639  14.2158   2.5973 0028774 354.6542 242.8986  1.00278260115717
1 21639U 91054B   23068.60325141  .00000094  00000-0  00000+0 0  9993
2 21639  14.2158   2.5899 0028768 354.9385 219.0963  1.00278530115716
1 21639U 91054B   23069.67935943  .00000094  00000-0  00000+0 0  9998
2 21639  14.2158   2.5814 0028745 355.2557 247.2703  1.00278816115726
1 21639U 91054B   23070.54315444  .00000094  00000-0  00000-0 0  9995
2 21639  14.2158   2.5748 0028712 355.5031 198.8665  1.00279046115742
1 21639U 91054B   23070.66235123  .00000094  00000-0  00000-0 0  9993
2 21639  14.2158   2.5739 0028710 355.5332 241.8686  1.00279078115741
1 21639U 91054B   23071.43484838  .00000094  00000-0  00000+0 0  9997
2 21639  14.2158   2.5682 0028666 355.7319 160.5538  1.00279274115746
1 21639U 91054B   23071.89199833  .00000093  00000-0  00000-0 0  9995
2 21639  14.2158   2.5647 0028649 355.8422 325.4828  1.00279386115753
1 21639U 91054B   23072.55813389  .00000092  00000-0  00000-0 0  9997
2 21639  14.2157   2.5599 0028606 355.9973 205.8140  1.00279556115761
1 21639U 91054B   23072.66767641  .00000092  00000-0  00000+0 0  9997
2 21639  14.2157   2.5590 0028602 356.0263 245.3320  1.00279584115751
1 21639U 91054B   23073.56132154  .00000090  00000-0  00000-0 0  9991
2 21639  14.2157   2.5526 0028540 356.1956 207.7849  1.00279822115776
1 21639U 91054B   23073.81080021  .00000089  00000-0  00000+0 0  9991
2 21639  14.2157   2.5507 0028525 356.2469 297.8004  1.00279891115777
1 21639U 91054B   23074.52771789  .00000087  00000-0  00000-0 0  9997
2 21639  14.2156   2.5457 0028472 356.3430 196.5251  1.00280094115787
1 21639U 91054B   23074.67724642  .00000087  00000-0  00000-0 0  9999
2 21639  14.2156   2.5447 0028463 356.3758 250.4752  1.00280137115783
1 21639U 91054B   23074.83162036  .00000086  00000-0  00000+0 0  9998
2 21639  14.2156   2.5435 0028451 356.3989 306.1844  1.00280186115788
1 21639U 91054B   23075.50172255  .00000084  00000-0  00000-0 0  9996
2 21639  14.2155   2.5389 0028406 356.4535 188.0499  1.00280396115790
1 21639U 91054B   23075.67429553  .00000084  00000-0  00000-0 0  9990
2 21639  14.2155   2.5377 0028392 356.4838 250.3222  1.00280454115799
1 21639U 91054B   23076.24098883  .00000082  00000-0  00000+0 0  9999
2 21639  14.2154   2.5337 0028359 356.5101  94.8842  1.00280657115795
1 21639U 91054B   23076.53429441  .00000081  00000-0  00000-0 0  9999
2 21639  14.2154   2.5317 0028339 356.5348 200.7492  1.00280755115804
1 21639U 91054B   23076.68584503  .00000081  00000-0  00000-0 0  9996
2 21639  14.2153   2.5306 0028327 356.5534 255.4437  1.00280801115803
1 21639U 91054B   23078.53164042  .00000075  00000-0  00000-0 0  9997
2 21639  14.2152   2.5185 0028363 354.1251 204.1332  1.00263838115825
1 21639U 91054B   23078.63894074  .00000074  00000-0  00000-0 0  9992
2 21639  14.2152   2.5176 0028354 354.1546 242.8351  1.00263886115825
1 21639U 91054B   23079.56601955  .00000073  00000-0  00000+0 0  9997
2 21639  14.2153   2.5111 0028334 354.1322 217.4979  1.00264323115826
1 21639U 91054B   23080.52293718  .00000073  00000-0  00000-0 0  9990
2 21639  14.2150   2.5042 0028325 354.1119 202.9311  1.00264810115842
1 21639U 91054B   23080.66522648  .00000073  00000-0  00000+0 0  9991
2 21639  14.2150   2.5031 0028319 354.1092 254.2951  1.00264872115841
1 21639U 91054B   23080.92147144  .00000073  00000-0  00000-0 0  9995
2 21639  14.2150   2.5012 0028311 354.1033 346.7967  1.00264999115841
1 21639U 91054B   23081.67264125  .00000073  00000-0  00000+0 0  9996
2 21639  14.2150   2.4959 0028325 354.0895 257.9573  1.00265416115852
1 21639U 91054B   23082.51145289  .00000074  00000-0  00000-0 0  9991
2 21639  14.2149   2.4897 0028344 354.0917 200.7392  1.00265882115860
1 21639U 91054B   23082.56877693  .00000074  00000-0  00000-0 0  9997
2 21639  14.2149   2.4894 0028345 354.0872 221.4359  1.00265927115861
1 21639U 91054B   23083.14197635  .00000074  00000-0  00000+0 0  9992
2 21639  14.2148   2.4852 0028357 354.0840  68.3464  1.00266229115863
1 21639U 91054B   23083.50899729  .00000075  00000-0  00000-0 0  9997
2 21639  14.2147   2.4821 0028372 354.1022 200.8124  1.00266452115873
1 21639U 91054B   23083.68709042  .00000075  00000-0  00000-0 0  9994
2 21639  14.2147   2.4808 0028378 354.0913 265.1095  1.00266552115874
1 21639U 91054B   23084.37556024  .00000076  00000-0  00000+0 0  9991
2 21639  14.2146   2.4755 0028404 354.1260 153.5934  1.00266933115875
1 21639U 91054B   23084.67298970  .00000076  00000-0  00000-0 0  9998
2 21639  14.2146   2.4733 0028420 354.1231 260.9602  1.00267114115885
1 21639U 91054B   23085.52945979  .00000078  00000-0  00000+0 0  9992
2 21639  14.2145   2.4667 0028458 354.1858 210.0612  1.00267576115896
1 21639U 91054B   23085.64286588  .00000078  00000-0  00000-0 0  9990
2 21639  14.2145   2.4658 0028467 354.1889 250.9948  1.00267645115892
1 21639U 91054B   23086.53249102  .00000079  00000-0  00000-0 0  9991
2 21639  14.2145   2.4588 0028509 354.2762 212.0411  1.00268108115903
1 21639U 91054B   23086.72398773  .00000079  00000-0  00000+0 0  9990
2 21639  14.2145   2.4573 0028524 354.2927 281.1505  1.00268218115900
1 21639U 91054B   23087.52927512  .00000080  00000-0  00000-0 0  9991
2 21639  14.2144   2.4510 0028559 354.3995 211.7350  1.00268612115910
1 21639U 91054B   23087.74425444  .00000081  00000-0  00000+0 0  9992
2 21639  14.2144   2.4493 0028576 354.4328 289.3046  1.00268726115919
1 21639U 91054B   23088.22304885  .00000081  00000-0  00000-0 0  9992
2 21639  14.2144   2.4454 0028601 354.4978 102.0744  1.00268941115922
1 21639U 91054B   23089.22686889  .00000083  00000-0  00000+0 0  9991
2 21639  14.2143   2.4375 0028648 354.6893 104.2429  1.00269402115929
1 21639U 91054B   23089.68649448  .00000083  00000-0  00000-0 0  9992
2 21639  14.2143   2.4338 0028659 354.7867 270.0625  1.00269611115935
1 21639U 91054B   23090.52988466  .00000085  00000-0  00000+0 0  9994
2 21639  14.2142   2.4270 0028688 354.9663 214.3325  1.00269955115947
1 21639U 91054B   23091.52788416  .00000086  00000-0  00000-0 0  9990
2 21639  14.2142   2.4188 0028714 355.2126 214.3488  1.00270347115951
1 21639U 91054B   23091.67663286  .00000086  00000-0  00000+0 0  9992
2 21639  14.2142   2.4176 0028716 355.2546 268.0031  1.00270408115954
1 21639U 91054B   23092.42341010  .00000088  00000-0  00000-0 0  9997
2 21639  14.2141   2.4116 0028731 355.4563 177.3772  1.00270671115962
1 21639U 91054B   23092.62971286  .00000088  00000-0  00000-0 0  9993
2 21639  14.2141   2.4099 0028729 355.5094 251.7969  1.00270748115969
1 21639U 91054B   23093.44632483  .00000089  00000-0  00000+0 0  9997
2 21639  14.2141   2.4034 0028733 355.7490 186.3435  1.00271023115974
1 21639U 91054B   23093.49771583  .00000089  00000-0  00000-0 0  9998
2 21639  14.2140   2.4031 0028732 355.7606 204.8834  1.00271039115974
1 21639U 91054B   23094.44215997  .00000090  00000-0  00000-0 0  9998
2 21639  14.2140   2.3957 0028721 356.0427 185.5344  1.00271337115986
1 21639U 91054B   23094.82178041  .00000091  00000-0  00000+0 0  9998
2 21639  14.2140   2.3927 0028707 356.1563 322.4598  1.00271463115982
1 21639U 91054B   23095.57686942  .00000092  00000-0  00000-0 0  9997
2 21639  14.2139   2.3867 0028689 356.3780 234.8173  1.00271677115998
1 21639U 91054B   23095.68661222  .00000092  00000-0  00000-0 0  9993
2 21639  14.2139   2.3858 0028683 356.4063 274.4052  1.00271711115992
1 21639U 91054B   23096.39069272  .00000092  00000-0  00000+0 0  9998
2 21639  14.2139   2.3804 0028651 356.6265 168.3508  1.00271905115996
1 21639U 91054B   23096.52686253  .00000092  00000-0  00000-0 0  9998
2 21639  14.2139   2.3793 0028647 356.6636 217.4700  1.00271942116004
1 21639U 91054B   23096.63256184  .00000092  00000-0  00000-0 0  9996
2 21639  14.2139   2.3785 0028642 356.6918 255.5984  1.00271976116007
1 21639U 91054B   23097.57486223  .00000093  00000-0  00000-0 0  9990
2 21639  14.2138   2.3714 0028587 356.9627 235.4895  1.00272226116014
1 21639U 91054B   23097.72863321  .00000093  00000-0  00000+0 0  9994
2 21639  14.2138   2.3702 0028577 356.9978 290.9646  1.00272264116011
1 21639U 91054B   23098.38344451  .00000092  00000-0  00000-0 0  9995
2 21639  14.2138   2.3653 0028524 357.1798 167.1640  1.00272439116025
1 21639U 91054B   23099.38659285  .00000091  00000-0  00000+0 0  9998
2 21639  14.2137   2.3579 0028442 357.4232 169.0498  1.00272699116026
1 21639U 91054B   23099.74494019  .00000091  00000-0  00000-0 0  9991
2 21639  14.2137   2.3553 0028418 357.5079 298.3265  1.00272789116030
1 21639U 91054B   23100.40171461  .00000089  00000-0  00000+0 0  9996
2 21639  14.2137   2.3506 0028352 357.6350 175.2906  1.00272971116036
1 21639U 91054B   23100.44737097  .00000089  00000-0  00000-0 0  9994
2 21639  14.2137   2.3503 0028348 357.6478 191.7593  1.00272980116045
1 21639U 91054B   23101.38185851  .00000087  00000-0  00000-0 0  9991
2 21639  14.2136   2.3437 0028258 357.8029 168.9493  1.00273249116059
1 21639U 91054B   23101.81008060  .00000086  00000-0  00000+0 0  9993
2 21639  14.2135   2.3406 0028219 357.8837 323.4550  1.00273370116055
1 21639U 91054B   23102.50800612  .00000083  00000-0  00000-0 0  9991
2 21639  14.2135   2.3358 0028150 357.9578 215.3287  1.00273583116061
1 21639U 91054B   23103.38356897  .00000081  00000-0  00000-0 0  9997
2 21639  14.2134   2.3296 0028068 358.0278 171.3341  1.00273887116078
1 21639U 91054B   23103.67103809  .00000080  00000-0  00000+0 0  9990
2 21639  14.2133   2.3276 0028039 358.0662 275.0715  1.00273979116079
1 21639U 91054B   23104.38394756  .00000078  00000-0  00000-0 0  9990
2 21639  14.2132   2.3226 0027983 358.0761 172.4204  1.00274252116089
1 21639U 91054B   23105.41323851  .00000075  00000-0  00000+0 0  9999
2 21639  14.2131   2.3155 0027906 358.0929 183.9771  1.00274666116085
1 21639U 91054B   23105.63971799  .00000075  00000-0  00000-0 0  9994
2 21639  14.2130   2.3139 0027883 358.1018 265.7275  1.00274754116097
1 21639U 91054B   23106.38555271  .00000074  00000-0  00000-0 0  9999
2 21639  14.2129   2.3086 0027848 358.0819 174.9945  1.00275093116109
1 21639U 91054B   23106.63827488  .00000074  00000-0  00000+0 0  9998
2 21639  14.2129   2.3068 0027826 358.0801 266.2296  1.00275201116101
1 21639U 91054B   23107.57159962  .00000073  00000-0  00000-0 0  9997
2 21639  14.2127   2.3002 0027788 358.0492 243.1934  1.00275658116110
1 21639U 91054B   23108.38480285  .00000073  00000-0  00000-0 0  9992
2 21639  14.2126   2.2943 0027770 358.0236 176.7892  1.00276076116129
1 21639U 91054B   23108.86443253  .00000073  00000-0  00000-0 0  9999
2 21639  14.2126   2.2908 0027747 357.9951 349.9670  1.00276311116126
1 21639U 91054B   23109.40352903  .00000074  00000-0  00000+0 0  9991
2 21639  14.2125   2.2869 0027753 357.9940 184.5855  1.00276619116136
1 21639U 91054B   23109.67531326  .00000074  00000-0  00000-0 0  9999
2 21639  14.2124   2.2849 0027745 357.9700 282.7256  1.00276756116136
1 21639U 91054B   23110.60106755  .00000075  00000-0  00000-0 0  9999
2 21639  14.2123   2.2781 0027747 357.9576 256.9435  1.00277276116144
1 21639U 91054B   23110.69878611  .00000075  00000-0  00000+0 0  9994
2 21639  14.2123   2.2773 0027746 357.9500 292.2286  1.00277328116146
1 21639U 91054B   23111.43799757  .00000076  00000-0  00000-0 0  9992
2 21639  14.2122   2.2717 0027756 357.9667 199.0752  1.00277730116158
1 21639U 91054B   23111.68625117  .00000076  00000-0  00000-0 0  9997
2 21639  14.2122   2.2699 0027760 357.9506 288.7137  1.00277871116153
1 21639U 91054B   23112.44007782  .00000077  00000-0  00000-0 0  9995
2 21639  14.2121   2.2641 0027772 357.9901 200.8154  1.00278287116168
1 21639U 91054B   23112.82960111  .00000078  00000-0  00000-0 0  9992
2 21639  14.2121   2.2611 0027787 357.9785 341.4502  1.00278488116163
1 21639U 91054B   23113.38614149  .00000079  00000-0  00000+0 0  9991
2 21639  14.2121   2.2568 0027794 358.0318 182.3163  1.00278782116168
1 21639U 91054B   23113.84858397  .00000080  00000-0  00000-0 0  9990
2 21639  14.2120   2.2532 0027816 358.0467 349.2504  1.00279030116179
1 21639U 91054B   23114.44059601  .00000080  00000-0  00000-0 0  9998
2 21639  14.2120   2.2486 0027823 358.1194 202.9043  1.00279341116182
1 21639U 91054B   23115.38602045  .00000082  00000-0  00000-0 0  9990
2 21639  14.2119   2.2412 0027849 358.2230 184.1161  1.00279799116199
1 21639U 91054B   23116.39822991  .00000084  00000-0  00000-0 0  9998
2 21639  14.2118   2.2332 0027873 358.3750 189.3921  1.00280282116206
1 21639U 91054B   23116.68248817  .00000084  00000-0  00000-0 0  9999
2 21639  14.2118   2.2309 0027884 358.4290 291.9613  1.00280413116206
1 21639U 91054B   23117.16317178  .00000085  00000-0  00000+0 0  9990
2 21639  14.2118   2.2271 0027896 358.5112 105.4162  1.00280621116200
1 21639U 91054B   23117.40395635  .00000085  00000-0  00000-0 0  9992
2 21639  14.2118   2.2252 0027893 358.5542 192.3019  1.00280722116212
1 21639U 91054B   23118.38910301  .00000087  00000-0  00000+0 0  9994
2 21639  14.2117   2.2173 0027905 358.7639 187.7532  1.00281136116214
1 21639U 91054B   23119.38878852  .00000089  00000-0  00000-0 0  9992
2 21639  14.2116   2.2094 0027907 358.9995 188.4288  1.00281519116237
1 21639U 91054B   23119.69737990  .00000089  00000-0  00000+0 0  9992
2 21639  14.2116   2.2069 0027902 359.0827 299.7551  1.00281638116231
1 21639U 91054B   23120.38626112  .00000090  00000-0  00000-0 0  9996
2 21639  14.2115   2.2014 0027899 359.2519 188.2899  1.00281869116249
1 21639U 91054B   23121.37549451  .00000092  00000-0  00000+0 0  9997
2 21639  14.2114   2.1936 0027875 359.5233 185.1587  1.00282194116242
1 21639U 91054B   23122.39032272  .00000094  00000-0  00000+0 0  9990
2 21639  14.2114   2.1856 0027833 359.8129 191.2510  1.00282510116251
1 21639U 91054B   23123.68550272  .00000093  00000-0  00000+0 0  9997
2 21639  14.2114   2.1747 0028690 358.2434 300.3549  1.00262936116271
