1 43435U 18038A   23044.08768980 -.00000250  00000-0  00000-0 0  9996
2 43435  36.7286  79.0992 5251408 171.5140   8.4767  0.07730284   950
1 43435U 18038A   23056.76508948 -.00001070  00000-0  00000+0 0  9990
2 43435  36.7950  78.5063 5038542 171.7742 358.1073  0.07507177   670
1 43435U 18038A   23070.12324283 -.00000211  00000-0  00000+0 0  9990
2 43435  37.1230  78.0225 5025088 170.1340   6.5081  0.07535346   682
1 43435U 18038A   23083.11470346 -.00001433  00000-0  00000+0 0  9992
2 43435  37.3202  77.3118 4820886 171.0676 353.0975  0.07310373   690
1 43435U 18038A   23096.90060626 -.00000924  00000-0  00000-0 0  9994
2 43435  37.5590  76.7615 4777727 169.3023   2.8332  0.07302504   994
1 43435U 18038A   23110.29051174 -.00002279  00000-0  00000-0 0  9996
2 43435  37.7770  76.0244 4571981 170.5542 348.3578  0.07051369  1004
1 43435U 18038A   23124.66687937 -.00001741  00000-0  00000-0 0  9997
2 43435  38.0763  75.5904 4557730 168.6743   2.5160  0.07078937  1011