0 0 8.51801e-318
0.262594 2.41268 8.51801e-318
0.458387 4.16185 8.51801e-318
0.766248 10.7314 8.51801e-318
0.966593 11.4776 8.51801e-318
1.15731 15.2809 8.51801e-318
1.29664 13.182 8.51801e-318
1.65467 29.3369 8.51801e-318
1.73293 28.6226 8.51801e-318
1.92419 30.4001 8.51801e-318
2.19611 28.7568 8.51801e-318
2.25511 33.3249 8.51801e-318
2.62019 46.0702 8.51801e-318
3.03302 43.5025 8.51801e-318
3.09439 47.0802 8.51801e-318
3.2895 49.3511 8.51801e-318
3.35163 51.8646 8.51801e-318
3.65444 66.0678 8.51801e-318
3.92772 69.9174 8.51801e-318
3.93314 65.8666 8.51801e-318
4.12546 72.3239 8.51801e-318
4.26219 70.6432 8.51801e-318
4.58982 77.9118 8.51801e-318
4.78765 83.4905 8.51801e-318
4.96636 97.908 8.51801e-318
5.16319 102.836 8.51801e-318
5.29757 105.342 8.51801e-318
5.35872 109.349 8.51801e-318
5.58963 127.612 8.51801e-318
5.99428 142.226 8.51801e-318
6.14528 138.886 8.51801e-318
6.26241 147.522 8.51801e-318
6.63227 169.01 8.51801e-318
6.78807 167.626 8.51801e-318
6.96594 181.32 8.51801e-318
7.10778 184.996 8.51801e-318
7.29345 195.392 8.51801e-318
7.66665 217.4 8.51801e-318
7.78701 223.098 8.51801e-318
7.93254 229.393 8.51801e-318
8.12864 239.202 8.51801e-318
8.32433 249.83 8.51801e-318
8.38127 253.74 8.51801e-318
8.63205 267.268 8.51801e-318
8.89753 282.028 8.51801e-318
8.96035 285.333 8.51801e-318
9.09499 293.597 8.51801e-318
9.22856 302.146 8.51801e-318
9.29085 305.694 8.51801e-318
9.5982 321.702 8.51801e-318
9.92651 343.215 8.51801e-318
10.1172 355.024 8.51801e-318
10.257 367.45 8.51801e-318
10.4859 381.19 8.51801e-318
10.6317 388.236 8.51801e-318
10.7652 399.195 8.51801e-318
10.9598 413.204 8.51801e-318
11.0948 426.131 8.51801e-318
11.2238 435.625 8.51801e-318
11.5992 457.526 8.51801e-318
11.8651 481.371 8.51801e-318
12.0048 499.796 8.51801e-318
12.1837 503.811 8.51801e-318
12.4868 531.137 8.51801e-318
12.6316 537.609 8.51801e-318
12.7624 548.768 8.51801e-318
12.9738 581.03 8.51801e-318
13.2169 587.866 8.51801e-318
13.4513 614.167 8.51801e-318
13.5978 616.794 8.51801e-318
