59945.56496687 -38119973.8955709 -18019543.287166223 -2838.97588984183 1314.8845591374793 -2779.3799982776854 -2.048827241413815
59945.6366165 -26434855.431075785 -32841383.76871308 -14600.07327694238 2396.0427758099872 -1927.5365010045896 -1.7581496738045037
59945.8518163 26465583.8735241 -32807639.002049044 -27341.997716763148 2393.9816381426317 1930.9079990890532 0.675766739542968
59946.55118894 -39281781.8868598 -15326020.787903937 2395.907705469635 1118.4321821148 -2863.983239942766 -2.2014309151199107
59946.64084431 -24969207.84224655 -33968768.56047274 -13742.578132095636 2478.275969032378 -1820.6223605195294 -1.9595727607928044
59946.8559897 27868358.869373057 -31624566.023378614 -29856.072430365977 2307.6856820864173 2033.270570122649 0.564147238095967
59947.52896365 -40864908.17614064 -10400582.701580668 9866.852989136045 759.2309287823871 -2979.2562557082156 -2.246398956754016
59947.64500726 -23469255.031143926 -35021647.07710888 -12588.771388874655 2555.071017685815 -1711.2043565985136 -2.164006539859704
59948.53426434 -40285858.526940234 -12455770.672849733 12544.051315498722 909.0838876552078 -2937.014886613639 -2.3383680668276163
59948.64922292 -21912484.700161587 -36015943.51314542 -11147.430233214318 2627.591108980696 -1597.6437094479725 -2.3637669603780616
59948.86438588 30523309.925973337 -29070289.367314283 -34491.28975082591 2121.3520032788147 2226.9933492409878 0.2738343163947414
59949.50818921 -41678011.638186835 -6413160.893413794 15419.402651118497 468.466278859142 -3038.4978599108686 -1.7483023799179778
59949.50818921 -41678011.638186835 -6413160.893413794 15419.402651118497 468.466278859142 -3038.4978599108686 -1.7483023799179778
59949.58167222 -34422105.72921324 -24347432.769564763 3259.4097631877758 1776.3962481473955 -2509.788704943114 -2.0603558109465663
59950.31646368 -21440964.331183042 36322119.3683134 26566.228375089282 -2646.9414649871837 -1562.4999791295609 0.5431106023230162
59950.8399533 26838198.349347305 -32502875.62481867 -31943.6522441712 2371.7551856932587 1958.2092495735346 0.3083955514769381
59950.8399533 26838198.349347305 -32502875.62481867 -31943.6522441712 2371.7551856932587 1958.2092495735346 0.3083955514769381
59951.08793807 32724196.518016808 26592084.770267665 2177.999507075444 -1938.1984764847273 2386.7036951386985 2.3534565905065707
59951.66174524 -17034417.172837444 -38562211.209717914 -13775.359868587864 2813.35819074011 -1241.8719693030603 -2.103501621562642
59952.17962795 12207523.74294652 40368262.31398219 14924.952333145764 -2942.2317397989577 890.527423967395 2.0333285814258604
59952.53521552 -39240916.188962825 -15435549.03245012 13753.665644221785 1126.3298909088517 -2860.749525197779 -2.084324491889931
59952.88113736 35107624.151304364 -23329761.541912366 -31017.842213369608 1702.5450560763277 2561.3821854138178 0.2693574888317155
59953.18125201 11095796.591655249 40687808.9251994 11759.969730720719 -2965.555758385009 809.5023777828347 2.097302247836801
59953.56506648 -35270538.16723751 -23108134.330270577 11312.640269852613 1685.7878878250215 -2571.2305473164565 -2.1094227422674328
59953.81346037 22914425.877821423 -35378810.363607004 -28155.827190773292 2581.450917196817 1672.110992318121 -0.8813920741397246
59954.24426212 -6209943.0713423425 41716929.33587947 19419.96247018862 -3040.4186823533546 -452.0551479711219 1.7073321167274171
59954.6743044 -11872020.863116913 -40449175.733422585 -8977.728075609346 2951.1014512127117 -865.2894304330389 -0.4536848928946214
59954.88955341 37004992.13432537 -20182525.060134284 13170.514207139144 1473.0450661067923 2699.977578763243 1.2558952032032902
59955.12730064 22821031.86010995 35459753.67073007 17843.655016645906 -2584.7369223999913 1664.6242709791352 -0.8715154563629108
59955.55075497 -36507478.724863365 -21098716.92895114 -20513.86916070412 1539.3284263957578 -2661.49978725134 0.13753734652957822
59955.8218938 25915230.21159677 -33241815.687019728 3711.884889964399 2425.7000115807627 1891.083560730554 1.4182773809317153
59956.67185816 -11101481.692469567 -40668669.78182163 -3207.8423340140002 2966.9434233373913 -809.035067253196 -0.37668748145931796
59956.85396875 32528277.861369397 -26806728.964526303 -8503.469719864814 1956.1980780958968 2373.4376232530863 0.13197216643064807
59957.12695316 21668267.22670211 36175466.15585517 1484.2351056069572 -2636.9885546523396 1580.6006522531222 -1.3487508852494385
59957.52163723 -39239317.128675185 -15443473.223580219 -15555.194173807944 1126.7923613391024 -2860.4368064656037 -0.281251604376016
59957.59232172 -28756658.70778446 -30834690.856386695 -14175.75138284352 2249.343340768405 -2096.397153808144 0.1585394618781329
59957.68652556 -6586452.255833116 -41637993.23914442 -6671.013672602882 3037.693548253764 -479.7318800479171 -0.5754044356584782
59958.17095507 10244294.784559935 40908578.20483745 6775.975859324387 -2981.889685579222 747.5731255702109 0.5976716507524572
59958.5473992 -35851316.565648 -22198021.270948656 -1666.43116034572 1619.3330713512325 -2613.496069581334 -0.7443533823278734
59959.04948066 35328246.82342291 23011464.16288096 13309.835063706581 -1677.4454338284079 2577.054825324233 0.25877863875506113
59959.60180019 -25734496.30605565 -33398285.41884289 -8062.211178119249 2436.2385811940376 -1875.9712339279858 -0.38421892793351703
59960.26874316 -16608640.427333318 38768931.40779908 8024.343481903088 -2825.61032689181 -1210.0649648356318 -0.20858311686347716
59960.26874316 -16608640.427333318 38768931.40779908 8024.343481903088 -2825.61032689181 -1210.0649648356318 -0.20858311686347716
59960.62730569 -19416754.497887295 -37422541.60570945 -18811.745053956198 2729.939182918394 -1415.308967328882 1.42037800125019
59960.84255417 32438865.636223763 -26913840.908833064 14512.006938336364 1963.9722899335889 2367.056444644549 1.6263813040133397
59961.41629153 -41161850.71198243 9192448.003618475 -21780.511421115192 -669.4713524870901 -3000.0729747943024 -1.005195481267112
59961.48802828 -41041356.645570636 -9698151.342607118 -25598.802391360627 707.7710838963093 -2991.582054681768 -0.22281307897908373
59961.84663625 33566545.55562689 -25493942.226929817 12433.45474316251 1860.367785503987 2449.303240996389 1.5697341251353447
59962.519169 -38053763.2525127 -18170446.370151613 -23703.236316035902 1325.5382040702773 -2773.895385962123 -0.044514580286798416
59962.519169 -38053763.2525127 -18170446.370151613 -23703.236316035902 1325.5382040702773 -2773.895385962123 -0.044514580286798416
59962.66960824 -7440711.4890660485 -41495115.241518915 -14727.136561256299 3027.111727219928 -541.9439245080052 1.3123941346770285
59963.16990818 6985152.949289727 41590009.67122959 15082.399797350146 -3031.5663379660223 509.6322309584923 -1.2009259514536528
59963.60089345 -23574021.175047267 -34953530.250233844 -20433.682932583168 2549.766938612519 -1718.8556712229372 0.5410273120593271
59963.60089345 -23574021.175047267 -34953530.250233844 -20433.682932583168 2549.766938612519 -1718.8556712229372 0.5410273120593271
59964.48655701 -40591011.2157923 -11420177.168887595 -17911.944390880173 833.3898015154305 -2959.4247889553 -0.7299923982663948
59964.48655701 -40591011.2157923 -11420177.168887595 -17911.944390880173 833.3898015154305 -2959.4247889553 -0.7299923982663948
59965.12549251 16876427.639666554 38646745.01763856 19407.66484417345 -2817.092667291693 1230.837468336388 -0.39817215147505675
59966.49776149 -39169096.59215162 -15610407.88120202 -25334.070528436634 1139.0856394634359 -2855.7891036573337 -0.1950743372872784
59966.65213788 -9148637.29447546 -41151443.94431276 -16141.244541235661 3002.131156397751 -666.8349288520202 1.3995332912054146
59967.68237611 -456199.590528549 -42151941.31827473 -8191.8171673223505 3075.242692059002 -32.81554803635154 1.5737579056233049
59969.09071566 22453945.643747758 35693294.52802827 9171.60757667285 -2601.872459582087 1637.7069594061813 -1.4101754955587533
59969.6082562 -18085934.973769415 -38082041.471928515 -2011.0513763948013 2778.098511353744 -1318.525284561532 1.675435273028619
59970.45849623 -41320791.133643776 -8418039.652227946 -19033.308841146332 614.4306078969892 -3012.310726039609 0.86121592802287
59970.52625028 -34125659.07105605 -24765776.955463585 -12517.462643275667 1806.5636589409073 -2487.9425836517817 1.3485479970234369
59971.49283042 -38251952.599726215 -17745043.925140224 -16703.676474977634 1294.5454950223495 -2788.662060743366 0.9624051444396463
59971.49283042 -38251952.599726215 -17745043.925140224 -16703.676474977634 1294.5454950223495 -2788.662060743366 0.9624051444396463
59971.60096358 -18533441.502867416 -37867840.35727156 -4616.92260788411 2762.3205602096164 -1351.0946153722973 1.5268653195276232
59972.51544517 -34945242.8679116 -23596791.563738767 -15673.761935409175 1721.2871111859592 -2547.6048126898345 1.0393397251336574
59972.51544517 -34945242.8679116 -23596791.563738767 -15673.761935409175 1721.2871111859592 -2547.6048126898345 1.0393397251336574
59972.72235819 13542648.525200956 -39919109.04382966 8948.672962061724 2912.3476023969843 988.3734661239948 1.3725231504915185
59973.39305575 -41635844.41780873 6712568.757826898 -33704.154819225296 -488.69516510113215 -3034.9329790244083 -0.45262893119972347
59973.6088622 -15289071.540756073 -39288433.914509475 -13091.350064474287 2866.0741398876157 -1114.4766816538354 2.2627797170316697
59974.46044635 -40505840.9971805 -11728450.914255166 -30722.54637593698 855.8226942548812 -2952.788358548053 0.41063463627744307
59974.53282079 -31200407.054266483 -28361262.516849242 -25056.465789477275 2068.833690720757 -2274.5835894444867 1.3434267467758094
59975.47363588 -39126667.53093461 -15726664.791361324 -28230.93359312226 1147.349540933043 -2852.240591470841 0.3360866121094093
59975.54516236 -28368520.4962172 -31192676.383531466 -23388.16129803211 2275.342917338024 -2068.0885015806725 1.1817449386603478
59976.48677858 -37359688.391964406 -19555626.898887657 -30677.658113923982 1426.5411981662933 -2723.408537722204 1.153735667850664
59976.54923315 -27004604.7977649 -32380593.98610075 -22379.250689552704 2361.9557663785054 -1968.5928516790082 1.9102162716018836
59977.60863997 -12603767.511660667 -40231024.338082656 -10181.77878953833 2934.7141539435524 -918.507256112445 2.3481929472174135
59977.60863997 -12603767.511660667 -40231024.338082656 -10181.77878953833 2934.7141539435524 -918.507256112445 2.3481929472174135
59978.61383299 -10581226.294009803 -40809400.98196499 -7173.8569994548825 2976.8939112419775 -770.9878057960773 2.310891303537283
59978.61383299 -10581226.294009803 -40809400.98196499 -7173.8569994548825 2976.8939112419775 -770.9878057960773 2.310891303537283
59978.84408148 39251958.02735921 -15365163.739545982 30592.387253493183 1121.3781423546043 2863.8852706189423 0.7225305698106339
59979.16409586 -3081248.689800583 42060456.15998904 -764.4412305364738 -3065.9313024352878 -223.85946542453917 -0.20232288498473783
59979.49007726 -35838775.41940188 -22224265.52397934 -2557.708867416846 1620.9315594976601 -2612.2614100312185 0.16689526817662742
59979.84818684 39883675.57744357 -13642733.432967877 3245.7781199119704 995.6453639328416 2909.987242918505 0.042773220030729024
59980.16116017 -3025321.1262673805 42064179.88734156 -636.1876758960985 -3066.254523218907 -219.7654962858787 -0.2250160821512109
59980.52599549 -29438279.9988367 -30188165.228170153 -23582.411881815362 2201.9051115251377 -2145.8779301207605 1.7428719196131526
59980.52599549 -29438279.9988367 -30188165.228170153 -23582.411881815362 2201.9051115251377 -2145.8779301207605 1.7428719196131526
59980.85227395 40426174.20697766 -11936142.526583439 31862.675148570244 871.2389053617204 2949.6547661611694 0.6150050635544989
59981.52340293 -29411004.965080164 -30215091.456075735 -19642.447693746144 2203.841310823175 -2143.868086689403 1.8488769766038529
59982.16300591 -4936835.950054375 41882687.66619853 -9452.876179099325 -3053.0411979404053 -359.1520833025431 -2.1797843307598166
59982.53598582 -26362544.76578021 -32907535.158294376 -13251.303375209365 2400.19264577209 -1921.5989173483752 2.0407688777100907
59982.86033628 41296257.89290029 -8450032.58682415 30501.418514262106 616.9018690297714 3013.1025499593547 -0.14067598013393623
59983.43409928 -40636093.95117902 -11282350.535314439 -25234.399171654 823.0341667584255 -2961.8256336199515 1.2101140660866578
59983.5088288 -31097103.433626786 -28480132.494630337 -15120.39206747581 2077.122786741217 -2266.6438495949296 1.9120844428130677
59983.86438009 41618827.33108212 -6682150.550517511 29601.042769962667 487.87512835279813 3036.6729743077512 -0.3530420092852061
59984.49262615 -33400562.346319333 -25742706.883256033 -16180.292617909288 1877.4067763669907 -2434.4901414163514 1.8142063994442417
59984.58151359 -14623664.169620706 -39545462.16360599 -479.9283962831334 2884.2794534871437 -1065.5826536025022 2.1612765730042027
59984.58151359 -14623664.169620706 -39545462.16360599 -479.9283962831334 2884.2794534871437 -1065.5826536025022 2.1612765730042027
59985.18915449 -13810016.269730458 39847937.91587169 -18134.071893915443 -2904.797100498623 -1005.9915017163399 -1.685219538311385
59985.65732132 5911399.054229703 -41740889.42586219 12938.37392839703 3044.716893977403 432.01017350953146 1.9034437377329378
59985.65732132 5911399.054229703 -41740889.42586219 12938.37392839703 3044.716893977403 432.01017350953146 1.9034437377329378
59986.46318346 -36896801.391792476 -20424136.782448243 -19871.02110115402 1489.427756021144 -2689.1971861456645 1.4944889982617426
59986.66134844 7681180.884020287 -41451871.80705103 12579.688603759489 3023.582598283842 561.1011535721497 1.8566660808160658
59986.66134844 7681180.884020287 -41451871.80705103 12579.688603759489 3023.582598283842 561.1011535721497 1.8566660808160658
59987.1925086 -15998725.398534229 39020407.88438946 -16424.98245380205 -2844.561504230447 -1165.5408444189532 -1.6631874917992933
59987.66541382 9448111.262260424 -41084950.75749873 13279.866894130793 2996.813274435518 689.9869915325801 2.2738256431855155
59988.45426056 -37333567.78250787 -19616509.72832887 -26882.285523145692 1430.4440233331886 -2720.9476552323595 1.3956587033569614
59988.66938351 11174181.640010307 -40649511.624781206 12243.696995687926 2965.007329402296 815.8919041691755 2.2060339653606458
59989.53001014 -23554431.455703683 -34976883.42208781 -15519.54323202581 2550.566040209383 -1716.5448253959019 1.9997869154216932
59990.10381341 4958521.858902592 41873302.118617974 1789.6745638362918 -3053.1553176191155 362.4947034096267 -2.212196779161607
59990.60472705 -4407131.09731412 -41931968.2706142 -1385.4716338524236 3058.0700864574806 -320.4567267654446 2.1352483850961677
59991.10778882 3183916.440191281 42045650.963730775 117.6717917780641 -3065.7405234511352 233.101063595187 -2.0540587461176725
59991.36650487 -42167275.070260875 715005.3608251854 -27468.42252425239 -51.830668526506464 -3073.5313760914246 0.159059793664483
59991.36650487 -42167275.070260875 715005.3608251854 -27468.42252425239 -51.830668526506464 -3073.5313760914246 0.159059793664483
59991.68145181 16277666.170267036 -38885365.80369457 13289.542497038226 2836.562857715736 1188.099844980986 1.71951197311477
59991.68145181 16277666.170267036 -38885365.80369457 13289.542497038226 2836.562857715736 1188.099844980986 1.71951197311477
59992.61387706 -517692.63824614586 -42156780.00694669 6914.319352922317 3074.8243383437502 -37.07274559325303 1.7197005503529976
59992.90069514 41096737.618924685 9394712.0398279 19475.09527820583 -684.8339738612842 2998.0519942944343 -1.0154474065030852
59993.47448808 -32322128.248359997 -27083323.22540251 -5777.254672303472 1975.090335642326 -2356.031277048946 1.6084389004096804
59993.6178791 1267718.3664189137 -42140705.43930916 15058.634546219551 3073.652227396739 93.14415012634035 1.241959141368536
59994.36998637 -42107160.18521418 -2376384.828117368 -32020.10877181541 173.59454427083818 -3069.112620491906 0.9957050531792597
59994.36998637 -42107160.18521418 -2376384.828117368 -32020.10877181541 173.59454427083818 -3069.112620491906 0.9957050531792597
59994.4862813 -29713553.095072206 -29919922.638643425 -14394.507814361177 2182.0392561997373 -2165.899439280479 2.305756050472476
59995.48254294 -29903421.875474703 -29730798.013929635 -10928.400331260253 2168.2034680430434 -2179.71193315215 2.31738837353881
59995.55427963 -13915633.738177095 -39800559.592607625 4192.806719480961 2902.7727576617613 -1014.0617720853331 2.431400231683746
59996.36160576 -42143900.075894974 -1601491.2870990133 -28413.77252104461 117.10446287991176 -3071.7547308229477 1.2423014554202765
59997.32757685 -41642304.54814176 6683811.4198441515 -30966.115401211297 -486.9302295893209 -3035.1035421573556 0.8231692695746546
59997.32757685 -41642304.54814176 6683811.4198441515 -30966.115401211297 -486.9302295893209 -3035.1035421573556 0.8231692695746546
59998.37827091 -41513236.40126129 -7435667.632991026 -25890.29470697801 542.429914606383 -3025.779510640615 1.476143445668736
59998.37827091 -41513236.40126129 -7435667.632991026 -25890.29470697801 542.429914606383 -3025.779510640615 1.476143445668736
59998.62748723 7400085.705634311 -41503255.410264306 19944.0871600925 3027.320446790854 540.4728553265492 1.8908521710744666
59999.54594226 -13272501.11281547 -40019753.32812386 4144.820908291076 2918.738185888084 -967.1080127159023 2.348251718334059
59999.85657831 42059685.46050043 2817421.068281426 28214.075848136443 -205.1636762678834 3068.617389107858 -1.1457567132728155
60000.61116257 4541341.282314565 -41913299.971959524 15979.191750616812 3057.151987180724 331.9992948725248 1.9874085042220622
60000.61116257 4541341.282314565 -41913299.971959524 15979.191750616812 3057.151987180724 331.9992948725248 1.9874085042220622
60001.00401059 22308026.365965996 35777212.06774406 4361.467170493281 -2608.7538678025435 1627.624721633832 -2.2580218466776896
60002.47237622 -28185565.04887834 -31364916.56670464 -12225.426117633939 2287.275996359043 -2054.329072888369 2.2433445966895387
60002.47237622 -28185565.04887834 -31364916.56670464 -12225.426117633939 2287.275996359043 -2054.329072888369 2.2433445966895387
60003.53235767 -13940133.63476008 -39793287.88255392 1524.9552491644374 2902.089292276972 -1015.7017922530276 2.261598867556115
60003.53235767 -13940133.63476008 -39793287.88255392 1524.9552491644374 2902.089292276972 -1015.7017922530276 2.261598867556115
60003.87234135 40993281.11381251 9821816.960167225 24364.754717838692 -716.1505133107895 2990.9486308622168 -1.3332323725104305
60004.6611261 19904469.86218218 -37160428.86550675 23759.98908195812 2710.6388680192154 1452.6483531777383 1.2029770178883992
60004.6611261 19904469.86218218 -37160428.86550675 23759.98908195812 2710.6388680192154 1452.6483531777383 1.2029770178883992
60005.30648594 -41675354.86816519 6480323.411779344 -25718.15439392689 -472.1951575703809 -3037.3533065354945 0.7719035251496356
60006.3697575 -40743166.38972209 -10896705.142962711 -15383.551323812408 794.6098073908811 -2969.4411445454375 1.5526240402804024
60006.52554394 -13594073.420622317 -39914178.64696254 9611.63455941872 2910.7334528966167 -990.3978613542401 1.7571937025109432
60006.66897904 22946846.674915515 -35362829.33518572 24873.07229434355 2579.46124455193 1674.56725347344 0.49006718242038005
60007.40318302 -37231196.56507003 -19811281.618264504 -6662.091481313632 1444.5097814729384 -2713.464268595899 1.759573000822755
60007.4577963 -28367946.958421968 -31203278.978403617 2002.5455900934835 2275.2141546371795 -2067.438031029085 1.8149389859992533
60007.60118243 6945162.883682396 -41584267.67737625 20901.92935199189 3032.857455775472 507.3992137969627 0.9704125391219817
60008.46293602 -26787498.31991681 -32569701.5238111 -2998.4204523602293 2374.8423410168884 -1952.2251685102397 2.393160070614489
60008.46293602 -26787498.31991681 -32569701.5238111 -2998.4204523602293 2374.8423410168884 -1952.2251685102397 2.393160070614489
60008.60508477 8675602.116248395 -41257307.592416994 23874.023644258963 3009.054856268451 633.6282885428569 1.637626694316849
60009.60904792 10407249.21749833 -40855018.50156573 25610.15969952294 2979.659665598483 759.9207621707072 1.4636651106282477
60009.60904792 10407249.21749833 -40855018.50156573 25610.15969952294 2979.659665598483 759.9207621707072 1.4636651106282477
60010.61290139 12091836.08023077 -40388680.26034093 26799.373677580905 2945.5860804483727 882.78204635286 1.3475197344245338
60010.61290139 12091836.08023077 -40388680.26034093 26799.373677580905 2945.5860804483727 882.78204635286 1.3475197344245338
60011.70544127 32790930.05069319 -26490359.35467967 33000.70865949782 1932.188042919025 2392.6895064128976 0.012783551031794606
60011.70544127 32790930.05069319 -26490359.35467967 33000.70865949782 1932.188042919025 2392.6895064128976 0.012783551031794606
60012.31107981 -42176436.552255765 209293.77050283013 -26243.904366065235 -15.296356878380676 -3073.7474108467363 1.4863014470250964
60013.47970674 -20088181.6304245 -37075617.68428503 5060.1862882408195 2703.546181252173 -1463.922291890505 2.391486510939052
60013.47970674 -20088181.6304245 -37075617.68428503 5060.1862882408195 2703.546181252173 -1463.922291890505 2.391486510939052
60014.48518986 -18145619.14726282 -38063949.13087417 6291.211389491835 2775.584102272682 -1322.276879658011 2.3444552250927977
60014.62857597 18663111.889938854 -37801939.26149368 29094.697803211715 2757.116571196381 1361.985434633089 1.0881420424536896
60014.62857597 18663111.889938854 -37801939.26149368 29094.697803211715 2757.116571196381 1361.985434633089 1.0881420424536896
60015.48908934 -16541612.615771417 -38788136.25837342 4725.585247818409 2828.323867596827 -1205.3257500409486 2.550976070281711
60015.63232013 20188044.133605704 -37010053.52453576 30304.81067175601 2699.323371926653 1473.2016336460001 1.304999202447738
60015.63232013 20188044.133605704 -37010053.52453576 30304.81067175601 2699.323371926653 1473.2016336460001 1.304999202447738
60016.51263459 -9923937.920447778 -40982174.295502186 10151.868549452998 2988.374777660624 -722.8065779937455 2.3305026048316893
60016.99910537 12989220.169723423 40110282.58854156 -7875.309479644566 -2925.1393681899476 948.098434299715 -2.301130199438319
60017.61211563 16667345.555491287 -38725652.09075635 26102.36115966876 2824.2184926933564 1216.3650043882737 1.2365649984347449
60018.21472505 -36837885.20294461 20533448.74882341 -29557.710678534633 -1497.0242528168467 -2684.851300767163 0.25215294271329336
60018.61317878 17588723.654568173 -38316119.35486996 25550.91302553477 2794.3149209047438 1283.5522435071512 0.9655036462050861
60019.33729814 -40526159.04656047 -11679133.08188285 -14370.640508105826 851.3813304586273 -2953.647945042942 1.6789304819441606
60019.58759899 11909739.395582918 -40445138.91108965 23176.61757020997 2949.4212817429934 869.3445631920431 0.9599923174151236
60020.46953424 -17970164.752219897 -38149840.614707746 10487.899101257603 2781.48057389668 -1309.416917218317 1.6664913828511412
60020.46953424 -17970164.752219897 -38149840.614707746 10487.899101257603 2781.48057389668 -1309.416917218317 1.6664913828511412
60021.54795267 2989317.5455689165 -42059106.134054884 21224.12330027779 3066.8620541427867 218.79699824450694 0.9120090639126517
60021.61229147 19332048.284647122 -37467301.80188314 24526.942538016734 2732.3156778675657 1410.6645548896618 0.22334210026304935
60022.46535058 -17664145.440386977 -38292349.48067013 9025.401667686658 2791.8752405487753 -1287.1138073057236 2.2516050316475673
60022.46535058 -17664145.440386977 -38292349.48067013 9025.401667686658 2791.8752405487753 -1287.1138073057236 2.2516050316475673
60022.65930562 29941466.488030132 -29676882.671269927 32301.644595762733 2164.3900099859525 2184.611323562637 0.13449430902856618
60023.53313156 505229.3563389162 -42162612.30144153 22290.505969932787 3074.382328103582 37.66436457663635 1.7201209244956512
60023.53313156 505229.3563389162 -42162612.30144153 22290.505969932787 3074.382328103582 37.66436457663635 1.7201209244956512
60023.59142885 15610814.859774182 -39164859.586942315 29313.022187812894 2856.07930694546 1139.2773292436077 1.0198937253840363
60024.45856337 -17982866.05953138 -38144061.44603676 9935.794375609456 2781.022141794454 -1310.3314046153068 2.2782859861564386
60024.66690895 32280106.387134608 -27114107.768026356 33013.07367859046 1977.4630768413258 2355.191838981387 -0.11818396241057826
60024.66690895 32280106.387134608 -27114107.768026356 33013.07367859046 1977.4630768413258 2355.191838981387 -0.11818396241057826
60025.32757682 -40000746.196158946 -13368498.876911156 -16133.184033719275 974.4681252222861 -2915.3406330301573 2.115675828618225
60026.02922282 -1328826.3800834143 42144573.98456916 -23246.98261051515 -3073.121492257872 -96.11803761101542 -1.7419950237365356
60026.51438148 -2294470.7408781783 -42101316.84391485 20928.96527184357 3070.240379668478 -166.52630181845097 1.8713067237689758
60026.84225646 38117241.70476065 18003258.07065737 12686.7060237133 -1313.0532741605884 2780.999812106622 -2.213417158757436
60027.05106366 -7808344.161090286 41438088.14105732 -26157.361356167836 -3021.4647651910354 -568.5639136590349 -1.4424178338690312
60027.52688201 1747348.058189954 -42126782.64246512 22611.468847876702 3072.1358155639323 128.22229733492534 1.6662566817795879
60028.51702424 -147599.18520147642 -42163362.06064369 20676.574111528276 3074.7487152279923 -9.963352482068549 1.6356535894923045
60028.55674538 10299224.842009967 -40883613.580453955 25539.74133151266 2981.6152943375314 751.9019748604927 1.2076851178392263
60029.55472924 10481945.782307848 -40837137.39461242 25408.474950033396 2978.2235109715193 765.2256803822254 1.746982016894129
60029.61462176 24792168.645107947 -34096660.57960825 32373.406597720652 2486.8696781859335 1809.0041528352583 0.9374569953871975
60030.56037302 12621263.151674423 -40227042.23308055 25343.81016745605 2933.733577590042 921.2620839460951 1.4913223896476766
60030.6176525 26013255.33604179 -33174375.33449683 30831.27193600526 2419.574337833059 1898.0736562795691 0.7383228943083554
60031.47066965 -10184648.312496819 -40918442.42156125 11252.864443177372 2983.681506287212 -741.8342520467331 2.0631260378527694
60032.2048276 -39896742.35427059 13672715.138177652 -27491.469788855895 -996.8244976886222 -2907.8471750567396 0.685508370893506
60032.53035491 6271377.119851318 -41693887.711221084 20952.0820351263 3040.4865461086865 458.14707106154043 1.3870839304022347
60032.62556222 28713156.29986619 -30866706.399779085 27981.449721857414 2251.246271679004 2095.010043116369 0.27149398426458615
60033.51577145 3144754.839901825 -42046724.88328618 19717.390310131654 3066.091919904476 230.136732573979 1.3273804206649433
60033.84423622 35396320.21419576 22892702.346423488 6003.541249805485 -1669.8642549787685 2582.617166129345 -1.8816309310298112
60034.55327289 13589692.828957913 -39911411.45307731 23672.19142525283 2910.533874239826 991.8717627986417 0.7722267370082385
60035.53868816 10574387.2784139 -40815541.57338089 23310.034838783806 2976.315417502788 771.943478960882 0.7975764338906283
60035.60535713 26298971.36588459 -32950177.488213442 25780.688181208316 2402.988165685658 1918.853522702556 0.031124642093667363
60035.85195223 33374436.447779845 25750827.18380974 624.0224826717804 -1878.4241205390385 2435.1510433857075 -1.873770622306998
60036.51716125 5676845.693068633 -41781657.00518272 23434.564471858506 3046.514661013947 414.77452333490993 1.8000090100337873
60036.85576278 32286883.85231883 27101904.855430353 8154.791826605072 -1977.0262592014012 2355.817684573739 -2.407309663098811
60037.49285586 -39904.699063581334 -42167622.93690768 20476.46031631676 3074.4714545923016 -2.103628512405378 1.9867401704195264
60038.00301094 -3059547.8895005854 42050329.42940768 -22599.865510288764 -3066.8743000341406 -222.32473572043935 -1.8654935363722667
60038.52340931 8733452.428215794 -41251397.77970384 26001.88084322527 3007.76450539834 637.641214139199 1.6229897586944464
60038.62063329 30860043.530898485 -28722970.4690265 34195.54937156744 2094.5710988224273 2251.486125929402 0.2405269725735089
60039.47117814 -4340184.927177363 -41944784.23007336 17856.68948466542 3058.1259020367925 -315.6598918546358 2.1374042064628753
60039.47117814 -4340184.927177363 -41944784.23007336 17856.68948466542 3058.1259020367925 -315.6598918546358 2.1374042064628753
60039.86712409 28713102.7775139 30862265.18621708 3538.937202818811 -2251.418622790492 2095.163708616941 -2.483246420550365
60040.53590926 13338910.48769707 -39999014.68752964 27928.7956950809 2916.4979926327305 973.5060130864823 1.4184060467942272
60040.61476056 30787736.573956013 -28800792.947826773 33766.70898770503 2100.178887514647 2246.2110382732753 0.2796432818224846
60041.60796552 30040573.617494147 -29581137.78172618 32618.596300293815 2156.9558057311974 2191.623323249166 0.359228395908894
60042.46696486 -3284565.865696302 -42042334.92068195 16350.512755151776 3064.9731761135745 -238.70790738243477 1.964875342605585
60042.63913293 35627486.80484116 -22539266.149416085 31154.425567885584 1643.41492970954 2599.161495366986 -0.12996540544386745
60043.45182928 -6554670.880695794 -41659361.94803457 13127.827153758832 3036.901042918631 -477.1316875252586 1.8986977603618518
60043.62638713 34136334.62501094 -24741581.323758166 28634.61906858773 1803.9330912350204 2490.3294922220052 0.014768299608609294
60044.03243536 -14908073.49422565 39437691.5371933 -23133.59742648731 -2876.5831412877287 -1086.464845421669 -1.101777908375978
60044.56277187 22395759.67152854 -35726608.66384635 28334.06068718825 2604.5932055791604 1633.8155519209877 1.2644823644188352
60045.45918597 -3176488.3158262004 -42053788.02304143 11971.761038446317 3065.37249511797 -230.85961829331737 2.0384267052004557
60045.53090887 15498154.435848344 -39217402.21413482 22920.26400092353 2858.9137751909902 1130.7593614790214 1.4424080641893036
60046.59619807 30386987.835757434 -29230392.785685454 26587.944399813994 2130.933118957562 2216.6043113860596 0.4631384630609632
60047.39888279 -17224042.40144707 -38495081.23669692 4142.938613076601 2806.1562164730544 -1255.0804892786716 1.8143231407723803
60047.60999834 33265855.275546223 -25897993.880807016 24916.672718702048 1888.3938555850302 2426.9479015098887 0.11010584358698446
60048.50228017 10343790.207604313 -40877729.45772149 18988.923894382362 2980.428435857758 755.0245642298911 1.0441340439906508
60049.55752244 24261615.22583082 -34482314.03128119 22722.605912955372 2514.2986749564707 1770.0471493029602 0.3642506219510944
60049.61560913 34993008.08531795 -23512156.727220252 23123.298430029852 1714.4461663587122 2552.873299553908 -0.2666914358879492
60050.48365594 6925338.028742267 -41594910.5994307 19558.092195210873 3032.6025407953975 505.7115895320783 0.9710951835656317
60050.62080116 36122896.4819723 -21735849.27570488 22901.71372969823 1584.8944988271496 2635.282223782146 -0.4614349515246158
60050.62080116 36122896.4819723 -21735849.27570488 22901.71372969823 1584.8944988271496 2635.282223782146 -0.4614349515246158
60051.5461589 22964129.899183676 -35360752.854738034 29500.508887232012 2578.2726478192135 1675.3652655257144 1.1329209098824249
60052.62103038 36879029.37521145 -20426654.003306806 33142.549564112465 1489.3919343914913 2690.407841358694 -0.0019499956587445992
60052.84362012 26294925.87765098 32947411.38616173 5572.269069011726 -2403.579726938292 1918.6666983276245 -2.369361641995139
60053.42793815 -5649103.22614243 -41790704.70589303 11570.528146903618 3046.613608405084 -411.1779923878084 2.2164733762652338
60053.9171616 8079801.678914289 41375398.58966864 -9404.00047608039 -3018.119129369468 589.9950772645753 -2.2354753739792397
60054.12996001 -38455229.82371091 17307415.44821113 -31743.757146481115 -1262.3205532103896 -2803.1406873332403 0.14677883695106883
60054.49261174 12063421.10815304 -40404578.20587262 21609.284235007515 2945.79824085443 880.3161213514909 1.636307121875936
60054.49261174 12063421.10815304 -40404578.20587262 21609.284235007515 2945.79824085443 880.3161213514909 1.636307121875936
60054.85103877 23540608.90436543 34969597.476439 3809.331731528071 -2550.994835770271 1717.7145929440085 -2.2066955989890067
60055.47599262 8483842.139603997 -41305175.982612684 17913.2840266172 3011.4660791767587 619.317423973465 1.6796909263325401
60055.89841241 11519160.433183579 40552609.62634719 -4966.4673902298255 -2958.0697984933418 840.8501563945593 -2.0208418447053353
60056.5617338 29043232.613495555 -30562964.52446734 24684.315449034322 2228.4744150794263 2118.7228199113974 0.6877493720959084
60056.89146639 12595444.489915028 40230947.135508746 -3469.535695032361 -2934.6507629293346 919.3463679248432 -1.8374720360095216
60057.01646725 -19630304.993301485 37315331.35175343 -20044.537515564563 -2721.558558544269 -1430.8260706972083 -1.1037033546574608
60057.50374737 16873309.027823556 -38642853.048959926 17625.845852014638 2817.3756992753783 1231.0547151404046 1.1602167458142283
60058.03452108 -24335254.886579767 34432664.233383074 -25038.740511127 -2511.389051567967 -1773.9275851268262 -1.4745334676042128
60058.62105719 38786125.45339872 -16521359.85155775 30209.08962765571 1204.475906064038 2829.4418278989065 0.29015830666840525
60059.47174887 10212729.841000156 -40913093.60454316 14116.873900607276 2982.6893355527022 745.3093385117779 1.7642993707361874
60059.60459667 37214965.06037662 -19810731.449188907 27163.222376691556 1444.3114200750106 2714.7636570957693 0.40837862513187345
60060.5419002 27285002.023138016 -32145406.625273604 21575.668472955458 2343.6111557224995 1990.338115598421 0.9731943053777966
60060.6406722 40902806.92957584 -10210036.423217969 25026.94973078898 744.0932722271857 2983.793442346346 -0.12995930440969566
60061.21944715 -40751503.04793042 -10870037.048374068 -19839.498550651566 791.9733811841165 -2970.114065400168 0.9800239980899013
60061.2888506 -32320634.25052433 -27096814.036565345 -12130.06329051464 1974.9044034741778 -2355.5092021827672 1.4925484630805699
60062.21699465 -40730866.238349706 -10941734.919802867 -17674.155706712398 797.307923396188 -2968.7339353463426 0.9825961721039278
60062.38259869 -11065063.054388681 -40694255.93229115 2866.378518030887 2966.6158502178773 -806.025057141385 1.5882785729914943
60063.55210615 30811900.205511708 -28778736.620859526 21057.335415781265 2098.311150190357 2247.713574028108 0.47292093118738937
60064.44046934 5606456.491119343 -41795131.95030279 12152.45653848805 3046.945747632707 409.4589647422837 1.4046543287024051
60065.21769699 -40052083.62297198 -13210144.643584883 -23415.307971769027 962.532796250308 -2919.362186864243 1.2911097684570634
60065.54847907 31144618.427864417 -28419496.43436978 26770.064043027396 2071.9517842912387 2271.916810198888 0.8445021728124799
60066.55055244 31993563.96000246 -27460626.98450289 26597.32629632231 2001.972567578298 2333.7957465551467 0.7821058339910444
60066.55055244 31993563.96000246 -27460626.98450289 26597.32629632231 2001.972567578298 2333.7957465551467 0.7821058339910444
60066.89702255 4050420.9186786446 41958924.71637517 -6259.044851477661 -3061.153714467241 296.06207450480616 -2.0202150657921774
60067.56099813 34162735.58911911 -24709272.026281353 26495.16653490659 1801.3025787880104 2491.9864930519607 0.6552873926376266
60067.82669837 21025993.182928964 36532858.78542403 6462.774764934667 -2665.5672865776883 1534.3474568641159 -1.9622929196572492
