59945.18938164 13192931.797494732 40058467.352438 1107.143700756402 -2919.5116455371553 962.0206192462284 0.047484586615674
59945.58750748 -34348590.96930108 -24445804.537235405 -6370.016561330174 1783.74100149473 -2504.8491507377585 -1.9823499171767165
59945.85225213 27685991.748173654 -31786332.315267015 -27012.865726404336 2319.4361443921534 2019.6743609535229 0.6670265087671219
59946.55118894 -38720069.78182367 -16685635.966914764 337.47952332856306 1217.7049565314283 -2823.4679948183816 -2.107944664952891
59946.85642553 29042326.116157055 -30552031.95955001 -27688.14046570906 2229.412729504121 2118.630836164575 0.6425009910841715
59947.52896365 -40474654.46227726 -11815893.203031156 6160.9617513826115 862.5429933768721 -2951.263078496371 -2.0183894075631796
59948.12213269 26845058.4952509 32523350.51121639 8336.281839276695 -2370.3756000689173 1957.5491134330332 1.9231426265008724
59948.53525911 -39737618.918123946 -14096578.953460705 7409.952552855483 1028.8656431159966 -2897.4963875869107 -1.8700484424748072
59948.86482171 31595965.0072811 -27902840.605369516 -22125.865821436746 2036.1859451508212 2304.969436589998 0.224991521458549
59949.28317647 -14116423.01292688 39744903.01825707 21123.59521774662 -2896.486014671754 -1028.770705160576 0.6860207929912499
59949.50453722 -41597045.74488269 -6906718.539700544 13577.928509260906 504.5265692947939 -3032.871649791594 -1.4150595328894255
59949.58210806 -33479101.104903013 -25624945.71763617 3134.119877083375 1869.705721735043 -2441.284749868536 -1.7259926860417167
59950.49771664 -41761926.099357 -5832715.052392845 17485.00496772426 426.1986082773645 -3044.813003833017 -1.3999223621054961
59950.58625921 -32337032.641352374 -27051649.29909595 4980.339768577543 1973.7536761213687 -2357.973435177875 -1.8810922679138213
59951.28015574 -14725772.973860474 39523305.39824066 22665.903065239938 -2880.3402376168247 -1073.1287795651554 1.146852973109734
59951.80552428 21130762.454413597 -36472278.49467545 -25541.14760993685 2661.3259552899794 1541.7629366822118 -0.9830083218085436
59952.26440543 -11439363.199670766 40596403.90084242 21148.17871312055 -2958.5948672542086 -833.5215959006784 1.5165661198099607
59953.18201653 9476683.58613392 41096049.78445394 17799.1394834502 -2995.2258981193872 691.3834405130109 2.330007869055868
59953.59923168 -28449433.609376192 -31115927.008718975 1561.629069490649 2270.0177497262384 -2074.2170746001702 -2.656846020814055
59953.67057062 -12097548.048539847 -40382946.83990397 -14049.81090295841 2946.1943658058394 -881.8319805705709 -2.440250114953434
59954.30660222 -22929501.48886986 35400215.03287536 30161.658694030186 -2579.826872465868 -1671.0638070472394 0.47660179494686367
59954.55334153 -35770031.515982 -22322675.091684964 5929.250252592237 1628.6644632755379 -2607.9641648095258 -2.18594657570768
59954.88990208 37729188.20076429 -18798989.24463237 -28628.301116526058 1372.051183823962 2752.5096392621717 0.7373747537849038
59955.53545309 -37737716.496334516 -18809253.25661029 10569.856892838281 1372.3920519189255 -2751.3455992355216 -2.076703633894802
59955.82224245 27127578.14806829 -32262014.97215987 -29385.94613423793 2354.1411780578405 1979.3092251756348 -0.3648247979617933
59956.79306303 21394609.575299818 -36317597.40656417 -9673.097440530384 2650.0065324956213 1561.1828046637736 0.2710371294322697
59956.84771646 32404763.989772443 -26956916.95858759 -7844.476130613046 1967.1629489449308 2364.289048741985 0.4917340097102644
59957.59568601 -26984839.844793376 -32393705.822596904 -7455.650698368111 2363.2012070316173 -1967.4050372666688 -0.6539341419125189
59957.6866999 -5086333.3046179935 -41846495.30959548 -11351.938534647015 3053.0340863830256 -370.4393395834522 -0.2523312080939558
59958.27304135 -17665327.62110927 38299168.4994922 19072.81973937125 -2791.271685494154 -1287.2451801665468 -0.2985118256430145
59958.63942115 -16473065.550193144 -38804168.392278284 -16267.039489007413 2831.0353344957903 -1201.0728574851778 -1.0644119518223685
59958.90636764 40400968.36802484 -12037755.408409473 -13183.666898896437 878.7299441120737 2947.0767984281633 1.303989532416753
59959.51368012 -38931135.094730146 -16195944.618663548 4219.058347891281 1181.710497216397 -2838.451232234831 -1.715705407333059
59959.60337222 -24196948.8320648 -34525052.17340676 -7336.912120016873 2518.569928586093 -1764.2666586386151 -1.973861564544334
59959.80928966 26718358.75643081 -32603886.44669524 -23406.48900088753 2378.911459395198 1949.267848296917 0.3402841863616627
59960.14632646 13713423.608202389 39879483.57619714 14249.570107261452 -2906.925617948884 1000.2544342256194 1.8747968466293294
59960.51526991 -38473960.91198842 -17255381.43006629 10402.997961892763 1258.892166295732 -2805.038068624937 -2.11470734163317
59960.93431524 42026666.25518678 -3323904.8414759226 -24569.61269135503 243.07471020581184 3065.5686555581433 1.5145405606828413
59961.60506593 -22614444.033275522 -35582150.2991915 -4715.73558511417 2595.5975972752826 -1648.7981604719757 -2.4609070215277313
59961.91521925 41460412.69705953 -7631409.913093596 -30784.660544661954 557.2319693160013 3024.358272896057 1.2630031668688968
59962.52253611 -36969228.76028154 -20277942.731022354 766.2021948656358 1479.3245274731407 -2695.3676027195497 -0.16555675945033804
59962.56426516 -30426640.526285693 -29187386.87039496 211.9198159756085 2129.142402205921 -2218.4250584444135 -0.19414745780145304
59962.85120715 35525546.263279326 -22692158.88063894 -4501.32160329132 1655.7965755257194 2591.64893633056 0.01815414674480171
59963.47802039 -40976759.32363104 -9961077.437529976 467.4503833954245 726.7642483178853 -2987.3194762593685 -1.497124538375159
59963.60425939 -21565368.515011713 -36226727.79364701 -14326.000228815177 2642.681873554115 -1572.3167274284094 -1.1333282076539362
59964.48988453 -39885034.44594338 -13684565.40894411 2826.402556903543 998.5010244660564 -2907.829593398178 -1.8509796067299926
59964.6120984 -19089819.62384864 -37590462.53274037 -4656.575448932525 2742.086951706062 -1391.6909425973479 -2.4712574344622054
59965.47034153 -41105713.75999034 -9413102.354978763 26635.880736802537 686.9728773930698 -2996.591215042411 -1.6960085893606465
59966.50120316 -38211359.30410232 -17834169.298063297 25339.21519415722 1300.9975543548665 -2785.6389953066123 -1.8755123990741562
59967.1984091 -4953389.806861376 41883487.741639815 13849.637205541168 -3052.7218684672407 -360.600568807706 2.4393566196591467
59968.2129939 -9456162.274392892 41101706.23120591 18091.186486471073 -2995.7420244091313 -688.8706881134583 1.7648837446236627
59969.52139764 -34444973.23339842 -24317724.474367365 17513.89570996486 1773.9980825113166 -2511.3505552411425 -1.724865844821252
59969.61161256 -15933518.221764635 -39030776.09197173 1975.485891440243 2847.3483648706087 -1161.615790294304 -2.1422732399397395
59970.52711929 -33100995.507729445 -26116828.61866641 16805.62156931832 1905.2291414470044 -2413.3505587165305 -1.5325987855221863
59971.1883984 -5164491.124788232 41857038.3704773 7899.554526127382 -3050.8836130904706 -376.00702418951965 1.7805227267540256
59971.60139941 -17077517.09094097 -38543920.17696047 3615.6842257124063 2811.9157878156825 -1244.9425895275608 -1.835025967634735
59972.24157898 -19287877.4701447 37507191.66040336 15963.006518160395 -2733.6405339676367 -1405.5910038361828 1.1082129703751489
59972.51639669 -33945362.51267231 -25009991.029506974 12801.131504477404 1824.548736888386 -2474.8626994310375 -1.3456144762529076
59972.68461541 5227986.134438275 -41827153.36164811 -9803.971058113948 3051.7363519261426 381.90474383177263 -1.5093480294718704
59973.31319418 -34140291.72234976 24763486.6568431 22480.6949099725 -1804.5957254014459 -2488.376224859798 0.5530063339091201
59973.60921087 -13804214.408451127 -39832233.32049328 949.855784308731 2905.9704732282094 -1006.2641675895532 -1.7893706235205964
59974.3247416 -36240667.28974152 21575310.60217562 30724.8078130074 -1572.1385514749607 -2641.3224244722874 0.6105720574518321
59974.53453689 -29843963.35347015 -29784147.517376877 16668.183482375054 2172.6929861340554 -2175.6781985664425 -2.0555983940928004
59974.82834413 36885008.95178788 -20401523.490846153 -32391.248763729054 1488.9023221190246 2691.2504719233025 -0.6061638537348276
59975.23677353 -20093685.827518098 37082982.6328556 19562.266490138754 -2702.621714143743 -1464.2513824992186 1.4371766248254494
59975.54559817 -27161501.13936948 -32247193.02219035 10879.602810373219 2352.3853093030975 -1980.2109180585996 -1.858995433229901
59975.83240598 37715511.75304429 -18825700.084818363 -27567.866765694558 1373.9098062829048 2751.613920603847 -0.3409582468001214
59976.27772944 -29410168.37515062 30231609.09972877 24598.635728940364 -2203.1653650698063 -2143.4114557547573 0.9952866165612081
59976.54966897 -25756262.52556088 -33379949.737798482 10297.816641263767 2435.0005161444774 -1877.7233994227452 -1.8846498378257248
59977.61199979 -10317178.527755365 -40875512.854876496 554.6623753817404 2981.8950663386086 -751.84233897668 -2.0376042710282825
59977.91228503 42038438.00050066 3151736.6693691327 -26982.00193672882 -229.19421583276977 3066.7417278619205 0.5471324056231989
59978.61719208 -8266859.866208546 -41338802.897259586 1204.5792579798028 3015.6756061432484 -602.285084494974 -2.029066226912842
59978.8445173 39807119.0688195 -13866093.465946399 -27493.37090568815 1012.0730054157173 2904.2528797931977 -0.42277928493787353
59979.21715959 -18030499.472950816 38128159.84313826 14672.145060203296 -2778.928689058788 -1313.7749018275472 1.738125804338896
59979.49007726 -35047843.28850865 -23446177.16941261 21887.14853756943 1710.2686271250484 -2554.913442775971 -1.225368922653587
59979.84862267 40366403.79910759 -12142436.227514308 -26138.623893447384 886.314460285394 2945.0599271197357 -0.5774103497895912
59980.52637299 -28288052.95990434 -31267284.05323155 20046.95349269101 2280.6687863681223 -2062.114655735695 -1.5094958052168108
59980.85270978 40849697.4126875 -10401847.06886793 -27948.582301402348 759.3197957745945 2980.3214363784937 -0.6553652018119077
59981.47760605 -36042626.34937482 -21890085.632524267 31713.138682754514 1596.6825683944319 -2627.1982490458167 -0.8043644737913958
59981.55465969 -21662019.357620742 -36173031.045575745 22956.74632105806 2638.4622151911676 -1578.8976575689817 -1.78975882574659
59982.5774758 -15581299.771273727 -39175962.91894349 21031.519827425505 2857.6189526129183 -1135.5541711064382 -1.9926929108033375
59982.86077209 41590330.14782592 -6864023.948818854 -31006.01854665894 501.25179442441856 3034.426732341126 -1.0967082762370586
59983.5088288 -30066766.50224803 -29563801.054716375 31206.3494597265 2156.2836506384047 -2191.6389941435727 -1.131922784475705
59983.57792139 -14793537.153158426 -39480517.686752774 21835.37353105805 2879.767576243637 -1078.0880477625087 -1.9762507556732043
59983.64146603 1768164.946193723 -42119438.231510766 9599.616533186803 3072.54977525701 129.72887032439115 -2.4363115430087867
59984.4321717 -40151558.51320282 -12896062.881533757 29997.339813791332 940.7958998789788 -2926.6770716556903 -0.12430558778467375
59984.58194942 -13120788.574112892 -40066866.4782356 14401.05601917197 2922.5681714326743 -956.1275716723027 -1.7613906680263398
59985.15537509 -6539800.853485226 41663044.06101237 -1994.800841881391 -3036.9872446429026 -476.0407008518204 2.141821494446508
59985.54574907 -21222017.45907893 -36433352.361491255 21366.649499207884 2657.3639630816974 -1546.8220872167867 -1.5238978016822198
59985.87286164 42125883.280522965 -1535071.7627939456 -28109.074669334554 112.47987590344697 3073.4249867617127 -0.6750608380646922
59986.46383556 -36072546.91363129 -21841813.34435443 17972.500373401643 1593.0405292986666 -2629.378993426199 0.11620537104812226
59986.59004757 -9660183.693141682 -41038251.95716128 13683.894816922406 2993.418836943735 -703.7400547263795 -0.9582306533621053
59987.2303549 -25933294.067332305 33260480.393444173 -2526.9500944424644 -2424.2986878572406 -1889.8189369995957 -0.5724737275551682
59987.5223705 -25192510.694955837 -33811813.18497326 17631.694757493027 2466.073919185344 -1836.2657216416612 -0.508828861523131
59988.45469639 -36566388.94369077 -21005651.679446634 20850.251097208595 1532.0247926627783 -2665.330180652954 -0.13786426312159317
59988.59808264 -6134003.100395931 -41710770.01279829 11997.792942366876 3042.4635692235547 -446.5596669622696 -1.1675852438113734
59989.53044597 -22216766.92358384 -35837818.967513524 18217.095860737787 2613.6918616699268 -1619.2216977676756 -0.9399328756502202
59990.10416208 3400151.6396063548 42031039.950772144 -10358.237902597622 -3064.333691540434 248.75752554700435 1.5778710260396218
59990.60808722 -2042630.4936824942 -42110367.982697435 10042.699799275473 3071.462774155886 -148.12955855458046 -1.7524717312243092
59990.94295914 37164011.41682557 19898836.086318094 -27279.149306315598 -1451.036408084444 2711.4710781429253 0.4850550429242581
59991.5384705 -19092848.057521272 -37594995.79828864 18163.394164245423 2741.7784211488647 -1391.4278492701144 -1.5135247730845236
59991.6102072 -754909.299173617 -42153347.52134155 6855.327203392835 3074.5511481830913 -54.2312968944968 -1.941197376138007
59992.54248903 -17477718.284532197 -38372325.09740572 17849.672678255705 2798.4519441222797 -1273.6490418291385 -1.5677037469568504
59992.90113096 40712802.66247792 10930895.385069935 -28590.6821329117 -796.9627336762353 2970.3702600297183 -0.04583844564032568
59993.47483674 -31300104.02813328 -28260168.59687466 26223.17452490595 2060.808822768253 -2281.2974616866754 -0.8531979796401368
59993.61831492 2845815.980529881 -42063479.80526672 6997.442677509379 3067.997004685844 208.3897899672508 -2.001439488704935
59994.48964899 -27993995.013290394 -31537099.18978974 25897.802758521593 2299.7753713615316 -2040.2760568380488 -0.9080207571350177
59994.90916684 39638573.26270785 14346721.377782702 -28700.36007295675 -1046.1187380651788 2892.0152290245474 -0.1639069220491072
59995.4828916 -28768410.725201875 -30832411.074644744 33436.64413273105 2248.4448246405245 -2096.676899118137 -0.10804714836299127
59996.41521122 -38662676.57930365 -16848667.521360658 32049.453969033457 1228.6743120983829 -2817.7585592407277 0.968412491633795
59997.32757685 -41855784.2069739 5202481.432081457 20705.77271623582 -378.90941225084043 -3050.2908044292853 2.0455382127724744
59997.39038826 -40626896.74895271 -11324369.834715057 29954.50143647284 825.9160817920817 -2960.860929538439 1.30690330545773
59998.41229924 -38397858.784108505 -17445123.21891703 28182.914015732236 1272.062491544977 -2798.3693522477656 0.7386775615954411
59998.85311878 42068935.3822517 2674464.7643893743 -25736.14972305439 -194.77954317228858 3069.312504613257 -1.639719561542557
59999.24549156 -34649469.88940068 24045680.731008 5480.480090594276 -1752.6682887688712 -2525.263294866249 2.0169658309978575
59999.54673214 -11659431.500092372 -40518688.22684647 19181.550431863838 2955.1431653203226 -849.4919169915281 -0.39446293029845103
59999.85701413 41923314.861647226 4405807.7137477305 -23381.789034938236 -321.02780222791637 3058.648369449 -1.3859685902284788
59999.92876984 35785811.306911185 22285445.074036516 -29252.89669613186 -1625.031035210902 2610.770182578921 -0.49691404661117367
60000.34630097 -42131401.01324016 -1909206.4072220179 21431.57424823815 139.54863241646817 -3070.7874981954005 1.4475048736307112
60000.61452716 6890991.0727200005 -41590937.48775145 16776.058915455465 3033.6972173617337 503.36706305183355 -1.7726494650463005
60001.00435925 20960559.31507795 36583639.58814898 -27512.42940253371 -2667.5162555971156 1529.3284711573926 0.5583195326247999
60001.47503825 -27084545.951358877 -32319222.305717435 21777.00666384373 2356.944237824922 -1974.1313592674019 0.5684467831788469
60001.86488344 41405126.09694401 7909447.84010268 -12984.39976902359 -576.5845404499858 3020.9303775713333 -1.4079779286804632
60002.47343674 -26852407.695266154 -32512473.44861719 23973.166991469014 2371.0262381973844 -1957.16464221035 0.2814248217935257
60002.51026131 -18656612.83039747 -37812839.84505978 24016.71605712581 2757.690967404434 -1359.6478001789087 -0.050756900919153435
60003.53320019 -12321132.166476274 -40322265.597976364 23935.6446555249 2940.852953788691 -897.6953961711338 -0.6372685753624739
60003.58587043 1489449.2493651998 -42132532.05387791 19540.825430355464 3073.146782721541 109.45716608893876 -1.1853617034198738
60003.87277718 40592154.91450396 11368677.438909415 -22138.43957142691 -828.8923302329913 2961.6331037381374 -1.0294163061412995
60004.51808863 -15424615.993875334 -39241714.16936873 25369.35986325071 2861.900174212986 -1123.9588998341678 -0.7799056515514635
60005.07161319 1161759.0656273104 42151710.935902946 -19258.459714299664 -3073.268743868154 85.55999219488703 1.4247582745679157
60005.59369625 5008531.263353481 -41860580.43183152 15263.307922290685 3053.2116850236634 366.13725806398844 -1.5991409315195273
60006.48883312 -21113986.542338893 -36500258.36977532 28743.19116269019 2661.7543290548583 -1538.709345731875 -0.5738726445595014
60006.52597976 -12073691.521805167 -40398727.87342373 25788.019732659763 2946.2149773426477 -879.5720561920488 -1.0537749008002368
60007.51585668 -13943404.316909144 -39793644.047658466 26470.48130725228 2901.9325917791116 -1015.8671170075681 -0.9901360371063654
60007.88844601 38129418.499088466 17975963.650891144 -28867.227577778733 -1310.9811652391163 2782.0250681557295 -0.673404807049235
60008.50758503 -15326119.855968073 -39282873.93364903 26458.056186318623 2864.5853612870746 -1116.6584022680508 -0.9043258630389039
60008.60552059 10229230.735901434 -40899558.95057334 13764.315142775778 2982.985888713225 746.9173703181824 -1.8468473901130757
60009.39429431 -36952776.98023481 -20325839.462344307 27994.03981977475 1482.0543327844105 -2693.041693776657 1.6532183488761378
60009.60939656 11937287.52983024 -40435174.01213882 28687.539152799094 2948.9297645673655 871.4967920652809 -1.6442386898176604
60010.61333721 13623142.209508952 -39899159.884938635 29161.447309014315 2909.751190238996 994.4339359444834 -1.7349041683584576
60011.61722917 15272285.208446596 -39297691.508641705 28572.87413095044 2865.816437233226 1114.6984376464893 -1.819304689379851
60011.90409708 34597181.2014769 24082721.540067006 -31014.185359642226 -1756.6701327991361 2524.441513939369 -1.5886000765026482
60012.62115564 16900201.964354254 -38623436.96284717 26990.75443389206 2816.911049681625 1233.4148652768076 -1.871055151820859
60013.48072865 -18537596.037609994 -37876251.0619044 36099.6354701367 2761.7233090566883 -1350.7706578203736 0.20750472045968482
60014.55727515 1856223.5048380692 -42122233.67722376 27106.87718335295 3071.778971136013 136.2255183349169 -0.9309394563212654
60015.48952516 -15076285.643524235 -39380670.20545435 29531.68283867434 2871.527661960709 -1098.4409202784325 -0.1269514493533078
60015.63293028 21600583.836900007 -36203499.29931776 16008.15812235782 2640.4839732831465 1576.270251363583 -1.7694795846664364
60016.49344966 -13411741.665382443 -39977370.79777709 20083.62038740212 2915.108541836992 -977.0640145332678 0.8932319036649513
60016.56514763 5383265.688662216 -41816899.12933826 23484.34512069661 3049.5966921790387 393.4552992494231 0.15762516450042327
60017.46534542 -19601401.500051785 -37336937.5159479 21072.79989798898 2722.3772970731316 -1428.3452552621145 1.0021668677278608
60017.61548036 18809959.19984073 -37729996.58371475 23690.19607909779 2751.717650957464 1372.706063668734 -0.6643334869237724
60018.24634837 -40600253.79589718 11419033.462407835 887.9474007407111 -832.5582811810184 -2959.007666729842 2.123237456714028
60018.61646903 19702241.93759888 -37273483.48785069 20665.005474450558 2718.211346378377 1437.7209390666014 -1.605943215140597
60019.35605153 -38266474.6079226 -17733826.396151036 23600.76796596505 1292.71219702264 -2788.836096594473 1.5764583742516718
60019.59097334 14175979.00496785 -39707849.94490851 24386.057013108908 2895.565552761307 1034.639531970292 -1.6139852527692755
60020.47289326 -15787075.096393287 -39103955.83380906 35689.22487196105 2851.005656964051 -1150.1989645197857 -0.1081809055176487
60020.86725198 36361232.14976158 21325311.34200504 -5295.537363827831 -1555.6181984799125 2653.0788548620894 -0.16140490491666018
60021.51254885 -4926944.780294935 -41878258.14300853 30082.727690427248 3053.5521551237757 -358.41451642935135 -0.677058456135241
60021.61565053 21403952.457735505 -36322369.944550976 18107.533487809636 2648.8890813139424 1561.8334449424344 -1.8902547981131197
60022.54492885 4379470.149171176 -41936488.084689185 28481.631845663833 3057.982409111567 320.20495977934746 -1.1932754891270951
60022.65974144 31039000.250668116 -28526853.90753886 10122.284134410196 2080.5027457196697 2264.6728761403774 -2.2687480233538873
60023.54996712 6442014.193440277 -41669029.57538103 37792.23143500284 3038.5077666239636 470.6332826039595 -0.3442641593290249
60024.1654741 -32777622.3382366 26535041.147874266 -8680.60547420905 -1934.7844987133792 -2388.92899695657 1.3796455070213867
60024.46192986 -15815569.229591642 -39091687.44674634 20274.36151964202 2850.1857075994217 -1152.3066958388451 0.1962388977758272
60024.51993719 -786434.3486543514 -42158858.089688696 38407.47159303745 3074.0728078113334 -56.48812712335817 0.1772447902798167
60024.9014005 28918938.04230554 30672356.213556506 -26702.65269552623 -2237.249191965397 2110.109288432125 -2.007076345938903
60025.59943814 20190418.915878456 -37011358.18600917 33672.864304902585 2699.0800487340593 1473.3306342084152 -1.1906685235215768
60026.46040598 -14831597.80808114 -39474892.21410347 33193.97865899554 2878.223354362119 -1080.5426249528796 0.9902455724843193
60026.51438148 -817253.0330311174 -42157298.827218086 35609.26956306221 3074.0996548779003 -58.71587896765855 0.12879109772177402
60027.52132751 1751486.6728083403 -42127962.194144934 32864.227323701685 3072.030580068409 128.6039592306459 -0.13590546640356227
60027.8938263 28811666.85448501 30773262.90523668 -23258.76680671981 -2244.5334641081827 2102.3149792795293 -1.268327506803115
60028.54314306 8205621.945904037 -41357653.065565996 27438.183113572137 3015.784098442553 599.2467125747656 -0.580568492765103
60029.23643623 -41716092.429584995 6209114.228505001 -114.73276180264372 -452.818413503573 -3040.3464080275226 1.9215346759876015
60029.55809439 12759487.784170793 -40182549.72185423 23544.80476932555 2930.522072228206 931.4345365563745 -0.8270664177252549
60029.61797799 26666238.336547136 -32649009.77697381 17313.544488730535 2381.3413665386424 1945.9434362566865 -1.3982085294146382
60030.19075964 -38541809.63606802 17124878.73301993 -5654.686036970032 -1248.4362237264318 -2808.9866513584384 1.7781492245462804
60030.62512141 28646667.24040027 -30926593.146757066 12755.306306041775 2255.7581651295154 2090.2883025226756 -1.3743353329238688
60031.32432146 -38154224.32672496 -17970119.226770826 -470.01078171908347 1310.1589657901143 -2780.775912855709 1.9323778389050226
60031.47151619 -8522964.219839277 -41295682.57211058 21355.19096528235 3011.2865984530736 -620.6391337332208 1.1531660052871422
60031.83719569 36360888.093669556 21327007.71632202 -3025.998089144755 -1555.573725972043 2653.040045676429 -1.9304126541193676
60032.53035491 7732167.525073549 -41446594.63577853 22290.19245494366 3022.5814912371134 564.7542223984748 0.35928135830539143
60032.84094655 35452323.006776735 22806155.593628377 -13145.709528542668 -1663.4834567557966 2586.7372150695173 -1.865554757045008
60033.8447592 34481276.786177196 24249381.862536635 -16572.69649247983 -1768.789885807956 2515.9025418006636 -1.839530716675752
60034.62145887 30044354.38909721 -29573962.63160316 22399.19943591696 2156.7616637156893 2192.0840141006624 -1.6267865943560946
60035.55049483 14982406.947283085 -39411274.256437115 30914.067330055255 2873.836572264177 1093.4341526362264 -0.8790947101927782
60035.60535713 27448653.07236681 -31999455.86357435 25056.168967513975 2333.5482562427696 2002.7056472642264 -1.5930136243972726
60035.85238807 32367504.67685692 27005535.101149812 -21810.481293420093 -1969.9860396193478 2361.7313053749526 -1.8572732822916276
60036.51716125 7141680.743221461 -41555450.71885482 26637.398174547718 3030.111384397183 521.6430807422842 0.8370911326920186
60036.85619861 31234868.162203725 28307898.92356904 -4477.316368949999 -2064.97151646813 2279.1261193230835 -2.19108250425508
60037.14297079 -34849327.48452869 23749754.65710305 -30441.120107899904 -1731.8188797978835 -2539.9095693990357 1.4263196649312584
60037.52896628 10914217.851179715 -40729117.56690612 36174.20374597082 2969.5979919794186 796.6978192561842 0.384006948914257
60038.23452024 -42176296.399321996 194115.08972514185 -14927.977700632891 -14.50298941863432 -3073.804222875864 2.450359261424731
60038.48104905 -971109.9479626454 -42158522.98257062 20157.751380278918 3073.5302613322847 -69.97380749032405 0.23926616953247443
60038.64862316 36201766.789004885 -21602934.97744349 11805.231654556552 1575.201700606671 2641.155506181043 -1.1531190900028416
60039.42549439 -14696600.40635321 -39526262.08572408 25543.743270772844 2881.797974294849 -1070.7830889742866 1.8907379590182583
60039.86755991 27530818.531109825 31924694.556869887 -14535.827163294645 -2328.613305399084 2008.771249826388 -2.3991763126576924
60040.1856813 -40552244.314123616 11585312.632803613 -23337.137685042155 -844.693685755822 -2955.6290774075947 1.918345667704444
60040.87111844 26243218.357015766 32992027.129584648 -14926.390082756605 -2406.3872570962085 1914.8442795753842 -2.2233424958717403
60041.44480542 -8374229.784590009 -41328131.384933405 25892.04895311971 3013.3565565269737 -609.8270780555679 1.4016078901780353
60042.01832703 -11364526.793735562 40605077.36977335 -29799.8313433233 -2961.064372651864 -827.9273819711882 -0.3268791799589473
60042.47032028 -925165.078088002 -42156388.35737096 25910.2539680643 3073.8287181532182 -66.68360130876464 0.8257780054341249
60042.64249316 36838852.31134532 -20493904.78923034 18482.401999400998 1494.6294605999954 2687.702457557268 -1.3630324733050787
60043.5760834 25908898.72283123 -33259320.94049782 22169.519164972102 2425.4086636769025 1890.2909714567547 -0.6862405770140397
60043.62982066 35484391.43194385 -22761272.7464649 16338.380870547855 1659.892002492372 2588.7921391414607 -1.1600559149629996
60043.8824116 21998333.601835825 35961677.293759726 -16143.492811079668 -2623.0875512098132 1605.2230130925595 -1.2563427942152434
60044.31256986 -35048449.181788035 -23460588.130531784 -10157.645695543953 1710.0260283783302 -2554.3634281296772 1.9283739905570503
60044.56613465 24367895.13682155 -34407346.67222448 26831.058666497796 2508.877555571796 1777.768192673791 0.6454810892584142
60045.01368905 -12273077.037278807 40338249.57473564 -23000.940540328476 -2941.847315910945 -894.2446737726337 -1.1883868109557658
60045.45962181 -1590207.3152286464 -42139476.66253299 16898.819016417925 3072.2008319544493 -115.21180147639146 1.6353238188358714
60045.53134469 16965940.579606824 -38600785.95834154 25017.626122550828 2814.5004515780533 1237.9058686360963 0.9289648161730941
60046.20406417 -42100597.69715262 2495729.6844523083 -20902.665662787025 -182.25026274404146 -3068.588364833805 1.235758138508704
60046.59955847 31980831.179284886 -27472837.997983627 24260.099859010068 2003.21671978061 2332.985621555737 -0.4476750076039156
60047.38823421 -18452043.94224805 -37922053.09974502 14271.569660678188 2764.475627623832 -1344.5029931106583 1.46359442712821
60048.47256497 4027137.6215183977 -41975136.68535856 24269.724118396094 3060.336181804157 294.4009691713112 0.5486901028276744
60048.82913766 30200581.30333847 29409300.118386287 -10070.107563112704 -2145.408421744968 2203.5586593906255 -1.7203478197262516
60049.61897654 36260167.934441626 -21505764.46622328 20352.686523571425 1568.174105797546 2645.2991160835513 -1.2378541585773513
60050.24078933 -40954525.32136363 -10072137.702355847 -296.8787865452337 733.9219461052484 -2985.038111433734 0.3749245331891972
60050.48558897 8874888.78654281 -41222661.66104765 22335.594193323 3005.4693499300133 647.8414247882529 -0.2578871694053426
60050.6234416 37194626.957870275 -19846059.331225462 3928.2988199541064 1447.053730479268 2713.4207831515396 -0.2823841410743323
60051.12038484 -37009382.63270481 20214807.21422941 -14396.483967760414 -1474.2802278012769 -2697.712732224514 1.4643805347440204
60052.4024683 -11547625.184323812 -40563624.9302746 13430.882047693358 2956.6353830103308 -841.1901032163165 2.3406190002618152
60052.55724719 27088758.69253806 -32309152.51934336 33788.89696258931 2355.7336226177176 1976.1633143078034 0.524778123091595
60053.42987698 -3683404.6277403673 -42009779.25630464 17080.294178362477 3062.5444585873997 -267.8373289236517 2.1002716421400196
60053.84777428 23643148.10821414 34899687.02291263 -421.29674567265647 -2545.962519297374 1725.2371329368984 -2.381971349966827
60054.22055398 -41475792.633390084 -7648797.9389275815 -22608.888598348538 557.2108789897119 -3022.9999348029 1.5959682068978955
60054.49800847 14811904.616119735 -39479040.38968877 24653.250748413233 2878.355285669244 1080.7914562120911 1.3798134594049751
60054.92917328 2744893.566697411 42068705.66214719 -13850.345340282433 -3068.5940059715253 200.91306566566772 -1.9328594137466018
60055.47936177 10787527.654693553 -40764170.25846347 19773.907423804085 2971.9743488575714 787.3142385808559 1.4509216225558874
60055.89841241 10093663.604480151 40930139.77931085 -7605.971083702143 -2985.701839538106 736.9030031789777 -1.85662176963694
60056.54572978 26969219.38413395 -32408656.68460728 23182.847640391516 2362.9949443586315 1967.4634539205713 0.5904002696369078
60056.89146639 11176788.79020849 40646828.048063435 -7401.380089032013 -2965.132337219787 815.9097910643097 -1.6155709942328802
60057.50409604 18303078.67089725 -37985635.68650199 18600.408132027118 2769.495876598988 1335.3721142094246 0.8353772727090403
60057.8626175 17684137.93995888 38265521.5421437 -4395.925481422173 -2791.5445675633187 1290.5696918904016 -1.2127035552894767
60058.62441243 39653856.23971884 -14310463.550424214 18096.046803162168 1043.285134086626 2892.8506863062184 -0.33039228018804534
60059.62504049 39948584.17871233 -13466117.686962225 7682.062879233285 981.6753239543533 2914.327456118226 -0.2583421819692291
60060.00396572 -19933445.831859354 37152828.7963482 -4350.57086579684 -2709.87875903129 -1452.9831093534817 -0.15050359877479144
60060.58676756 35958289.22392476 -22013857.86528198 25039.26125457593 1604.7843715094298 2622.961331098964 0.5292437481456831
60061.31785375 -25703683.791672703 -33440560.58685953 -10832.41269811101 2437.123161380916 -1873.1156322256888 1.72202461092917
60062.21846183 -40203667.366682455 -12746735.189689755 -16533.613336560953 928.608033433377 -2930.2482047335666 1.1016734698334625
60062.58962701 37061492.54839021 -20098111.02983203 22266.672025791715 1465.1034825699746 2703.552121651893 0.07346368729800362
60063.25189891 -36287877.62700748 -21496824.24753251 -11337.359162737948 1566.451155170353 -2644.68005195388 1.383061372895274
60063.55554362 32398502.748543587 -26982996.540464092 21780.632647008344 1967.0270616575633 2363.296937136364 0.30803742636663034
60064.52955083 28111977.39543372 -31427307.12213344 21195.04359898796 2290.9424187990553 2050.566997045601 0.517674511924463
60065.5518561 32695104.91570237 -26625144.966901757 22444.66813774424 1940.7583570524985 2384.810770091236 0.9543202095036224
60066.39338797 -3949175.6808175547 -41991712.313469656 610.6363043503768 3060.368336007325 -287.2503725053445 2.07387684216423
60067.27917603 -30124754.08577229 -29518590.07112929 -20246.90902277401 2151.3586064352257 -2195.448545606074 1.7702048631410074
60067.56445238 35505334.752303965 -22734635.32413282 28103.209149223956 1657.417970131331 2590.08127615124 1.0920974521193731
60067.8271342 19634950.573056925 37299636.45713774 13504.581838908412 -2721.3913530110285 1432.9372870824127 -2.2023010593283394
