59945.70360667 -26327258.560520664 -32924434.53709271 -17403.737278619297 2402.3646510721082 -1919.9540790424053 -2.0596235617343077
59945.91875903 26564173.010770615 -32727901.81083307 -31986.800069833705 2388.2819086000754 1937.9537308335248 0.811077080001036
59946.49257664 -38574063.19705223 17046719.478681356 25907.621269411076 -1241.8302031623437 -2812.106224292874 -1.7595208650066594
59946.70778703 -24868629.47462196 -34038512.48666034 -17019.135365752274 2483.686178458916 -1813.6300983333315 -2.268589489132779
59947.27398057 8573265.51757204 41296466.00658546 1543.554261694003 -3009.529458448706 625.2182599154106 0.05885947063319096
59947.49682672 -39283659.92344033 15339549.70349094 2476.9689330266406 -1117.4023200247264 -2863.8535328104927 -0.19066697464768886
59948.51640101 -41043214.80878799 9686726.29649602 19821.563213662637 -705.2947813018487 -2992.235165519955 -1.8266977114772684
59948.51640101 -41043214.80878799 9686726.29649602 19821.563213662637 -705.2947813018487 -2992.235165519955 -1.8266977114772684
59948.71616564 -21812939.443650886 -36072316.16263364 -17046.254086153902 2632.0521410186657 -1590.7394265038997 -1.9788931333761905
59949.54632687 -42154243.21224619 1097636.947031827 17071.359051922795 -79.06231694221243 -3073.3805357590318 -1.927753703140454
59949.72032382 -20225564.327678002 -36985406.120113 -14732.263587121266 2698.668423591909 -1474.9375567644875 -2.0155243775068086
59950.72450289 -18594512.16698694 -37831479.24387111 -11163.526626126524 2760.388300638875 -1355.943380273977 -1.9758814410911898
59950.72450289 -18594512.16698694 -37831479.24387111 -11163.526626126524 2760.388300638875 -1355.943380273977 -1.9758814410911898
59951.19771575 24364149.989496186 34421742.1049658 2737.9698251935697 -2508.708453075866 1776.7300808888228 1.8187782006343918
59951.45008896 -34865739.082074694 23730716.52862899 25255.53265938593 -1729.0907255336508 -2541.464619489729 -0.1809758733349587
59951.72867609 -16928989.14643075 -38605326.781592704 -6528.569134304971 2816.834702023099 -1234.4358375731044 -1.8391189806355608
59952.01564152 41512528.54023757 -7340506.654079294 -23680.405887290326 536.3332275364058 3028.136152333047 0.8648158333280478
59952.94808006 35170973.67607004 -23236468.054211162 -27928.212595230627 1695.801047658444 2565.731476935593 -0.08662661570424451
59953.54603264 -42132884.075638816 -1725222.7142520596 -1318.38484589761 126.68317071930262 -3071.8191813132516 -1.041546746984954
59953.54603264 -42132884.075638816 -1725222.7142520596 -1318.38484589761 126.68317071930262 -3071.8191813132516 -1.041546746984954
59953.67896472 -26909174.41925937 -32452495.895981967 -11366.791837015711 2367.7708791188115 -1962.2664555670312 -0.6204810235442343
59954.53920741 -42163853.11632723 -638772.8423468831 681.3723762902034 47.452325160374926 -3074.021255616666 -0.9138614582289373
59954.67896493 -26346832.006356955 -32910795.296161085 -8697.670028943809 2401.1792917862817 -1921.2236838534286 -0.6120931940158498
59954.88458502 24528575.32592148 -34279869.80842332 -10384.980961147085 2501.386868992157 1789.571823978747 0.4283561514296211
59955.53031036 -42157633.30717096 998205.4033050978 2301.8514307537166 -71.93293760515397 -3073.4887532216953 -0.7738791404351918
59955.81890885 9373287.252257125 -41096263.720019445 -10526.839220008145 2998.5814955306296 684.1035021143624 0.012963172725831435
59955.81890885 9373287.252257125 -41096263.720019445 -10526.839220008145 2998.5814955306296 684.1035021143624 0.012963172725831435
59956.75055446 -7938075.943439487 -41399906.24117106 -17298.62749131823 3020.5322937931483 -578.601175747903 -0.5588174531354752
59956.75055446 -7938075.943439487 -41399906.24117106 -17298.62749131823 3020.5322937931483 -578.601175747903 -0.5588174531354752
59957.59981031 -37992624.437366076 -18286803.187539555 -2174.8660271898657 1334.303635239399 -2770.0781834414092 -1.61106880173722
59957.68452266 -23399495.178634904 -35068222.24716748 -12898.638040233163 2558.418746576339 -1706.1688005048527 -1.3534991901918
59958.25521578 5608786.411645765 41798405.708333895 17887.89458286556 -3046.6945347958117 409.398835025625 1.392919741394163
59958.60673323 -36807796.815502845 -20569773.570370603 5395.63046590437 1500.64113821693 -2683.5429346714595 -1.9332289514798673
59959.57634521 -39817802.75181133 -13879914.445007982 12108.46315197648 1012.7421327120832 -2902.877482141084 -1.9422311424814989
59959.57634521 -39817802.75181133 -13879914.445007982 12108.46315197648 1012.7421327120832 -2902.877482141084 -1.9422311424814989
59959.69017087 -20882705.444143295 -36624446.61801626 -8081.173408518099 2671.6979092988704 -1522.4802728702532 -2.0526165200753246
59960.60012355 -36953598.55976731 -20307684.09366493 10350.420529609602 1481.472432095391 -2694.122663847862 -2.2231144580042557
59960.69419941 -19301309.325642478 -37481723.13333127 -8134.703018415524 2734.2161938292693 -1407.1407119840621 -2.2740424276290723
59960.69419941 -19301309.325642478 -37481723.13333127 -8134.703018415524 2734.2161938292693 -1407.1407119840621 -2.2740424276290723
59961.13729963 30957070.8922141 28629565.52056771 -4312.63920990022 -2086.930104335323 2257.8157371127213 2.450995213567175
59961.55497097 -41009183.046234086 -9822462.926393572 972.5824940340108 716.8650643448843 -2989.6343567791564 -0.11693315235434777
59961.62672312 -32596511.083575547 -26743846.16604798 317.0678599181201 1950.9489835089366 -2376.568902073358 -0.17873143365020835
59961.62672312 -32596511.083575547 -26743846.16604798 317.0678599181201 1950.9489835089366 -2376.568902073358 -0.17873143365020835
59962.27300201 -1993762.613329428 42127539.998656794 21833.542340245636 -3070.552234995951 -144.88133011219028 1.5062750857796163
59962.49042176 -41671013.72609328 6484484.990573006 24676.15525766291 -472.05740501325363 -3037.6651682523857 -1.2163230646901473
59962.64086538 -29575439.85932863 -30049416.158421922 717.6872544957275 2192.0523521640416 -2156.3077699128303 -2.168335002529207
59963.48357834 -41489497.63167411 7561557.684981556 26337.39488573157 -550.6056104528294 -3024.383818046819 -1.014521500672914
59963.5999058 -35892574.15657278 -22128027.720301278 10214.275948092922 1614.2555644036388 -2616.789461849997 -2.0440741245643546
59964.47216841 -41015037.68175971 9816823.31521033 27917.590630731094 -715.0350144058727 -2989.737013859846 -0.6874136345352783
59964.71081625 -12548898.852558525 -40246952.57452346 -6989.879856908417 2935.995356710762 -914.7153496895555 -2.067478534500662
59965.68042519 -19339748.107669335 -37462290.60167464 3484.3431106716484 2732.7768326005557 -1409.9139591228086 -1.9403920553434544
59966.468414 -41117951.9741992 9372847.147207512 6405.039156126477 -682.6105053810334 -2997.3291814466006 -0.44506405224718726
59966.62331606 -30803833.48135942 -28790134.66475559 -1880.4430877934094 2100.1591576947835 -2245.8110075830264 -0.7342962671614371
59967.50332721 -42168127.67156999 -548056.3377296461 9870.352218326201 40.631990551018035 -3073.9044899547916 -1.0328824161392378
59967.65371869 -24150394.493940815 -34559700.250577375 5838.446740545934 2520.9834716628316 -1760.5937148495734 -1.988244235134534
59968.72728456 -5425345.331883692 -41805424.497284606 -4365.420857044759 3049.8384571540723 -395.091582281762 -1.96918791860265
59969.58451782 -35740854.79677782 -22374611.219480343 18887.65025741837 1632.210730600493 -2605.507746885375 -1.4384905822472738
59969.73137799 -3622127.7511491207 -41999501.57132705 -4140.228402391894 3064.0489025993415 -263.54573525102853 -1.9540857689708808
59969.73137799 -3622127.7511491207 -41999501.57132705 -4140.228402391894 3064.0489025993415 -263.54573525102853 -1.9540857689708808
59970.15444323 22439346.31499446 35700505.3225415 -8550.12146771466 -2602.529173995935 1636.6875239990482 1.8947309570013262
59970.58257508 -35632007.47373941 -22547853.03579634 19218.339518848043 1644.863040775839 -2597.545724748345 -1.4201634644875125
59970.58257508 -35632007.47373941 -22547853.03579634 19218.339518848043 1644.863040775839 -2597.545724748345 -1.4201634644875125
59971.17321744 17436577.876880664 38396293.73742127 -6178.296316738177 -2798.81561815854 1271.9865958631758 1.6922837913740814
59971.55984369 -38194484.51327349 -17870406.216843337 20015.548594187214 1303.7483700977734 -2784.2948734114248 -1.0318800524109497
59972.49852453 -42073641.75314311 -2889606.298537745 24816.7915923116 211.39628658682784 -3066.8192591994884 -0.453465046556381
59972.49852453 -42073641.75314311 -2889606.298537745 24816.7915923116 211.39628658682784 -3066.8192591994884 -0.453465046556381
59972.74345801 1747570.3428239522 -42117978.64623078 -8269.585722567313 3072.7846525371306 128.17763116535698 -2.1118741857859007
59972.74345801 1747570.3428239522 -42117978.64623078 -8269.585722567313 3072.7846525371306 128.17763116535698 -2.1118741857859007
59973.22218715 3517199.5615354823 42026352.75046037 3515.8409522528696 -3063.2863384817088 257.1013238329621 1.9479732329590143
59973.60406813 -30833703.26774319 -28759470.18994024 14696.387211027517 2097.920474484385 -2247.797468007394 -1.6371323293113833
59974.30911306 -19517595.400622655 37389490.94314795 17958.280370757297 -2724.9897240104287 -1422.1482593738933 1.4314537481158693
59974.51720199 -41149092.52825181 -9228554.36193343 23552.792893667745 673.5649933552935 -2999.503085091656 -0.8728570725907452
59974.6798181 -13487734.375854036 -39942148.975489736 1506.0552063253988 2913.821189756855 -983.0083202798617 -1.9179567940145947
59975.45433442 -41649489.80504452 6638567.397379628 26281.827556166645 -483.27462627193256 -3035.678802341996 -0.15825624657190474
59975.54272236 -38863570.89762785 -16367026.816598373 20928.525682401545 1194.078670324885 -2832.9665055703595 -1.137990368439798
59976.46997389 -42136844.77605154 1783981.6917074446 26100.18091078605 -129.3774083308863 -3071.226248812618 -0.28522928188174945
59976.59252396 -31432404.23223144 -28105592.391728956 15483.538482341117 2050.1582994535092 -2291.318885828252 -1.53697987387864
59977.57997767 -33110596.24799344 -26109272.753800556 17990.99019472997 1904.5453308814929 -2413.630446071556 -1.3727364102719208
59977.69192826 -8278700.946050881 -41336209.004483774 1162.2162347663466 3015.5307867523843 -603.0531710256416 -1.927073481550268
59978.55990998 -35760846.79723263 -22345673.255102035 22023.20117151698 1630.0098540297145 -2606.7436479831526 -1.1614836986326658
59978.69597764 -6506076.57132406 -41651824.99137815 2628.9333331299476 3038.541536094652 -473.74524074211513 -2.003189212036451
59978.69597764 -6506076.57132406 -41651824.99137815 2628.9333331299476 3038.541536094652 -473.74524074211513 -2.003189212036451
59979.55658228 -35844931.11605066 -22211438.937626768 25027.302199681337 1620.1782666631314 -2612.8223293837586 -1.1610937279121538
59979.6998814 -4759711.467345273 -41887181.00312286 3274.558931474862 3055.6932742666168 -346.3525272317984 -2.178246678618241
59979.6998814 -4759711.467345273 -41887181.00312286 3274.558931474862 3055.6932742666168 -346.3525272317984 -2.178246678618241
59980.21646691 -43782.92510647281 42172629.525386974 -663.8687171142991 -3074.097143821492 -2.379861063111511 2.2742285274583605
59981.12150721 23084665.729352117 35283543.524265036 -19412.649757716656 -2572.404447413127 1684.2326760860467 1.3559401575950778
59981.58089757 -31057340.8052372 -28523796.873577368 24393.73707097865 2080.341084626002 -2263.690292517063 -0.9130944093320249
59981.7080924 -1115503.695191889 -42143098.530698955 8525.102182427141 3074.1369635599685 -80.48726816865788 -1.9035834053099032
59982.14810491 16209944.093381602 38925646.19689084 -18350.950828466026 -2837.9418523126074 1182.896900461862 1.5410727518186214
59982.50722394 -40338914.60279898 -12305899.19332842 28206.801265150636 897.6325076974434 -2940.0200929276916 0.08764595251669703
59982.71215591 688733.4624562154 -42152325.36793502 9553.116454629617 3074.7572997788357 51.119375095669 -1.9521462162522036
59983.48035642 -41739272.55089913 -6053230.335925954 28099.609770531784 441.7342228610264 -3041.9767536791564 0.5021680291230659
59983.71607778 2449577.9859299324 -42087122.15657475 9668.787722712257 3069.922079282733 179.53925900884303 -1.9941427020951463
59984.4739565 -41868604.44646075 -5083246.553109736 28132.11692252667 370.99026440277964 -3051.4042564248452 0.5782622176137372
59984.72019296 4258212.74623572 -41942438.759144045 8653.544416208972 3059.3750889075172 311.44221158819437 -2.0294783500502973
59984.72019296 4258212.74623572 -41942438.759144045 8653.544416208972 3059.3750889075172 311.44221158819437 -2.0294783500502973
59985.16495682 9905325.674332235 40987036.74270139 -17294.787092195915 -2988.2790175581636 723.1524928998153 1.717778568579335
59985.65252723 -12786212.65642582 -40178288.631959185 18694.434803423483 2930.268474088701 -931.51266294494 -1.651221262331478
59986.20048869 -161573.70566551483 42168884.79800475 -10279.398364872846 -3074.3481575853784 -10.882369957863805 2.012766005951729
59986.4461383 -42167960.51944169 857856.6024764167 24191.24368885227 -62.215436202463465 -3073.181559600209 0.6654050374982701
59986.4461383 -42167960.51944169 857856.6024764167 24191.24368885227 -62.215436202463465 -3073.181559600209 0.6654050374982701
59986.72829109 7815226.214018797 -41427298.19593362 4387.9687123236645 3021.724481986995 570.8905375358243 -2.1460947374487067
59986.77479973 19450972.783553004 -37399267.79413829 -4456.919726060147 2728.1416536255274 1419.621155711728 -2.1413414507306547
59987.5171406 -38080831.33887107 -18124530.949568313 30637.736206511952 1321.658425376322 -2775.384259448025 -0.3548357137843941
59987.73235646 9568601.204484925 -41056785.405493565 1760.0277293165702 2994.7941930568895 698.7869577248736 -1.8525437836905154
59988.44946649 -42150613.33668509 -1473211.3232334116 26239.963132052755 107.73550766774952 -3071.9421788571826 0.5642447157944416
59988.98868668 40378118.79969671 12104868.866713172 -26523.888962014236 -882.6234138690318 2946.1230821674503 -0.044940448783013114
59989.52521608 -36403888.886109464 -21291015.941314768 24873.65560666653 1552.5741329647867 -2653.206684989652 -0.43200207666656987
59989.74044385 13036999.294425711 -40089990.03660547 -1607.6842542314196 2924.2856465492814 951.778590674444 -1.8598227993537422
59990.19941032 -2764153.9860186735 42078105.102499776 -4388.658216702066 -3067.8262198046436 -200.63090527746937 1.7989143686166813
59990.57606145 -27297229.215606607 -32142328.505124513 20529.300268693383 2343.870526539126 -1989.4113633419022 -1.036094413980514
59990.74439468 14715551.81631164 -39504578.59621845 -3229.398821824093 2881.568975842561 1074.217335615759 -1.8091485055401026
59991.53332778 -34450605.51461994 -24324462.798094414 23730.879923641707 1773.7107867480806 -2510.8059610364844 -0.6016998114475521
59991.74839118 16376773.940865828 -38845262.0527377 -4195.046421140222 2833.473963476719 1195.3706325548987 -1.8214905376756814
59992.35535681 -37240786.079586014 19799991.71990892 19399.02941488486 -1443.1505804815067 -2713.9311913764154 1.2635756554710864
59992.75212059 17944990.464293398 -38145698.95082317 -5029.45707371545 2782.4776685480224 1309.7663548400096 -1.9583674629207317
59992.75212059 17944990.464293398 -38145698.95082317 -5029.45707371545 2782.4776685480224 1309.7663548400096 -1.9583674629207317
59993.469694 -40880182.4984398 -10373160.713962724 29653.127774275774 756.484748750068 -2979.3428327444008 0.04718499698007145
59994.18799421 -2638318.3808751465 42085604.633408085 -7265.821316976831 -3068.462446518465 -191.4337639783697 2.236773160176602
59994.45755601 -41422980.47281936 -7936385.569571901 31959.42587825318 578.7992574654801 -3018.845156178241 0.26663145409513933
59995.19088369 -4127378.4190644436 41966045.46485243 -7834.896061253889 -3059.732204788052 -299.9932574737751 2.3819562964606833
59995.26262038 -22038639.53745468 35957120.87123161 7142.276201971364 -2621.274939006335 -1605.7950230547112 2.396265100068315
59995.69287178 4986732.9171582665 -41864379.40874542 21322.009372600936 3053.3205755197214 364.6364746716319 -1.6390971557655472
59996.55347991 -28512492.171762303 -31072065.224624738 32112.451073749602 2265.652988923151 -2077.869148652359 0.1590166117756643
59996.98035416 39191693.315511055 15521156.176794615 -28131.37863457069 -1131.9404741459607 2859.653946239351 -1.1825150660403825
59997.34424279 -37564933.9942405 19179204.70631126 6407.659811586918 -1397.9433564907947 -2737.4516699823916 2.319689400656026
59998.38938184 -41560324.59007131 7182299.487888207 16051.415168330212 -523.2916466500518 -3028.9423106907425 2.0297604116260954
59998.38938184 -41560324.59007131 7182299.487888207 16051.415168330212 -523.2916466500518 -3028.9423106907425 2.0297604116260954
59998.606941 -15311872.086064873 -39284823.59321422 30389.474728927602 2865.203935190469 -1115.7436768870327 -0.7422968373000496
59999.53204983 -31027718.897426326 -28556342.556325704 27940.75092206921 2082.632482720399 -2261.5386290919405 0.21819463513079637
59999.53204983 -31027718.897426326 -28556342.556325704 27940.75092206921 2082.632482720399 -2261.5386290919405 0.21819463513079637
60000.26422219 -25387616.33873276 33679529.811122924 -3995.561536488905 -2454.840695845165 -1849.9299042328676 2.242564823571101
60000.57093966 -22544512.595664285 -35632427.18175877 30436.58776952382 2598.768160622118 -1643.0906999922358 -0.5753430858821128
60001.02827113 30928575.987722475 28650435.56244442 -27166.944502369275 -2089.0644714001523 2256.489726041943 -0.2559065392472298
60001.52098125 -32014551.982412897 -27447254.55790918 27358.655885479213 2001.6377023657258 -2333.410977027534 0.27627669487189493
60001.64459917 -3505426.7451258106 -42013916.46625532 21480.881640300027 3064.447408298205 -254.78018389417306 -1.2230161482653958
60002.07483976 20690314.492784604 36736667.70413909 -26745.875716452658 -2678.6786480989886 1509.7298930928534 0.49000864424797136
60002.50511859 -34171744.99990722 -24711524.03020156 26700.70958917527 1802.1162479912427 -2490.637038311459 0.3222465388737432
60002.72024139 16832671.06088466 -38647966.4837257 8743.376835460067 2819.3195915575793 1228.6495781159726 -1.8669469673134027
60003.07872498 19138449.172990873 37568609.1658344 -24790.121373041096 -2739.364371151739 1396.5741223100777 0.6745798750572642
60003.5148841 -32120019.240683317 -27324336.2169013 26341.577767422725 1992.630859187198 -2341.063223178457 0.032221315775886175
60003.85289609 40186423.29725171 -12716936.983278781 -14392.508534917113 927.9920590024789 2932.3596787256506 -1.605501402799096
60004.19285532 -11049853.088289293 40697909.18862922 -10180.02673831898 -2966.9804345125735 -804.7453213293503 1.7172911424820132
60004.72806868 20013650.909978032 -37099988.80002748 3706.434877634661 2706.410116808269 1460.7212952245332 -1.8400403812801016
60005.73199962 21550829.47075162 -36228885.94944431 1087.398140162861 2642.8589286534557 1572.8175387676542 -1.8216672651823285
60005.73199962 21550829.47075162 -36228885.94944431 1087.398140162861 2642.8589286534557 1572.8175387676542 -1.8216672651823285
60006.53633669 -26487724.164156564 -32811890.82183125 23818.442254685127 2392.7618587312463 -1930.4097659546076 -0.6335837279511102
60006.73592163 23048374.212817803 -35294859.71229419 -769.1575856571816 2574.712411469909 1682.0741458447033 -1.8944855452209362
60006.73592163 23048374.212817803 -35294859.71229419 -769.1575856571816 2574.712411469909 1682.0741458447033 -1.8944855452209362
60007.52020133 -29162492.375612617 -30461241.596714634 27034.260167726417 2221.261478169711 -2125.3576181159888 -0.5003394225125217
60007.73977451 24490714.995816074 -34309605.66747654 -1679.5616577124827 2502.8254754131704 1787.2950831032722 -2.0609263860550633
60007.73977451 24490714.995816074 -34309605.66747654 -1679.5616577124827 2502.8254754131704 1787.2950831032722 -2.0609263860550633
60008.4870342 -34434493.92029994 -24347739.10607206 29702.39251950536 1775.3776886890903 -2509.5933804464166 -0.09668869058733398
60008.74346559 25857216.20977264 -33291828.23082643 -2572.383041514743 2428.5521333589995 1886.980110328232 -2.1869452595081365
60008.74346559 25857216.20977264 -33291828.23082643 -2572.383041514743 2428.5521333589995 1886.980110328232 -2.1869452595081365
60009.38915157 -42170625.56411181 -691473.6267764841 366.694306870896 50.534223721004125 -3073.411123970515 0.9407206203181782
60009.72757497 23013693.494123153 -35318799.15378636 11712.082104884912 2576.2521693118842 1679.5110944037542 -0.555827679045986
60010.20830365 -18936164.90711537 37679914.34880426 -14586.882989399199 -2747.208718065931 -1379.754224135197 0.5099744181214905
60010.60819449 -6612821.999080863 -41642253.93952294 19480.066563414744 3036.7957604287835 -481.30519446473045 0.2475558566428988
60011.03842578 23359203.940498345 35093946.38975717 -23640.441840243147 -2559.5002673408567 1704.629937290756 -1.2069428109742304
60011.03842578 23359203.940498345 35093946.38975717 -23640.441840243147 -2559.5002673408567 1704.629937290756 -1.2069428109742304
60012.69146321 16483846.61649273 -38803864.42966509 29055.68440421958 2829.9260716053595 1203.0971439099026 -1.4829830057640283
60012.69146321 16483846.61649273 -38803864.42966509 29055.68440421958 2829.9260716053595 1203.0971439099026 -1.4829830057640283
60013.37490344 -42177095.184442885 177456.63988437143 8082.09979059963 -12.99600914922893 -3073.7372408798074 2.4646807218778704
60014.43426009 -39062560.07393707 -15906105.138822949 21021.688837050602 1159.4569074419544 -2846.741011734089 1.8668914022659222
60014.58327903 -10254378.694281526 -40903295.981388144 33010.61999814321 2982.3009689871024 -746.7522322435469 -0.13284080724315156
60014.69551855 18773908.118072737 -37749488.74305428 23467.02028713444 2752.9197958894015 1370.0978744993774 -1.6548196421407897
60015.37211944 -42173809.13751392 -532441.2867577752 12028.114915391108 38.668038953262 -3073.535573630454 2.128014112108513
60015.62778755 2189255.0775028267 -42108912.67994489 28503.458676265385 3070.4125426185374 160.57082933222085 -0.9726754624198573
60015.62778755 2189255.0775028267 -42108912.67994489 28503.458676265385 3070.4125426185374 160.57082933222085 -0.9726754624198573
60016.19950727 -20712578.26555095 36731340.44253009 -82.1250106821736 -2678.395879800797 -1509.3210856458522 0.004995610403358244
60016.45789413 -35513452.385859266 -22750648.79597927 22126.556442537305 1658.4539952134019 -2588.0897595410593 1.1873479774597928
60016.45789413 -35513452.385859266 -22750648.79597927 22126.556442537305 1658.4539952134019 -2588.0897595410593 1.1873479774597928
60016.63164705 3929084.8288389663 -41981315.06848735 23986.882789820917 3061.207059595449 287.44560494679274 -0.8953402661497554
60017.58342201 -8097493.192875013 -41383620.47498639 27224.29603536345 3017.36182342915 -589.4989428425864 -0.43657524541348497
60017.58342201 -8097493.192875013 -41383620.47498639 27224.29603536345 3017.36182342915 -589.4989428425864 -0.43657524541348497
60017.70730399 23361022.680436652 -35094339.61935766 14301.372720101377 2559.3651628532534 1704.7022118754815 -1.7125931285997
60018.49605387 -28005178.389698613 -31533677.916664205 25909.679729604177 2298.808137079436 -2040.7974572939352 0.4208875606243443
60018.56780354 -11423313.032829892 -40593013.91750172 25561.54567655734 2959.592862327637 -831.9805729264846 -0.44605248037938594
60018.98660709 29535887.09699653 30075595.10923376 -25119.787142432066 -2193.928722266934 2155.3112668626177 -0.38778214649971016
60018.98660709 29535887.09699653 30075595.10923376 -25119.787142432066 -2193.928722266934 2155.3112668626177 -0.38778214649971016
60019.55878351 -13027509.315014167 -40104380.58572856 22534.547494958933 2924.3528401370136 -949.0501210541717 -0.5561892852803895
60019.55878351 -13027509.315014167 -40104380.58572856 22534.547494958933 2924.3528401370136 -949.0501210541717 -0.5561892852803895
60021.07718955 7178529.700107754 41546941.966185644 -19861.07302644836 -3029.7911667175817 524.3940590287727 1.008162196826893
60021.58360536 -5180895.948596246 -41846378.61006261 13494.755895411394 3051.418761629373 -376.94064205246013 0.6062958592334876
60021.72244082 28787465.28256392 -30796873.13932228 15149.828735635369 2246.203235501472 2100.480863296009 -0.374500282048325
60022.58640007 -3721378.0305906045 -42000881.52079437 15305.969084665127 3062.710977747612 -270.4973480694775 0.5913024273142332
60022.72624818 30031151.354302756 -29584595.46894864 16323.189856633902 2157.8014293493807 2191.2406938239205 -0.4913553193044082
60022.72624818 30031151.354302756 -29584595.46894864 16323.189856633902 2157.8014293493807 2191.2406938239205 -0.4913553193044082
60023.51790741 -20314807.72685733 -36954453.21749787 11988.468066246925 2694.413052099902 -1480.324393319535 1.0500159718179234
60024.16024421 -16567291.562759645 38777815.92652574 -25903.033394716218 -2827.4965823400553 -1207.126385081003 0.06988213097433019
60024.44707142 -33846789.490818664 -25160267.53392992 7503.655069890456 1834.2997794862906 -2466.7461353201616 1.9929215161680558
60024.73376435 32346990.18423813 -27032047.029063366 27484.23983704962 1971.6422641830602 2360.1990821066024 -1.1261737422601108
60025.19079198 -24286999.61506049 34475035.911761984 -33857.25113851563 -2513.637938104883 -1769.8993190643482 1.1894084785206651
60025.73741998 33416519.323647313 -25697792.236597013 26990.52740484416 1874.3237751113165 2438.2311809332773 -1.8388082261668113
60026.44467054 -33347460.60396322 -25819005.716414146 17543.66699424828 1882.2831726412169 -2430.300680385675 2.290335391739608
60026.5254926 -16547748.563870758 -38786778.331356645 23818.4599401324 2828.0556942144153 -1205.681277627877 1.3566116915558801
60026.59803722 2278099.988007375 -42102611.417755775 35437.77016956933 3070.1780612692373 167.0180002205912 0.2630885074625109
60027.45278178 -31507084.04166742 -28034677.894384827 19374.056602923487 2043.8193121957174 -2296.1510204416095 1.997791214549716
60027.56598812 -5492201.652394814 -41807447.173357405 32329.47606246015 3048.45713366994 -399.585288205152 0.5903905588701099
60028.51290601 -18255818.00419993 -38014156.80125394 27076.10172368546 2771.582473724642 -1330.167131224548 1.0551717249291053
60028.60415118 5344003.3749613995 -41823695.76447509 30299.134245483052 3049.8326264754523 390.6004458427647 -0.1859935929546068
60029.52607681 -14377117.630123435 -39642492.66308708 25721.60361099715 2890.45854325 -1047.3744384934055 0.6050600711386279
60029.6811026 24797572.66796196 -34093109.363515206 20606.20648087055 2486.498020664098 1809.4892169359762 -1.2338624692674758
60030.56149906 -4529351.612351929 -41922313.24721477 25867.482021776636 3056.879515745077 -329.36561275996695 0.08224994073570453
60030.6131684 9115031.249068402 -41165253.16334001 24546.161739862368 3001.951130220747 665.625786203514 -0.5348966343616995
60031.58863182 3389852.922242379 -42027763.65622607 23928.426965986575 3064.691510843175 248.1053549924547 -0.40903138468708006
60031.68866686 27506549.22130527 -31946737.58647444 15438.475311270453 2329.9640967149335 2007.1005311642796 -1.3550881060653257
60031.68866686 27506549.22130527 -31946737.58647444 15438.475311270453 2329.9640967149335 2007.1005311642796 -1.3550881060653257
60032.58686389 3643846.005896429 -42006722.23437428 19937.875263224632 3063.116552394455 266.6293317882433 -0.5679236580261067
60032.69241762 28787191.572950635 -30797441.2420307 10010.515534707827 2246.125812578151 2100.521198067147 -1.3030240409442813
60032.69241762 28787191.572950635 -30797441.2420307 10010.515534707827 2246.125812578151 2100.521198067147 -1.3030240409442813
60033.21378722 -32925148.250540674 26353282.04232244 -4108.58321353326 -1921.4608363280743 -2399.5693090501736 1.1182489982957118
60033.62453037 14102059.382178627 -39733303.170611545 11679.20094213759 2897.499230656677 1029.332757910902 -0.8717382307305421
60034.63755206 17969401.803603947 -38139679.02434768 10462.022058624792 2781.30053354545 1311.3908524645688 -1.1571092259708102
60035.58747348 5966118.794391774 -41740832.22151424 14875.670587676988 3043.5836113594028 435.96414482008305 -0.9822888845373788
60035.70377907 32353095.19309789 -27026540.621201303 1883.0219595961 1971.0013851020449 2360.6202288238837 -1.4651294051196524
60035.70377907 32353095.19309789 -27026540.621201303 1883.0219595961 1971.0013851020449 2360.6202288238837 -1.4651294051196524
60036.58998292 7340859.330277843 -41521188.986933626 14859.901090487712 3027.5245092859163 536.20730425319 -1.099814081127174
60036.70760473 33441429.007059116 -25667903.640336677 22053.521453262656 1871.8484622011244 2439.946724143914 -0.1508075954138477
60036.70760473 33441429.007059116 -25667903.640336677 22053.521453262656 1871.8484622011244 2439.946724143914 -0.1508075954138477
60037.13782807 -19700655.849709447 37281636.79499809 -20449.702126865446 -2718.7426282798383 -1435.6786308192254 -0.5141217380676901
60037.48105075 -19997599.85996653 -37130278.62941375 5722.251378768463 2706.8098856335446 -1457.103158822666 1.5439758671896324
60038.40813399 -33961558.81427569 -25008838.52347119 -3720.6932983903953 1822.8925323387584 -2474.9951237267414 1.6018619946704815
60038.53452203 -5889814.596908215 -41756653.47065252 13222.698916507667 3044.277508262101 -428.5812156202789 1.319581158402286
60038.71528715 35446383.45885687 -22819785.07105276 22201.675213658993 1664.057901090283 2586.1498147870016 -0.32797914372157994
60039.46438312 -22570632.226136107 -35626605.38002566 4589.474013975327 2596.9976969879453 -1644.652196600457 1.6125942651557712
60039.46438312 -22570632.226136107 -35626605.38002566 4589.474013975327 2596.9976969879453 -1644.652196600457 1.6125942651557712
60039.71899394 36340963.616969995 -21366328.645585343 26565.868897416807 1558.0076619537317 2651.3915882138544 -0.5091281457255461
60040.23245708 -38206062.255906895 17855388.506857708 -28283.19197404343 -1302.1810973034442 -2784.6900914388366 0.7151740458751585
60040.58618834 9186125.621184897 -41154166.846490405 25766.602038002544 3000.4760475587045 670.6727001586158 1.2307558572544912
60040.63452269 21100697.369979706 -36503272.471762985 30401.768619747505 2661.5820809810734 1539.5944762736628 0.6101503978382067
60041.45327324 -23825497.704281952 -34801207.47151122 5382.034667304034 2536.6679617355867 -1736.1156055025315 2.3893006280822857
60041.57934641 8116202.306584472 -41379497.75595526 27420.34552012983 3016.784151573997 592.6305096252858 1.3849301860076075
60042.11542561 -17602570.990419097 38311630.426826485 -32284.950181431584 -2794.4790917881246 -1282.8974382684257 -0.702014134517356
60042.61046184 16683909.364036528 -38726384.38013915 30748.0205555924 2823.230923561086 1217.3257049705792 0.7043170079242996
60043.54405549 242208.90061505104 -42171813.84606818 23197.687987861664 3074.0599938193977 18.43409080270646 1.2815231423004312
60043.73376626 39307056.32475338 -15238084.670170885 23799.141431345204 1110.7736395271108 2867.603959205025 -1.0786733693907484
60044.60729289 17246112.8594608 -38479828.91041446 24836.340769669645 2805.1727404834865 1258.2829729533964 0.23062129550162158
60044.68452343 33232809.852700833 -25945244.48616897 22969.697604249955 1891.490832642705 2424.3469400234044 -0.6448474331402753
60045.54077481 833165.4876136832 -42164576.16261042 20173.352666191076 3073.47104760221 61.48885403152975 0.4341161680349855
60045.54077481 833165.4876136832 -42164576.16261042 20173.352666191076 3073.47104760221 61.48885403152975 0.4341161680349855
60045.66951308 31133326.717916 -28432226.28404169 20038.123266022954 2072.789685992493 2271.160229510703 -0.7276291132434204
60046.54042292 1468016.232853856 -42146815.39244714 20953.316359111843 3072.2247003623947 107.7750935033216 0.4213652122461169
60046.70118854 36520231.0532936 -21064628.82804599 14090.937059461983 1535.5954502725438 2664.166085417175 -1.092939619351073
60047.39216135 -32552923.357648086 -26819919.41105304 9405.46854590532 1954.51107699844 -2372.265479013888 1.288340991437336
60048.26124844 -41880607.25228034 4966532.51212977 -2088.5072222100257 -362.68055996946737 -3052.544782555494 1.1075640596927558
60048.56061387 8224065.631956484 -41361087.126925096 12443.009554020104 3015.0594901484287 600.3760011717013 -0.2112840976116137
60049.41385885 -27515996.211981747 -31965969.50185542 12015.149785514459 2329.666608912096 -2005.1444923786232 0.4794924814667477
60049.41385885 -27515996.211981747 -31965969.50185542 12015.149785514459 2329.666608912096 -2005.1444923786232 0.4794924814667477
60049.58681809 15586607.352028023 -39179265.15956289 11404.465068164889 2856.453984256441 1137.391857874877 -0.5556109806054368
60049.58681809 15586607.352028023 -39179265.15956289 11404.465068164889 2856.453984256441 1137.391857874877 -0.5556109806054368
60050.59217137 17565456.879771076 -38334931.308486715 18016.681255943047 2794.6252328741857 1281.5648578045505 1.0412668972076364
60051.51743329 -1007509.1496703147 -42160623.85612807 10097.650543957192 3073.240351287502 -72.69680372569222 1.4944591809663212
60052.38053451 -32203186.257743035 -27237462.093630116 -10689.941390380021 1985.0024500472575 -2346.8617671879438 1.8201846552315417
60052.5922705 18896226.687514372 -37696047.86477443 22368.36779272212 2748.093947362979 1378.6114804426181 1.2208065704074018
60053.02410569 -1893112.3718231895 42113644.992871165 -13532.64903017567 -3072.2299017191876 -137.33219398519688 -1.856139532753195
60053.55577184 10513286.31917466 -40838148.55121503 19473.94568788834 2977.0187544240603 767.2922318290273 1.7411759724966456
60053.55577184 10513286.31917466 -40838148.55121503 19473.94568788834 2977.0187544240603 767.2922318290273 1.7411759724966456
60054.5277516 3904497.9550952143 -41990267.83252604 16117.927630475368 3060.9024250830953 285.412409867584 2.1556659216883745
60054.70285687 39230045.88880388 -15436895.69540728 33647.70348054212 1125.2600622871419 2861.903792798577 -0.1607756717812153
60055.20669147 -39742397.70814624 14104111.356773242 -32253.308255025422 -1028.9544815314512 -2896.916901228904 0.16806609385337803
60055.49155612 -4964914.43900199 -41880310.54283463 9207.887499122358 3052.729180802382 -361.2364383453746 2.226083689630161
60055.59698212 21897107.222146135 -36034465.07814874 25371.964518769608 2627.0072390997407 1597.4691107934323 1.3498743801388955
60056.2665508 -42116969.98265911 -2226327.0540931085 -26395.48568861549 161.98261445144223 -3069.626770353208 0.8535245314307294
60056.71034115 40354645.88640279 -12191006.248558316 27387.267379574594 888.7905144692132 2944.1164154654957 -0.12482596154854154
60057.59351779 22339786.12326324 -35758568.75360485 19645.93387022532 2607.2482063372117 1629.9139056064246 1.0696205113247532
60057.71396793 40809887.04463116 -10564289.800506445 23684.067382247435 770.1309602509737 2977.403715169074 -0.20256628077223637
60058.59243122 22709279.86728862 -35524744.355947815 19566.964815445022 2590.213351503201 1656.8625064726268 0.9447576954361043
60058.71768476 41204999.052579425 -8897174.387609627 22542.96770590481 648.5339717760062 3006.254148441097 -0.32621351312667185
60059.59296912 23436953.052751783 -35049587.03620104 17045.763512243662 2555.4799486299353 1709.8746355144451 0.7255133031944307
60060.51324644 4395094.869394035 -41939979.277906425 10898.184408344054 3057.4860606510233 321.21252861409306 0.8841711269062665
60060.72490021 41783823.100483924 -5579327.211531073 11620.881114612515 406.4513107696589 3048.42666735456 -0.5818567075190945
60061.20532778 -40896220.3340698 10294863.866978524 -11370.475554964387 -751.1021683099654 -2980.962309400003 0.46879443540610766
60061.57081637 19632452.156995635 -37316260.27329061 12500.960534526075 2720.5873856660814 1432.342694643504 0.37466497266299537
60062.2364414 -42150089.926397085 1407906.6921097732 -4894.3846255509525 -103.19195016525909 -3072.2875087295142 0.4271684978268254
60062.57115583 20352544.641355254 -36928670.734405674 5933.572478424754 2692.280581643427 1484.8318233213918 0.08579647406867373
60063.52285413 9066939.180492742 -41183359.77955109 11144.834968366398 3002.22630818534 661.8101692345489 -0.01692291588413774
60063.59120938 25426729.46766228 -33635161.53674466 10069.307902608063 2452.1575457532613 1854.8842962322153 -0.3582999373243845
60064.29882402 -38951639.81241203 -16175438.709655624 12558.585154842525 1178.6746472742234 -2838.88992710957 0.6644661955630442
60064.29882402 -38951639.81241203 -16175438.709655624 12558.585154842525 1178.6746472742234 -2838.88992710957 0.6644661955630442
60065.23588323 -42170880.53928237 -605353.9865592127 -30426.755222160376 43.50423394805668 -3073.619074213805 0.25058428785088327
60065.56056852 19776390.93554363 -37242269.293410465 16787.04657087669 2714.942732486226 1442.7684565698712 1.8470441280502623
60065.67135388 39078463.53611531 -15817701.737758288 29061.60903951291 1152.9813756157819 2850.8247212054603 0.6264228129674904
60066.38815809 -23132779.818986155 -35267818.590228036 -14109.42859188722 2570.33099549451 -1685.632113763794 1.9300893893242586
60066.38815809 -23132779.818986155 -35267818.590228036 -14109.42859188722 2570.33099549451 -1685.632113763794 1.9300893893242586
60066.60324595 29476370.788119283 -30149070.00288143 22598.99123065304 2197.8551437715396 2150.196952122832 1.418319980743679
60067.20437213 -41700983.14363656 6284399.125474297 -29122.263948731284 -458.81431877043974 -3039.688877359292 -0.18736071497728832
60067.58532932 26472440.26476644 -32817415.40418718 19223.077462501187 2392.5549439514266 1931.212839558672 1.5830440967136208
60067.67861193 40220941.15561595 -12626520.686637491 27899.250361924802 920.304352435657 2934.320791477742 0.5448189859422036
