59945.39488638 -7018678.929458689 -28748691.150397785 24.305388455574242 2012.509248472349 -491.5862870856573 3030.106062002426
59948.32783984 -7057360.007745924 -28739158.848567814 5.651881685344042 2011.9823747645999 -494.28117929526763 3030.025964010952
59948.91442834 -7064804.464002875 -28737342.78760672 40.05659484293451 2011.9256389259162 -494.81597078516154 3029.973763366466
59950.67419526 -7087268.467512301 -28731803.356479485 39.71986802667245 2011.813968941972 -496.4384086099561 3029.783492533074
59952.43395362 -7110271.842829197 -28726139.473236986 -18.333857700629338 2011.721265241777 -498.11617628343964 3029.566789186158
59953.02053562 -7118121.885399179 -28724298.326379217 -8.987360103015973 2011.6726183039834 -498.69167427669976 3029.4890284594653
59953.60711812 -7126012.52546828 -28722340.702210486 -15.630267178142216 2011.628568394079 -499.26583022466457 3029.4238765667433
59955.95344345 -7158690.442581816 -28714157.24309242 -11.248468293971865 2011.305491777899 -501.5971451240855 3029.261645278983
59958.29977362 -7192317.410970214 -28705646.719186854 -27.673941372006666 2010.7606972166293 -503.9317823402758 3029.251776574625
59961.23270268 -7232898.9445615895 -28695553.313251685 34.79680284951755 2010.0111619835648 -506.76118528286884 3029.2620477047813
59962.99246811 -7255830.971412426 -28689783.16957167 5.128221650629468 2009.7531692134257 -508.39264221792837 3029.1570946402217
59964.16563898 -7270866.634861152 -28686030.591293857 2.732133432000374 2009.6706680219615 -509.5076413638104 3029.0164767932324
59965.92538125 -7293754.1613263 -28680322.14470712 -5.837772709173432 2009.599663193312 -511.2478132902447 3028.7553770640716
59965.92538819 -7293717.943422903 -28680239.900396783 15.817129552038987 2009.6234525174084 -511.17947264563355 3028.7644475633997
59972.96435618 -7393823.670137852 -28654990.83207194 -4.643900217557535 2008.159935511501 -518.1847698643654 3028.4866349324893
59975.89729525 -7433241.165077965 -28645131.111544956 -10.052525470599003 2007.5858916548518 -520.9184961496582 3028.347971094959
59977.07047961 -7448340.606833258 -28640572.54471573 21.417450970534645 2007.5370687253403 -521.9522883305762 3028.2950104772553
59980.00339152 -7487356.9019603245 -28630280.09589799 0.05118687745123144 2007.2998227472972 -524.8213302450632 3027.972359981058
59980.5899681 -7495475.185858763 -28628079.980474036 -27.532801659629317 2007.2241513764855 -525.4527743200377 3027.923796750628
59981.17654771 -7503613.3146926295 -28626022.14123092 -19.73059612457377 2007.1402368496015 -526.0344726064923 3027.8678195109387
59988.80211349 -7613299.111072667 -28598329.45201302 15.914227092485522 2005.1787339871928 -533.577357492507 3027.663182600183
59989.97527722 -7628748.555377702 -28593684.50397474 -14.568054284553206 2004.8935056589676 -534.7431101007787 3027.722050060072
59991.14844648 -7644140.222075209 -28589626.7535985 -3.7432107274294775 2004.735630529726 -535.8604603122786 3027.621390804193
59993.49476979 -7675463.9922164 -28581371.508504935 -20.495973942870943 2004.5247260115086 -538.141229238506 3027.336282092911
59994.08134693 -7683572.336782504 -28579200.435805988 26.52307286471189 2004.4610809240098 -538.7275065140581 3027.2730276945294
59997.60080337 -7735212.382890187 -28565577.683255095 -5.322785451138036 2003.5719591111167 -542.3540188717849 3027.168506490469
59998.77396134 -7752557.418639364 -28560937.301296048 -3.159229970078358 2003.1544536414012 -543.5411049754606 3027.222386806204
60001.12029597 -7786013.22588811 -28551993.26144628 -7.5981759617060485 2002.3576561042225 -545.8365753266305 3027.312890194953
60001.70688115 -7794052.747603523 -28549795.03564924 17.332786066177995 2002.2001076940073 -546.3989909730691 3027.3161129398154
60002.88005391 -7809924.503850031 -28545520.253729843 12.345170651883285 2001.9307803144452 -547.5153753690321 3027.283148963673
60004.05322467 -7825585.5773912165 -28541293.26697333 -28.956113578609102 2001.717827677925 -548.6371558534878 3027.21157353448
60006.39955478 -7857161.320484128 -28532741.627120752 -21.75075134634454 2001.3698438814633 -550.9215719332628 3027.0083225773724
60008.15929236 -7881657.971279808 -28526086.820637845 -21.07864548667955 2001.0653796342597 -552.6895842961267 3026.8724593936945
60009.33244887 -7898471.020155847 -28521519.013358425 -9.135511170665907 2000.7944399930682 -553.8814158498618 3026.8220143860012
60009.91902598 -7907007.4525148235 -28519082.632037845 0.41942023415172985 2000.6442551099317 -554.4851533497965 3026.821018966624
60011.09218064 -7924296.505025747 -28514328.54256753 -10.757492111198783 2000.277580890443 -555.6889694126223 3026.8361529227454
60011.09218115 -7924300.705003961 -28514349.638358068 -8.384045263195993 2000.28130656205 -555.6898197492407 3026.8303964810116
60012.85191797 -7950383.18016744 -28507143.974167384 -4.951165851267455 1999.6308071766703 -557.478051389652 3026.923451647791
60014.02508121 -7967572.0675655985 -28502377.32200159 -10.106255512784266 1999.1762081014713 -558.6527397111588 3027.002691407504
60015.19824823 -7984284.645569721 -28497757.09510672 -8.19530972295232 1998.7439903358315 -559.7968229998012 3027.06859165707
60016.37141861 -8000517.140727196 -28493286.44175146 13.888948242855435 1998.3742217398183 -560.9200513972071 3027.0930109850615
60016.95800394 -8008421.846693415 -28491158.237457577 14.522899538678127 1998.2133094544965 -561.4737342338101 3027.083215813912
60018.71775721 -8031797.688374507 -28484645.475974936 -11.287680327802374 1997.867785471241 -563.1485217250702 3026.9903718129194
60023.9969523 -8106294.083927311 -28464022.67720666 -28.234133190251818 1996.6672093991497 -568.4568841624559 3026.7191222996685
60028.68960374 -8174300.789348343 -28444813.052738186 5.651481774042513 1994.80367744513 -573.0926774159606 3027.036814963604
60029.27619011 -8182328.471706401 -28442501.678221036 -15.006298864160117 1994.6191423744006 -573.6515070538685 3027.053029702681
60029.86277657 -8190190.067373394 -28440288.22369375 27.798574043194627 1994.461864009918 -574.1993416400095 3027.045491320006
60030.4493622 -8198074.848069657 -28438078.228996906 18.962562704907466 1994.3006998694239 -574.7559276785486 3027.0369565259043
60031.62253378 -8213710.453378935 -28433659.348974507 -8.774939042467595 1994.0401684842768 -575.8770903028274 3026.9820353385653
60032.20911756 -8221502.883773753 -28431460.210106567 -1.3433500068406563 1993.9236268832049 -576.4374317432937 3026.94434908103
60033.38228168 -8237298.114016528 -28426972.745089963 -26.364494671405 1993.685826042112 -577.5802871916826 3026.870525567139
60033.38228209 -8237213.742688191 -28426974.53299902 17.219687464657305 1993.6943573641902 -577.5755786574726 3026.8692335303717
60033.96886303 -8245267.459753464 -28424692.974334165 -28.591716768439586 1993.5685584375508 -578.1630899362802 3026.8321471762365
60036.31517948 -8278121.6102259625 -28415343.83672962 -5.594612662951433 1992.9881571666092 -580.5119687321883 3026.735883499953
60036.9017573 -8286612.625093413 -28412858.006220054 -39.988865954490905 1992.8093225067619 -581.1123040083007 3026.7399673734544
60039.83465218 -8329482.387189015 -28400452.748696346 3.938668991045807 1991.694912046775 -584.058576921788 3026.8874972279978
60041.00781563 -8346605.1040539695 -28395648.56260096 -28.25976877029788 1991.180827079016 -585.2363930831327 3026.966323351289
60041.59439909 -8354943.363054272 -28393183.519529786 -2.4736341767429897 1990.9345013795323 -585.801560097078 3027.0208990600945
60043.94074254 -8387201.512982275 -28383881.73264547 14.455314698209506 1990.06678486136 -588.0228040909481 3027.130876011455
60044.52732854 -8394898.850677291 -28381479.158819117 21.113860578370936 1989.9154271622397 -588.5430736615028 3027.14728107864
60046.87366664 -8425579.262715448 -28372584.26811165 -15.81380457899828 1989.4215598260846 -590.7519979578849 3027.0133168326774
60047.46024751 -8433381.792343428 -28370266.714734305 -21.40182313334385 1989.3135707011502 -591.3186430648016 3026.9734972699216
60049.21998043 -8457446.204846768 -28363277.061196003 12.183206969316522 1988.934675434841 -593.0517320959045 3026.857941196198
60052.73944388 -8508541.968589531 -28348271.449755635 -4.646268880863176 1987.6245888606093 -596.5919639198246 3026.9818056819345
60054.49919212 -8533669.125031712 -28340768.7612801 42.23570453028592 1986.8546854286155 -598.2847109237839 3027.145343518744
60054.49919226 -8533642.075300973 -28340824.857834823 28.249313253926022 1986.8504724399063 -598.2874468509901 3027.1405965998497
60056.25895193 -8557666.807133457 -28333814.302494023 23.476320969542744 1986.1743205937544 -599.9510277335787 3027.221010652436
60056.84553974 -8565411.621145148 -28331505.5119549 31.589210464691938 1985.9941831765711 -600.4914553109703 3027.2274019007386
60057.43212729 -8573111.541308211 -28329069.98968773 4.131463786763775 1985.8443401689801 -601.0214261881418 3027.235647873929
60060.36505772 -8611270.509484548 -28317655.160539046 -6.54927667783324 1985.1931252453905 -603.7621684863793 3027.094156265337
60060.95163943 -8618987.271805326 -28315431.804226987 -7.669459188059659 1985.0653368584285 -604.3340848379535 3027.045730911825
60062.12480176 -8634726.060342677 -28310655.89152687 37.620359907588835 1984.8099676001686 -605.4659148747079 3026.984045388259
60063.29796021 -8650860.194089947 -28305780.969422802 -15.462947688549523 1984.5040270050395 -606.6305660160035 3026.94379283473
60064.47111872 -8667294.900837373 -28300804.68531359 0.668104986335064 1984.145614492265 -607.7891096416396 3026.938937771532
60065.05769894 -8675617.894410655 -28298299.90667854 9.503378742770865 1983.9428223771297 -608.3765675306697 3026.9476525439886
60066.23085817 -8692328.086593285 -28293248.006486017 7.709478602457806 1983.4949714314503 -609.5339554343342 3026.997252262267
60067.40402184 -8709105.75283797 -28288157.447898503 9.56413707457463 1983.0121469647195 -610.6833876196388 3027.0722216909694
