59945.54875417 -9583310.618558832 23522896.578287985 1253546.1614420004 -1528.3204169143698 -814.4801951757078 3561.6897417829564
59945.54875417 -9583310.618558832 23522896.578287985 1253546.1614420004 -1528.3204169143698 -814.4801951757078 3561.6897417829564
59947.10314538 -4435121.51689434 -15302250.505444873 19838547.79939308 2018.2780270722672 -2901.135211552689 -1782.3691609721952
59949.28391708 -8781169.492582733 23863757.184129793 -435690.7373425393 -1634.8389616815969 -538.6557423654754 3566.645914600082
59949.28391708 -8781169.492582733 23863757.184129793 -435690.7373425393 -1634.8389616815969 -538.6557423654754 3566.645914600082
59950.11317692 9113195.44984496 6915208.74575827 -22742641.65448219 -1590.1734361490253 3593.1239378652926 458.38660881880276
59952.5522853 -8051963.914891401 24050495.13764774 -1886719.6398394017 -1718.5734008167578 -298.78409172909744 3555.27734929597
59952.5522853 -8051963.914891401 24050495.13764774 -1886719.6398394017 -1718.5734008167578 -298.78409172909744 3555.27734929597
59955.82752134 -8321216.106612881 24001260.891565375 -1223066.8409268453 -1682.423639901269 -404.0044390432204 3562.235277814782
59955.82752134 -8321216.106612881 24001260.891565375 -1223066.8409268453 -1682.423639901269 -404.0044390432204 3562.235277814782
59956.41630303 -10291886.279518818 -4018144.6277239476 22909179.52702852 1392.088458213873 -3706.7357805210463 -21.94827612655784
59957.70631762 -9469187.845872957 23561356.673442062 1387581.6217681193 -1525.1942811930048 -824.6701675992618 3560.7165430992513
59963.47106865 -4136685.253938136 -15896782.576571917 19432450.2335827 2012.802748655388 -2837.1250140281263 -1888.1926322854608
59963.47106865 -4136685.253938136 -15896782.576571917 19432450.2335827 2012.802748655388 -2837.1250140281263 -1888.1926322854608
59969.38977382 -8469080.809497744 23975539.68712313 -483872.41797658056 -1643.8158772661916 -510.79746752154045 3566.591670976492
59969.38977382 -8469080.809497744 23975539.68712313 -483872.41797658056 -1643.8158772661916 -510.79746752154045 3566.591670976492
59977.40218993 -13458627.20509256 13323837.271454161 16966656.458000682 -98.78292565637429 -3151.52473008562 2397.206865961484
59977.40218993 -13458627.20509256 13323837.271454161 16966656.458000682 -98.78292565637429 -3151.52473008562 2397.206865961484
59978.41076861 -7948532.280578748 -9552683.653645955 22196972.15189585 1691.8450768765276 -3468.4180715796724 -883.3851176327265
59980.15588062 -9873670.625994256 23225156.512228243 3126428.58036297 -1422.7947561820963 -1082.4023787434269 3534.1738086725404
59980.609612 -8003005.558055835 24113366.76158919 -1132782.246689818 -1683.0616602879472 -393.39478882706175 3563.1655881222055
59981.18178024 -11970117.844674734 1444188.0529691884 22391454.578574434 953.5640729631419 -3768.631899424638 755.1216012815963
59982.49138539 -9539188.629966171 23451760.609893344 2390016.168539196 -1473.3918037320852 -962.7462848203476 3547.9655784411057
59982.49138539 -9539188.629966171 23451760.609893344 2390016.168539196 -1473.3918037320852 -962.7462848203476 3547.9655784411057
59984.3561159 -8773223.00992671 23860421.61047192 670881.9261765318 -1581.822603359816 -683.8859634901396 3565.792691005673
59985.28551308 -7946081.840614832 24133561.61090768 -1104218.0409952959 -1683.1186183787675 -393.303617924221 3563.1409016580224
59985.28551308 -7946081.840614832 24133561.61090768 -1104218.0409952959 -1683.1186183787675 -393.303617924221 3563.1409016580224
59988.60176632 -12538345.937333724 18810168.72477187 11641078.8525192 -732.3197791138991 -2390.1889064049506 3072.3667322998735
59988.60176632 -12538345.937333724 18810168.72477187 11641078.8525192 -732.3197791138991 -2390.1889064049506 3072.3667322998735
59989.52534994 -11645203.96965955 20970098.434580006 8439792.749953091 -1027.2817140615257 -1906.3585968114419 3316.4145432222517
59990.43201307 -8318569.379639058 24032288.50731488 -140314.60833017828 -1631.124297631577 -545.807876089807 3567.2896190910456
59996.10645912 -13319189.506897993 13196804.186495725 17175499.135642357 -106.71267328241638 -3178.780813405709 2360.454090038265
59996.10645912 -13319189.506897993 13196804.186495725 17175499.135642357 -106.71267328241638 -3178.780813405709 2360.454090038265
60000.24904046 -7863426.796933435 24172176.412923593 -806658.849902575 -1671.2618920578295 -426.8361722766519 3564.8965564170285
60000.35353987 -11879645.159567446 1266394.6973423748 22450676.251795784 932.9690218856757 -3782.5980068204494 709.3692038533898
60001.21997417 -11927557.092912246 20163856.238238852 9884376.92752143 -915.8522410390351 -2119.9916184354047 3218.032422441929
60001.26857038 -13045292.631606868 7725363.971526628 20415119.59282083 402.4124241480348 -3592.2668837146553 1618.2765925154326
60002.22575125 -11721923.356171073 659982.2886965441 22560444.78371639 975.4326222845489 -3787.4012109783303 620.1368472685947
60003.15715635 -12021921.057063723 1894339.514957388 22330751.352059383 879.9848484195517 -3777.873163062502 796.6489442160095
60003.15715635 -12021921.057063723 1894339.514957388 22330751.352059383 879.9848484195517 -3777.873163062502 796.6489442160095
60007.25991066 -7344456.779803409 24289542.213850416 -1681190.1052907098 -1717.96593471384 -275.2601239688021 3557.71065901477
60007.25991066 -7344456.779803409 24289542.213850416 -1681190.1052907098 -1717.96593471384 -275.2601239688021 3557.71065901477
60013.41389324 -13207478.039790392 11364458.30023719 18519921.09492274 51.826137664878935 -3358.321225275144 2099.04705099464
60013.41389324 -13207478.039790392 11364458.30023719 18519921.09492274 51.826137664878935 -3358.321225275144 2099.04705099464
60015.22093836 -8928580.513721753 23721179.23424461 2069063.76787489 -1513.2944218696432 -881.2485806697061 3552.342774477385
60017.20211101 -10400974.689920936 -3747289.365271386 22906654.65954261 1260.8510355819078 -3753.1479362059977 -38.61941147773449
60017.20211101 -10400974.689920936 -3747289.365271386 22906654.65954261 1260.8510355819078 -3753.1479362059977 -38.61941147773449
60018.12825919 -11304097.493330842 -797918.9497289803 22768892.183015335 1053.8146060603904 -3796.704443537969 392.70011378057046
60023.63035778 -7847001.921774798 24190166.831289034 -93319.80956584321 -1640.4610504785212 -520.3777951136071 3566.8788948502724
60023.63035778 -7847001.921774798 24190166.831289034 -93319.80956584321 -1640.4610504785212 -520.3777951136071 3566.8788948502724
60025.62610329 -9560581.562806305 -6123708.60010031 22762317.522712793 1399.2450864644572 -3682.0530886063207 -399.7454582311825
60027.38381161 -9485535.263893617 23278641.762199003 3844206.3699095226 -1409.0892160686744 -1156.450163331549 3516.2421675854566
60027.38381161 -9485535.263893617 23278641.762199003 3844206.3699095226 -1409.0892160686744 -1156.450163331549 3516.2421675854566
60030.88183459 8326185.716889831 -24036033.248566926 -1187551.3453195076 1571.9014399379855 718.4238030879478 -3557.519138420444
60030.88183459 8326185.716889831 -24036033.248566926 -1187551.3453195076 1571.9014399379855 718.4238030879478 -3557.519138420444
60033.81996123 8181404.0095407525 9507652.76664334 -22149494.093335308 -1586.5317163675345 3505.18769437325 921.981069330758
60033.81996123 8181404.0095407525 9507652.76664334 -22149494.093335308 -1586.5317163675345 3505.18769437325 921.981069330758
60036.47918961 6265073.714021565 -24497620.716449138 2993827.6602457725 1781.0183347137454 21.525554700056563 -3531.754811552322
60044.3281666 -9755220.889502754 -5664853.304213879 22798321.982584648 1334.6295473390555 -3711.2114192722856 -347.9809566914106
60044.3281666 -9755220.889502754 -5664853.304213879 22798321.982584648 1334.6295473390555 -3711.2114192722856 -347.9809566914106
60045.12451574 -5338223.242190377 24453059.301434383 -4519795.796537481 -1842.387879408866 241.7587116278727 3496.9220072507223
60050.4228924 -7712987.208930636 -10649721.123963412 21778960.357555307 1617.9798690336693 -3439.61080412268 -1105.325823832046
60051.35556973 -8061497.177516823 -9902553.86703207 22003350.893893115 1575.0425798219942 -3493.8332733032635 -991.801984738782
60057.30033573 -7944254.734854156 24125927.708522197 1233877.6883594147 -1581.460146026585 -704.7911789382579 3562.0331912464217
60058.34720624 -10674025.74499921 -2871718.2562649795 22907054.5719776 1124.047411483154 -3796.2922628001475 50.730970796410375
60059.2782274 -11059508.925779602 -1503759.7883695099 22853714.100259364 1027.774002373594 -3815.853078715779 249.04263107145516
60060.89727632 12312532.581711419 -4314520.518592424 -21867658.333881058 -592.1440896450085 3760.325205455554 -1073.0022467941012
60060.89727632 12312532.581711419 -4314520.518592424 -21867658.333881058 -592.1440896450085 3760.325205455554 -1073.0022467941012
60065.47683524 6985960.78800666 -24479325.869179286 618294.2649810441 1676.7822155596791 386.48964854172544 -3561.323631677561
60065.47683524 6985960.78800666 -24479325.869179286 618294.2649810441 1676.7822155596791 386.48964854172544 -3561.323631677561
60066.39433021 4241228.442316766 -24381123.37569077 5984631.10752634 1884.591520747863 -519.024622738791 -3439.056255246017
60066.90592806 10273245.47047187 -22109881.437321916 -7362436.480305022 1198.3627457532577 1679.268083654354 -3373.9667983060212
60067.22697046 -11076801.22112197 -1411369.7794932865 22851143.11736171 1006.4315072626883 -3821.186252732265 254.5752143250728
