59945.25924215 2377157.6561363484 5930861.8722850345 2618620.744293317 -6367.546210965788 3526.293253947098 -2193.2636298037955
59945.5299314 -1256565.8340806158 6725667.310852882 954334.1995968082 -6719.819769437945 -757.8690026415676 -3468.5091610873305
59946.52031138 -463252.57736597146 6825024.570355256 962148.0499346909 -6763.90995226623 35.162212744336024 -3465.9239690533523
59946.82824913 5369028.00093579 -3743456.335432447 2195018.840316959 3286.7534187458054 6303.514382934503 2700.1421527099515
59947.51077825 283288.697162753 6837345.933548194 942671.718511006 -6717.7284558445335 762.9717893263237 -3472.469545298557
59948.16232265 4992757.575067559 3735987.507551253 2961893.2398724095 -3830.997526528729 6376.25178423346 -1575.1676047675535
59948.16232265 4992757.575067559 3735987.507551253 2961893.2398724095 -3830.997526528729 6376.25178423346 -1575.1676047675535
59949.4255792 1760130.9479035425 6613952.944984136 931725.182764623 -6392.567291997233 2197.3145435318365 -3476.192494571125
59949.4255792 1760130.9479035425 6613952.944984136 931725.182764623 -6392.567291997233 2197.3145435318365 -3476.192494571125
59949.80050764 4251743.183107116 -4864280.460343147 2431822.849615073 4770.779598294162 5395.725231795914 2440.561334093414
59950.41589771 2541946.9746926446 6351115.675085772 952469.5742918345 -6081.012532115456 2960.893274794019 -3469.484816946697
59951.0719849 4833228.337838488 4463306.753362369 2095461.3828827378 -4100.825311500867 5761.042489400888 -2793.7318447624602
59951.0719849 4833228.337838488 4463306.753362369 2095461.3828827378 -4100.825311500867 5761.042489400888 -2793.7318447624602
59951.85272347 5246285.929341825 -3134159.778783362 3207604.6413123175 3511.9652190408183 6698.1983340904735 797.7158448458174
59952.39665488 3921049.3901918186 5604670.984326242 953478.3979299585 -5247.324666738639 4268.823022296154 -3469.3648684825907
59952.39665488 3921049.3901918186 5604670.984326242 953478.3979299585 -5247.324666738639 4268.823022296154 -3469.3648684825907
59952.9139288 6053974.449531355 -873562.2322022597 3197119.2290175506 1517.5161059240668 7403.759589707501 -847.0611027897846
59953.38830282 3984268.837403936 5613113.666868234 565231.275313947 -5293.716313369624 4124.6150342311375 -3571.245979325024
59953.95630653 -740067.8985820061 -6701513.7218658235 1492937.4407658384 6882.402213497993 -34.237529450777245 3229.7981796962176
59954.0443915 5798527.627732362 3302930.937300212 1771165.4393132173 -2713.453218741383 6412.911927990252 -3054.528995879481
59954.0443915 5798527.627732362 3302930.937300212 1771165.4393132173 -2713.453218741383 6412.911927990252 -3054.528995879481
59954.04517234 5599619.076341902 3726123.8625043905 1560356.9831267896 -3179.795587816216 6125.32469439695 -3191.2126897054604
59955.30206889 5446762.689944753 4158268.1946661877 853440.8554608857 -3735.3483476945507 5620.799939166201 -3501.2647256837586
59955.30206889 5446762.689944753 4158268.1946661877 853440.8554608857 -3735.3483476945507 5620.799939166201 -3501.2647256837586
59955.86759502 -4024849.0859676907 -5593776.981719376 479042.1705409402 5584.745553407529 -3703.9610597084516 3585.893504921923
59956.86074785 -3251566.7059640926 -5949012.019241697 1318807.108796464 6285.566006003037 -2692.472920436525 3320.2946578752626
59956.94755094 6529223.675109692 49297.058456414365 2240641.661428415 861.2681190550074 7074.361651113366 -2653.6834254187193
59957.28267943 6269870.021523682 2754585.222108106 884170.2819145891 -2292.962405065911 6352.833719861341 -3492.2114071067867
59957.93924046 6631561.139151563 107565.58901623916 1915897.3447899583 742.434348446818 6970.814802975358 -2946.8160397001866
59958.27382182 6418600.3192458935 2464449.1035884474 641749.0035292162 -2091.406017852437 6386.645816629153 -3556.0926959754133
59958.57976747 -3081009.620711559 -5857408.901957138 1972201.3589806801 6576.166276447117 -2475.884755715017 2900.3578667811425
59959.57079088 -3352556.8723289557 -5645348.745567594 2140153.569989112 6504.066403270181 -2812.684858018413 2751.9604530522724
59959.57079088 -3352556.8723289557 -5645348.745567594 2140153.569989112 6504.066403270181 -2812.684858018413 2751.9604530522724
59959.83271922 -4638332.734624654 -4865982.234212798 1585157.240494216 5489.351371962651 -4190.362699628173 3175.5645659006223
59960.63188274 -1194538.3370080865 -6094818.395626977 3015432.5591817494 7427.3972278840165 -735.6052548921389 1446.6212461995192
59960.91160253 6583961.583736891 -1379321.608881162 1554725.4320827588 2132.8405649106744 6562.2242049116485 -3195.0774728465235
59960.91160253 6583961.583736891 -1379321.608881162 1554725.4320827588 2132.8405649106744 6562.2242049116485 -3195.0774728465235
59961.55428566 -2999443.978249549 -5587881.992900692 2730893.7693669857 6824.753472571425 -2670.9531249294528 2019.6879522856163
59961.9025366 6524435.422649898 -1787052.56313868 1382363.9884257433 2453.7545901015983 6400.901559492503 -3289.9667231142193
59962.16904387 6845297.529954351 -621006.5528994581 662896.9281319118 951.2697473744763 6655.150227859235 -3551.4238312963776
59962.54380406 -4053068.3557806714 -4957544.953193206 2584658.4114447236 6154.818235321003 -3857.430776365889 2241.345328495778
59962.73629019 -6380696.667388551 -2358771.109029438 1199147.884429533 2914.3101923083527 -6154.966966946376 3374.852472673155
59963.46565347 -5628741.012537361 -3438348.4565198426 2047780.0680490644 4402.4354486859675 -5509.2223337386595 2836.2388786842725
59963.60486575 -1937335.2897818843 -5795927.515083985 3212739.776701922 7292.07125762029 -2004.1660313947398 776.3303801986826
59964.14934784 6457024.809473274 -2327998.490698005 757350.2662275181 2649.384884930509 6191.593935491737 -3528.260950845811
59964.80541649 4700870.4785403935 -4676216.935096876 1926094.7481149088 5515.267575761213 4330.324788182643 -2938.8440548793074
59966.4393264 -5685432.425725608 -2884518.6676051696 2653322.0917479917 4072.952557965288 -6050.179937632626 2142.3641282826543
59967.61933341 -6306880.915119448 2776053.4425731143 477900.4260686374 -2467.7151793666835 -6230.576147111348 3586.5856726995144
59968.68083747 -6595073.379246435 555522.2347805402 1971269.975115465 278.94232929708863 -7020.499932306191 2902.1126126369077
59969.60166764 -6021212.579619329 3222862.205180532 1027012.6170718354 -2729.5316644096515 -6202.861224238303 3444.168989379384
59970.02582266 3970226.111788206 -5629869.708872768 501693.80983745557 5626.121667852585 3644.9473055244707 -3582.705927569022
59970.33129427 -6371184.848616878 1783077.7553976849 1977637.7916142936 -1043.3898130100197 -6950.845510433431 2896.9995390245044
59971.32314157 -6306295.334788136 1538612.785217651 2353120.012764875 -790.7060172416888 -7124.441526386268 2533.2373959652496
59971.32314157 -6306295.334788136 1538612.785217651 2353120.012764875 -790.7060172416888 -7124.441526386268 2533.2373959652496
59972.59643531 -204190.79014642193 -6695579.043172983 1681579.9818623285 6861.5420667913695 -995.505818245977 -3115.3365267812205
59972.59643531 -204190.79014642193 -6695579.043172983 1681579.9818623285 6861.5420667913695 -995.505818245977 -3115.3365267812205
59972.92940267 1237369.3801943266 -6742268.600789168 850733.6322742457 6700.247635878139 784.2243890125902 -3501.4619854341513
59973.91954961 406470.06188147696 -6839562.903658573 877142.5472367409 6749.805811425942 -50.77061581465636 -3493.4682344067037
59974.56903539 -5251754.738558732 -3181238.667658168 3156344.9100937434 3442.8184249624733 -6701.103553678919 -1019.3945745229116
59974.91178975 784306.2077693751 -6858751.915189557 258031.89890243026 6656.816591941524 621.541622619087 -3613.498542832544
59975.28385771 -4893907.772606777 4290305.198988992 2302293.5118040694 -3983.383705831206 -5936.962703803225 2589.400535291842
59975.55986403 -5434282.341523136 -2921071.559207969 3098131.511607464 2999.776828541378 -6878.967777995824 -1216.800587017953
59975.90043824 -913154.4463295927 -6806408.842958386 745555.814114502 6608.18266487488 -1277.736510038561 -3530.324109263369
59976.48705755 -4914398.97288673 -4052764.498534943 2664006.904043514 3919.3734364236875 -6157.491446053093 -2125.7037588107128
59976.5567624 -3434491.164289007 -5702850.362988452 1837324.6068376978 5507.139757163704 -4291.253976491608 -3006.4251564483798
59977.47794781 -5149731.159740085 -3837627.31657507 2534997.645790113 3558.2704020431256 -6308.915589970359 -2309.3111394522793
59978.32907685 -5957586.283568825 1156104.3052837984 3288031.7366214595 -1486.27585130962 -7457.069375093086 -67.3879419231342
59978.53824074 -4221652.329576485 -5239365.05234691 1556235.4731909435 4873.248428621783 -4882.376799071043 -3193.3189607453323
59979.52910274 -4542408.646762085 -5017790.3027843125 1372806.3784381012 4601.968703222582 -5074.989245816822 -3293.9405148163655
59979.79603829 -3426139.1140141524 -5976153.645620587 511760.8924221082 5676.376742647796 -3567.1399970041925 -3580.641759174714
59980.45059442 -5816980.087654057 -3079090.4131830093 2087124.9575273583 2489.6456252457306 -6614.86065899351 -2801.305562800706
59980.78504539 -4599985.183944014 -5076812.765950697 877194.3163103925 4687.117113859118 -4858.433195215238 -3493.59070809803
59980.78504539 -4599985.183944014 -5076812.765950697 877194.3163103925 4687.117113859118 -4858.433195215238 -3493.59070809803
59981.44147803 -6016437.263995035 -2793289.8407383515 1916864.8958504214 2151.905860750416 -6670.6273565919555 -2945.4819677206306
59981.77576867 -4957583.570399617 -4755140.468027973 716979.1936035027 4379.081462881153 -5107.546359813082 -3537.8252281783675
59982.29233021 -5668706.136228174 2314206.3394278013 3184545.65878986 -3285.8038076939565 -6798.751509866709 -902.6255174762003
59982.43187378 -6270997.036865908 -2206609.312101254 1864564.738288315 1508.1905450992754 -6827.648458431682 -2986.0846072569375
59983.42244271 -6453941.5216055745 -1704127.5613165626 1764028.4918228423 977.1953505607839 -6891.713841882808 -3059.532563945982
59983.42244271 -6453941.5216055745 -1704127.5613165626 1764028.4918228423 977.1953505607839 -6891.713841882808 -3059.532563945982
59984.34387698 -6432320.088207103 651809.4529812956 2418239.1779634757 -1638.9420154751583 -7007.647660484649 -2456.6065899405785
59985.05447792 1413413.5193438807 6300199.24071778 2440099.3796994905 -7175.323601753177 663.3486704798435 2430.2359338889437
59985.1245337 -1089569.032581796 6074063.2020871015 3089536.18771159 -7249.841782730017 -1934.3326897404404 1240.5087395936268
59985.26474598 -5353955.794056369 3168909.2852391466 2986991.2070580744 -4406.731067696928 -6010.319130117899 -1515.4934927695313
59986.23779831 4874332.545073118 4742530.085857907 1195679.3541148885 -5161.51336488451 4444.642244793464 3377.3323062295567
59986.23779831 4874332.545073118 4742530.085857907 1195679.3541148885 -5161.51336488451 4444.642244793464 3377.3323062295567
59987.31645253 -6423111.445102906 1637914.516976863 1926339.3211252918 -2552.5794423418715 -6533.003379475413 -2938.6131236057813
59987.31645253 -6423111.445102906 1637914.516976863 1926339.3211252918 -2552.5794423418715 -6533.003379475413 -2938.6131236057813
59988.30081562 -3724699.3642142946 4953565.30910588 3035204.1642545196 -6362.221941171153 -3927.136316616459 -1394.2435545696221
59988.64145903 -6882434.0010493025 -113583.17788514073 543640.450596873 -177.33639172497246 -6707.38728186376 -3576.2651441826533
59989.56195418 -6178000.503522277 2626056.85859189 1608556.2910421349 -3390.795693551714 -6027.567340301578 -3162.814828844549
59990.19943755 6182041.030030459 2680071.9763476914 1511856.457330526 -3392.182107196481 5993.388335549599 3219.2384091763406
59990.5546603 -6559215.880693398 1975532.6746855208 859237.7649286055 -2367.6360708892375 -6321.676686251213 -3500.4585724537947
59990.86019282 6183413.128959946 2562239.3479659236 1698173.4485148373 -3372.1564882715793 6064.994460790313 3104.2613093074474
59991.2732797 -3121154.7096342356 5520931.193337632 2721957.7872123457 -6764.3599689622715 -2818.4745032753026 -2034.55877624679
59991.5447127 -6275371.050152862 2741490.1897635115 875545.7318318246 -3111.1348882585366 -5993.80178840866 -3495.6073600660316
59992.53480439 -5918766.000282409 3444046.4515722543 876840.4592561773 -3779.342820990748 -5596.792560336042 -3495.262991374296
59992.53480439 -5918766.000282409 3444046.4515722543 876840.4592561773 -3779.342820990748 -5596.792560336042 -3495.262991374296
59993.52527431 -5626932.405177985 3927190.246152323 760909.3520273453 -4172.556833823791 -5288.11882500412 -3528.141316903567
59994.09271465 6737440.562903413 -931970.209274584 1199873.2102124933 334.9770629745403 6802.311967226343 3374.9808288156596
59994.51588971 -5352941.417103562 4319377.189959439 597062.932219464 -4456.407725938787 -5024.057224362105 -3566.2275702518973
59995.43653589 -3161371.5567138484 5924185.602298501 1601848.5917999714 -6419.4712502839875 -2566.0650923484527 -3167.090398793452
59995.43653589 -3161371.5567138484 5924185.602298501 1601848.5917999714 -6419.4712502839875 -2566.0650923484527 -3167.090398793452
59996.42915553 -3846085.957263208 5668328.848315906 863637.6770677976 -5823.46904183055 -3414.6276812446704 -3499.082240353175
59997.08333543 29822.97452566109 6467303.324577765 2413873.2064565513 -7130.2923942199395 953.9314656238715 -2462.790105746274
59997.14769646 1085311.6030073229 6245513.599210105 2732538.9351045196 -7022.364058509335 2104.452759155955 -2017.842309282953
59998.1383294 1455311.208060879 6215424.180698967 2628010.581682765 -6833.008895199109 2523.305372554278 -2180.088087468237
59998.1383294 1455311.208060879 6215424.180698967 2628010.581682765 -6833.008895199109 2523.305372554278 -2180.088087468237
59998.85001091 6269577.512691508 -1508242.1048005333 2468406.2215922596 778.768324520297 7172.365123421346 2395.7134036654197
59999.12894755 1835282.9774988499 6160863.588806358 2517199.3541332404 -6617.699377910375 2926.7644965161066 -2333.5918827728683
59999.70661986 5849451.222182652 -2972828.4331421056 2150528.5538520273 2381.892213256968 6677.775616356801 2742.9139575224685
59999.96658531 4453245.660994994 -5171299.760717015 1057490.4126303361 4774.40660447854 4817.25538986421 3432.810230498628
60000.11953198 2233821.140910415 6073888.267345729 2404841.932347096 -6373.7498549240445 3325.640535812851 -2473.2857370393335
60000.95846803 4612435.213331301 -4888114.926238904 1585558.8682245908 4477.300110299967 5258.984723776042 3176.2974970949704
60001.04684146 1067266.258152002 6631488.613263767 1600391.3596480794 -6662.066433768732 1839.2236465907945 -3167.385169287749
60001.04684146 1067266.258152002 6631488.613263767 1600391.3596480794 -6662.066433768732 1839.2236465907945 -3167.385169287749
60001.89160873 6102188.490160628 -177599.2987983346 3223323.7738266564 -161.35132300305852 7566.305317426924 720.8340465150869
60002.0309099 4661873.146012305 4189401.4363863342 2894690.3020721753 -4328.077435187424 6008.378862857838 -1721.0519501462402
60002.67552937 4013129.487763428 -5303142.105900115 1855639.9706333848 5027.0743938195255 4854.804789817753 2993.328536416738
60002.93870946 3467577.5385047626 -5742171.7373949485 1636088.9346310734 5490.505456661167 4214.718048106668 3145.1518160510345
60003.29214457 2078376.2792101784 6465879.573960814 1249547.2258757066 -6278.28410967256 2669.249762133734 -3353.3506421300835
60003.29214457 2078376.2792101784 6465879.573960814 1249547.2258757066 -6278.28410967256 2669.249762133734 -3353.3506421300835
60003.87284911 6025043.86317756 -784394.0856787203 3276754.949617881 814.6063427900584 7552.347516374948 311.02723589024015
60004.85115938 1243659.132119328 -6685924.498322773 1191476.280053601 6561.837412201077 1825.4690271435063 3379.6206072797468
60004.9387755 4727917.237138129 4550506.119520949 2149167.8244628417 -4226.072616962681 5692.029164098743 -2743.814760875223
60005.78404521 4911478.1093725385 -3742552.1404918074 3084896.6357749957 4029.725633291388 6324.1110006828385 1256.189897311135
60006.26436186 3102924.652672486 6142473.051411769 588945.318330859 -5845.593568599287 3298.723493475623 -3566.1746449652956
60006.57128883 2268441.898630014 -6109290.008169654 2275675.7834847276 6318.782725522309 3323.338811060631 2617.4957698641756
60006.8312697 -243036.60554505888 -6789650.831247501 1224629.5313510098 6809.048876484406 366.1028253292522 3365.356484310155
60006.91430635 6193764.073665909 625169.4445136979 2984058.9575092224 -14.163983671915695 7448.333559303617 -1523.1595407122554
60007.82204948 -548946.2778860126 -6726181.956595045 1452016.252569723 6871.842955293291 144.45747578308578 3253.560080774375
60007.90486382 6256772.333276407 279285.1688673595 2903857.6696505467 463.52898974526164 7395.415405104695 -1700.8152696460763
60008.62187726 3374710.8373224544 -5178252.173657278 3070628.611022785 5902.5498913968 4615.800050462304 1296.8267207764486
60008.83200083 6306821.124197943 1592025.6345986181 2315265.889524661 -842.9747797691889 7103.392555665767 -2573.848189506614
60009.16735794 5298152.476652454 4343135.666614357 876588.059429611 -3920.58845824952 5495.14516677592 -3493.419167405394
60009.88630472 6369528.787198347 -219120.2071591039 2653068.8367945403 1144.9053088780752 7204.734113185199 -2141.1484437241515
60010.72501111 -3255710.7090687375 -5970248.876950849 1183985.397206912 6240.987434838809 -2727.859669127013 3383.1696765735023
60010.72501111 -3255710.7090687375 -5970248.876950849 1183985.397206912 6240.987434838809 -2727.859669127013 3383.1696765735023
60011.71494288 -3923602.621900404 -5554731.471510172 1180767.131236087 5883.252411821773 -3430.8206338402956 3384.5417653373884
60012.13794338 6319015.842466292 2710496.8620030675 650165.0820349641 -2331.495806456864 6301.838770290086 -3553.160912429297
60012.70494491 -4500946.457642418 -5093291.622277873 1201169.90009219 5484.943423413143 -4044.5686548703243 3375.758582731417
60012.70494491 -4500858.40058974 -5093354.662366453 1201223.1276463321 5485.030673515795 -4044.4710723258036 3375.7358102546586
60013.78421285 6661363.372848178 -646511.9594504088 1695523.586976009 1455.509178485666 6785.314715918823 -3105.8043470496164
60013.78421285 6661363.372848178 -646511.9594504088 1695523.586976009 1455.509178485666 6785.314715918823 -3105.8043470496164
60014.56515907 1674445.5637389498 -5830872.174427966 3286750.6512806104 7301.247481152343 2130.673002650669 62.86941982796414
60014.76899816 4836871.183190839 -4036247.8274128046 2817762.7310830294 5337.8634344191905 5084.983499700467 -1867.1800782567886
60015.34573609 -5441407.7631177865 -3973891.145169384 1495881.0695807096 4621.980899639772 -5104.017400439654 3229.066787667697
60015.41579759 -3495481.219391872 -5402688.995151048 2491658.1909969053 6519.911724355661 -3122.6648122780007 2365.229065434445
60016.40633718 -3740153.2515216907 -5173206.953586284 2619574.3756419197 6386.390669197149 -3503.068723589588 2190.431068423939
60016.40633718 -3740153.2515216907 -5173206.953586284 2619574.3756419197 6386.390669197149 -3503.068723589588 2190.431068423939
60017.58825157 -6570762.670953868 -1779062.9497150816 1145679.7002972004 2329.566817775134 -6391.275937479007 3398.5834231792196
60017.58825157 -6570762.670953868 -1779062.9497150816 1145679.7002972004 2329.566817775134 -6391.275937479007 3398.5834231792196
60018.38591821 -4898393.065737902 -4114476.093069733 2587151.7176597947 5335.383633451482 -4937.865931130129 2236.546666120222
60018.93211829 5357429.077950276 -4063862.4746933198 1557632.98837969 4741.052720495804 5015.990275999946 -3192.9572135553744
60019.00175214 6483662.752270626 -2324297.252408272 479701.0148238797 2501.785376291162 6219.470627810292 -3586.986211908693
60019.58800869 2938477.1929818355 -5709783.347224435 2525550.7697161734 6808.580449073564 2472.090707936076 -2320.7420010772885
60019.92196238 4851323.276639851 -4654861.168513968 1560635.0095027944 5290.16324707703 4434.80894335475 -3191.327332133928
60020.5591461 -6729158.578477722 -233052.4459917155 1522855.752931028 970.0391712204241 -6823.065674866811 3212.9668297885496
60020.5591461 -6729158.578477722 -233052.4459917155 1522855.752931028 970.0391712204241 -6823.065674866811 3212.9668297885496
60020.91420861 5358727.788252741 -4264785.6083863955 864461.3315022922 4545.509568404416 4992.583004711908 -3498.5735853681326
60021.90401484 4819286.585227359 -4863782.39040125 875056.8447612012 5105.243211010847 4421.512665544034 -3495.5464786384673
60021.90401484 4819286.585227359 -4863782.39040125 875056.8447612012 5105.243211010847 4421.512665544034 -3495.5464786384673
60022.55329762 -1812730.0651883925 -5864623.90485965 3149612.259517998 7023.800314064312 -2729.167247133333 -1037.7590722996829
60022.89383146 4221780.347966367 -5389423.0976657 880362.2927503043 5585.91051328768 3798.012735462954 -3494.0634370744174
60023.26785244 -6501774.701963549 -48940.09681312707 2316883.6384414756 976.0311629235358 -7089.049719715422 2571.790496096333
60023.54369767 -2140730.633793191 -5783362.57375209 3093908.659877002 6802.888847089044 -3174.391074520566 -1225.148273519776
60023.8841747 3839030.2226786464 -5690643.252924683 723491.8119588583 5783.404580390896 3445.5991714404336 -3537.7394388876132
60024.53411067 -2458358.593161649 -5692254.8059257185 3026537.813576325 6557.099855627686 -3585.4369884978955 -1415.503303682534
60024.53411067 -2458358.593161649 -5692254.8059257185 3026537.813576325 6557.099855627686 -3585.4369884978955 -1415.503303682534
60024.87465102 3503854.869232888 -5924366.827796199 521441.2970148396 5910.3516054591855 3174.746504990975 -3580.8353630316487
60025.79479084 737919.9328124753 -6671025.754645614 1606363.9440401872 6916.39333516136 -0.7118282543698115 -3164.296415134351
60025.79479084 737919.9328124753 -6671025.754645614 1606363.9440401872 6916.39333516136 -0.7118282543698115 -3164.296415134351
60026.51486984 -3121287.772593904 -5443677.409302943 2869952.4416610654 5975.703687628675 -4360.064112134585 -1768.8425492189015
60026.78718012 1488747.6416897126 -6684834.297403222 858329.5724035634 6672.110652525256 1032.3261079895385 -3501.0141774205126
60027.09161392 -4924211.758478751 4626692.824282266 1423533.0577820535 -4170.195449105543 -5451.545575683405 3267.480402155988
60027.50556701 -3287911.8585656537 -5421993.338071639 2721857.102082356 5768.315649344242 -4520.480876916506 -2033.9596291321627
60027.77692836 686705.0401135591 -6812389.950584322 872032.354667084 6749.656317237598 229.1658481317329 -3496.89991930803
60028.15224523 -5814513.259963187 2664924.973171782 2596700.1106040357 -2180.2473725391956 -6935.820528448331 2223.5399038546107
60028.76669678 -107199.18066030843 -6845609.032877749 876710.0348525797 6731.145812245851 -556.2842236327571 -3495.4699099070554
60029.21254757 -6090388.96792157 532545.7367052998 3202915.497000377 -226.29419166166048 -7555.811532050823 819.4678463722407
60029.75673499 -740558.3585072565 -6816294.998417819 797348.5648900941 6645.339721856235 -1136.5494337709792 -3518.4686284682484
60030.46464868 -5697107.55971508 2423260.018335344 3052107.05763429 -2301.7183816129673 -7119.482452302504 1348.8620228047562
60030.47657132 -4303353.563413911 -4834692.598830631 2395627.632334993 4712.263770982982 -5427.341097767972 -2483.9484644238164
60030.74724642 -1098011.5094946425 -6791246.117866303 569880.0131944361 6573.018980432199 -1365.2399004389047 -3571.7970285312927
60031.39705838 -5710998.817571819 -2484659.0985607523 2973785.4816431496 2277.47453274233 -7087.932554365181 -1547.4872377704671
60031.66739916 -3672531.125493983 -5611671.846555843 1632742.3698430613 5335.459798258365 -4410.320292123837 -3147.818118973182
60031.73748109 -1606362.6203310043 -6700495.019593947 423297.0865416267 6459.39965119148 -1778.3648597079252 -3596.4051350389072
60032.38738684 -5877588.016157346 -2173008.746964123 2892879.3881111117 1805.8713847634376 -7182.117933227459 -1724.0744110439657
60033.29486789 -1065778.4110910324 6626372.905258227 1620529.791054584 -6665.678681636833 -1846.764824950367 3154.7347099544586
60033.38356977 -4475148.111258401 -5047413.2666247515 1466345.4333365809 4648.1770061927855 -5067.144173087994 -3245.7973261820425
60034.36833889 -6142383.228861765 -1705475.0538111764 2647317.6451186202 1073.9089509786675 -7213.128122988053 -2151.0210812119594
60035.35862174 -6277342.241476515 -1337041.609274304 2541097.7910574777 604.236826433523 -7221.100601942906 -2301.4388495216126
60036.27903012 -6017745.25408852 1425674.6198807054 3065691.791487506 -2354.289686150478 -7109.080070647081 -1311.8406201017385
60036.34889014 -6391431.735330238 -950145.9151115896 2429094.1907859365 138.63076160124396 -7197.980485422152 -2443.9345459851306
60037.26931854 -5962366.167858233 1766094.7869660854 2996149.49244781 -2799.698330156072 -6908.740197526887 -1494.2861179053145
60038.25958622 -5885585.610254133 2117302.2804708523 2919531.734745671 -3232.264537306149 -6676.1625910216535 -1668.3212903232854
60038.25958622 -5885585.610254133 2117302.2804708523 2919531.734745671 -3232.264537306149 -6676.1625910216535 -1668.3212903232854
60039.24985942 -5792796.432242245 2463367.5744195366 2832545.2755375155 -3633.8144249067623 -6419.220051517142 -1841.4406445116203
60040.24045413 -5790502.692658076 2635330.4407573496 2678728.613035299 -3813.3151472323207 -6232.121444950694 -2102.557795047298
60040.24045413 -5790502.692658076 2635330.4407573496 2678728.613035299 -3813.3151472323207 -6232.121444950694 -2102.557795047298
60040.88691737 2047291.4346963177 6049200.5285774665 2615362.0906591667 -7131.997767147283 1462.151240299206 2197.9046535619013
60041.23069201 -5657703.943772901 3002128.559107242 2574622.878500708 -4180.988983889671 -5936.053156286703 -2254.9675197833217
60041.87666572 2686654.7548135375 5787505.294368197 2627868.2421075124 -6936.89749273766 2229.1225783168074 2179.5575459713386
60042.22091549 -5496947.236903594 3370333.9490750507 2464868.919815031 -4526.086959070277 -5617.9926385051385 -2399.2618472957383
60043.14130491 -3422191.231022744 5178319.688570605 3017374.7026365693 -6589.465847360563 -3510.523072450093 -1439.795927330765
60043.14130491 -3422191.231022744 5178319.688570605 3017374.7026365693 -6589.465847360563 -3510.523072450093 -1439.795927330765
60044.13152417 -3134570.8081762143 5397703.385645019 2944172.52155563 -6776.313758664296 -3049.6953520625934 -1613.2115912233528
60045.12174791 -2837304.0352258207 5602788.099867419 2861058.2615834987 -6923.565977214159 -2588.598606191522 -1785.5943700117032
60045.12174791 -2837304.0352258207 5602788.099867419 2861058.2615834987 -6923.565977214159 -2588.598606191522 -1785.5943700117032
60045.95911569 6867895.590757934 -485725.03820898384 484024.60423142667 216.43825918801306 6702.299230336281 3587.5385869254956
60046.04861625 -4065153.487640521 5106788.288271667 2244479.8219166575 -6101.035192980084 -3684.7614126460535 -2648.9017526123585
60046.82875517 3576231.490601174 4984892.800743143 3155159.2237061476 -6415.247507326391 3958.4673328472954 1017.0445616198256
60047.10252396 -2406273.771620387 5920295.027183135 2604990.1879652436 -7029.529104608377 -1877.910452990224 -2211.2680707101877
60048.02852064 -3154313.7237100247 5769281.016188966 2098284.91118214 -6586.695618951751 -2579.0221398830013 -2790.863733780617
60048.02852064 -3154313.7237100247 5769281.016188966 2098284.91118214 -6586.695618951751 -2579.0221398830013 -2790.863733780617
60049.01872858 -2810197.147309447 5992850.940110685 1955592.773765383 -6679.041292704553 -2173.925294753912 -2914.1769133404728
60049.92127911 6562306.167718126 -1461613.4179017174 1555970.1267021506 764.757353590215 6860.068634658909 3194.4736436433504
60049.92127911 6562306.167763704 -1461613.4388307787 1555970.1177586124 764.7573648581673 6860.068626573025 3194.4736439368517
60050.27353493 -2666066.1949397223 6157514.998949967 1617150.5126481394 -6614.560769694899 -2027.870948068462 -3156.6067210546703
60050.91133583 6405380.885260715 -1944093.9214968854 1677031.1697400322 1248.4603446233957 6823.7242072099825 3118.8084226450665
60051.26577251 -3411436.0754261133 5939696.249690609 857121.0559903197 -6062.061715014036 -2969.1481327295055 -3500.4046425246306
60051.26577251 -3411436.0754261133 5939696.249690609 857121.0559903197 -6062.061715014036 -2969.1481327295055 -3500.4046425246306
60051.90072144 6101285.736190776 -2789578.942909865 1618047.3462924138 2161.6613519338903 6573.30724542403 3156.31095285172
60052.25515912 -2590502.667430942 6331412.802730505 921358.206394259 -6421.814206538951 -2114.0915695629074 -3480.6454698476778
60052.70025831 5966340.171739771 1473668.0415937551 3133143.0712808073 -2344.3344136493174 7153.600273501907 1094.345398507231
60052.91039937 559064.3981546477 6533633.060715006 2147256.3438163586 -6932.800170745968 1501.068082580201 -2745.237579612159
60053.81111814 4294122.928990276 -5345103.749428701 802910.0481344328 4983.813551355269 4540.276977624851 3515.9698966972287
60054.23447678 -1164322.4956607523 6746234.277771301 877963.7932213726 -6718.137464394473 -698.4994082109961 -3494.611376007854
60054.54154611 5562172.530149893 -3495468.6681912155 2113098.1536712996 2975.256704365255 6424.728780306953 2777.0967099894497
60054.80190485 4199708.377697683 -5353057.41377318 1164123.529243014 4972.768306756181 4646.94797732685 3390.7212595402866
60055.22483042 -836715.4663841517 6821236.801726032 640569.6100236592 -6704.307533383908 -482.3801605356607 -3556.9890918345145
60055.79192543 3768782.86910892 -5636241.355924596 1295205.6453181973 5298.981714061535 4316.747756598887 3332.265196399661
60055.79192543 3768782.86910892 -5636241.355924596 1295205.6453181973 5298.981714061535 4316.747756598887 3332.265196399661
60056.52446682 5719052.59819898 -2585502.809198691 2865739.6077803313 2284.9186859032325 7033.929569810664 1775.1658985743052
60056.78268281 3671873.2959899497 -5612745.791554593 1630376.5327175958 5333.756680275257 4411.383340928752 3148.0903594926203
60057.44230427 3191503.091662162 -5905569.199608813 1607918.7998187216 5683.196799764608 3939.3727664463877 3162.0559139789484
60057.44230427 3191503.091662162 -5905569.199608813 1607918.7998187216 5683.196799764608 3939.3727664463877 3162.0559139789484
60057.85481035 5265929.927810352 3439197.8124930714 2834210.0290733124 -3316.4201051407704 6595.059655108847 -1836.2857752367565
60058.4324467 2804808.6803518035 -6053898.790713827 1768725.0219612506 5930.852210422131 3647.2754072063212 3055.791957679476
60058.4324467 2804808.6803518035 -6053898.790713827 1768725.0219612506 5930.852210422131 3647.2754072063212 3055.791957679476
60059.48931094 2765798.270000347 -5961174.144479921 2110542.278579149 5990.202499340193 3769.6579866000748 2779.370530615266
60060.10556507 3476153.5300173825 5883837.764881135 959624.4053723337 -5562.316151543382 3856.845493512302 -3468.9579864132356
60060.47982356 2596592.6204657117 -5952532.716089334 2336949.404551674 6142.408866242846 3686.3271986130694 2549.5039026632326
60060.67334358 -42716.81431394096 -6799123.654900937 1197757.0994187247 6788.8943824204725 557.3354587763894 3376.046282208493
60061.61205772 6033220.883802262 -1019810.3479212455 3187541.949583979 1711.1187092899443 7357.528808652186 -885.8141346452067
60061.75158163 5608677.461885852 3564150.8217122513 1858105.8268183921 -3014.917315030256 6309.683536713272 -2991.8214420430086
60062.60218363 6000497.392167553 -1328368.938838187 3135839.0444249925 2164.2847841677444 7209.327755059517 -1087.891747821014
60062.6721995 6308151.911770013 1180449.4852616813 2534131.9834801517 -423.9429431543738 7234.149814604272 -2309.9668790945702
60063.6654042 6138030.575690732 2683415.22302358 1656926.8752709173 -2046.2715395229095 6621.589190498693 -3132.3653254577107
60064.58246786 5909907.812100371 -1928216.239704949 2994552.525636577 2987.6563881815946 6831.501434749687 -1496.28772294308
60064.72171704 6311163.063275395 2401590.775545218 1424699.6634586558 -1782.8014641118223 6631.5542185155 -3268.4257417822046
60065.57259767 5843875.219232197 -2238154.492701393 2908009.5924231946 3371.6553521578303 6603.157550694938 -1691.4086110058545
60065.64261505 6567158.9154472435 130091.13226626764 2116580.2247166843 757.0783319829904 7039.999851851339 -2774.8678654471023
60066.31958569 669851.7444606323 6330240.591154467 -2674521.349024538 -7300.369797710577 -117.74780277935204 -2111.0477338842297
60066.49268785 4091055.6491423617 -4509881.717296694 3246913.1721324087 5815.451472250696 4866.027795434044 -569.1145099024309
60066.63274468 6612592.475164263 -243637.2824158661 1960696.7040228744 1120.9965962681938 6935.4132145593985 -2910.8622854039986
60067.34271163 -1009919.2387540616 -6233446.095210852 2785038.610099485 7348.113978849944 -326.8581472265772 1926.7067191568024
60067.34271163 -1009919.2387540616 -6233446.095210852 2785038.610099485 7348.113978849944 -326.8581472265772 1926.7067191568024
