59945.23614697 -2326682.2545053447 6753154.573463512 3.918834041308243 -440.3310493947727 -161.9522036763155 7456.332662097547
59945.58369491 -2309404.947066799 6759075.696049368 -3.7707431569243712 -440.73694328681273 -160.84679177433782 7456.338872750759
59945.7227141 -2302490.585776611 6761432.636988188 0.5482374874898085 -440.89635898686 -160.41045823700728 7456.340116744707
59946.27879051 -2274817.209519298 6770777.701818088 1.4528579344885075 -441.532710576373 -158.65637548446605 7456.354328079063
59946.34830015 -2271353.659253348 6771939.617356926 -8.112625691740368 -441.61544471742747 -158.42582545436304 7456.3553658742585
59947.52996205 -2212399.911907841 6791396.095794108 4.730614467953304 -442.93908117200175 -154.70014548183843 7456.3855228161965
59947.52996205 -2212399.911907841 6791396.095794108 4.730614467953304 -442.93908117200175 -154.70014548183843 7456.3855228161965
59948.57260365 -2160242.0691452017 6808130.90574906 4.238685814672585 -444.0868453575353 -151.38619766848498 7456.418254280452
59948.57260365 -2160242.0691452017 6808130.90574906 4.238685814672585 -444.0868453575353 -151.38619766848498 7456.418254280452
59948.64211319 -2156760.66438384 6809235.230046734 8.310269910292304 -444.1615593257006 -151.1673244760487 7456.417757897204
59949.26769808 -2125403.579770783 6819063.718979563 3.037359748364895 -444.83901670635527 -149.1699264754497 7456.441078177063
59949.33720741 -2121914.8169397316 6820147.796782892 -8.242133075652179 -444.9171264761938 -148.93681429124953 7456.443199360097
59950.24082914 -2076517.5373199068 6834064.195021181 10.710864848638593 -445.8828243156583 -146.07721879080745 7456.48266092918
59950.5188667 -2062529.8803682718 6838287.259525308 -4.322598307927416 -446.1798905239664 -145.1700089103539 7456.494087382654
59951.28346899 -2024031.211086233 6849737.375676177 1.7815939032419696 -446.9847451493386 -142.72876638146775 7456.534625862427
59951.28346899 -2024031.211086233 6849737.375676177 1.7815939032419696 -446.9847451493386 -142.72876638146775 7456.534625862427
59951.56150606 -2010012.832147136 6853852.032681846 8.647659700303768 -447.26809715095555 -141.8428637406708 7456.546111018195
59952.53463566 -1960880.2923257563 6868022.896135109 10.17160831370238 -448.2531794763428 -138.71400818300782 7456.592073837394
59952.53463566 -1960880.2923257563 6868022.896135109 10.17160831370238 -448.2531794763428 -138.71400818300782 7456.592073837394
59953.50776427 -1911655.7918663 6881827.702632787 -6.19802080441751 -449.2353477000979 -135.5611661667578 7456.648209653322
59953.71629179 -1901093.6238916528 6884742.130164366 3.2818390481979662 -449.4368843839359 -134.89566437538642 7456.658638228705
59953.71629179 -1901093.6238916528 6884742.130164366 3.2818390481979662 -449.4368843839359 -134.89566437538642 7456.658638228705
59954.341874 -1869377.7605136905 6893383.403506722 8.41317086639913 -450.0408350219121 -132.87936875297297 7456.695581156238
59955.31500115 -1819973.9478292647 6906528.219459286 -4.192271125494935 -450.9817394565898 -129.71585448214344 7456.756051421366
59955.52352826 -1809373.1013734108 6909298.134564349 4.783636596406341 -451.17494478061997 -129.04757598909632 7456.770682263303
59955.66254638 -1802291.9551456706 6911142.36834199 4.211140862606502 -451.30571805406504 -128.5914039571744 7456.776801718166
59956.28812757 -1770466.0041779145 6919318.353851022 3.086276236431968 -451.88407502511075 -126.55816510706182 7456.82138590647
59956.9832174 -1735046.7355293215 6928235.087760206 -4.5207922213137595 -452.5307881840966 -124.29006753672721 7456.8689919575845
59957.33076203 -1717319.9723261811 6932622.716608034 -1.3934895086604722 -452.84365766754564 -123.15362971245266 7456.896215277963
59958.30388607 -1667626.5843809573 6944670.411841651 -3.338490444923859 -453.70462044429286 -119.9657016098329 7456.967737708407
59958.51241277 -1656967.3009812618 6947206.552262025 -0.9132339545894731 -453.8857210999738 -119.28368535696733 7456.982739318718
59959.48553574 -1607170.2825965958 6958815.326126757 -1.4848257218950371 -454.7323758629737 -116.09221305873467 7457.060276854787
59959.48553574 -1607170.2825965958 6958815.326126757 -1.4848257218950371 -454.7323758629737 -116.09221305873467 7457.060276854787
59959.76357084 -1592915.6255329151 6962070.851183023 -2.943332354545788 -454.96765417690125 -115.1733171504701 7457.081581971259
59960.59767453 -1550158.5238962623 6971638.892661286 -2.7971130047676938 -455.6631162882874 -112.41308111597039 7457.156231672163
59960.6671832 -1546592.3042902087 6972424.658331492 4.807906487597876 -455.7186444057024 -112.1904102415406 7457.162439660803
59960.73669189 -1543012.2914423933 6973209.604867121 -0.7744275269805272 -455.7899689863621 -111.95662481763276 7457.169550075395
59961.50128643 -1503748.7917382212 6981714.897869748 2.0234980018575834 -456.42350663121704 -109.42164076256662 7457.235192036541
59962.47440552 -1453695.9181749416 6992215.868851501 6.593441432305901 -457.192458924299 -106.19236412321739 7457.325662026032
59962.47440552 -1453695.9181749416 6992215.868851501 6.593441432305901 -457.192458924299 -106.19236412321739 7457.325662026032
59962.75243954 -1439384.5514478204 6995151.652405095 -6.023111780566941 -457.42561168565925 -105.24704467854879 7457.349339977511
59963.30850727 -1410745.7619562028 7000932.16252159 4.629063793216777 -457.8492227072103 -103.40660391180266 7457.400353691256
59963.58654069 -1396416.6072728683 7003779.310669071 -8.696013823628894 -458.0626572038244 -102.46333131883391 7457.424868582373
59964.49014958 -1349798.1187154134 7012830.694503792 -2.4938504030023436 -458.7601763715628 -99.4435717018677 7457.505744998135
59964.62916622 -1342623.252179542 7014196.62758204 3.62010559475563 -458.86049655950234 -98.98402815336408 7457.516856261255
59965.6717902 -1288738.36752958 7024197.300950665 7.056829581267811 -459.63325556505316 -95.49319664596148 7457.614322920778
59967.13146212 -1213185.0770315689 7037506.402786026 -2.1390167971945537 -460.67788885981145 -90.56658365942486 7457.746050259921
59968.17408347 -1159139.010369085 7046511.234644293 -2.887785382005291 -461.37609792360394 -87.04521125188042 7457.844345415159
59969.28621181 -1101406.2916536706 7055666.161187384 5.191589410174819 -462.09055022664126 -83.2795060931228 7457.943843507371
59969.56424369 -1086967.9616783655 7057880.444357632 8.236584934906134 -462.26121190554716 -82.33597672820676 7457.968419798018
59969.70325961 -1079733.7983854802 7058976.683554987 -1.9139123070832902 -462.3608585629478 -81.85275598101319 7457.981884006852
59970.60686263 -1032745.6814737072 7065921.875553015 -8.16994403453849 -462.9145024560376 -78.76868677994172 7458.064066605871
59970.7458784 -1025504.0591338315 7066956.107185705 6.47890797665277 -463.0080186800639 -78.30409517661674 7458.084069436676
59971.57997299 -982083.1163910585 7073048.216585301 0.3349497855446516 -463.4989081425556 -75.45265078134894 7458.1573787120005
59971.71898867 -974833.4533929257 7074036.597210089 -12.474211033144005 -463.59157336665766 -74.9665565221747 7458.171231148125
59971.92751219 -963978.1969484419 7075506.848972585 -0.04570578312828666 -463.70535568912044 -74.26836356200484 7458.1886208216665
59972.5530826 -931371.8131213913 7079816.451863029 3.9230405304614986 -464.0604164137603 -72.12320311171192 7458.2453781017
59972.90062155 -913261.5896928796 7082140.195419567 -0.9474834885855112 -464.2467009962894 -70.92775930564649 7458.28120602234
59973.10914494 -902368.172715276 7083515.33073613 -0.1689968338415328 -464.37022998601327 -70.20962492659427 7458.301924981387
59973.66520714 -873363.4587343223 7087101.378506457 0.5757016914926748 -464.65832808571156 -68.29638549341483 7458.351516124482
59974.1517615 -847971.8791396882 7090147.178808806 3.7648979102802143 -464.90211225793917 -66.63383578082082 7458.389504688089
59974.22126928 -844344.642507438 7090574.499602881 -7.487087634481737 -464.93795069425045 -66.38379225627693 7458.39518539623
59974.91634665 -808043.786126176 7094747.325200156 7.477028347458982 -465.28789186464206 -64.00701818541111 7458.451319955573
59975.12486979 -797143.1551705695 7095962.120165445 -7.048357263484936 -465.40203833526016 -63.27338317776689 7458.468974416787
59975.88945443 -757183.0527457371 7100268.426625859 1.2880239219926 -465.76975334836413 -60.639671416834766 7458.538618269819
59976.16748521 -742642.20480154 7101778.431055814 -5.86247043350446 -465.9085717667482 -59.67733994598834 7458.564090248408
59976.23699289 -739010.1910421593 7102152.689498633 -1.4712641221834242 -465.9390834139483 -59.441408817645666 7458.568790531564
59977.55763831 -669898.3630977741 7108899.66478301 -0.2572409751028648 -466.5313312746357 -54.87237138717992 7458.674471583065
59977.69665356 -662625.9967510825 7109566.609610187 0.5615405556212744 -466.58871390398923 -54.38924147682766 7458.689505111188
59978.25271446 -633518.8448372063 7112175.63359885 3.682366185539143 -466.82475557900824 -52.46276783342693 7458.733406966553
59978.8782827 -600737.8390501866 7114971.658426801 6.331680288979137 -467.0796194496029 -50.28807577895312 7458.7812857024755
59979.15631293 -586167.8497274077 7116164.808036389 -4.214771003200025 -467.19803049539485 -49.307934644072304 7458.802984655228
59979.57335817 -564316.0928966379 7117905.695200441 -6.862348453693682 -467.3504783309156 -47.852673039634425 7458.828794416722
59979.71237325 -557023.3276506835 7118467.213388949 7.237844229525255 -467.4124812835815 -47.3823330096842 7458.841236205199
59980.54646351 -513275.3781345183 7121691.176266581 1.0282062374746788 -467.72833809919393 -44.463374350855474 7458.905243869594
59980.89400084 -495049.68113460013 7122954.46104276 -2.88207776864609 -467.8567711240778 -43.245977390096705 7458.931861972163
59981.51956778 -462221.5795423852 7125111.3385093985 3.503659523018563 -468.0564536070319 -41.054377993330085 7458.980811210195
59981.72809008 -451264.3235395339 7125797.526837936 5.526136906248691 -468.1467930354842 -40.32441131791692 7458.995762910575
59981.86710491 -443975.3925696389 7126241.879880188 7.801606262876616 -468.1889837998553 -39.84034908978603 7459.009503230113
59982.56217851 -407487.7086415621 7128374.862225884 11.252793354008894 -468.40520663455595 -37.40037246039675 7459.055237462606
59982.63168587 -403829.33375432517 7128578.080210576 6.79474051915028 -468.4381439813261 -37.151928430635536 7459.059470824096
59983.18774448 -374635.23311782186 7130132.824300441 -0.8528404303252645 -468.6037228298573 -35.19788467025707 7459.098009825397
59983.53528088 -356376.5058430688 7131044.413294405 -6.066734112083009 -468.6822675966008 -33.96863309172653 7459.122954524279
59983.67429548 -349070.38935734343 7131396.121459162 -0.42700946230090353 -468.73061113213157 -33.48557505428093 7459.131999224201
59984.23035338 -319865.84308192896 7132727.2499809 -3.231000749644936 -468.8810183676188 -31.526251977010514 7459.1695683335365
59984.71690389 -294292.7291205342 7133797.712306238 1.5077833906603118 -469.00716735156954 -29.815727384821717 7459.199018148162
59984.85591814 -286995.39096777234 7134083.025013737 -6.745064237791472 -469.0388403231075 -29.318710455531352 7459.210555920324
59985.13394685 -272376.7209391362 7134638.167354852 0.5623491644393434 -469.09942329985796 -28.3484574319379 7459.228719203602
59985.69000382 -243147.41715710252 7135660.134235865 -5.998652690464846 -469.2286428586281 -26.371634899743068 7459.261844674961
59986.10704613 -221226.50617294683 7136350.9865765 -4.893128178149743 -469.3096245168726 -24.90472913855215 7459.284059861981
59986.17655332 -217576.81438197647 7136459.204454282 -7.175402348193304 -469.3227944117428 -24.657026303218746 7459.288194955339
59986.66310288 -191992.0772429597 7137169.53582782 5.248636623673412 -469.42339313104776 -22.948747555410232 7459.311442387747
59987.08014486 -170066.42472576987 7137699.707218152 -0.3439178352830859 -469.50711546177996 -21.47152454024705 7459.335890504207
59987.7057074 -137163.47903223636 7138374.71439283 -0.3940255484095583 -469.60416765700666 -19.25504595495702 7459.368716789487
59988.40077675 -100620.26941783642 7138944.507285409 10.340931319222841 -469.69969282675686 -16.804438852759542 7459.407712303054
59989.09584536 -64060.56830914659 7139335.182354796 -8.445282867220763 -469.7952136553054 -14.32407999160718 7459.4377551463485
59989.3738728 -49432.17610107093 7139436.357210097 -1.2721976751517035 -469.82462203907164 -13.345664107325286 7459.452602270206
59989.65190014 -34803.40537185763 7139518.603320139 1.3556665471271543 -469.8643419311508 -12.364840773758567 7459.4559323213625
59990.13844769 -9209.236523260884 7139579.836114113 9.723499847736958 -469.9198264328207 -10.645650820714927 7459.472915751003
59990.55548784 12722.267026453039 7139557.442470837 4.808782513102064 -469.95122929157986 -9.160415066125434 7459.48868587813
59990.83351467 27364.109208726994 7139503.119126878 -1.495615550039745 -469.9827176063132 -8.167201193328065 7459.500449739612
59991.38956809 56609.44048239655 7139311.0275182035 -6.929977730304409 -470.0260310381955 -6.186832829404675 7459.519110994829
59991.5285813 63923.093762760036 7139246.7341897255 2.2019638386968023 -470.03224962006107 -5.703561275242022 7459.5213693786745
59991.80660769 78538.68536292767 7139092.116138412 4.450460767508629 -470.05627146685407 -4.722743853257448 7459.528839786261
59992.36266054 107793.85607525792 7138698.552282522 6.763840671999722 -470.0717529568863 -2.7519684920921916 7459.540673583871
59992.84920654 133385.3173299908 7138258.200166562 -5.817593135824566 -470.104141962383 -1.014042930746043 7459.547020418598
59992.84920654 133385.3173299908 7138258.200166562 -5.817593135824566 -470.104141962383 -1.014042930746043 7459.547020418598
59993.54427151 169948.38637249073 7137465.3525198605 4.71501602979624 -470.1028248584525 1.4472480355778727 7459.561656182121
59994.37834919 213806.9064405273 7136270.528159678 -4.446892578514162 -470.09649389042886 4.4195798790015015 7459.575480294821
59994.58686841 224767.25470725738 7135931.986336432 -6.583986082423563 -470.0885965773213 5.1622748347792236 7459.5770141089515
59995.55995776 275935.45749927836 7134124.043785052 6.7776125564151934 -470.050666935323 8.598583245419112 7459.587005016352
59995.62946412 279584.40448561317 7133978.50515181 -6.865713726861957 -470.0456365943929 8.859160259895004 7459.5904948256075
59996.60255256 330737.24462043756 7131782.082295933 7.4432295171629494 -469.9798289808072 12.307680464890247 7459.595974511935
59996.81107148 341691.25414374686 7131267.027519214 -3.7831342904827197 -469.95935196242533 13.04842515357972 7459.594187339044
59996.81107148 341691.25414374686 7131267.027519214 -3.7831342904827197 -469.95935196242533 13.04842515357972 7459.594187339044
59997.50613408 378216.60517194483 7129423.215078235 -0.2982356816389346 -469.88288705808304 15.518944581158552 7459.592617876413
59997.78415905 392824.55299012194 7128633.709921046 -6.977285394368662 -469.86140514280925 16.51198290342625 7459.5908558945175
59998.06218386 407430.04923660995 7127813.391041332 -1.7314807627621276 -469.82561668435665 17.49148872051198 7459.5907112753885
59998.47922116 429335.4842108438 7126529.773269073 2.312233876870614 -469.7672013572081 18.97236857683317 7459.5873857439365
59998.82675216 447593.09561469906 7125410.589981207 8.88737573184643 -469.715346852936 20.19850141721292 7459.582888324545
59999.17428302 465835.5674796525 7124239.972246904 6.462398444412435 -469.6598875798907 21.434913318559214 7459.583017978457
59999.52181398 484087.7332138298 7123029.29973631 6.998206238634281 -469.60080644388415 22.670422948808202 7459.576227997833
59999.79983862 498682.589493028 7122026.706861002 1.0007222304535013 -469.56399857670834 23.662665036942403 7459.570543074557
60000.49489983 535159.045526171 7119388.324082946 7.912570364929379 -469.4312996621784 26.129103698331487 7459.559304563711
60000.77292429 549758.6054564876 7118277.8207512265 1.9909958902060372 -469.3743270469628 27.120851792198543 7459.556891220305
60000.77292429 549758.6054564876 7118277.8207512265 1.9909958902060372 -469.3743270469628 27.120851792198543 7459.556891220305
60001.46798501 586215.6461249077 7115380.386363885 6.0493281128896745 -469.2371787436931 29.575781572196245 7459.54146370243
60001.81551523 604433.3875477463 7113864.585364738 -5.916367731671104 -469.15602085512165 30.815848678090994 7459.531926230606
60001.81551523 604433.3875477463 7113864.585364738 -5.916367731671104 -469.15602085512165 30.815848678090994 7459.531926230606
60002.51057306 640878.9230935944 7110674.446721518 -7.507949143683027 -468.98612721866135 33.27880563729059 7459.524319887087
60002.78859652 655447.7464212469 7109352.8820230495 -2.5686840344275823 -468.91492223759127 34.25656914361895 7459.5167997850585
60003.06662227 670015.2823818389 7108015.343462465 0.3228075086024226 -468.84031119358013 35.241700556354715 7459.498852318678
60003.55316382 695506.8404582374 7105583.429121782 -4.287960183406761 -468.7180134648654 36.97208306622168 7459.479791674621
60003.76168149 706420.1027218759 7104513.65300965 -4.531574300990978 -468.6588934684082 37.705014625357514 7459.472183030216
60004.10921104 724621.7735609935 7102691.267360403 -6.3759958581314615 -468.5572640795042 38.93252947712507 7459.460432387598
60004.80426959 760998.5628695372 7098912.604857497 -3.1329325367471483 -468.3703568853641 41.38503803538726 7459.429847001337
60005.15179854 779185.6592655065 7096949.561144165 -4.391435547752838 -468.25843660335937 42.61795440994013 7459.418442716524
60005.77735059 811904.2790225487 7093305.653775413 10.589498837180193 -468.063864960084 44.81558842851525 7459.39049125235
60006.47240751 848232.51794528 7089079.323351198 7.129298767722183 -467.81909613736514 47.27259616354128 7459.360749864062
60006.47240751 848232.51794528 7089079.323351198 7.129298767722183 -467.81909613736514 47.27259616354128 7459.360749864062
60006.75043014 862758.7899352616 7087336.71379854 -11.220367038987353 -467.71619589860785 48.2664689622757 7459.348999595548
60007.44548614 899067.7719512708 7082850.234422451 -2.146655255159675 -467.4555806621896 50.70291058193739 7459.317218988903
60007.79301395 917213.9006610701 7080534.761540782 -7.748814976241684 -467.3324987655208 51.93081640842832 7459.303455452273
60007.79301395 917213.9006610701 7080534.761540782 -7.748814976241684 -467.3324987655208 51.93081640842832 7459.303455452273
60008.27955277 942593.7425465777 7077221.088862422 -9.008787453169457 -467.13663050062667 53.64512446443696 7459.280434642065
60008.76609111 967974.330199002 7073817.741410466 -9.666139219906261 -466.9351429116617 55.352714515412934 7459.254781271059
60009.11361815 986096.9684821275 7071329.034413148 -4.402608407205272 -466.80037646052585 56.573667916141154 7459.236791077332
60009.73916669 1018697.7940697713 7066742.1551996665 6.536806354959153 -466.5154046066834 58.75000463704883 7459.198831419263
60010.43421968 1054889.7568111876 7061465.948538145 -2.9857065867522294 -466.19736900210916 61.19522363278061 7459.158621540968
60010.78174578 1072980.986916636 7058753.065671502 -6.707102753431255 -466.034769083883 62.410637538555875 7459.141942356199
60011.47679784 1109143.6718229956 7053202.365287539 0.6106330136604498 -465.6996189148427 64.83885980053564 7459.098334615092
60011.75481812 1123595.4864276818 7050924.690551262 -6.676382668875116 -465.5612872605483 65.81594923846437 7459.08528796008
60012.72788906 1174154.8435028368 7042744.617528396 -7.961202472581886 -465.05037656274277 69.20968719692245 7459.018527897239
60012.93640417 1184971.72190969 7040943.7121365275 -1.3240550886413631 -464.9422485595175 69.92675633823049 7459.006082922775
60013.77046385 1228250.6835488142 7033574.892924142 6.209279414031138 -464.495112692981 72.81197283329521 7458.950707594404
60013.77046385 1228250.6835488142 7033574.892924142 6.209279414031138 -464.495112692981 72.81197283329521 7458.950707594404
60014.46551199 1264283.773916235 7027227.394298101 0.714682408749101 -464.10450991541177 75.23856771725434 7458.905792701769
60014.53501697 1267877.8347132667 7026584.988548528 5.047155740595807 -464.06606540426185 75.47360432588417 7458.900778611495
60015.02155046 1293078.2046130532 7022026.1455901 -1.9094863041362506 -463.7846768657371 77.16644954466953 7458.86354086118
60015.43857865 1314659.8457224618 7018047.98186859 -0.6867862203810511 -463.5269689259475 78.6074130284 7458.831075504947
60015.50808341 1318261.132399727 7017375.783771603 4.156241623401771 -463.48681482763925 78.84271387263149 7458.827425591517
60016.41164404 1364981.1287276717 7008503.157912478 -1.8783685347036154 -462.93898071478463 81.96864340637973 7458.7572495127215
60016.41164404 1364981.1287276717 7008503.157912478 -1.8783685347036154 -462.93898071478463 81.96864340637973 7458.7572495127215
60017.45421237 1418826.052044684 6997878.552730623 -7.644429997428306 -462.28173022838723 85.56495608099748 7458.674223702173
60017.45421237 1418826.052044684 6997878.552730623 -7.644429997428306 -462.28173022838723 85.56495608099748 7458.674223702173
60017.94074355 1443922.0705151984 6992779.227531077 6.011132325362636 -461.96958651401684 87.22137684747517 7458.6353810756045
60018.49677898 1472574.4984114524 6986838.174929585 -3.8915079401516244 -461.58798536490804 89.1349116449398 7458.596716244898
60018.49677898 1472574.4984114524 6986838.174929585 -3.8915079401516244 -461.58798536490804 89.1349116449398 7458.596716244898
60018.91380531 1494048.7590112262 6982313.267455162 0.18570581149772403 -461.3086243092151 90.55704352525265 7458.559502613185
60019.46984057 1522670.6315887496 6976166.978871567 -5.316993989865333 -460.94023691161317 92.46539470565925 7458.517352088432
60020.0953793 1554833.343700863 6969119.310519346 -7.47506572538273 -460.5026085707891 94.60307158654152 7458.464514529038
60020.51240521 1576253.1765744723 6964342.487517934 -0.5071472935520661 -460.2066682410348 96.0203089671258 7458.426203979387
60020.72091806 1586975.3986554772 6961925.083419127 9.101608217256683 -460.05971683197146 96.71711325652429 7458.407343341803
60021.48546462 1626186.7802806364 6952928.965244007 -4.9599217287256305 -459.483453325945 99.33635953678618 7458.346987719505
60021.90248973 1647556.5995504232 6947932.53476633 5.114733629858625 -459.1763538009324 100.73613424502217 7458.309015226255
60022.5280271 1679589.4213098749 6940310.749654022 -2.839830579267975 -458.68841710168596 102.85900504749378 7458.254913290418
60022.73653954 1690239.93280344 6937747.275885259 -0.27492338531728755 -458.51785636887723 103.5515397557263 7458.232292452663
60023.50108443 1729325.586692311 6928167.737778681 2.3554275731033987 -457.9108674468394 106.12859138263994 7458.170687519457
60023.70959661 1739981.1381834755 6925518.059109168 -0.549046939830448 -457.74556925924816 106.83377659250688 7458.151210344731
60023.70959661 1739981.1381834755 6925518.059109168 -0.549046939830448 -457.74556925924816 106.83377659250688 7458.151210344731
60024.47414063 1778986.2012703689 6915663.615444161 -1.2152886461109293 -457.10713789381225 109.40391027941969 7458.087861251834
60025.2386842 1817933.6280124777 6905584.102721741 4.37295400112335 -456.48227317189435 111.96746100630345 7458.028408022674
60025.72521146 1842688.572177654 6899061.921633716 -0.37614341789982214 -456.0637111605656 113.59528671457524 7457.985045759403
60026.48975387 1881555.3058944284 6888623.716459562 -1.3035901843046052 -455.3888916699187 116.15006151554252 7457.92317205515
60026.48975387 1881555.3058944284 6888623.716459562 -1.3035901843046052 -455.3888916699187 116.15006151554252 7457.92317205515
60026.90677617 1902726.829750021 6882837.723810613 -0.10620566501089962 -455.03127580321615 117.53545392406909 7457.888540491446
60027.25428959 1920338.7943873093 6877928.183158741 4.874778023484527 -454.7188290157394 118.68785090306218 7457.890311540273
60027.46280549 1930913.959415939 6875020.456298884 9.38605078951118 -454.53761794803063 119.37061538861028 7457.848491215802
60027.53230914 1934443.7751391598 6874033.119122038 -7.133002973230976 -454.4718641750077 119.61838224758257 7457.843176392851
60027.94933152 1955558.8537297559 6868090.750742822 -0.20028014471775166 -454.0922004705519 120.99369326045729 7457.808978617499
60028.50536043 1983699.2840277965 6860058.813182571 2.852430205377377 -453.59747055296447 122.82622943940048 7457.763480869235
60028.92238191 2004783.326033022 6853958.045908443 -5.148365157710462 -453.2040079462221 124.21338778736413 7457.731838312617
60029.68692064 2043383.181013815 6842612.00892112 -5.792414114664814 -452.48795452991516 126.7352513840437 7457.667562422387
60029.96493458 2057405.0919638625 6838428.476058473 -9.489567565844881 -452.21496392214993 127.65367257765567 7457.648286730331
60030.45145858 2081917.128000147 6831045.797506546 6.399929103191525 -451.76195903092713 129.24036481526161 7457.606932433646
60030.86847893 2102911.922680988 6824643.417856807 -0.10302103266034854 -451.363439206729 130.61849187902632 7457.5740002595085
60030.93798227 2106402.334324353 6823571.1726512415 8.314805313884598 -451.29953779654824 130.83876105819206 7457.569482790648
60031.49400918 2134347.378500701 6814919.748969003 -3.227993239619386 -450.74707766251373 132.6750772593888 7457.530772447541
60031.91102887 2155279.624112836 6808358.771807231 0.6900795289981104 -450.3315774778557 134.0277324461602 7457.499900362
60032.18904221 2169242.12108532 6803940.170657203 4.950546753378229 -450.06127239707774 134.92987369852412 7457.481358813303
60032.46705507 2183173.135330317 6799502.562154806 -0.8512666447857049 -449.78390124329593 135.84731248222366 7457.460652454556
60032.67556474 2193631.117255891 6796153.127829924 -6.914562858519976 -449.57443181898697 136.5352606619669 7457.442796038909
60033.23159038 2221462.1319841365 6787143.084093161 -3.856965952580377 -448.9930090979352 138.34061030420943 7457.407083277931
60033.44009977 2231888.2811622494 6783737.858700065 1.6581343334141727 -448.7963285773079 139.01867000633257 7457.389489143998
60034.4131431 2280476.834091293 6767625.383957461 4.611506353283944 -447.7766166287905 142.17155839681473 7457.321399485127
60035.45568848 2332414.901650056 6749973.683961446 3.091032970002469 -446.67357836718185 145.54642118857166 7457.248841326122
60035.45568848 2332414.901650056 6749973.683961446 3.091032970002469 -446.67357836718185 145.54642118857166 7457.248841326122
60036.42872945 2380757.073157271 6733131.550730834 -5.097273106970668 -445.6067272457343 148.68948581223782 7457.191549350501
60036.84574678 2401437.3918654816 6725811.655586898 -4.419224627328247 -445.15509262150897 150.03213170000194 7457.163428737068
60036.91524962 2404889.0492653046 6724581.5832085805 0.2543918066127488 -445.0808611739067 150.25201241888337 7457.159923512524
60037.47127216 2432424.6729575107 6714702.443848562 3.5423099155963915 -444.4613630104531 152.03042316713066 7457.127675261607
60037.88828876 2453035.291413388 6707223.70071405 -0.10394258686692727 -443.974938417716 153.36208671251336 7457.1047993313105
60038.44431071 2480498.7866743472 6697142.831881249 -9.786760723210397 -443.3409319132963 155.1424208391605 7457.0771726562425
60038.9308298 2504488.244186392 6688236.7036281945 2.416128029125077 -442.78656983647113 156.67608450238683 7457.049570739859
60039.00033245 2507920.433485268 6686953.568761994 9.38126961358639 -442.7094969002309 156.89367189074994 7457.04630767468
60039.41734837 2528457.633645005 6679237.851615483 -2.4694023215964425 -442.2189412473096 158.2291662815287 7457.023699403242
60039.90386672 2552381.451490805 6670155.493309438 4.620154174497452 -441.65089102652115 159.76751683904692 7457.000627429193
60040.18187724 2566035.7595471228 6664924.516832642 -7.357270834476608 -441.31256618529136 160.66016989210698 7456.991320574185
60040.45988756 2579680.27656119 6659670.239630543 -6.440071681312206 -440.991411662529 161.53821834565113 7456.975952123183
60040.87690295 2600128.9975518337 6651727.39580026 9.915401103107817 -440.49748699868854 162.8425817791114 7456.96169008361
60041.432923 2627352.2351900563 6641045.923235624 -7.512984927900004 -439.8220594988615 164.61769929298376 7456.937054218769
60041.432923 2627352.2351900563 6641045.923235624 -7.512984927900004 -439.8220594988615 164.61769929298376 7456.937054218769
60042.40595761 2674900.553016743 6622076.064073713 4.607678352498176 -438.63597785592316 167.67702229926763 7456.8984138139485
60043.17048417 2712152.2939659455 6606931.18145456 -4.6160836731454316 -437.69183290585954 170.08872581006517 7456.873394836995
60043.44849375 2725676.630863226 6601374.327397553 -3.5587447235734384 -437.35221555015744 170.95956849625958 7456.862341188143
60043.65700084 2735814.61624888 6597185.952324716 -1.1759639542821665 -437.09668994360044 171.61170615177997 7456.855391988866
60044.42152615 2772921.8795809215 6581691.796007827 0.954476517002102 -436.1241810780533 173.99834811144433 7456.837936230989
60045.39455789 2820013.345160972 6561675.575250683 5.479288479766158 -434.87548155989134 177.02759290316934 7456.815517702672
60045.74206886 2836795.421273311 6554444.403332501 8.464132386114496 -434.43424131131974 178.10816714828448 7456.807999083012
60045.88107327 2843510.2671750933 6551535.367943832 -5.2004671811929635 -434.2392604300075 178.5485392007864 7456.807294347903
60046.43709056 2870315.3612429313 6539846.660836705 2.1744598869677123 -433.51449504888944 180.26822957636062 7456.7966732866935
60047.34061779 2913755.640610982 6520619.7507234225 -4.2460611096106815 -432.3210835219582 183.0796618840695 7456.78369019003
60047.61862594 2927100.032303424 6514644.27976736 3.20024812209909 -431.94819750673184 183.9256032661826 7456.779875246785
60048.3831479 2963723.523481299 6498067.720540092 1.4706344015222166 -430.90880762969937 186.28454080063096 7456.776129423152
60049.42567682 3013512.3545927717 6475120.847779185 -7.789226784358362 -429.49106148279407 189.5028708292366 7456.779808521325
60049.91218959 3036681.4068726986 6464283.659383975 -4.336236171210328 -428.8181407534514 190.9913959742009 7456.782561249183
60050.39870238 3059811.2369556194 6453362.746823353 -2.881006736918651 -428.13966195335297 192.47849969969562 7456.786087223113
60050.88521451 3082902.0553115904 6442359.792379809 -0.2640246535929227 -427.45623629334426 193.96261793721578 7456.788599144482
60051.37172645 3105952.9287650567 6431272.658673432 -2.9770993403902106 -426.76372110936745 195.45274891239177 7456.792897360337
60051.85823794 3128974.0190648027 6420096.247529599 0.9136759498573273 -426.08184394771484 196.93791789290492 7456.798204377387
60052.4142508 3155221.505399148 6407230.251506817 -7.230213621600136 -425.27036735543084 198.6258010384059 7456.804948352819
60052.83125996 3174872.12540686 6397505.694611785 7.761148722337956 -424.68280964012416 199.88271739364058 7456.812661697504
60052.97026284 3181412.668834536 6394251.249402334 -7.054187821043435 -424.4632426637783 200.31822405837354 7456.816931893766
60053.38727182 3201024.0577735174 6384446.82410049 0.2724897976273535 -423.8659342179642 201.5821683369354 7456.824163833498
60054.1517871 3236889.1718723583 6366316.438283225 1.204113911213109 -422.7325022646819 203.89413276177996 7456.842877712886
60054.36029155 3246661.774202486 6361334.504848802 1.84022107034703 -422.4165121325851 204.51962297736682 7456.847313195717
60055.12480623 3282393.723400261 6342943.420952538 3.146824018520671 -421.27906692543525 206.82941166843895 7456.871379139667
60055.81981911 3314789.517182525 6326051.87817081 -0.532214179732688 -420.23439258999343 208.92018232191174 7456.890385294936
60056.2368266 3334189.676610037 6315836.468715868 7.638598775632843 -419.6118466548892 210.1712037157363 7456.900205141939
60056.37582903 3340656.3684974504 6312411.814929147 -2.0746855909831714 -419.3973052693437 210.59989736165838 7456.9061493155
60057.27934478 3382531.6255637873 6290036.30935853 3.6442893234543337 -418.00529514493996 213.30033240716276 7456.938499811334
60057.27934478 3382531.6255637873 6290036.30935853 3.6442893234543337 -418.00529514493996 213.30033240716276 7456.938499811334
60057.34884578 3385744.213937043 6288298.027867255 -4.2659047286097 -417.89463939258565 213.5179451694595 7456.946424034367
60058.32185714 3430655.663501515 6263833.315329324 3.8949986877561367 -416.3843088226303 216.40458417585455 7457.004419352402
60059.08637244 3465843.478065067 6244422.297430826 -2.3389828198207137 -415.19611088050806 218.708171506913 7457.021055132437
60059.36437646 3478604.3723835163 6237311.27452121 0.9551627061962173 -414.75377630754974 219.52096292415882 7457.0315513838605
60060.12888709 3513627.060458268 6217605.151390764 1.8694864614675604 -413.52874288931855 221.8001754396186 7457.071440588384
60060.33738999 3523157.1051758267 6212199.3444094695 1.0126178931669227 -413.194712477138 222.42364531211882 7457.0807279156215
60061.37990319 3570677.574066929 6184943.723624936 -2.0583042111098537 -411.50979921885494 225.50968349248888 7457.136692012826
60061.37990319 3570677.574066929 6184943.723624936 -2.0583042111098537 -411.50979921885494 225.50968349248888 7457.136692012826
60062.56141671 3624285.6497565764 6153601.000461862 -7.6983456410336775 -409.5643377585291 229.00995511858596 7457.208608699849
60062.56141671 3624285.6497565764 6153601.000461862 -7.6983456410336775 -409.5643377585291 229.00995511858596 7457.208608699849
60063.32592468 3658821.833944155 6133082.0874015475 6.154354160531071 -408.2900057261824 231.23025244644262 7457.25071636747
60063.81242949 3680734.2083004983 6119915.078466475 10.032281620909254 -407.4683360670029 232.65501888734826 7457.287293632343
60064.36843468 3705713.8059722832 6104784.567804893 -4.474735452095221 -406.52051088355387 234.28662948592006 7457.319939158184
60064.85493916 3727525.5406709127 6091451.464356207 -4.77408513307424 -405.68694904218177 235.70692946462955 7457.354898237595
60065.34144328 3749290.1661671405 6078042.533219376 0.8102534198955754 -404.8499090245442 237.12155363465763 7457.387276164513
60065.89744795 3774104.510168367 6062621.062990787 -1.7645417456560473 -403.8805621407257 238.74916452651289 7457.426414188484
60066.3144512 3792671.467656717 6050985.182236441 -1.7966144061645175 -403.14723505676153 239.9648206805379 7457.459705465279
60066.87045547 3817370.113940815 6035379.750437799 -3.348443052348793 -402.15971551136755 241.5728322766429 7457.508404749825
60067.07895709 3826614.242163398 6029499.639879295 -3.665940083248554 -401.79663360057236 242.17929713176127 7457.528699002004
60067.35695927 3838927.2462616027 6021641.365859212 7.840341924660212 -401.3153919119043 242.9798058799369 7457.551196466851
60067.91296296 3863498.736460811 6005859.341910304 -0.9435451072000728 -400.32125653278547 244.5950684912343 7457.592009542887
