59945.26991367 -4398682.067095808 -854238.3495744315 5100905.983518789 -544.2878663049701 -7448.078435580816 -1717.6923186758358
59945.31158033667 3079437.5981689338 5760101.937044217 -1892487.306678651 -3594.434333982952 3764.474471495346 5614.783532347141
59945.35324700334 657964.1581030394 -6146926.042178121 -2820751.1510195658 4947.423552545035 2865.374939957799 -5099.139324612916
59945.39491367 -3874450.480084154 1739060.208718046 5298467.149186467 -2450.216464474277 -7236.038723835098 577.7847320086091
59945.43658033667 4098971.9032170386 4034721.131569157 -3628054.59753875 -1960.85518204295 5949.111925404218 4398.311562435943
59945.47824700334 -1116586.15144315 -6639310.135367013 -910017.0320439772 4862.735585759856 -10.312888557421513 -5923.865299454273
59945.51991367 -2726601.3805862605 4058162.9517332893 4715234.183656733 -3978.648867481178 -5923.3876942126535 2787.1767718135197
59945.56158033667 4472624.569868422 1702685.934347254 -4830034.683057954 -3.965591612121319 7219.46599310271 2537.270430174528
59945.60324700334 -2726253.4024967016 -6116663.761568018 1134923.2020798882 3997.8292699659364 -2876.95844536094 -5874.029941641988
59945.64491367 -1133850.207521167 5750741.961577928 3437346.03167815 -4883.896977960983 -3713.5985523091726 4586.280712091252
59945.68658033667 4136988.864437264 -878801.9755003119 -5322613.784405942 1967.9368611280572 7388.768513962528 305.2903735429606
59945.72824700334 -3912282.259044927 -4662177.370884979 3011955.799084861 2485.467965784818 -5293.324619917808 -4956.244864633215
59945.76991367 653156.1251936082 6561053.796216753 1653026.6917049391 -5016.668783640219 -946.1276499069184 5710.005094251653
59945.81158033667 3140300.1773951855 -3316678.362955929 -5033804.511744209 3643.654213212176 6436.2717792013855 -1972.123844296409
59945.85324700334 -4482207.89633448 -2502132.389542561 4444032.113399911 564.2885185544251 -6890.515315388217 -3307.8168788163302
59945.89491367 2351003.3038740847 6368963.028882972 -374769.46258834 -4349.653696926132 1953.9966405895773 5992.201623171002
59945.93658033667 1635400.8770026385 -5240884.94773263 -4005509.793910593 4755.618990363796 4508.361472169552 -3962.7226202072534
59945.97824700334 -4341054.790602464 30286.3000322505 5220554.500276218 -1461.166811039146 -7429.61418740573 -1173.9475765408702
59946.01991367 3688624.9229785334 5208290.1418625675 -2347247.1098536574 -2983.9912265325 4542.375688988584 5392.016862630563
59946.06158033667 -143033.7171428753 -6359769.780168676 -2387912.688831282 5120.962318846531 1898.4583621585978 -5373.468042108347
59946.10324700334 -3506443.6536993403 2547205.8465675474 5228003.416153269 -3269.8033615386867 -6835.337193632308 1130.8120589281173
59946.14491367 4450861.132957437 3260824.3946385807 -3974345.8398076263 -1133.320545396832 6425.9532079165065 4000.079146057165
59946.18658033667 -1914327.2584994768 -6504668.230809245 -418473.37837713026 4672.580917101666 -994.0692955065354 -5993.769257660759
59946.22824700334 -2105908.3103630203 4665379.815364069 4465864.602780906 -4573.62086433025 -5203.875046947231 3268.589482782528
59946.26991367 4512833.613623539 827029.1523691117 -5017634.349554165 911.640090156754 7323.669797455136 2022.890407835209
59946.31158033667 -3396026.2983325557 -5656539.737003476 1612522.884845521 3473.670196079875 -3724.229602283322 -5729.549970764869
59946.35324700334 -357408.4972539482 6063955.810180571 3046412.5796328327 -5161.696836110077 -2787.3781834441766 4925.768783079165
59946.39491367 3859571.088603973 -1720920.7972955692 -5324734.0417430755 2829.706259175454 7106.182966608802 -249.81110820869446
59946.43658033667 -4349538.319080164 -3949216.2670442495 3405285.1264940044 1709.9293223472953 -5872.7225896527625 -4619.789904588861
59946.47824700334 1464196.3121486474 6532931.186905463 1178529.8931590433 -4934.043817464353 42.84542349227749 5858.072986536518
59946.51991367 2588487.697157231 -3995657.6879465175 -4850744.476623245 4318.111072969083 5811.424547003508 -2487.0910498446015
59946.56158033667 -4619020.439759632 -1647928.878390406 4695636.896873601 -340.79138186338713 -7113.647903138073 -2830.281508106041
59946.60324700334 3070200.658969243 6005200.77682296 -862738.3846816233 -3919.864880155696 2852.2239996552958 5927.801392811638
59946.64491367 895002.983036728 -5652481.20775286 -3664557.211531653 5137.671550565623 3637.8392488134305 -4362.348334655435
59946.68658033667 -4156547.077843623 892936.6677639019 5294231.006560641 -2354.529075733967 -7264.204599684965 -626.3599741397397
59946.72824700334 4204090.7516462235 4566556.352527459 -2776961.086463 -2274.764550167385 5211.260300209412 5125.817757642818
59946.76991367 -956708.8997824349 -6441095.882103761 -1939492.7756308527 5150.329861426016 917.033115326582 -5598.933220266125
59946.81158033667 -3029741.9580545104 3284990.702320946 5113833.670866356 -4012.7278802065193 -6309.003500535869 1668.0231820493823
59946.85324700334 4682711.398825228 2441434.7419629297 -4283088.164609792 -255.6393762488412 6763.665903066623 3572.437626739647
59946.89491367 -2674327.394123968 -6244107.713834053 71142.78794203223 4344.087508376141 -1933.7387154140022 -6011.803839238385
59946.93658033667 -1411453.2629750725 5164880.111191281 4181422.2165222364 -5050.864893598926 -4399.217457676961 3716.98375698397
59946.97824700334 4425403.683122637 -42944.47625223855 -5160793.250861962 1821.4393804363717 7280.277483299564 1497.1778453881968
59947.01991367 -3983735.7723541083 -5095703.106381154 2071077.8894017094 2838.7840001898035 -4475.892956285283 -5538.05048959444
59947.06158033667 446579.12544698425 6248927.738502055 2634112.8234255053 -5299.0520172283805 -1829.5100225965325 5219.920970807717
59947.10324700334 3466661.191205949 -2507326.1385188047 -5282050.353631785 3630.942236247348 6690.126378732979 -796.750205536703
59947.14491367 -4673446.522259918 -3176302.1755636786 3765426.1612759177 868.4842255745572 -6320.342758789751 -4248.193413293037
59947.18658033667 2252491.7778804167 6375998.724677309 699417.689128962 -4710.187013376731 1005.1955428541155 5955.217722698545
59947.22824700334 1951127.0765087467 -4577672.348567913 -4629043.331742734 4886.727566602266 5087.570651055697 -2975.6640935263868
59947.26991367 -4629029.065805649 -783582.5125292492 4904958.262841382 -1257.0871292467052 -7189.705241190014 -2334.5092896017063
59947.31158033667 3720143.0587996794 5532035.028230556 -1338023.7914314838 -3370.105365854597 3669.9594673683832 5814.497099381982
