59945.26991367 -4398682.067095808 -854238.3495744315 5100905.983518789 -544.2878663049701 -7448.078435580816 -1717.6923186758358
59945.53250807 -4244168.421401582 -3577335.267186966 3910847.7023112276 1550.89086648272 -6302.512106380699 -4077.098927529156
59945.72830086 -3899713.483347177 -4688676.499895068 2987153.0837699487 2510.4509815319825 -5263.502682037995 -4975.312893978762
59946.03616123 -2690303.8573117177 3970262.813697379 4809624.932621996 -4121.7135665087835 -5922.161692025945 2573.7652120217253
59946.2365067 -4385410.743358585 -93733.96589190236 5182618.537123797 -1460.96927163351 -7395.776147990277 -1371.5155327279097
59946.42722733 -3865871.1358251716 1691213.2844129035 5320037.251496387 -2822.0775023100155 -7119.704612627755 208.13573636465435
59946.56654894 -4227455.932823869 -4398496.640934456 2983316.1125216796 2126.922107300936 -5426.704452190497 -4978.1626926563285
59946.92458333 3566737.0628701607 5618326.516429821 -1394868.4204520104 -3447.049012590953 3625.0918719541537 5797.501890383246
59947.00284243 -2144677.6932110935 4419561.735974101 4690928.978889249 -4727.142418638927 -5317.572087443326 2839.1435741556697
59947.19410836 -1126355.9483885847 5332095.858456517 4056303.5238884934 -5198.098620281117 -4066.094960777681 3889.6245011067963
59947.46602144 -4799479.432504372 -2324735.418418191 4203275.244362472 21.459367322738213 -6718.642242187917 -3687.313370686226
59947.52502237 -4136335.0485114288 1052436.8690699425 5280719.590901356 -2771.92633520349 -7102.562997298121 -758.1160482209871
59947.89010417 4417754.39173539 4675341.912161937 -2203517.4587721215 -2363.2391290785167 4809.537848772281 5468.939296978122
59948.30293251 -4862999.240429002 -1200870.5228058356 4584303.884326376 -1170.102868239569 -6930.16625334869 -3054.208286575224
59948.36430639 -4329603.4925422305 708094.8479385332 5182509.002839627 -2787.70410025231 -7003.4776079392295 -1372.961324618002
59948.55941627 -4678633.723462591 -233276.2534120899 4915373.229166655 -2074.98977758295 -7006.360389385929 -2306.6280049941015
59948.62154341 -4131999.797893187 1206808.4647743357 5251268.469538003 -3255.6315472170113 -6865.22169873416 -985.6491762681137
59948.92435185 4233792.601843905 5240100.00043118 -915343.9056355234 -3225.196314853423 3636.35998329839 5918.342693423034
59949.19763766 -2464132.3956788164 3655956.1980839595 5165533.261535006 -5119.695281071241 -5510.519697908185 1452.052449775763
59949.2030494 -4414752.032190855 701245.1982413178 5111188.201917987 -3029.6790499867925 -6834.241723737506 -1679.4058683041442
59949.39537492 -4078078.2598244366 1415618.460352571 5241406.459572559 -3657.1092600235465 -6649.925475462313 -1050.6698943308165
59949.53209984 -5225785.731858422 -2964629.504278195 3166044.9511620197 434.11173726835096 -5933.81260696572 -4831.782358160378
59949.85973553 -4508175.4764332045 -5038895.458594997 658731.7439695973 3169.6075483046848 -3621.037818895422 -5965.529892424503
59950.05756006 -3030607.3211734523 -5867229.595726628 -1599134.6842806917 4980.9072112383465 -1013.4221515042932 -5733.970657468924
59950.23627037 -4784414.8103546575 171645.67228064855 4815349.924771042 -2818.2336439655005 -6649.101861760764 -2561.4402889896282
59950.43310466 -5366928.817273679 -1671512.6533839651 3810604.8242089213 -1011.1792590252926 -6332.515642589127 -4196.221718976625
59950.5674819 -5132886.50694201 -4219669.506511012 1410426.5460297342 2132.778116563792 -4538.509837755725 -5796.649926092321
59950.62863749 -5482570.378706876 -2691294.324410996 2970671.7537687696 148.57923848070843 -5817.637963972719 -4987.4834752031975
59950.85954861 4817542.265596581 4776526.872661615 -433181.02386015805 -3082.367364629632 3647.500117512378 5988.312218042072
59951.26419064 -3396734.9307353026 2534899.5034730504 5305630.999240207 -5053.776058577172 -5735.742960890255 -498.47585046157525
59951.41519676 -1959295.824707308 -5619326.109687524 -3280001.5671839146 5982.715244011061 675.5740644365392 -4735.464478189211
59951.53232108 -5672580.334791872 -2770189.4009174197 2504042.349982092 351.0606032766203 -5521.559850248829 -5305.188488849566
59951.90218072 334602.83259445144 5105084.881358321 4468252.186061652 -6486.066681924572 -2440.215861022179 3265.1083000548515
59952.05798762 -3232062.1742228214 -5460552.245435064 -2430693.4349428625 5422.247072614942 -831.3202889749168 -5348.05897289782
59952.23585744 -4970062.913334002 516901.81083817984 4597967.017887048 -3442.4322806482746 -6139.860730364622 -3027.995838259975
59952.37769676 -4493549.528986372 -4966336.147964359 -1137794.8729587481 4243.189168893752 -2497.3515916979377 -5873.294224115446
59952.5633598 -5883625.827934646 -1997503.3929264802 2743165.871094692 -486.4584313143565 -5654.18325221997 -5150.917450751555
59952.93656035 -848697.140647441 4419454.731118427 5086269.089440579 -6668.336849589734 -3327.613633686054 1773.2269116748153
59953.05691892 3877778.137485132 5111203.547956928 2238984.910805754 -5163.473433862769 1522.4189712045459 5451.0416173614585
59953.20245834 -4740000.93738862 1172013.805539483 4719088.588133248 -4198.64367986502 -5775.05902045588 -2780.4788339521833
59953.3985527 -5542929.283247953 -96852.81595296251 3922442.6856243513 -2776.160461000888 -5874.781867483932 -4062.7186597024397
59953.59424588 -5969024.955056988 -1142365.44756708 3032265.9467652715 -1426.1148911899722 -5683.282193607227 -4939.853200429738
59953.65118263 -3570614.053732399 2548138.801796637 5183270.791076331 -5594.180643475719 -5052.281677792019 -1369.8893530811572
59953.90196132 524185.44435717695 4812187.953200146 4764224.2876024945 -6918.655053571285 -1906.473135370893 2680.060915416494
59954.16744693 -3698972.006832134 2495810.716990226 5118348.871208895 -5618.920356984119 -4939.558742448047 -1651.4084868818243
59954.23026103 -2832493.060896208 3183231.907676002 5287078.306222959 -6239.828457854985 -4389.169099420851 -701.1988008763855
59954.36490804 -5319382.050875895 709540.7417915434 4161572.560860476 -3679.5408150360677 -5580.391612792491 -3746.9549457551825
59954.49847571 -6226140.9805623265 -1448270.912595916 2296900.430085945 -757.2144073384644 -5363.124209664276 -5422.286611127868
59954.56076449 -5946526.527509688 -379295.2019806941 3259296.280502347 -2253.14869950081 -5574.601543098077 -4751.633980343169
59954.86811098 1471912.1294251396 4836384.003795698 4536100.02108677 -6934.683997214806 -845.121449348322 3143.824620492058
59955.19642118 -2042653.086119401 3691149.422513435 5321011.612006161 -6808.767048079885 -3506.553691213279 -182.85910605669454
59955.3871073 -316261.5967997517 4383047.950479394 5177422.440068065 -7211.1582314809 -2175.4893923296636 1397.1368377863832
59955.52688837 -5719081.779483377 543380.0158633506 3622695.028954819 -3300.2315170442826 -5333.386358036153 -4402.926504526077
59955.75581019 6369279.4552155 841071.6177870464 -2219132.5567956665 1211.6466934030357 5230.469285609288 5462.036584433785
59955.90161534 661763.0117273355 4558954.822415858 4989838.207502291 -7264.088460756523 -1241.4062383793162 2092.709321202759
59956.03511778 -2134496.244974613 3666047.0136065334 5302199.487120185 -6915.4747421719885 -3252.590691271391 -535.4711293309535
59956.22974153 -2790932.5080879033 3345399.3845597683 5208510.7759147845 -6643.192962789101 -3608.341674029329 -1241.2859311397574
59956.36472407 -5583255.578047806 1066133.0008792635 3717300.569231371 -3833.1187398537977 -5052.32309119444 -4301.108122375805
59956.49368625 -5580116.275582607 1116588.7243413914 3707283.010619046 -3872.6954811167498 -5012.543021013292 -4312.099167148548
59956.86910741 736003.8338921895 4456732.496999359 5070718.683032353 -7389.050043286416 -864.6627604238811 1828.4589983309545
59957.1350176 -4044783.420099978 2708718.6601470304 4734745.217554241 -5913.499408498222 -4024.0692107488244 -2745.8253907073868
59957.2746875 -6583980.396194455 -1657670.677307096 260237.05317179122 934.9868934597695 -4669.621852831098 -6003.448961506197
59957.45358267 -1787110.543638822 3860411.0157505735 5292640.419307535 -7226.072802650503 -2461.485367353128 -644.1387954519196
59957.75672454 6674629.402637452 769179.0068811392 -1020574.8267164777 337.6261142244125 4877.291760660431 5898.32807309669
59957.90154755 496940.99893690593 4336354.777612338 5201944.084781146 -7524.214348894387 -670.6550403723277 1275.2345517448853
59958.03236365 -683378.6963179387 4162869.2705266895 5320850.734780741 -7516.929856305837 -1466.983349032857 181.48903478568033
59958.24376157 -6464821.278945288 -1925740.5570824014 -819193.8886001713 2055.562614083944 -4383.091995449379 -5938.823062141654
59958.48681925 -2553377.3313284786 3666213.9662639406 5113603.738228479 -7024.864166096078 -2561.243869020388 -1669.0388385099338
59958.72118056 6352517.897250093 -840671.6127424403 -2263509.73741566 2564.8862047099615 4744.293762124903 5439.548435808373
59958.86766524 1414269.8764299648 4267630.23550033 5089116.106826426 -7446.907687349666 363.2083171127818 1761.797919841864
59959.00092256 -1368187.0699606882 4041596.2755941143 5282157.498794072 -7464.975503813643 -1552.3252609761073 -744.8223035743795
59959.24926413 4551227.95088527 3428814.774437392 3696257.4457161017 -5654.560359850645 2835.5783966752306 4323.830633938985
59959.4528462 -1646637.3037066204 4009206.4800680135 5227098.591336739 -7413.779775204365 -1560.8527593057192 -1136.451859539524
59959.58281632 -2262187.284440498 3873561.0797736715 5097819.343983188 -7209.444643532138 -1930.5556471814987 -1729.4423537043415
59959.72337065 -6748859.068445881 168340.23957749392 767540.1238446797 -799.045886582237 -4765.083885606038 -5947.462534829162
59959.9012334 385995.11451127107 4223445.48854785 5302707.017370175 -7642.830022721236 36.03358616860262 526.9108205341088
59960.0951685 94492.0868019312 4218148.646496607 5320025.154532422 -7657.751064354709 -89.49941938508883 206.86643015570544
59960.23981481 -6782108.016671536 163568.2378375234 382450.28994824836 -456.1387765067268 -4750.4800367248945 -5994.646837304492
59960.35618922 -1887538.3597528625 4037227.989571181 5123109.648344182 -7359.653045651125 -1367.1029770398954 -1631.1714510005086
59960.49200878 -5513190.576653919 2467621.5383155933 3107441.4488196094 -4480.086204056932 -3852.1914671337286 -4878.816462981054
59960.72193287 6633767.482675656 -997336.098565972 -1082032.409151768 1652.0774458893372 4619.578086248365 5885.052911719865
59960.86771919 1025171.62232749 4146944.3150751414 5277760.094630471 -7570.828820094808 874.7279904451552 782.3212720705393
59961.12465252 1703139.8823540707 4025585.9211768107 5195955.19329783 -7409.1497967838795 1448.4392497966862 1304.7600492384631
59961.24191884 6682040.945819799 459738.2179669066 1136805.3506118786 -1329.182094598885 4741.347775010044 5871.9289479390245
59961.32954517 -5130475.66474071 2994163.641129558 3294023.7845726623 -5005.610057290095 -3372.9443889638237 -4720.0776586521315
59961.57369539 3188188.5595549364 3543432.572008325 4835900.813369333 -6742.297029265797 2635.1871762356336 2510.5101190627356
59961.68978009 6663604.348854688 -1179417.625651573 -596501.8263600937 1347.2533180517114 4607.853152274087 5973.761962023389
59961.90059159 401096.63041951315 4197004.50156719 5322124.5441335235 -7612.14210763028 859.6440645515514 -103.41759198591451
59962.03359563 -2200397.7123764656 4189602.520201739 4869889.7779869335 -7204.05773993793 -959.2606460397415 -2424.921687778377
59962.2294419 -3594368.392573223 3927043.5058167125 4216861.6677290145 -6439.343681067479 -1948.9535709890793 -3666.1374485306446
59962.36344718 -5848389.8874684675 2697462.7904633703 2161652.965497264 -3778.424014551837 -3778.891043246777 -5491.591008660299
59962.42561734 -4943968.884773721 3399181.651596685 3184623.139475946 -5160.058322950017 -2983.9578907690366 -4814.687086218072
59962.65581019 6393923.312812131 -2052572.2139981003 -1033662.7901714907 2331.641682604168 4301.974985195066 5896.5492794075435
59962.92230418 5861541.903983889 1315469.0787530271 3176154.439616538 -3670.557187105879 4686.521030278131 4820.970134946058
59963.00006807 -1499314.8364308397 4369715.332380361 4977916.7531275675 -7358.289133455759 -96.64022374250418 -2130.761974296652
59963.26336709 -4478048.406654627 3843223.6551313447 3363800.951804346 -5582.415959685383 -2421.3697931532615 -4657.762174239457
59963.26336709 -4478079.427078138 3843229.7575282236 3363847.345457188 -5582.379008389648 -2421.310538426478 -4657.745093459944
59963.38502698 -112974.17118057278 4315462.884774487 5242668.893962232 -7512.159210336691 1074.8394872981507 -1046.77246612404
59963.70001241 4392277.586887482 2487573.033787614 4545720.035275541 -5608.787031549591 4176.57277612545 3126.980126555976
59963.9009681 13953.855317504987 4328482.230130785 5233197.997975019 -7457.204838414402 1360.6482216608767 -1105.1700328342367
59964.03323145 -2028662.7900288405 4511217.755403921 4654222.034529947 -7082.134270233923 -171.55790347425526 -2917.15865543125
59964.29675578 -4911348.757585287 3886528.8918411876 2631532.570455546 -4924.583963950845 -2678.967440477263 -5224.137495710357
59964.35183345 495569.30921508156 4249969.041511824 5274029.140147898 -7380.113668463396 1880.862333571562 -822.157940844914
59964.73360675 3650835.506842901 2822243.6653095586 4983788.009590277 -6089.755368731853 4138.772487781672 2112.976179600658
59964.92180883 5832916.041708144 575862.919949455 3435400.90854475 -3223.980061591693 5218.739973920782 4589.747215466605
59965.0613731 579268.2877108481 4266448.160404218 5252117.252429627 -7271.440368138364 2199.5611041434167 -984.0083130609304
59965.26230587 -3798248.8880955363 4544662.243938298 3326515.492694749 -5876.72990276288 -1471.4740044603643 -4691.376743020459
59965.3303689 -5331454.092294257 3853133.9192280076 1700800.9577638707 -4072.6198755699875 -3114.421944730384 -5694.898393404282
59965.58893016 -5468262.425275423 3791466.96902732 1374472.2913565438 -3754.366485901252 -3303.0039542648205 -5806.251157473422
59965.69953382 4450921.330811162 1999806.1493797684 4724623.0549339345 -5162.43798325379 4936.631432833447 2768.689480735982
59965.89945919 952638.5139842005 4187628.332808443 5260918.502764679 -7082.255496638366 2770.1201226029334 -921.5269513012411
59966.02763773 1466986.2581681067 3974782.8213301795 5307492.931704812 -6946.3321734694155 3194.6018382857474 -472.1560880040882
59966.23181571 -4528096.276466629 4519724.745993348 2286212.383476168 -4941.98750941776 -2199.6079217700403 -5427.114658166869
59966.35183955 476506.66994835803 4401955.876922678 5149498.344574204 -7060.726872103491 2550.5224778153984 -1524.8096563303013
59966.58670139 4500317.961345853 -4610585.262407493 -2164068.936341395 4874.696933899931 2182.3061763066876 5490.6071173017735
59966.66531124 5113838.382013759 983340.5346142784 4360914.70279937 -4010.005736078285 5544.294630203649 3445.8054725637844
59966.66531124 5113413.584946709 983905.8507128899 4361208.357523001 -4010.577367034216 5544.238705526016 3445.338867594276
59966.86757014 710273.082700512 4360544.732352431 5157706.11560882 -6935.165084269201 2893.2586199789184 -1488.8672276046652
59967.19639675 -2904781.326846329 5119565.236736946 3390855.3256708873 -6091.35764644786 -382.3348259008153 -4632.10743555045
59967.32449093 -2389869.3014096506 5157004.181811296 3719551.5866353973 -6340.228902469532 167.88164491835803 -4298.538122678298
59967.58991953 -5452874.927058899 4049934.587687118 204094.36904847802 -2982.365073975979 -3707.5658451097415 -6005.612388296033
59967.69922609 4342676.237279544 1691990.2340484068 4939726.77508229 -4731.417475156945 5593.279586615694 2240.041441306381
59967.89963279 806682.2335017519 4426206.242055559 5087059.282835778 -6702.128427675803 3260.474099546348 -1771.1582443814232
59967.89963279 806682.2335017519 4426206.242055559 5087059.282835778 -6702.128427675803 3260.474099546348 -1771.1582443814232
59968.0279528 1212741.8831440238 4229497.922709546 5172923.7809993895 -6594.725636085333 3630.2855839235863 -1419.7104096341493
59968.22871176 -2833165.763725322 5353762.015066286 3075784.850264487 -5879.734000870158 -287.98837102792965 -4904.430726355278
59968.28487531 1840861.5932401272 3869949.476293144 5267934.234860547 -6346.188352807481 4202.002274376202 -867.6056954813569
59968.55410943 -4091536.327959031 5161239.673795581 1669534.5875039315 -4743.711021986911 -1909.0786105460409 -5706.429125851632
59968.73316906 3483549.597580174 2499442.735829834 5266135.81233453 -5271.335688679756 5488.374891669304 881.085676628212
59968.8660922 1501785.4134592484 4139586.6457085283 5169717.236427828 -6318.730496333058 4086.8153204405075 -1434.164628943105
59969.06213584 111712.09651232878 4923424.029689945 4676958.585683624 -6494.025918082621 2878.29193234207 -2869.5445260673728
59969.26302019 -3660758.5900769685 5435890.242157987 1793287.1721166563 -4954.622196635884 -1464.5546476523923 -5658.233860085084
59969.26302019 -3660773.896661848 5435887.199292856 1793271.073409685 -4954.607025808042 -1464.5751002841791 -5658.239399948209
59969.55310185 3505532.7656862456 -5531584.619216012 -1814051.1685084896 5002.300810446994 1318.8903636143216 5650.6970483272835
59969.69933734 4023943.2349201944 1752042.8113198327 5181792.7894065175 -4429.872598907395 6096.695147669551 1377.056670698741
59969.90228707 -651635.6416819665 5395391.50511773 4074306.7405910017 -6247.711402646741 2171.0775366499047 -3866.696406311354
59970.04034722 -4657843.946884695 4947441.798672919 -97821.7291194584 -3403.0086524734766 -3318.6109354765113 -6008.7542661095
59970.04034722 -4657841.763493611 4947422.422073286 -97836.62029301433 -3402.9920836159245 -3318.6289171687945 -6008.775797331988
59970.22878602 -2624514.8070545937 5792985.813416321 2390102.571015033 -5460.118558732584 -252.7364764813802 -5369.371918261773
59970.28446747 1958339.1923736609 3956728.571805441 5159890.905018091 -5787.926983034469 4796.117775637321 -1477.7875050213395
59970.66540993 4453002.953320785 885645.0866494555 5049529.0552772265 -3464.6167931486916 6563.049441042627 1902.141636588068
59971.07145833 -4083961.8621697105 5430985.677328732 85225.44933125343 -3845.618227801943 -2793.6005245288293 -6008.787608825065
59971.25151771 2254591.755727758 3806157.923346318 5152058.6490851855 -5381.836143583729 5238.323053522216 -1511.2038267846797
59971.55332176 3244748.3141385894 -5896354.742183301 -932532.0305564908 4598.082432572881 1597.1178220636223 5918.007808353295
59971.55332176 3244787.827737238 -5896351.605516101 -932495.6286694054 4598.030986826146 1597.1521998377325 5918.022061494271
59971.89856891 1351919.5557929787 4711224.229163688 4701082.695905236 -5586.391035394193 4420.740415492147 -2817.9141888743598
59972.03913194 -3853504.0816550506 5590777.455917092 -278423.25145108014 -3777.792202048247 -2899.5442587756643 -6001.2892638040885
59972.22814569 -2018795.9973536746 6188085.030433924 1948414.0882968893 -5237.425499157633 57.128671522092276 -5592.122636092744
59972.29036675 -930337.8876627024 6035194.616700053 2976845.172047041 -5597.599626595001 1599.6758993293063 -4981.201746478442
59972.52354167 3908963.4379726485 -5505313.7146361545 752109.3124544831 3514.17576462935 3312.3165749740224 5950.5610586214425
59972.72027634 4628207.436012198 -4353192.450043189 2401075.5298717907 2002.6467128628208 5094.07140579872 5364.159014701772
59972.86509081 1934177.8080502644 4394685.766735832 4802490.678729717 -5110.017332412634 5086.326642465988 -2590.5028910633073
59973.07246528 -3943356.6603513537 5390055.832416288 -1259632.5251927143 -3253.5785367619665 -3742.462419283103 -5838.625255036094
59973.18871563 1479307.277026921 4893175.085046306 4471414.520750861 -5220.455419381011 4562.94240748543 -3259.2103907509118
59973.25691775 -233801.9025062054 6015528.313633789 3147504.0184130333 -5459.060899676436 2329.1326606985745 -4845.342990919748
59973.56454722 4727675.787420393 -1331870.0404635991 4688535.1867418 -833.6352671805911 7065.775429697417 2844.4622892287657
59973.70118098 2989460.005440817 3269357.52069544 5146310.847987418 -4173.8681875833045 6238.205857394594 -1534.4372171507339
59973.89234538 3749046.7306197206 1939899.4295301766 5318331.330343667 -3236.3643434599408 6939.565424320996 -248.06761774365208
59974.0384375 -3168527.0778944534 5962973.624699597 -768916.7811256327 -3906.862863811052 -2839.7918577832284 -5946.277272626821
59974.2228215 734386.9122720052 5736968.503178613 3562098.827680362 -5188.489795047792 3442.593038365838 -4464.328010641098
59974.53100426 4604689.68779031 -2011915.107929728 4566735.014287328 -0.32738048323398505 7013.532284891949 3086.5040773653295
59974.73101094 3715047.389172706 2070533.2118365886 5292835.331381143 -3002.2052081683987 7019.694717391413 -636.1697952408497
59974.92270735 4117936.4637868395 952981.6068895927 5313709.021907873 -2152.886451573312 7344.1168856466875 352.94532793871053
59975.12703044 426246.35573967214 6156733.357995502 2840369.002978866 -5058.3786594845415 2700.640017014435 -5081.341856583774
59975.19183383 311127.5261560235 6231612.822985115 2688550.310624306 -5057.698978600375 2495.8495618620705 -5185.5447537225955
59975.38669409 -227166.4641859295 6489439.595836123 2000765.5399787785 -5030.530899086695 1546.0563245409032 -5567.9982264436
59975.56487611 4410976.174895161 -853939.9328067758 5090490.582046677 -587.4779019702806 7435.030760654493 1755.380667376195
59975.69840606 3771042.8026592275 2051543.3658037938 5260704.897356652 -2606.377948370458 7145.808944964461 -914.7258452798854
59975.89406853 3225763.3681218224 3343640.2600377146 4952569.570934091 -3369.263042002035 6518.987117450117 -2200.8270219512015
59976.08288244 4206419.602245472 459892.0059666458 5309614.5241457205 -1352.4095177825654 7529.5039749016605 420.8712743668436
59976.2228341 1016967.6017212197 6082375.276892652 2850898.81028398 -4777.1186193668 3183.445743600801 -5073.617005083202
59976.4515162 139307.4059097803 -6644908.9392630095 -1406647.6005430021 4883.434767451962 -1122.2258026689015 5798.023963441022
59976.52962091 4222279.940377 -2572247.8989775116 4653352.913011869 1051.5765569373846 7007.759258004049 2916.882804631561
59976.59683535 4313831.333011296 -855703.6024238723 5172434.6380350515 -206.0694300705486 7527.006175578471 1417.297694964747
59976.73112231 3675774.6451013316 2550599.5559183815 5107893.351258769 -2526.060506742463 7032.90053020231 -1688.6437525598196
59976.85876834 3944040.95928655 1715679.1302085412 5253830.793983154 -1912.7560566656296 7356.049322036403 -962.1580350666279
59977.06078645 1463779.8542044486 5985825.749813773 2860684.3060058597 -4530.407394286665 3536.1352126983024 -5066.3980813650105
59977.1891824 1731000.0127484428 5799666.04133421 3085475.397095376 -4397.11639081558 3924.047750285016 -4895.316731904364
59977.56591352 4211038.985320797 225251.08959233863 5320852.543698321 -593.4715506402224 7637.210726633825 148.93644268658045
59977.9041088 -243410.587356031 6787819.206282855 238654.0337864058 -4759.3466771134035 44.34136004193693 -6002.4362072546455
59978.09286435 1718355.3906707335 6067077.595250188 2529663.438312268 -4347.939504830511 3442.437859173353 -5285.9917730840925
59978.21948524 2588787.754959155 5210642.861078615 3506062.4571916796 -3755.648869912917 4915.634917203144 -4519.673190308931
59978.52951294 3988576.2653850997 -2255365.103038831 5008946.977909828 1536.3519108480832 7227.975152326251 2030.2168937799695
59978.65695583 3700820.8541716123 -3249172.103434874 4678571.054104474 2281.423975606423 6726.313249031774 2870.595169620875
59978.66467359 4086676.1725220922 1701519.773447426 5155084.484221409 -1175.7661253042545 7414.864911112808 -1507.0530262566137
59978.98201049 4041442.3701071474 -1764321.4164894023 5166740.512160821 1370.4484693606728 7393.829109380994 1456.3643658847263
59979.12172678 3136529.716452247 4756825.544269808 3707378.793678739 -3184.092640223226 5468.650075598616 -4310.829297512639
59979.56371721 4110076.880251317 -1135801.497514392 5287532.521841193 1169.0489339180665 7535.680345244356 714.5648266361535
59979.69666365 4214943.049694553 1417564.8494600707 5137012.408314088 -573.6717380098331 7470.350527867415 -1582.681885297234
59979.89163228 4135346.119008812 2296297.9972613915 4878557.864285327 -1136.0570616659827 7179.898535829128 -2407.2580824756947
59980.02583449 3178827.049607467 5073178.457038372 3220603.9825160652 -3201.894957543451 5050.979237212207 -4782.244241425875
59980.22173786 2522786.6951740957 5942244.507241074 2134394.663534316 -3892.3770688579816 3635.004053351971 -5501.929803112241
59980.46311102 3266563.365401487 -3554153.467751235 4777355.456146225 3150.4529388578585 6460.143756060495 2653.794371730534
59980.53014505 3840974.0566725126 -2061350.2462496136 5208591.040322238 2192.585267854681 7232.511869310986 1249.524307010703
59980.73018344 4280081.827823029 2105194.3555658455 4839420.113725192 -699.2552660594689 7202.599220576138 -2505.044065807367
59980.926188 4058317.7705728956 3536604.2504930785 4148860.6999088926 -1748.094262033886 6435.528067758319 -3763.944798697541
59981.06033896 2871551.2586828703 5822569.869153316 2021135.7008260493 -3694.384935793645 3757.1199181471316 -5555.928220009573
59981.25243672 3370503.553159513 5272148.696966405 2658502.7081597955 -3154.4941362807067 4648.736433276298 -5203.120585661373
59981.35454861 -1578027.9266951173 -6606566.253604878 236.1856956744725 4625.757933046288 -1102.0958784802472 6013.103794041754
59981.56104797 3401672.997701473 -2944296.953565727 5087508.385004665 3185.4326146344088 6738.086636290472 1773.1661275788847
59981.69601222 4405630.922377951 784166.4272030152 5111897.7445745645 635.4838281696552 7444.5310563884495 -1680.8282543512669
59981.88453675 3605497.698294624 -2421946.158614518 5221094.489155789 2974.318232091148 6960.421591707623 1179.3092902414471
59982.08846098 4207532.748781444 3917746.1994158663 3626492.266989055 -1792.1936468117776 6007.836291444483 -4396.664283126454
59982.2197889 3792564.0071031447 4983887.406710744 2645920.935168686 -2766.4690846771286 4881.060329615242 -5211.085725074064
59982.3212963 -2345264.786766467 -6367522.341932591 -298570.8978033116 4376.243826861181 -1890.3294396477359 6003.86707844751
59982.53049328 3759414.6280970895 -1970305.6870902854 5301975.482152211 2927.8716660310743 7057.082571596355 551.9627321920825
59982.78910568 3883675.219882564 -1648202.9987437166 5322514.618007202 2807.9827352244297 7124.879746987024 163.89763409746627
59982.87321759 1096357.8976112034 6507482.097077271 -1646077.8844652888 -5063.055159360191 -591.6019079190885 -5711.298449901713
59983.05791565 4183531.3558023 4608437.364018658 2734784.0516266846 -2315.228831120977 5170.066105895346 -5152.387585800952
59983.11061543 3581668.629874018 -2308922.0742472513 5287873.987471154 3380.4634100081735 6838.56579857181 701.9515577354607
59983.35126157 -3512200.197014603 -5681966.739544275 -1232077.0864427697 3547.336078411827 -3457.2521495136084 5850.144712753164
59983.56700557 4595905.791775071 613605.2810636958 4965410.863777805 1389.3466702354256 7213.178703494364 -2166.9412461646843
59983.69706633 4714811.928889767 1236157.0729260878 4733522.609201813 912.400270933891 7089.689770140171 -2748.7357550143283
59983.88879073 4514643.108687083 89134.75779645618 5075071.265445344 1908.9912434473067 7191.9720752861085 -1814.5802116989203
59984.08981449 4555007.492589292 4280592.331327983 2673387.1724377163 -1914.0459860012531 5292.137145521186 -5192.964860225344
59984.28721612 3681093.1341242697 5669141.548562457 749543.3983134821 -3645.9165320687375 3159.286445864601 -5945.197020455124
59984.39562529 1353448.0236467582 -4927716.220343652 4470352.815040207 5338.903993389354 4425.986439778759 3263.3742854288325
59984.53079799 3784927.6189521286 -1865340.758302829 5321238.320341219 3602.767874282845 6757.895781951618 -186.17669514913018
59984.91588742 3068019.6429145373 -2991246.1548079085 5267615.492549248 4501.61347243159 6138.482051419942 869.4813272328835
59984.9935997 4719248.203230673 4370402.117466811 2203472.9121516882 -2032.1379193695113 4962.032986742007 -5466.475840679392
59985.04956278 4516279.553182088 -321963.20594694314 5063956.770626409 2586.0187952981873 6967.273463800048 -1852.8285424977819
59985.56335622 3895033.549299507 -1723489.7805954246 5289692.52758781 3845.6044777993275 6590.613432281387 -675.8264936900853
59985.56335622 3895033.549299507 -1723489.7805954246 5289692.52758781 3845.6044777993275 6590.613432281387 -675.8264936900853
59985.8934798 5251141.534284359 2588550.982814583 3452837.6983668506 -12.115868916188061 6144.700051136145 -4570.277635199573
59986.0794819 3912379.631725985 -1740140.7060344266 5271215.763587913 4017.7736918431915 6468.385871455524 -837.6942879354391
59986.21879962 5147804.44591045 3870914.7203209596 2177660.2449024916 -1526.4026112420427 5126.391750797387 -5479.43117528281
59986.28672317 4444692.866846375 5127546.821263416 456893.00891495205 -3329.3622883759563 3425.82843573503 -5982.616534566767
59986.39672367 1592243.21291176 -4334965.036397821 4976103.86249161 5773.530595771457 4565.919084482274 2134.0052341436544
59986.53025486 3618899.1254086415 -2207987.9335063067 5304957.147580687 4507.411945618644 6174.755351216196 -496.0561185596555
59986.92634023 5479279.529993348 2722054.7899951884 2962688.2749008154 -176.17131046310647 5807.126296214228 -4988.542734588655
59987.21820602 -5462197.770893367 -3384468.769280219 -2200962.1661767657 1057.4366217607947 -5257.816510495801 5475.933450397715
59987.4316731 2863940.574343848 -3100701.981050865 5318186.131526974 5415.488529656669 5414.560123470431 248.53567218424826
59987.56364072 4112667.1865963433 -1625721.4247899181 5154333.130705175 4321.323057499238 6145.235496971452 -1498.0271738719632
59987.89276421 5653487.772002033 1882440.2767558882 3270565.067312422 765.4109560019598 5967.7869700386855 -4737.079491782158
59987.96079693 5568484.829221675 3537264.068944296 1649226.599198698 -1413.52625195914 4902.2178953542 -5708.850335182378
59988.25320602 -5265734.590770841 -4255845.818285667 -514689.03019569314 2648.6491959638793 -3992.897323984659 5986.866400086691
59988.33012403 331360.4857217932 -4802312.322479956 4785227.944537211 6513.712472048063 3068.0208205900503 2630.8737370390813
59988.52990984 3584837.6467798287 -2390425.8730077925 5248338.09294588 5181.183882543184 5554.579430749144 -998.4240500124628
59988.72244041 3123843.3101701844 -2862735.1786639197 5305422.737671888 5600.72926693961 5206.39453134142 -478.8187876552375
59988.86056051 5850966.380963432 1738428.831452924 2991803.870502632 837.0308312979599 5768.7052996831735 -4965.976198541123
59989.04567422 3459912.3208936877 -2562098.0545559004 5250847.420622532 5435.734153391653 5309.484126671725 -980.1506164151378
59989.21667824 -5963460.092419536 -2265791.304929981 -2331129.334126453 -42.905003562906586 -5432.188855114907 5407.212334418429
59989.36571807 2188787.4676372 -3616744.058079406 5311591.91799643 6296.06087955524 4352.163192031746 377.0543521918204
59989.62437314 2521854.3928952212 -3377938.9139837874 5321587.861829019 6198.155556861693 4505.0144406099735 -68.76899868640552
59989.69151348 3837173.549863035 -2259537.4324306753 5126968.451961218 5290.313829150095 5301.915495817192 -1610.587963563125
59989.82682127 5859864.894722199 826667.5206719155 3342356.531417371 1862.8922112030948 5774.533255667525 -4672.533197125182
59989.94522148 1575704.0212388379 -3974247.904987103 5272373.528707054 6654.990869703901 3712.2712945901158 816.4687723614186
59990.26338337 -1039992.6401011989 -4928754.840459933 4547748.058234683 6855.185400859834 1431.968920546999 3121.2893968596695
59990.33235144 1614987.6513678373 -3933537.391437347 5290883.811850505 6725.8239275054675 3617.357987901726 643.9929807777679
59990.59814536 5299355.315663183 -708043.2893810554 4192032.0050483826 3688.74361859563 5601.890439564161 -3698.7374767168576
59990.70518584 -5630233.149608534 -3757619.5282487343 517448.8358848371 3034.049074485669 -3711.63068133739 5986.632671784018
59990.85917733 6057004.720640167 690114.5530542809 3005704.1452951683 1839.6179855031862 5541.945913439777 -4954.900485519086
59991.15298611 -6294954.397289155 -2197963.167134543 -1285660.3752355922 540.4788079075628 -4942.122069552408 5836.897144111383
59991.42183986 -2704876.0707893856 -4834748.897582964 3918960.1859176992 6493.223245547206 -334.69790344808615 4066.864852569874
59991.56537642 5284546.865823346 -1066744.0616798033 4134251.4987538345 4041.354501559914 5296.116563430136 -3780.134996310299
59991.82862581 6399828.075048444 1282033.923941654 1903772.6445240187 641.6924789058676 5175.289154898349 -5606.7840200746605
59992.01179604 2945566.3944190624 -3209158.5903080213 5207334.650695384 6469.493016150043 3916.5965089032125 -1233.7891490515974
59992.26087718 -2509042.3354061665 -4671871.07842598 4233299.94018031 6741.413635738356 -320.19862591794777 3641.774452555039
59992.35037287 5807690.797417345 3347616.7522644713 -1157557.4098264498 -3279.5030895930126 3670.9242774770673 -5860.445781840148
59992.53220763 5101375.201245257 -1586230.838751761 4196112.802196081 4578.6502947985655 4907.621581405145 -3691.921133669453
59992.72541649 4995644.132783289 -1751450.1791964872 4256779.756031272 4766.594341002713 4794.156430726947 -3602.334937517199
59992.91511656 3130737.42163726 -3191529.6126989024 5109473.103703784 6507.988664932463 3682.12806558516 -1674.3690237064773
59993.18784862 6179473.974369759 2712351.2901542946 -853731.181895171 -2605.4585935881323 4083.0717501391787 -5926.411437275846
59993.23038703 -1373293.7405440176 -4502932.19101045 4886297.944706631 7281.263398668614 355.5461306793065 2377.210970396262
59993.29866071 1037987.4591915873 -4087778.1808884353 5317180.53053464 7359.448151189097 2131.9297095477273 211.1791897257076
59993.63607639 6640350.504995248 1281403.8686571664 715416.2467484169 -278.45614251274844 4810.23149000722 -5949.5174878973385
59993.69183859 4567827.270835316 -2376920.1208350565 4429120.174231498 5447.952359097542 4235.901639890173 -3326.79453579387
59993.88211228 2853571.8651185557 -3441437.9387262166 5109080.08832768 6792.921644508271 3126.1416148481376 -1674.7061936787118
59994.19584422 -2685558.059628518 -4289896.345124874 4518284.233235711 6911.975375749455 -985.4312545631186 3173.321614197446
59994.38370686 -5502933.30878242 -3139831.5172508764 2430069.7402345454 4313.537520292821 -3408.02153327685 5350.52109532832
59994.58757273 315172.0553545824 -4219435.4561823625 5305214.596945416 7571.27781203106 1114.7851409576015 445.0411693877812
59994.7915488 5899657.291100632 -1420100.694781794 3059334.963139742 3667.0694229161145 4591.829179420538 -4912.3233905163615
59994.9091569 -287253.0723883854 -4273100.3329412155 5262979.053010821 7595.937511382311 558.4293262305413 875.0710799003065
59994.9091569 -285662.85124892363 -4272998.442166763 5263197.967768213 7595.97398069053 559.5299181449575 873.5719696048333
59995.36495299 2401680.5501846224 -3777048.2087383396 5108569.322093407 7130.784146419566 2237.9106005895555 -1685.6263102961664
59995.55722113 1542056.3821470884 -4017222.01457075 5252687.683453194 7435.651025125242 1579.3435676311321 -967.6255473211455
59995.70349537 6411714.248014336 1760543.4398201008 -1438268.1954438074 -2487.7386941024006 4355.4182914217345 -5782.317841520381
59995.82592965 6450419.908789412 -970965.442357451 1914772.333270191 2373.8314364200573 4650.922265685735 -5603.530684142974
59996.08627873 6756033.159435382 -174499.6267297296 754964.4116463987 795.846146883189 4761.150574772475 -5944.787315141918
59996.1976062 -1761983.7683313775 -4131480.505075753 5090594.1251581125 7395.07760950008 -994.7853793677233 1752.7610912695325
59996.38451573 -5393449.697847038 -2683550.953700278 3133862.087217807 4657.348141065503 -3672.4700810388563 4857.8852199168105
59996.59112363 2311893.1276866714 -3937863.3841666174 5026644.507243767 7206.35409529478 1699.0922382944786 -1973.2065051662898
59996.8483138 1691868.0089560815 -4086403.724259568 5152591.969469086 7422.7463423707895 1166.3332821073518 -1503.439582122972
59997.15075231 -6712679.5094205355 770231.5366826939 -724578.0295117912 -1172.0439564330043 -4678.131770829864 5955.436081602902
59997.2319595 -676681.5194022825 -4180783.4195573116 5305828.263743392 7622.58470403496 -645.8750828458941 467.01017227142347
59997.36606105 2576409.115289977 -3979495.141540974 4862996.387947337 7086.860970164436 1592.632835825751 -2439.6067073806626
59997.57315972 6735711.385665572 277931.26543725433 -908466.586664767 -988.0198046554792 4755.343062339272 -5917.390812949521
59997.69333167 5023605.597899663 -3074887.0962874065 3388884.3162803166 5146.220176082313 3280.726041812541 -4630.509976951128
59997.81514089 844985.6797580093 -4237333.681534496 5237459.238173647 7586.663871078221 186.90187315034933 -1065.1005479839816
59998.05209491 -6307741.470361724 1956724.609764785 -1605173.7532427774 -2772.5608553950283 -4261.424097119263 5731.675630666561
59998.08647934 6686064.369246081 -1137296.11414156 500089.109192335 1241.923204632558 4620.4549826867715 -5978.948883634393
59998.19898951 -1383479.7650180717 -4041958.986669853 5275310.070626636 7469.129462297723 -1528.482742094616 790.8837994055481
59998.39969716 3146346.9530676417 -4017932.3202850027 4482511.521841486 6744.860152763142 1654.110881122778 -3236.949216535293
59998.58928243 613268.2660114148 -4286277.15377706 5229650.009393823 7577.172038698545 -282.15615018624146 -1111.950309737333
59998.72618734 5079189.245978479 -3311548.072522381 3068822.5487740296 5000.2623197177745 3100.136743638821 -4906.498324806835
59998.78226885 196554.51279036686 -4271656.543240118 5273266.447500517 7592.785826027165 -656.3048389498485 -807.6529287820224
59999.08365741 -5962721.619187351 2683384.543703721 -1855463.2312651158 -3478.51956955285 -3852.350805818407 5634.587528600548
59999.16561388 -2303278.2604523636 -3721438.7511390974 5188777.275416824 7107.592896412986 -2541.7152444398644 1333.305793164066
59999.28849572 -5466329.275836467 -1751368.8508322919 3625398.5709987166 4369.611329702406 -4509.722941840707 4399.652138653133
59999.36715531 2739384.2930513285 -4275771.109724713 4510350.098792053 6890.590998874719 1037.5253520089707 -3186.975145959194
59999.57290509 6681198.962647076 -838411.4434984128 -963859.4601783786 -234.86320406623722 4864.619647146202 -5906.406911448553
59999.76102899 5839829.323810747 -2984813.091786088 1789177.3167444295 3625.3979635140613 3678.758757145361 -5656.132485802784
59999.87981774 434209.29703091306 -4368324.364721349 5179180.501833614 7484.711826778504 -900.99446897917 -1378.8375960177784
60000.12914976 -4728851.910311879 -2196124.598169283 4346960.783703453 5235.127334696303 -4400.090721595935 3465.9143894716135
60000.21825668 6621694.73923283 -1071039.6772351211 -1130191.9796243291 -200.65716258543634 4911.017809552201 -5868.897506560693
60000.39727578 1160258.3762107997 -4492972.241595743 4956568.661149233 7326.749765086618 -530.0567853307134 -2184.4352854962394
60000.53869213 6467103.785360918 -2103910.5756552783 -63030.1367895341 1424.651894415386 4531.6587339522985 -6005.264422896898
60000.7172256 -596342.7768787353 -4223462.466341696 5281034.352491152 7370.757675218928 -1968.7068890046448 -735.3646769781672
60000.91304722 807097.4806491896 -4521357.558454282 5000563.240683394 7318.951225815297 -975.7186032071959 -2052.837604537625
60001.09645598 -4984741.772303731 -1703353.3047423516 4281263.541177884 4732.69619036256 -4863.3606132699015 3568.467001548527
60001.23046214 -2476054.8732932475 -3498157.9216244775 5263194.376333264 6776.983194755992 -3472.0776315407625 882.6501988093263
60001.3677283 2565198.5911159893 -4673658.823468524 4208039.654733206 6714.088020482748 360.4776458690502 -3675.7061859840283
60001.5706713 6248573.259055068 -2683901.0813863934 -45796.013576050624 1845.551329767834 4377.105062976908 -6005.623654702117
60001.6940474 4434316.865413677 -4363334.65127323 2734786.2484645853 5265.248839682823 2104.013533029525 -5152.035015229986
60001.74978802 -626219.1304044033 -4272392.978728998 5237988.764195706 7214.957428802265 -2361.2925274821705 -1055.8338930185441
60002.02087164 5864929.220842566 -3383162.2676961888 625929.0701989274 2870.091983972289 3852.3633120641043 -5964.2150058188945
60002.25274275 -6257400.333501774 1016220.5736331396 2433851.710909373 1217.434546061753 -5360.204543870894 5345.351160525597
60002.33153021 -71003.86618461736 -4496872.92265072 5085479.634095787 7150.12698140532 -2121.1218076312275 -1766.0597892343262
60002.52728191 1233063.993805962 -4820179.250312824 4621247.890386566 6978.577968920154 -1081.989047547799 -2976.591535247988
60002.79061655 4042918.7938923086 -4750665.920581744 2695217.995145857 5401.888432684375 1642.5657387360384 -5178.60051501891
60002.98789094 5431918.636227334 -3997731.2576684156 858374.5689951084 3454.984766528742 3404.191159915487 -5927.533883105153
60003.0965642 -4982552.008528219 -1127897.9001355513 4469059.481030858 4183.870036701382 -5536.209857152343 3260.708341602454
60003.22311389 -5717258.181231897 129038.44234657928 3657949.9473957764 2671.2937022950337 -5710.428151571455 4364.435110705528
60003.42649794 -1372168.603836976 -4068396.92863933 5257696.036156533 6765.448738419435 -3482.345371042634 -922.1016539701724
60003.56104113 1860119.424887185 -5099126.857170559 4082151.576001721 6588.309071984412 -694.8706696148905 -3852.1438739961304
60003.75698547 3109355.574114458 -5152088.984225611 3153373.611464238 5912.39467969651 591.6638353429719 -4837.98129489122
60003.95558604 5166294.336841579 -4361141.490483768 717015.3221057254 3572.0553509042543 3236.803260510963 -5951.739417587041
60004.20169737 -912636.8298611328 -4367558.096641579 5115242.515795842 6697.334231754019 -3343.460028318902 -1650.3652616304032
60004.58741481 -1756423.7836253687 -3919939.8752239025 5254699.308790638 6389.224770997319 -4130.657946134184 -938.6340537897897
60004.72453421 2741600.821045663 -5391826.477280164 3092757.068666987 5898.7467411336775 180.78476187779486 -4887.559323812065
60005.03183443 -4967880.419133966 -526461.5425345609 4593224.361078312 3458.947026349695 -6135.307961385324 3031.9602688651403
60005.23196975 -2167430.955635832 -3670402.397064296 5281073.750370586 6065.012242094032 -4632.492463414795 -723.7830197833381
60005.69029897 1434012.4147938315 -5489345.153497851 3734045.6613956443 6223.664097299638 -1298.8913358948294 -4278.384562512019
60006.53026366 1853922.4722947797 -5749902.705662329 3106093.6025375207 5862.35145691226 -758.4298599671696 -4876.571466139598
60006.59626272 2563725.28364618 -5800603.245437841 2438157.852117426 5493.552283494573 169.5923371806184 -5339.085417660137
60006.65702307 635621.5623614475 -5479344.714438135 3960345.669100124 6150.0644753712795 -2199.2609689436135 -4010.61037540608
60006.92194759 3795227.9004356503 -5575259.041465203 847946.2277002822 4384.941158545562 2069.2494721878643 -5930.385320320544
60007.15848575 -5226533.65458363 1270165.6326415904 4139281.206123803 1412.8198575345439 -6523.449419524487 3774.762936309353
60007.22450867 -4978881.128917759 421285.4452676485 4591717.595101853 2239.474583628793 -6677.002033004653 3033.9202570305506
60007.49497122 28923.004964355558 -5414554.3932315 4096874.891413075 5980.86359555061 -2880.8118846500406 -3831.6700823592014
60007.56245575 1521476.8585827511 -5929265.3372792 2944845.849350675 5712.602628919179 -1032.7557245663118 -5002.895656341231
60007.69158385 1530500.820925682 -5959648.712402699 2878329.4936068803 5675.650274525276 -996.2560069387325 -5052.058211862762
60007.88807068 2826470.4656806453 -6007326.2032032525 1452426.769545462 4945.661603977857 916.3079654012582 -5779.162043598591
60007.95465891 3627172.712958866 -5737015.9422128005 380132.74230313447 4207.420567819901 2250.2345345492163 -5991.970928127068
60008.25918737 -4326583.920185417 -853822.9238766518 5156558.177738375 3111.285204550087 -6851.482691128817 1474.300057821233
60008.32835543 -2687655.403251848 -3428097.2548223687 5203339.201676534 4911.364892069383 -5753.599774638799 -1246.742079269483
60008.59569838 1679970.4248072144 -6172945.093321199 2287060.120471978 5384.309177154384 -557.6345664038478 -5424.006527413907
60008.65729714 256468.4283644758 -5794600.729495906 3531829.064085246 5684.841648449998 -2500.0072534208357 -4492.223327886642
60008.88621528 -1653408.5600390278 6230887.579088236 -2157615.161751771 -5312.216156571753 483.6558723236021 5495.45798415906
60008.88621528 -1653408.5600390278 6230887.579088236 -2157615.161751771 -5312.216156571753 483.6558723236021 5495.45798415906
60009.22572131 -4534030.429543574 -31393.95043648737 5047620.992621252 2162.2897432120285 -7108.909967636681 1894.5296067709053
60009.56188042 651450.7466932115 -6161133.979563759 2784398.75886438 5427.891584464388 -1752.8247936174175 -5118.995489702502
60009.85346065 -1077245.6450292652 6338293.565036853 -2211387.401055178 -5267.331966125373 1004.2372680323306 5467.857835689559
60009.91996528 -1926514.228102116 6401288.346929481 -1228141.4940048195 -4934.02149603228 -372.3808058350166 5849.289937032895
60010.06649205 -4079329.325617214 -1161924.7176429795 5296880.9850796955 2753.014434867848 -7134.372003793393 557.1269428555067
60010.19942997 -2909116.6701386855 -3411794.728346864 5095988.011435126 4204.070970395726 -6174.093052825339 -1723.8984244967253
60010.59174225 -872408.8247047154 -5648454.857797348 3670205.54664332 5157.250858581725 -3636.479331751819 -4348.085633409633
60010.6579609 -131443.5543442765 -6106524.377880942 2975574.0042079836 5234.944013843715 -2552.9382989972028 -4979.011824759058
60010.85609216 1797168.623021799 -6513784.777154908 752596.3468658973 4787.519909108302 621.7485621770784 -5945.954137568652
60011.03336791 -4269859.476982749 -420731.16604293487 5256950.838347422 1857.759858534139 -7382.129818513718 919.585607177327
60011.29441345 -3651728.0221078624 -2236961.693368053 5264720.620325548 3030.693241738434 -6989.337190950772 -860.8486175067492
60011.36115392 -3002278.5414862176 -3510104.456249608 4973915.226960782 3815.8127457109345 -6298.147774669218 -2130.2403065365916
60011.55683839 -2294489.421069494 -4575355.052325361 4460786.731881439 4356.576459270688 -5391.031939013231 -3272.673739635791
60011.62495171 -853928.9427724264 -5939109.7591829235 3185006.6301198904 4963.304565701109 -3308.1421022762124 -4811.232012496877
60011.93329804 -4432962.414263825 1871282.7866283902 4784982.293221854 -200.64011048053914 -7202.175986105666 2625.3722586469817
60012.02382199 3507367.207886502 -5211973.668616034 -2610459.9350297973 3055.776375801922 4671.587433908956 -5235.771243753997
60012.2611149 -3996736.499025824 -1373588.1545470562 5311086.746348223 2061.82535216514 -7375.203931228493 -352.3683087877529
60012.53091169 -131362.4045886504 -6523181.849869948 1902186.4016252907 4917.326349587866 -1747.4711771378395 -5609.973806606238
60012.825 -1260390.1285609894 6678750.264028154 -8511.161472182308 -4670.135497008218 -884.5571217925984 6009.7356206788845
60013.03459235 -4159079.701237927 -676934.9405193527 5320063.160045394 1268.1373874983872 -7561.016541218812 31.27016884729291
60013.23474716 -2723378.5512362514 -4527960.846474789 4264783.590013259 3738.6053719519377 -5646.079660919533 -3591.4348571130395
60013.40931888 -2344947.0607396774 6091410.311650992 1882988.8034389615 -4032.1426863032802 -3301.834389914386 5620.778669069085
60013.49665953 -1445099.9549283362 -6023097.717864391 2791001.4750484764 4530.703465190693 -3470.406805048815 -5114.60958545716
60013.55246074 -3979078.7296025506 -1651983.743899505 5244324.680767258 1732.6047963857368 -7399.2873465904095 -1010.915765847406
60013.93338119 -4073833.617551078 2464435.0275298143 4837097.097105406 -1331.5749171424773 -7124.23431201992 2501.495074304174
60014.06773741 -4132959.4203890567 -954442.5784621293 5297895.538144723 1042.6622915714945 -7575.613819254293 -547.8049777222661
60014.38949279 -4202329.438105338 -318570.88753932354 5319614.187609066 468.7907449047188 -7651.785503237259 -85.76861468781028
60014.59328765 -2016126.5545064374 -5851649.733853303 2800668.1004601247 4177.585928682296 -3897.731520985562 -5107.938669433124
60014.78979324 -980114.1978448993 -6581177.724220323 1384973.5898798292 4622.402275402067 -1921.307841968374 -5800.651057300998
60014.90128928 -3899326.1926487815 2624004.903793181 4896322.538483972 -1800.7953200566183 -7072.6812230513515 2349.5383950536484
60015.10172505 -4074176.9005538984 -1794309.4354958378 5123071.167232018 1212.4762767098762 -7395.0108018165965 -1618.9393978579847
60015.22950734 -4184389.875775958 -949695.4346470925 5258030.863993423 569.1859842424756 -7590.8787841222775 -913.6349801754664
60015.43150681 -2557645.210348929 -5551503.926814113 2963086.494926139 3782.455095302755 -4420.228628571934 -4989.80623702268
60015.54827727 -4043136.5769106895 1639743.1374697469 5197943.148223023 -1367.7361676246078 -7435.105629866399 1278.7618664835468
60015.68319538 -4076418.769991902 -2167412.8121759696 4975404.969890822 1253.1121831436064 -7258.269476963186 -2126.6631273746934
60015.82688985 456452.0173025862 -6681877.062600092 -1180400.8608619682 4742.378212302495 1349.2596653730027 -5858.449256026251
60016.05672641 -1912484.7612982932 5747776.309214375 3069159.5579370772 -4271.176588889315 -4054.525283095326 4908.348110938777
60016.18799488 -2638274.2493899628 4855342.759380681 3943997.0278594904 -3757.20499762003 -5329.672884945386 4032.451962936796
60016.52057119 -4268524.77252712 -1098456.2491831696 5160574.81308642 166.2059339202178 -7525.12816485343 -1458.349797221754
60016.83551765 -3152819.121515831 3767159.607019257 4683595.205343598 -3293.720464434141 -6310.405974461098 2849.0426172049392
60017.03484856 -4224432.24617681 243904.8289296279 5305181.102405644 -996.1545191841751 -7589.3781674844395 -442.03097137471775
60017.10292466 -4283902.421531787 -2041771.5359493312 4852648.772690094 647.9235937079902 -7231.941475137769 -2461.4427158008484
60017.22725079 -4087604.6813004566 1037600.6112754623 5316423.553691536 -1630.090340055467 -7489.070141380898 208.36597881358844
60017.3656974 -3678606.9589049453 -4612454.494518924 3363365.825549546 2618.1408071777537 -5498.70741062391 -4655.051064226824
60018.25993649 -4081447.118226165 1050682.4109165457 5318932.38819851 -2047.6428071422927 -7387.853546811791 -111.80667576933199
60018.3878645 -3846213.0953690284 1782252.278614632 5299434.861024554 -2604.3140838783493 -7192.065146415824 526.4566108369634
60018.46494745 -3505263.5614770814 -5377120.707038815 2224660.1724089696 3176.227414032842 -4343.6263174073065 -5458.228081961438
60018.72540663 -2885343.3151561604 -6065781.943785506 1031060.8645356921 3949.1951967933396 -2893.778644903704 -5894.940064459561
60018.72540663 -2885482.251093832 -6065805.546573119 1031258.3087656504 3948.995885337633 -2893.9479763772897 -5894.825633805106
60018.9015438 -3063123.8670693096 3346295.58872471 5047988.310816667 -3822.909702704489 -6369.825571841336 1895.7114681489743
60019.2280069 -4076364.4720866336 1114259.1505216886 5309703.810202923 -2462.941402837717 -7251.589954043412 -368.8848529981927
60019.23172105 -4585707.139253123 -1235347.9635808328 4848715.931690316 -675.1773257804515 -7226.500940002707 -2471.6531990358867
60019.36642584 -4262828.744800631 -4376017.826411559 2966744.4792552684 2089.0394777818524 -5433.6556703787255 -4987.811383415398
60019.432892 -3862916.4564466155 -5189114.3760578325 2073664.3999366579 2939.0346253490425 -4414.624562581311 -5533.799912270278
60019.5504312 -4017746.2261909964 1296642.558624315 5312885.095330717 -2713.678843638481 -7164.632468114315 -303.4159255265681
60019.87043874 -3230714.241546041 2896970.6521056234 5217806.570913249 -3918.2401540418205 -6485.626996146664 1169.9629282965711
60020.33355252 -4674781.921112769 -3771576.7432410056 3167694.3961638855 1386.1207372464205 -5791.905604253522 -4827.708990769244
60020.46214245 -4760664.713199662 -3504599.8817636776 3340810.224853021 1101.7475242601436 -5974.487970248638 -4676.395805295466
60020.65779065 -4531792.0757580865 -4446405.21407193 2413718.643186643 2101.5405601797806 -5066.287169686479 -5355.255792740424
60020.72542369 -3794849.329435429 -5568235.681592161 877526.416366455 3520.187074743049 -3347.258325806445 -5927.136094572908
60020.72542369 -3794849.329435429 -5568235.681592161 877526.416366455 3520.187074743049 -3347.258325806445 -5927.136094572908
60020.83697927 -2559581.092543072 3695399.9045787156 5084611.265969984 -4765.372416345931 -5740.623834761453 1765.966805606621
60020.95719767 1586303.8330898297 6249493.813746801 2142703.944670779 -5308.890323284454 -551.2426346591842 5499.122941172012
60021.21401792 2264190.511026768 6215007.122876957 1558726.0407746865 -5056.294977776937 388.0239223775579 5744.18737616046
60021.36925388 -4420283.97471103 -4937702.363588792 1495145.3714055964 2756.003376938641 -4229.4068816647905 -5767.505006012309
60021.42870586 -5064278.730564346 -2550186.798046702 3733796.9199431026 35.00741555095038 -6361.0673079392345 -4280.357336677684
60021.69324005 -4177361.5667534643 -5306357.41946326 752921.108280223 3341.0900170034224 -3488.8862554946472 -5949.240838750435
60021.99257223 531114.4297960236 5750278.965978242 3573753.2673855876 -5824.7452785394735 -2241.1785469678453 4450.132057130103
60022.00448664 -4525327.537249454 468959.9855515757 5035294.8321723 -2870.5266442596167 -6840.9092103019975 -1937.8641317727738
60022.20096814 -5084004.9729978135 -1196465.9714878306 4334959.558135886 -1406.1605456012617 -6684.854392301243 -3482.7987132858325
60022.39998922 -5072751.598751781 -3975773.1791521544 2143043.27169998 1642.9485169006607 -5080.352325638385 -5500.7503210846435
60022.46264956 -5268520.449368451 -3077949.9545948203 2979520.3234196072 561.4668633685732 -5803.37043752764 -4978.7065105876645
60022.66085926 -4588227.915841045 -4959846.729142145 719175.55330015 3071.4290517836407 -3720.275457502185 -5954.915088195594
60022.89179992 2838739.2987723015 5876056.972883186 1894506.357860085 -5171.713474832356 674.2305860947317 5613.763732926974
60023.03815557 -4892658.291077368 -53124.25736998876 4703017.175377246 -2634.7097796940975 -6630.967752264045 -2807.93754740084
60023.42898256 -5476582.214219068 -2001334.6014041656 3477764.1903386815 -656.363464900973 -6138.1988349999365 -4547.630560403848
60023.4867486 -3973033.3435522355 1758106.327680079 5212651.7187705785 -4325.733266919715 -6216.370971652603 -1198.6582364670817
60023.73818497 -789730.6524072639 4721589.056029736 4812261.252965608 -6228.866644912539 -3662.9520437655306 2560.4286928270785
60023.87218834 -3253620.0009038006 2688333.706020429 5313536.719962657 -5150.788820341123 -5672.465248144355 -285.3305038106359
60024.12985697 -3037548.885193465 2920454.9655618556 5319057.466518722 -5391.348255729946 -5450.9131351026435 -88.1765770983205
60024.2681349 -5656203.373366845 -1928094.0207229077 3223022.90823254 -707.1547302390358 -5952.017536357342 -4781.421461619167
60024.38988954 -3873482.601706267 2001244.3195290777 5199864.389870072 -4745.90517566916 -5887.368881797664 -1267.8341742526254
60024.59213334 -5759456.8597648395 -2514006.638092057 2573572.7226265064 71.72942472574961 -5577.230673327671 -5260.230426371224
60024.7051212 -65840.88113321966 4920325.604443485 4676375.892735484 -6527.285210240689 -2821.330200728622 2863.7203168150177
60024.83902292 -2682561.150731396 3250213.5571114467 5318748.761375825 -5818.954874256776 -4991.219064448785 112.13926467811484
60025.03898101 -5204343.120715823 109600.69596558031 4355353.1827555895 -3025.529176732423 -6143.032673198578 -3450.563506741333
60025.23536847 -5767195.161234469 -1311288.8435740059 3333610.410037104 -1373.6033564699233 -5913.330977428293 -4683.730740799634
60025.36343941 -5642522.895724828 -769678.0073677452 3694944.2993690763 -2022.8840271902855 -6000.686539650851 -4323.716433710431
60025.62874546 -5530642.312397055 -3936781.569731668 288874.40181844553 2542.473795681714 -4030.7819016433273 -6001.868477183428
60025.73785554 -60330.76855633696 4751396.1278830245 4847422.93078663 -6765.118876365079 -2622.2155724084114 2474.5916131718554
60025.87225215 -3032286.621248768 2974705.157370731 5291861.3914337745 -5870.583035269756 -4893.507502985529 -614.1416897029211
60026.12970756 -2683438.8961671945 3258591.1550255436 5313142.58871881 -6145.145261377611 -4575.143100384618 -299.7417048235596
60026.39717484 -5990587.977284487 -1137298.5685563886 2986343.965406283 -1415.5904065988084 -5660.785476796522 -4974.19869590481
60026.39717484 -5990590.161889678 -1137307.3302178863 2986336.2729577357 -1415.578595034545 -5660.783240447995 -4974.204598825879
60026.77276304 -1400011.6055682446 4040688.6488378085 5269589.899648473 -6802.77471263029 -3438.2324165357436 823.1139411093648
60026.84000303 -2926290.4248857033 3108292.797824412 5274700.399089226 -6169.293091934519 -4485.361389539108 -780.2495575564985
60027.03356133 -2910456.587658372 3131048.383505402 5270034.292568119 -6221.803346017821 -4405.020064499572 -819.7108852634682
60027.2046638 6214936.870991863 1305359.6833735744 -2439913.1007155287 955.9098141589592 5398.100566305279 5339.887916825346
60027.36411618 -5973853.845405297 -389087.9625974719 3201962.573709097 -2221.174596496993 -5551.6937071352595 -4800.0373618812
60027.59472222 6273978.827060569 2455464.931179169 -929356.4324511553 -995.8934455196809 4758.584772586327 5914.698033524525
60027.6724685 913637.4596915862 4730895.003904614 4781888.810365325 -7079.846621120882 -1306.203053574103 2632.325290328886
60027.87238453 -2889407.5799697503 3201093.6881612376 5239343.0450719595 -6407.462825306103 -4080.42188020336 -1040.7110982782433
60028.05676679 2658239.263779043 4783454.742389614 4020567.3153210143 -6569.82863770891 329.0022529227606 3933.741500457437
60028.20248098 -5971032.499357307 75528.88997341313 3229639.16708534 -2661.303829942772 -5375.91413037261 -4776.22432182575
60028.33064495 -5757333.990074197 520868.23029330844 3558035.3133704998 -3251.655050286805 -5316.1538072102285 -4468.453213767599
60028.70602699 285869.87208638253 4473769.659489106 5096237.052594547 -7316.128295061257 -1506.2668947750587 1723.4322340917213
60028.83878896 -2025867.276333007 3716581.689614773 5303862.7205642825 -6977.747529534916 -3142.687349825413 -465.41745328840483
60029.03395788 -2959602.48687393 3258979.7416104246 5164065.494425454 -6570.653987214784 -3678.2929809895627 -1443.7006424284777
60029.20512024 6492924.7907669395 730400.6751917299 -1891552.742192128 1055.915556800331 5093.406378066652 5615.339495633738
60029.29744338 -5499165.823939664 1251187.3643958846 3777245.9474908966 -4043.0106715427837 -4953.694769761214 -4232.528754779163
60029.52840278 6575174.438726504 908819.8006250884 -1484471.3036625104 604.2586368131587 4995.887968319051 5768.8114783881065
60029.74047939 -979650.7281069052 4102897.353839216 5315967.510603771 -7378.752488184286 -2067.5485859071305 231.31868403108257
60029.93976041 -4293271.393650857 2552061.858719294 4594565.253481363 -5704.860191568563 -4132.137694740866 -3029.411597857952
60030.00105795 -2518996.8691236754 3565042.7393728746 5195420.814025289 -6930.575877883927 -3013.7879589427703 -1292.3165827543742
60030.20188432 -5919105.0753864795 1031010.6367475874 3160194.1844538106 -3437.2149442690525 -4858.108744258707 -4835.626798235569
60030.33125476 -6021016.369217083 933101.0397527015 2994286.6608300027 -3234.0174786593875 -4863.257009693879 -4968.699756167748
60030.56083333 6672467.034988692 570160.0926903171 -1187624.7334383025 616.2116755277353 4893.344468682499 5855.5024540120685
60030.70684053 8120.621830714905 4273796.970191327 5271894.657145043 -7559.39112773279 -987.3726710487388 805.4802803367199
60030.89170262 5048469.103801693 3424966.8689178624 2989388.620262567 -4998.297967281178 3006.8859313477624 4968.985151652228
60031.11709491 -5228414.33576376 -3255997.6989993663 -2876741.080991759 4770.620201710962 -3206.7470178614312 -5059.599579776527
60031.16975413 -5981507.479334993 1308660.2925203706 2931936.6668527275 -3482.6616044464095 -4637.897283567701 -5016.155931558592
60031.42115834 -2885591.9732492487 3565147.740780072 5001159.495415637 -6880.723623281176 -2692.103771921681 -2048.963338433749
60031.49332566 -6258828.481628029 1022820.185161383 2424663.6724991277 -2849.6107153815424 -4694.904041810163 -5351.104896866228
60031.56265429 -6727661.853012594 -943571.2162000308 2321.0374735576975 648.9770456097897 -4709.9124993826645 -6012.0886513181395
60031.67332255 916000.2239179717 4269633.447746529 5195846.9525511665 -7556.081952487545 40.75282551013176 1290.2187135155864
60031.744039 -3051072.675984209 3544179.653542921 4917441.444239742 -6809.40092911555 -2676.0021616090235 -2293.4492642895075
60031.87270052 -2828797.6566253346 3645266.719148053 4975768.717448254 -6937.347081385513 -2478.4367727031627 -2126.2050060278534
60032.0809838 -6479421.42822427 -1616094.0937831625 -1256746.1566463748 2228.587415972921 -4429.051865716695 -5842.194197910033
60032.26221505 -4178328.049738424 3119473.341577453 4343821.185564628 -6026.713009633251 -3230.688217398275 -3469.8849304682067
60032.46018744 -6032375.975527366 1697176.3172901894 2611551.1644197367 -3505.437930602805 -4367.899173162856 -5237.757589181355
60032.6397661 1795737.6718205716 4117783.4968522293 5088419.293857261 -7388.547485127308 1043.6057824688 1753.0955189005088
60032.77333606 -1176965.7927231994 4125329.2675930806 5257886.176685914 -7547.2363636581 -988.8299728229626 -915.6032579746727
60032.83886978 -1832794.0876726601 4024286.128308268 5147189.372223093 -7379.919816586626 -1418.4388616142571 -1519.0569858816193
60033.01611083 6579455.328995618 1115421.5198190634 1291826.8626793015 -1931.7649069651472 4581.483835236912 5827.057908648478
60033.07075666 5173981.460671035 -2712620.0518997037 -3485873.5497805867 4965.79316055061 3638.9798226951266 4542.983544681459
60033.17170997 -6493108.9655735595 1231665.6400833493 1559668.436860648 -2252.3243804692065 -4547.036835410272 -5748.25496565118
60033.35406344 -1219591.1188953824 4155970.386328506 5223771.793330197 -7541.140833086015 -785.1307835786017 -1137.7910403662243
60033.49590255 -6724244.137091832 701100.4028803381 651936.400713967 -1076.452032853838 -4691.00838515189 -5966.992429583928
60033.80973234 -3671892.0748485783 3668329.8185567614 4372355.896062152 -6443.329768699386 -2360.509923263254 -3423.72481044521
60034.06917057 -4352128.786213817 3440943.11668961 3909902.203082703 -5870.319015414227 -2780.861455914618 -4076.2011133135215
60034.19783697 -4138052.9703830625 3567131.7748189676 4027227.8033089475 -6059.104618951047 -2583.1447131714735 -3927.376049306643
60034.26496853 -5348855.579533502 2899330.6784487744 3012046.0709437667 -4694.882454235301 -3494.267779738675 -4955.180249582716
60034.26496853 -5347330.035591358 2900695.6967912563 3013773.0773719875 -4697.530922746694 -3492.7588808251 -4953.6740869862515
60034.76183388 5631990.62845034 1869319.5562057393 3308053.531895799 -4217.2816883432315 4335.888104264783 4703.9132546856645
60034.84004966 -2302938.268953329 4188159.680200926 4817617.783009986 -7162.140059903967 -1001.7094875732299 -2549.331831583425
60035.10374725 -5231807.570163842 3208726.1159504415 2901883.8949113614 -4790.244415003958 -3236.2607479003022 -5038.63880713332
60035.17029035 -5953809.148601225 2610978.514908263 1960929.050137006 -3548.231450077518 -3869.3875712594768 -5588.787683294954
60035.23198343 -4862759.900550552 3467763.962842253 3226425.872165474 -5249.486268272127 -2899.167518195531 -4779.838211783391
60035.53994771 3938234.6059422726 2962682.4433415625 4670828.783727779 -6129.953096667627 3590.6267010215597 2875.7660404225708
60035.72859833 5999596.935058868 1089695.8655596224 2998267.3839133405 -3360.906639182814 4773.552802845037 4961.4502911150485
60035.93205159 1003919.7596889271 4092104.856917747 5320299.391043917 -7449.149618224361 1811.6879892787917 6.546942768745381
60036.03729512 4150319.019362091 -4000508.537432311 -3616904.5114130755 5879.911518208602 2115.202560308387 4411.319668971239
60036.19857081 -4110088.2088922854 4038326.48496156 3587816.3825221863 -5905.811367546985 -2056.28789152956 -4438.765869217634
60036.46085029 -5812736.686725835 3081552.9358822964 1682017.8379164115 -3596.418010623813 -3650.341638078938 -5704.039944996038
60036.50670376 4526667.231988993 2359755.3373459512 4478409.201613552 -5460.588215397666 4289.109026136889 3242.705942369372
60036.70717598 546140.8479419921 4218176.330225532 5288092.2273540115 -7425.878204205189 1787.3096918588483 -662.3445407325864
60036.89923959 1520160.273141262 3932731.734884466 5318320.88155347 -7227.048852525399 2550.828623539335 173.3425446376203
60037.16814089 -4772875.110647209 3994809.2514932365 2711631.462345221 -5065.449072716274 -2527.7397601971893 -5172.6991973453305
60037.60532799 3685382.4660272207 2771101.549334233 4983110.95044361 -6038.941921891283 4223.714430211613 2105.0885667580033
60037.73556237 3048010.604295043 3168940.9977611015 5171768.400282822 -6452.941707211024 3888.3696669896285 1410.3769948596857
60038.0700441 -3951271.613975242 4523598.627465924 3163014.0143963466 -5729.9764117259765 -1614.781735044276 -4834.164719503595
60038.0700441 -3951243.315901783 4523632.147585926 3163030.493786212 -5729.995227191304 -1614.7050615141638 -4834.1436978917245
60038.19936069 -4060601.8686123746 4521356.487692973 3025175.7443649066 -5604.61841088643 -1714.0406946422856 -4945.6198845098725
60038.26313126 -3674146.884841705 4637832.330348319 3326897.0102841943 -5921.619171291702 -1316.5014648662598 -4691.519223944094
60038.50657977 4662870.718031669 1763673.6641004726 4611000.13275748 -4898.29403682534 5074.435009290388 2996.874224106923
60038.70766733 583515.2941115474 4329396.975167837 5193388.488290646 -7120.697877241181 2523.4740092933303 -1306.1051844209478
60038.83671916 593212.7929327518 4336655.707063795 5186197.197968094 -7096.3179805941945 2572.9030196924964 -1342.0804141256845
60039.0377133 -3682387.6628890997 4812305.495422889 3059662.837932358 -5746.982175569599 -1261.1818049298197 -4918.624171686051
60039.23194501 -3964607.127118659 4785017.772749886 2733881.460166765 -5455.246696598961 -1563.0403354111888 -5157.905401420495
60039.394375 4431111.699499821 -4669116.006380375 -2203361.84025158 4924.962710317339 2099.8860383386855 5467.668442684449
60039.54115885 3632661.3808126347 2546974.4922296437 5138518.7877562875 -5667.769619770907 4917.9152462471675 1558.6516685643992
60039.74059031 361142.6132060984 4514928.084223114 5053988.681772896 -6941.606750972263 2657.702143536713 -1878.9789154586647
60039.86650751 2196525.085817412 3597224.6405179664 5319978.686148284 -6469.074333727695 4110.454332500092 -114.3620181469034
60040.00461388 -3009299.86925044 5130618.712853682 3270779.531024746 -6006.652512603961 -492.35525090464375 -4742.0215373588235
60040.18845088 2580913.9467258244 3335667.76255739 5318212.407887386 -6211.4298043117205 4487.0011430699205 193.2631079977911
60040.39622788 -4887197.586240352 4586006.921696987 1097551.1337631207 -4006.5729289661717 -2849.5177325230466 -5883.507753305921
60040.50762824 4235806.200332125 1796143.3175488247 4993163.666791552 -4826.5566269859055 5578.928000419852 2075.565655562793
60040.71104126 -1039146.2194354765 5112675.356836569 4341238.634551706 -6643.964931458046 1604.3837040513413 -3475.2378925136495
60040.8842317 5771488.857449349 -3421431.3141732244 1103496.5101651216 1615.1238953733423 4639.12468231478 5874.819754390031
60041.09993082 -1949129.9655250793 5356944.587239377 3684841.0669450117 -6285.144728754122 702.1205056894026 -4336.562361095428
60041.09993082 -1949165.075764155 5356915.274023 3684846.68658842 -6285.1620173652245 702.0251927851921 -4336.571883006468
60041.32991898 3927196.0170753915 -5242939.069600861 -1834700.5628086883 4890.625971029939 1696.0548451611385 5637.858404343881
60041.59884483 5669516.80983505 -1340080.90286118 3496512.047259832 -1381.4560656351946 6023.944071920482 4527.0791685793465
60041.73647199 2896832.140080242 3061551.702932015 5320808.578994234 -5628.413604018621 5202.123930133021 64.56569414870889
60041.88297454 -5289109.640284825 4208290.750019941 -681796.5534621368 -2510.929934128984 -4109.311402767244 -5963.385317936508
60042.06627056 -939794.3828499838 5365694.242721391 4049335.426305197 -6341.625900889611 1836.5049066735191 -3899.4323971692756
60042.13349461 -2355594.4488065946 5618076.032966662 2995767.501311063 -5837.118469659698 208.9092523369952 -4968.561125903818
60042.36644676 5055024.673387522 -4514820.082204807 554423.8075461644 2803.8606973614096 3885.6981391767545 5972.638088886355
60042.51073282 2920820.8576784893 3041102.7604615684 5319386.471291118 -5392.941848885291 5443.96653431744 -156.97515608354422
60042.70666999 1767201.7640364796 4073751.088871159 5133041.198700139 -5946.003809582526 4571.792496681135 -1583.4189300020341
60042.88376014 5161481.96446036 -4240908.331460309 1266425.2553633298 2207.8989611539096 4444.156383215952 5832.701608030569
60043.10019541 -1550423.7681706299 5744804.792966262 3267530.5790621275 -5921.414121819596 1106.459396817032 -4744.642448310102
60043.22326483 1606035.751778476 4265961.557576129 5028930.365237287 -5868.963469109351 4523.575225821342 -1964.1243365231528
60043.36372169 -3916797.194683507 5513203.421799645 623540.2636539341 -4216.7674795557 -2311.5658390555805 -5971.448533588607
60043.47734626 3465962.1936959377 2410506.9543154016 5315992.994142025 -4654.335640108119 6082.70933416184 269.45317795617643
60043.6780597 49344.34248140657 5334087.617187225 4197400.7595709255 -6028.318707951987 2966.1256550782296 -3694.3045780168677
60043.86273939 4094534.6912569827 1441217.610624327 5220552.798026781 -3801.6325652158075 6550.909873931504 1163.8591336779627
60044.00484385 -1982920.6859073457 6000589.75950636 2481222.3930099825 -5510.291299854663 384.80858479989246 -5318.6563918026
60044.19019884 2142787.408674607 3942791.6211300506 5092596.209709025 -5381.149833618896 5173.251616964785 -1743.0598392702252
60044.44398579 3892012.5912458184 1725614.1533682917 5288290.111209078 -3845.3189402978883 6594.621486122348 670.2777207923834
60044.56386093 5066093.568400546 -3497990.462362144 2879160.850423957 1028.0948352596843 5666.2343726814315 5050.4513184553425
60044.83856078 723027.6845430236 5213316.810097319 4286493.264895457 -5680.243817773391 3718.9579148716557 -3561.47666513754
60044.89387752 4382559.136185159 672785.5723099662 5142537.228632487 -2887.8921013769623 6927.219172475278 1544.8083658284102
60045.60331282 4397949.650370402 453578.9678768877 5153485.017632567 -2497.8361009945634 7087.112554452001 1498.0672331030235
60045.67742072 848685.917980271 5330145.157513134 4116822.060361291 -5453.051490587485 3813.0591922434523 -3808.5283698211506
60045.86369488 3795432.5504110274 1835295.090945651 5321199.429109482 -3441.1810687298694 6846.655648011423 86.74266889414196
60046.00588002 -1797367.7144809202 6361785.511140062 1552195.6535494933 -5070.893730087676 -23.037674016573977 -5751.177092268576
60046.06712487 -278167.4376615249 6054617.300949301 3058744.1891272077 -5437.930534275114 2240.5577548218325 -4919.353716908356
60046.37720667 4407041.940250917 199382.6435221388 5161895.801654819 -2050.2458037554056 7236.711543945932 1461.1815583686025
60046.51130243 3034746.8245786447 3214973.400331682 5150994.650364315 -4107.652245501145 6292.228929768177 -1509.979307335975
60046.70441747 3204090.0444920575 2974990.4555966053 5192582.676167302 -3884.1660470604343 6474.802231903319 -1316.041646955465
60047.34329337 4525967.18479032 -921873.2861660732 4978403.264130822 -857.681427319356 7311.5336053881965 2122.6248685500027
60047.53680603 4505939.945351861 -958173.2303220448 4989759.524357766 -765.8199079272547 7331.441169477765 2088.5009355574484
60047.87255372 726895.8529032455 5986912.818811294 3117936.133579871 -5012.783361522624 3150.3916734023805 -4871.738764263546
60048.00021873 1345400.6303831935 5570870.068143417 3639153.9800366308 -4823.9458938436355 4034.0616825464526 -4385.882493077059
60048.37742442 4264008.173960132 226915.3898301195 5279049.860964141 -1352.2643962924692 7503.327232701189 761.9831152205942
60049.343858 4304747.788367163 -649201.1470186709 5211260.084864219 -347.56403926784577 7555.930645969282 1219.8347874093765
60049.53714519 4295762.085295867 -820933.5486035937 5194548.949002052 -149.01633760149298 7547.72175783923 1307.4108514934248
60049.87284601 1214569.8776595646 6187167.351320605 2519159.9179741447 -4618.405374116582 3067.580858901694 -5295.802883542771
60050.22888889 -852140.4567132132 -6484300.6976674255 -1866621.9075765994 4687.826852802831 -2233.352771105001 5624.574570031728
60050.44441399 3978746.3722999156 1825150.9292365187 5189072.593832307 -1640.7353296816689 7365.575282290364 -1335.7085356575428
60050.5084469 4046350.739984841 1519034.8445146559 5235414.29710052 -1404.3557315090384 7455.379226995774 -1080.9624277373114
60050.77243927 2772469.671732039 4889985.304852246 3807041.319719609 -3594.0378694221017 5311.3228085832225 -4200.032115312153
60050.83811927 2411896.5505598066 5392716.220843717 3346229.2049602065 -3908.690992607048 4652.726281522917 -4674.298376826794
60051.36543405 -1797165.9728149306 6143823.404697811 -2275931.6211401327 -4301.707795930729 -3266.8066249215112 -5435.293790709683
60051.54116911 4074828.2860727133 1845756.5699847022 5106588.117638577 -1220.7429054525346 7373.753912299568 -1693.1757286858178
60051.71565398 -172575.38910160682 -6797236.696855444 49598.079079032585 4750.086334034825 -71.93153280623102 6005.803506822652
60051.9892139 4193224.4858365604 -474913.76342611463 5319068.880552134 587.5776320797662 7636.358090850724 212.7632880567423
60052.19795662 962559.7570699718 6696552.924827425 596483.5181489481 -4650.11267277037 1205.2771726191934 -5974.788875428539
60052.43397694 2878564.7140978957 -4541574.061567465 4152460.3942135745 3514.968736946248 5675.0934563819 3756.902983329916
60052.9554069 4022166.6047420683 -1434540.1249217263 5279488.915950961 1645.4193522829628 7443.583068236057 762.3100572951381
60053.39970694 1989030.233148544 -5366142.062694705 3663288.103759111 4319.543248390611 4585.577666284486 4356.845925110137
60053.53559294 3930429.9850181355 -1687927.0724548297 5273819.2078763265 2053.0078331779537 7336.198569905731 811.2712040449827
60053.73346817 4351671.502618805 1131852.3011330538 5086819.829228514 125.72542243677509 7455.028856257608 -1768.4135169177575
60054.13164068 2270867.103010512 6339443.3581373505 881757.9450757708 -4252.659163668043 2352.1226434387268 -5929.372277539358
60054.39618455 -326214.8734757961 6319643.210114582 -2471935.0935799954 -4990.332742592275 -2336.5980818895305 -5324.625664075185
60054.4300745 1004267.2272838847 -5917588.407731513 3186210.2098666895 4876.569427138656 3426.7301139174892 4811.0873688459205
60054.56616775 3515766.1681486834 -2632007.190725629 5179749.859721841 3095.183144117535 6869.824048315822 1382.5280560132148
60054.7159375 981521.1853378015 6612693.770809191 -1205166.5509900833 -4933.644221192211 -331.2527290407625 -5856.203109248187
60055.47001403 3664359.436468506 -2167880.9940925664 5290092.033273237 3145.1354629777647 6953.688064862602 665.1563034569451
60055.5360574 4040443.7484005485 -1223853.9259243098 5318063.97736209 2519.13417837011 7230.883487821774 -254.1531153390873
60055.53698402 4225417.684065109 -640856.6864670168 5276078.789178193 2098.8165969148404 7325.691208279077 -794.3866631698768
60055.80679479 3513273.953033298 5630079.682880744 1442523.1642940054 -3460.9453782635383 3646.9041214503513 -5787.2272458771595
60056.16353009 -2995157.0206596074 -6093087.005123715 -352104.82561084896 4133.403957919088 -2374.8917635976386 5993.822785985206
60056.44136294 4511804.095188201 154897.08937436514 5071449.00189419 1802.0697027769736 7220.3230565924905 -1824.9068197439753
60056.64828704 2782123.747157086 6189279.28469495 -301657.6069577464 -4449.201403475187 1710.9409914080318 -6002.697742547605
60056.77041343 4664286.095165802 3887582.187634382 3040106.241007162 -1505.3876905797974 5669.706228405125 -4934.025922369241
60057.582152 -3608073.066498681 -5758478.077824557 -183001.94570897342 3943.187948677835 -2657.956432290641 6003.969225490831
60057.73746781 4968960.751065831 3506372.499835755 3021350.3455829574 -1050.4247096445506 5758.485328507641 -4948.611930518625
60058.1738928 1364056.881136111 -4687451.987701542 4722450.274488183 5600.754756584681 4430.423219129722 2771.390741322758
60058.56846125 4380169.619724385 -852278.0286312959 5117744.548839455 3241.620358171234 6742.702941698198 -1652.2395869476916
60058.76943958 5230116.800630528 3313323.518306222 2790277.64007518 -840.3885721793424 5643.277571377941 -5118.273258672868
60059.14034597 708205.7506064737 -4950996.161195132 4595837.6368531 5997.720491080149 3678.000315006257 3029.524842362043
60059.53220313 3054145.997526028 -2911784.760750995 5320020.829576803 5094.972641647689 5717.223316921616 201.23521386192948
60060.29474727 -2886847.1822761013 -5668505.78033774 2389612.4192463784 5441.791457695951 -502.0557774448812 5368.1331296595845
60060.75985888 4021571.749398083 -1821123.9627822975 5159223.151823023 4591.797683303845 5951.56376651781 -1478.9037227806084
60061.29580829 2405932.182518052 5463606.099646532 -3243596.146161615 -5994.409730603448 -188.53119100838978 -4766.022812499011
60061.5359165 4854009.3428781275 -798638.4450619678 4680510.096899003 3754.351880137282 6035.7668324017895 -2860.920032278292
60061.72507036 3069753.7805687767 -2924265.8789259847 5303690.697637695 5713.585343876703 5078.144383517399 -508.1877062818896
60061.99531396 5895988.949365285 3045460.6271865736 1449253.9605940953 -1108.0594572541804 4905.306756131231 -5783.804565221138
60062.17288796 1098303.66095731 -4271168.509007299 5163685.356273609 6666.378437833237 3481.119869212559 1457.8296456282246
60062.43383685 2744542.486323237 -3215050.159079439 5313500.502555433 6097.157344210544 4625.198245652361 -351.65332371440905
60062.54857039 -4845343.094318165 -4583386.121625903 1298810.9673136447 4154.918082332631 -2735.1419374742413 5827.152834670419
60062.75805738 3640711.006429725 -2492342.952010817 5161084.3917086255 5553.6337902732785 5068.955450875218 -1469.2274599464288
60062.99333333 -6169999.117842834 -2049628.1141772876 -1979160.5629262466 -44.992493270984774 -5249.414518526961 5577.965174442086
60063.26363086 -2297424.6125792004 -5027085.995727617 3947727.0713543408 6513.231670669234 194.15534771373524 4029.4332904362786
60063.33915411 3990957.2974609393 -2250490.2698728982 5011295.300479409 5392.780302034767 5051.460883743759 -2024.504291304821
60063.53554697 5193608.348174186 -938736.5459767062 4272963.151572215 3946.1801274638515 5505.217762052002 -3582.3852209514594
60063.67114167 6275728.469531864 2143143.8544331826 1470445.8669139594 -358.33635132341493 5023.741620450457 -5776.761465948656
60064.23020652 -2894840.890330404 -4806090.737181675 3829989.496469803 6403.595070194114 -527.6808966797919 4173.256897200257
60064.30550722 3490829.0258734208 -2804790.803847248 5107500.677011995 6029.535322048994 4408.677452077619 -1696.1867627210906
60064.56923203 5804780.1672826195 -406333.6504140039 3508703.5350295827 3111.0332533824267 5346.677878368548 -4517.821436886445
60064.7018242 6415022.296111428 1189716.4148824124 1903360.9760727978 711.0315214696432 5166.957644542862 -5610.70991387022
60064.99255787 -6472316.79020882 -1273735.394775343 -1630941.8028174855 -440.88268655937844 -5077.240965464907 5721.495643725784
