59945.36677924 -17544194.942732938 18514273.20073842 7215930.62584943 -2228.756235798915 -922.375598969808 -3041.2802718406983
59945.88894858 -21242652.925225347 15849868.740005631 784611.5612996016 -1376.5544160591724 -1677.1990368492716 -3217.2134900877995
59946.37135289 -18887268.29935568 17852228.553726543 5227696.318405689 -1978.218407477031 -1171.7234123865826 -3127.1247184754557
59947.3761539 -20097313.015904404 17005812.22834685 3130699.0418690923 -1702.1114889979824 -1418.0970480859899 -3186.5430432119233
59948.37051851 -19667881.46720341 17346773.38267395 3887215.03942773 -1804.315509986362 -1329.3457152279168 -3168.7004709963653
59948.86194073 -18470239.003662985 18101419.420908846 5823255.899830194 -2056.555230861402 -1094.5754708039087 -3104.587458548966
59949.37443244 -20641606.780160736 16518046.299493905 2015663.9938637966 -1552.1272965033072 -1540.8078500785837 -3205.8190703955192
59950.36701321 -19987354.90768154 17108665.140007585 3269470.827329952 -1723.6312318653181 -1398.4960060175872 -3183.6705851438583
59951.39999167 -23123094.25830095 11213210.936530089 -6589335.305394768 -272.94704620354037 -2351.728416577704 -3071.977855319294
59952.36550641 -20568485.125758223 16598742.985746067 2097230.031996992 -1566.3827345002426 -1528.508243119113 -3204.7899039804392
59953.23594545 11336292.81645967 9930733.16478509 21831548.562461507 -2959.1966429782196 2474.5329659972494 402.6215050396514
59953.61760528 21292601.57920644 -15936418.304320833 -636269.9867288684 1351.3999469060984 1686.1506307379045 3207.7565011651354
59954.37235868 -21987470.862390365 14760101.876765689 -1404983.001442249 -1072.1466932494843 -1892.6507208571766 -3212.8564479714214
59954.62183108 22026128.5347151 -14854144.302189883 1331995.2911854913 1070.9634721714467 1885.5623594203146 3203.2112869368757
59955.35864198 -20770004.05407697 16402520.768022917 1607381.1595789718 -1502.024346919251 -1579.3854441681756 -3210.790681066407
59955.85911322 -21006488.827008918 16144068.915095849 1076993.979696947 -1428.8481294231824 -1636.3663529011526 -3215.505349433929
59956.87029635 -22393626.99017875 13927034.098431932 -2826492.5037670447 -865.0246117245675 -2027.2047869608546 -3192.675064331329
59957.38294608 -23083889.041385297 11260002.250849701 -6648089.296098277 -273.01288664918076 -2355.3527516451313 -3069.1302545516523
59957.82764354 -16763883.925755123 18893574.978179786 8037544.050680586 -2336.0628935189698 -793.9269150975047 -2996.829672933764
59958.32756065 -17029147.424077008 18803493.61246876 7684497.936825474 -2293.906445684585 -840.5192125677023 -3016.5646738469354
59959.32510073 -17099878.54374737 18784410.117499366 7573662.88458312 -2281.145687443417 -853.7230359329378 -3022.5089779320006
59960.33847935 -19910800.6488803 17211650.572056804 3196645.282626412 -1723.5724123776938 -1395.4253803984952 -3185.016449402968
59961.42479159 -19214785.30604373 -1206909.9575781357 -18306124.653489813 1879.0679732272765 -2871.841930432809 -1794.7627918579221
59961.84295637 -21079315.631706454 16068024.563061224 758672.170360099 -1391.3730406573845 -1664.7963326355562 -3217.241258240009
59962.23310389 5126085.96597675 14349919.05656651 21699639.885607935 -3298.6313898290405 1973.0281089349708 -531.892624024653
59962.87697351 -23101981.278342813 9252774.789188301 -9212664.92713677 139.21149516621702 -2542.4772827424304 -2924.1806766731775
59963.33913091 -21122393.530938767 16017717.075108321 619422.2950262878 -1373.562014547249 -1678.126416106925 -3217.929514199381
59964.35234927 -22575468.108081035 13384661.555902822 -3839067.766898596 -723.0066210656768 -2115.9514909623317 -3169.9449002155793
59968.38821637 -21435788.774724275 2960242.496516681 -15392320.786654077 1250.6934552608109 -2852.665234358432 -2304.502826961699
59969.57988331 21991853.441108856 -14867420.383000862 1686072.4879954534 1038.77315252664 1910.072841901929 3199.4334533282913
59969.82618896 -21687292.021040574 15229205.299026677 -991313.1498650752 -1152.13867082975 -1839.992505374748 -3215.8615046107993
59971.30054431 -18790898.280143466 18047332.16573764 4895243.002917892 -1955.78736232309 -1179.168587947471 -3138.3818777804568
59971.85197656 -23034675.58320181 9180970.786829807 -9452250.899772812 164.14685304515336 -2559.7353034428793 -2907.6198741286935
59972.31930238 -21694102.961284187 15213507.392557936 -1083324.9892793188 -1142.1761183416997 -1847.49952876337 -3215.0814565846067
59973.31342149 -21372404.734721944 15695097.575614868 -251513.39561411116 -1262.4967459429213 -1761.2652853669638 -3218.744280630072
59974.28073965 -16688352.29294088 19035140.636349898 7857637.0032612765 -2324.0348654886075 -792.1402298422481 -3006.6933834430197
59975.29405919 -19558687.76517913 17549305.609584935 3512679.1023786934 -1779.8281105617082 -1340.714012057189 -3177.6953000762287
59975.82667468 -22849030.89607122 12132839.517920684 -5872710.229973441 -425.91638513943633 -2288.4728045372185 -3102.4061061000148
59976.30831625 -21706800.582733475 15183822.648615234 -1239423.6579876058 -1124.861686129523 -1860.1039609282263 -3213.8775333810627
59977.30286576 -21435473.673058752 15602675.423106551 -526400.5631180208 -1228.3204892975048 -1786.3186239468685 -3218.088779090488
59977.85587446 -21899748.96552275 4308467.172071961 -14382386.714531893 1035.711852923431 -2827.325890794112 -2439.2175948012905
59978.31218071 -22461875.842348635 13557711.387503995 -3898418.471972099 -734.3183072652163 -2114.668074854104 -3168.1732407185536
59979.27891148 -18934797.631715156 18000073.176633053 4499976.062855449 -1911.738739684592 -1216.9892912698176 -3151.017795509185
59980.12340959 18888404.873318948 1467836.9968016227 18599656.8952617 -1926.1284285215488 2892.1494914975156 1715.8685701053696
59980.27010282 -17891600.315459162 18583875.677401785 6099083.956387331 -2114.3237844733544 -1015.1746878383723 -3092.905990342736
59981.26190376 -16868420.506724816 19018904.058121286 7504627.066382902 -2285.8666763913798 -828.8787136735818 -3025.981831452696
59982.21616912 -6385432.775374999 19220984.246094115 17092499.139076274 -3230.8332053473714 726.8798419660117 -2026.243824933315
59982.2730898 -19354973.365855042 17729256.308975067 3726903.2256802334 -1814.1936788098078 -1306.8609397439486 -3172.449454589708
59982.80219895 -22597485.28210422 13067447.991213143 -4715192.5193995545 -616.261076826599 -2186.3821332925577 -3144.2497638477003
59983.26871432 -19106178.030098166 17906972.162975688 4134444.9187700422 -1868.0575941843085 -1256.6491853593877 -3161.563487452277
59983.78167954 -21097757.909586422 16062170.33009113 151946.33470797687 -1331.8598040998584 -1709.6579184633931 -3218.7678112082576
59984.28590282 -21690218.38061446 15191866.214901183 -1423094.0616458221 -1108.4677171193503 -1872.9272422771778 -3212.0766688588083
59985.10774505 19097241.938762404 1096902.6158898333 18411835.593576685 -1873.1736655236332 2901.5602263668043 1757.9120716708235
59985.82137271 -22655122.640194282 7162498.299619197 -11834132.947729167 551.6199966627152 -2711.061862858388 -2714.985523058964
59986.11363153 17565558.638615735 3274310.1674003834 19628961.036700003 -2167.578566100128 2867.6500208526636 1450.2676688554272
59986.77786389 -21585095.023597438 15359387.295461439 -1197350.9568852896 -1144.3065572722255 -1848.261411120852 -3213.8719839910414
59987.26432483 -20136780.084840164 17111104.41120206 2161437.9501876417 -1611.865489720024 -1484.3943222335847 -3203.051717583574
59988.25005966 -18337923.0782977 18401073.123814575 5275513.921179614 -2017.9116859281175 -1109.2397234072957 -3124.70360835408
59989.24655983 -18218424.620370172 18471524.618068077 5439463.070781218 -2039.2473714174332 -1087.103943351952 -3118.6727808789533
59990.23965916 -17476077.958600264 18836191.29839405 6512019.441928778 -2172.2578363191406 -947.342744818957 -3074.380508471945
59990.30031041 -22893414.721283186 9078521.19332608 -9888627.70663141 205.32300056909637 -2591.8795434399603 -2876.0438847492164
59991.09884295 17638867.667125683 3131225.8002326484 19586401.780492034 -2146.850634197396 2877.1752960489034 1462.2187066708711
59992.27302255 -22413656.140314445 13533971.382768592 -4247408.30180944 -701.9754467190314 -2140.270358530538 -3158.170147488162
59992.84449987 -17405638.30365051 -3458011.4912612294 -19782683.544426464 2174.625753403478 -2869.8679776368367 -1422.5659533719063
59993.12835639 9602054.642046196 11298507.610954657 21988386.40058291 -3044.1792486690133 2403.373979382979 86.64557356956946
59994.24426862 -20079711.79968023 17183809.915756416 2112165.6057098084 -1612.4243627761286 -1482.3743292652148 -3203.744596591744
59994.24573866 -20281049.19372537 16992557.436220877 1704913.4220084634 -1557.5991464503882 -1528.7991700557436 -3208.9304522687207
59996.22938846 -18658096.426974326 18257770.26767926 4611286.857831452 -1940.4693211147169 -1181.8048217338935 -3146.990092186752
59997.21395251 -16316874.320024917 19315256.852022387 7949409.872364239 -2347.69036379187 -743.7883986764459 -3000.8898645462023
59997.84770663 -13714014.006145691 -7673529.956038435 -21446639.902713034 2671.048814850005 -2697.1325749758257 -752.1906119794563
59998.22015971 -18038395.96865028 18616290.14286787 5541844.513003618 -2058.9148310737755 -1062.0045032695323 -3114.507280320178
59999.20789024 -16234751.577089522 19355229.347063337 8019301.048441421 -2357.0423465357894 -731.0306607454822 -2996.72950894288
59999.78001411 -22626450.94195417 7579021.775405203 -11626755.869506875 488.9718319215042 -2704.650948999935 -2733.411149067013
60000.22457111 -19674171.13225936 17555413.59152292 2757517.8424020153 -1704.5852721348226 -1401.1712792531587 -3192.787753363858
60001.23789753 -21624128.087351177 15252758.595413188 -1744120.8392268931 -1084.7272982375791 -1893.6253382738416 -3208.009335672959
60002.21438836 -18972039.894786015 18086265.3718642 3963884.106571509 -1863.409464620951 -1254.0337596131797 -3165.4560414725306
60003.27674571 -22237687.038854342 6002102.669457467 -13202360.596243173 765.8529300759748 -2792.13500925926 -2576.323635072457
60004.79492104 -19877737.081073944 423374.07479294116 -17618814.21339848 1640.4534775497712 -2927.3160276375784 -1934.0022290163722
60005.7291776 -21950058.719780464 14594509.989041414 -2933123.979065955 -917.759825912156 -2009.1107822023137 -3189.425421717644
60006.24461118 -22777909.238641534 11363989.12962804 -7482837.11463173 -219.38134066559599 -2414.6877072659436 -3026.5965764354346
60006.7507375 -22814079.677044366 9742238.439099511 -9425775.631393762 98.22253070754296 -2562.1034572864587 -2908.4642054946485
60007.19261878 -17652422.774010774 18859413.598512255 5942414.146782076 -2114.9193098504056 -997.5700414849154 -3098.456072017012
60007.71160312 -20753631.548805602 16499586.57719985 336582.25565977284 -1386.1202871748771 -1668.437627939513 -3217.7065532822276
60008.17621997 -14926458.74375207 19753583.005672205 9454124.687700624 -2523.447262146045 -512.5430167192605 -2905.570009276866
60008.72454133 -22214170.60326726 13918479.063507797 -4041721.5645135273 -757.3016917261293 -2113.8936695772964 -3163.3160126914927
60009.26190185 -22039419.082033426 5481155.580275941 -13753640.042116823 856.6841971469362 -2822.0342428494864 -2513.9632593714396
60010.20691623 -21021055.018536434 16158704.890832158 -371140.44769159256 -1290.8764213351487 -1743.222562094917 -3217.4682935721103
60010.49155959 22817141.6423317 -9590830.129925426 9691140.518283088 -147.47808784062443 2582.211794888468 2880.0979118222162
60011.71021541 -21759320.092804994 14955773.46352689 -2490681.1307952777 -990.7088972031426 -1962.008382102798 -3197.1189948853385
60012.27492269 -19633918.787322838 87557.27887496949 -17897109.053817645 1687.328667792222 -2936.684384039728 -1878.219435263415
60012.76281041 -21006132.740179013 2791105.021043424 -16010436.328878721 1287.6001291316759 -2908.979248087198 -2210.8994837496607
60013.87696685 6740204.932065501 -19623302.33945863 -16675593.353375342 3170.129870325093 -696.1540469808216 2099.025570641851
60014.16817142 -16773136.155607205 19273081.95974453 7050474.8617843455 -2252.7985204359 -840.5477367281653 -3047.7668986155963
60014.84837428 -535544.7642119738 -17091953.311631843 -20393313.882545233 3316.139406430014 -1567.233803300314 1221.6540173270914
60015.15248278 -14062037.933227357 19956441.037727114 10310892.834008645 -2618.831058193389 -373.82810901132274 -2841.8643377268904
60015.86290625 4418758.878096815 -19029091.870560464 -18080514.32514791 3253.1728180291043 -992.2639040339782 1836.6419337596378
60016.13230477 -9835507.145384757 20042767.392968945 14273884.344961278 -3002.4527778060587 270.1264603901048 -2447.1888572389103
60016.89755351 14089157.164254535 -20063211.990608852 -10366775.404508255 2606.506626133474 370.93168986829085 2830.371963928063
60017.28325694 -15565230.732479107 -5578768.511930252 -20815786.47577389 2419.4077775209703 -2828.3427412191104 -1061.351807818499
60017.82671274 -4257260.131994467 -15110657.370940454 -21485150.956670668 3255.51373927886 -1956.2309959468466 724.6666084114429
60018.19601505 -22055610.7031009 14241172.573634671 -3770541.064108996 -812.0049650231934 -2083.69868275809 -3169.945088089596
60019.17028747 -19553241.042878885 17719578.328338683 2551296.6746136346 -1696.700397785599 -1404.1812736140525 -3195.8165902956844
60019.782605 -14146777.615403924 -7145408.533470628 -21348341.887338445 2594.2449461227884 -2755.701963228352 -806.3858968845718
60020.22727802 -22183702.92055938 6309582.340800849 -13149370.149526905 723.6573045766058 -2798.7960343194036 -2581.319174666818
60020.7995501 -9314785.79788164 -11593634.998975229 -22054827.796133727 3020.8245637322807 -2415.51690912917 -13.873926869808557
60021.6824355 -21758913.53610127 14896908.224785853 -2826160.0943502476 -955.8653063735724 -1989.2830098319787 -3190.83270485462
60022.24193657 -20184361.86933764 1235233.101938218 -17225605.386247035 1520.9284492226027 -2943.086815962844 -2006.7797071296502
60022.73103958 -21279030.485597346 3629848.0531563037 -15469334.166452225 1159.5560558937318 -2901.2750862929265 -2290.970187014263
60023.21558819 -22341672.685777057 7072169.234585817 -12471748.273170471 595.2951207526024 -2763.4029573461366 -2651.802473982829
60024.17054957 -21313002.306745566 15702741.189394167 -1544102.9235380562 -1143.6833483039488 -1856.796964400892 -3209.3414312762525
60024.77748549 -11984495.93818022 -9286699.592747575 -21849564.037299532 2809.8083511171712 -2623.526341592431 -434.9179562102687
60025.79386997 -7006668.247102674 -13340455.225660268 -21927122.945113614 3144.8246457826344 -2224.452443495138 341.3822574344189
60026.21477802 -21815788.392392054 5197026.816247385 -14215747.198226806 910.545926205933 -2854.491249438224 -2457.3792300708733
60026.70366688 -22409655.15812019 7542367.173699115 -12064705.951098362 515.9734707412263 -2741.411801345569 -2691.2543590705864
60027.27949597 -9678111.302190654 -11305795.3688277 -22047497.202000663 2989.3260755260208 -2453.7033417611337 -61.97044321401808
60027.81411764 294722.77133095433 -17552582.571730845 -20006147.197961703 3303.407377277208 -1487.0108050190922 1348.8102882820901
60028.73181389 -18921116.54499969 -912176.0487391395 -18632562.14561611 1821.8989504277465 -2953.549073557255 -1718.0100054480506
60029.17956535 -22630959.831160307 11370762.310938252 -7907481.319715303 -190.10630181343709 -2447.3145110767177 -3002.1994159872484
60029.87257515 16590936.463659644 -19551621.53640772 -7132153.177704659 2254.6316219661144 811.6148492487724 3033.6418860980866
60030.1856692 -22625880.220748264 9412593.197931869 -10187941.518241348 184.1977599750816 -2620.053471096165 -2851.786562732905
60031.11508598 -15790319.270452803 19711558.590082563 8029308.09073519 -2375.807916666636 -678.6837245613116 -2994.748238944996
60031.80177209 36655.89355929166 -17458846.851586282 -20090317.865001094 3299.3805654849884 -1519.6217875331968 1321.9822116842581
60032.21427454 -19996967.984496865 1020500.36578998 -17458307.209696967 1550.7826142545478 -2956.9681384455544 -1962.7223672606021
60033.8648726 17277893.1640466 -19302580.73328734 -6101344.206797917 2136.3179418605646 944.1273054418172 3080.7391272065606
60035.11614365 -18125008.57114579 18769438.69274483 4664530.515049708 -1980.3813183827308 -1124.4368725955064 -3143.7008718436323
60035.80001468 2785152.338807745 -18623624.991287373 -18814613.140698265 3270.316340281944 -1203.6876847500985 1672.1018250969537
60036.79437204 1996784.3555027766 -18329584.656346552 -19198887.43978636 3281.4664811016137 -1298.2698743186693 1576.947351645279
60037.08992676 -14043441.572076488 20128144.64802614 9992431.323257495 -2592.386518795367 -382.8527312222982 -2865.203896685669
60037.7821859 -654706.3458642855 -17166488.716028042 -20329930.80263351 3291.8984400897157 -1601.6052045294118 1241.4632718861337
60038.63243365 -21527957.405646738 15258387.145273471 -2645160.922393698 -1006.0154225513627 -1960.786705596835 -3193.336020064519
60039.11029061 -19012333.727729246 18211895.046017013 3088271.7846290767 -1786.0861804274869 -1316.8174441802244 -3184.7476223021636
60039.62000819 -20535544.427377574 16770978.819177922 -6191.6534170393 -1377.6367633654654 -1678.1272226190122 -3216.5916506552962
60039.62271661 -20845828.87341218 16368549.969800334 -758730.8799300885 -1274.0820308326706 -1761.0575731855206 -3214.6770140430367
60040.78246101 1863385.6123084237 -18305196.026130278 -19235858.09764895 3279.0083846978982 -1316.6541599465086 1566.6967971656793
60041.62341519 -21470249.875745524 15352561.97798883 -2564236.5984281097 -1021.9927526956238 -1950.6783906637963 -3194.5199571148746
60041.79279116 5557152.534651209 -19556400.374044713 -17186261.853349756 3188.378733569954 -860.348854703052 2007.8758585106864
60042.61912531 -21334028.520097937 15597853.549659178 -2183136.120426392 -1077.9515824431558 -1910.5598079979113 -3200.529839570321
60043.6204913 -21690282.637541372 14885007.011453569 -3361905.6746376674 -909.4645750556248 -2030.2756585970174 -3178.6107643249265
60043.83744428 17441532.201047327 -19288531.51741458 -5665875.1170598185 2091.8439145659136 987.6461068517355 3097.517271748714
60044.60043104 -19833473.09989076 17536019.42587258 1390008.1438160432 -1571.2063365889967 -1513.7022848118902 -3209.9776672109274
60045.07729372 -16179440.931403749 19687549.647046532 7276682.467647809 -2298.2956092158843 -761.8843033525825 -3035.04918036196
60045.77623878 4139048.059999184 -19166675.682299156 -18005373.338201977 3229.1526494071127 -1043.1561919549927 1849.9013685900175
60046.10619015 -21024703.693172764 16094675.61488412 -1420800.4713370507 -1190.3394445595977 -1827.1920468753397 -3209.7211819777067
60047.08019194 -17781539.483879756 19020277.067330115 4952427.99625606 -2025.582766259037 -1071.1751320158428 -3133.769151836277
60048.61805556 -22341071.504199516 12693597.669511365 -6610956.546343788 -428.1825835817625 -2333.963419496137 -3067.558863413526
60049.80758009 14854951.33753673 -20185645.151652332 -8976208.620555412 2469.7898623487545 520.2093362907266 2927.3240676023343
60050.11929519 -22477590.131639834 11597626.811950564 -8026039.777477962 -207.3999798903711 -2454.782101562905 -2994.5181021951807
60050.78775906 10891812.94293458 -20493015.014636867 -13049735.238089014 2872.0378550771693 -116.74708857637607 2583.2414595268588
60051.08671725 -20372109.993878372 16973027.09658346 65663.01271626099 -1401.338514028964 -1659.1923632663086 -3215.928417047613
60051.1071925 -22146110.002484556 13506037.165613 -5562387.375966926 -593.2961331663029 -2238.4600538738746 -3111.4692322111905
60052.11449231 -22474618.51867818 11468463.873655556 -8218839.332496123 -179.93097954848818 -2470.63027044065 -2983.1686046643918
60052.8671455 22540241.11635569 -10626503.974361641 9257800.22361745 -0.06323938742821475 2555.111085523572 2907.516810286079
60053.74097975 434848.2652586814 -17781522.016353525 -19808490.45867924 3275.5272707748277 -1492.4651654985191 1407.4698053629031
60054.28340708 12147680.239190875 -20531858.701709956 -11821343.764178097 2759.2391416229866 77.69879499542584 2704.9092006718456
60055.58098774 -21065723.54790786 16007604.154007249 -1814345.182741384 -1147.888818912515 -1861.9396422700013 -3204.7349124899665
60055.7627687 7968480.578134971 -20213224.494315837 -15390960.811411574 3062.3275567310507 -539.7962055867458 2294.4609607590974
60056.07185064 -20191502.624888156 17182629.775297903 336187.08782361314 -1443.9831736478195 -1623.7962392642517 -3215.3213935254807
60056.73460816 951776.9299093488 -18032559.1904892 -19562921.868240073 3269.892651368691 -1435.2210369914894 1478.0544176542978
60057.07519451 -20882401.171008013 16288108.037400035 -1363835.9688360651 -1212.867998821074 -1812.2086845535384 -3209.5147976184894
60057.73399562 1549956.891559303 -18295446.947080553 -19279350.837232906 3263.94099457206 -1365.7995249734863 1554.7809816743386
60058.31229914 19736383.45462833 -17794303.785229843 -1400029.1593764492 1571.9007466969533 1501.1469421583013 3198.115069838274
60058.9077777 16936729.98007282 3529382.250160892 20123254.951432433 -2160.0219579017 2950.645006121907 1288.7163696313005
60060.22138299 -83226.04345887712 -17579864.476029206 -19992255.093061678 3268.9639728973752 -1557.316262321023 1351.3207699382824
60060.91591282 14153713.450099856 6928143.66068201 21339861.867413554 -2549.0868345016956 2821.6855033404645 764.4040002928441
60061.55569212 -20011693.962986466 17383387.597079933 584302.3586880458 -1483.3772967999791 -1589.6710611174065 -3214.6407890167684
60062.55939234 -20762449.58767061 16450962.457320413 -1213863.4714103378 -1240.5699605796858 -1791.25311659568 -3210.8548325285556
60063.06576997 -21488467.89373813 15179287.02581634 -3358681.4407988694 -938.0913770427475 -2017.862329475868 -3178.0237161395185
60064.06713185 -21784580.329803437 14452101.299338324 -4489633.324532584 -774.2738516395277 -2130.5283637574057 -3147.9978900968927
60064.70482222 -1285724.5587450427 -17006724.71488975 -20440473.723905895 3258.9380364313347 -1695.7782937328802 1200.8932196879266
60066.56057796 -21785800.354970794 14416942.527329996 -4595696.162467564 -762.3982441017389 -2139.84184017369 -3144.5703036834975
60066.77373887 17254365.6480181 -19512345.130929314 -5486428.729495738 2086.6849373594646 979.1259439952355 3103.260247595671
60067.56247831 -22046461.39528847 13542057.721412312 -5858745.84187839 -574.6502454380288 -2260.2463127197957 -3099.338338248346
60067.7387249 10191485.783800688 -20595962.707583535 -13450881.382751677 2905.5038992574036 -218.6988923721165 2538.4006819578476
60068.54592405 -21022187.265669063 16028556.750848502 -2101076.0329008885 -1124.9752777809754 -1882.9080209663916 -3200.7283602524853
