59945.36677924 -17544194.942732938 18514273.20073842 7215930.62584943 -2228.756235798915 -922.375598969808 -3041.2802718406983
59945.408445906665 -22825934.140664212 12837386.900614811 -4211361.390482736 -637.9860104283157 -2157.9003243935795 -3159.845652576809
59945.45011257334 -21933852.955805473 3687254.6442828127 -14500645.35596987 1121.1947468999986 -2807.546784041888 -2424.486575515066
59945.49177924 -15125949.525520697 -6458813.373176839 -20879894.946817365 2572.914759971575 -2699.21783518721 -1038.5597128519446
59945.533445906665 -4250674.573073445 -14870024.544567617 -21645747.37936636 3329.646655465516 -1866.598098644745 622.1341593839461
59945.57511257334 7765390.674801514 -19294688.675851952 -16606337.26613993 3192.7861431663937 -535.3969513086085 2112.9685898550824
59945.61677924 17701879.477066353 -18551853.864113733 -7118422.195293334 2200.7834515443074 938.750807385538 3037.215616447183
59945.658445906665 22894812.74225471 -12838364.360752244 4276569.371710286 617.4124450091033 2162.9229751413163 3147.926102689729
59945.70011257334 21941492.132353343 -3679327.245743533 14522055.700399427 -1135.6776627280185 2808.597781441026 2412.5585864216173
59945.74177924 15082248.31107855 6468783.889663686 20856361.81681609 -2587.7554769139333 2698.979492878735 1024.4731815571552
59945.783445906665 4151969.8556093625 14869026.956248032 21557785.66283747 -3344.290875986417 1859.3513747352533 -644.5522079350757
59945.82511257334 -7901036.140946423 19243865.21301147 16422983.269182514 -3196.3651612348463 514.3741708951607 -2142.2318329297964
59945.86677924 -17812178.934349928 18402706.991532758 6836172.376077751 -2181.998262636699 -970.7775899459988 -3059.9980041534864
59945.908445906665 -22897118.712493993 12574756.103571555 -4603966.449381594 -577.9714522892234 -2191.476432152062 -3148.120047638635
59945.95011257334 -21789502.931374308 3344869.7348729726 -14800010.8221647 1178.1454386621558 -2817.2783727085816 -2385.6437168607367
59945.99177924 -14805621.32607087 -6788522.075544549 -21005704.477121618 2611.497753845515 -2682.6395824588676 -983.2231146025351
59946.033445906665 -3840883.467711781 -15098596.034977248 -21564731.55393759 3339.6534992535844 -1828.2978484646458 679.0690790113857
59946.07511257334 8154672.550759689 -19361077.335444883 -16340592.588100186 3171.6590986002284 -485.6573767089971 2156.3269051416855
59946.11677924 17966387.528549973 -18438337.180970646 -6739202.851699995 2154.1696351740025 986.6788814462916 3055.459314705169
59946.158445906665 22963461.42958682 -12575171.786139974 4667685.114017505 557.6959664476205 2196.238452848057 3136.1229638047653
59946.20011257334 21795360.94572204 -3336859.5128144603 14819942.135847578 -1192.5386307280928 2818.2919395220324 2373.733309952468
59946.24177924 14760100.851872291 6798418.220572896 20980423.19233963 -2626.402909152932 2682.2965122236096 968.9438565109216
59946.283445906665 3740408.8683780455 15096660.305328727 21473994.75066547 -3354.1393224189796 1820.6687169983036 -701.8150905832888
59946.32511257334 -8290695.224124684 19307629.575318098 16153644.042614691 -3174.6200459531383 464.1406091731224 -2185.6413053460756
59946.36677924 -18074310.200804878 18285235.749676555 6454203.911018686 -2134.5548950520097 -1018.8765281677212 -3077.703200030911
59946.408445906665 -22960896.50255259 12308062.765331175 -4995007.270886657 -517.7985371324564 -2224.3566709973607 -3135.3604023381713
59946.45011257334 -21638206.331668243 3001355.8333504503 -15094480.154158166 1234.6896630897545 -2826.1146798138593 -2346.0272336580138
59946.49177924 -14480673.05439437 -7116141.050722259 -21124625.172622647 2649.22607281488 -2665.2096727697767 -927.577936695798
59946.533445906665 -3430020.359781307 -15322436.499555768 -21476689.268182978 3348.5896349288087 -1789.4149378571244 735.7710394354128
59946.57511257334 8541206.627978064 -19421363.604322642 -16069557.855071433 3149.528921839167 -435.7556550504572 2198.975960145735
59946.61677924 18225063.269089445 -18318972.829483375 -6357838.946468449 2106.884301494128 1034.3061753340953 3072.7047087988976
59946.658445906665 23024744.542713486 -12307948.9840164 5057218.955001235 497.81907057988707 2228.86737586052 3123.29555433837
59946.70011257334 21642301.273021586 -2993269.8160870625 15112927.370237973 -1249.0012655423393 2827.093618139553 2334.1316103891236
59946.74177924 14433335.094736924 7125945.834530112 21097568.434309144 -2664.1946064272797 2664.7540163953777 913.098791901463
59946.783445906665 3327805.8402880942 15319511.580047768 21383139.37037328 -3362.9033963129423 1781.3946404957871 -758.8417437809471
59946.82511257334 -8677522.742565189 19365228.51465237 15879016.630682802 -3151.8585980460807 413.7485856855429 -2228.3233445022856
59946.86677924 -18330505.010377966 18161895.47076799 6070168.155279444 -2086.4438773896923 -1066.656277113648 -3094.3894565183514
59946.908445906665 -23017256.1270434 12037393.020654231 -5384338.8408430545 -457.48865865239446 -2256.5299480536714 -3121.571809246331
59946.95011257334 -21480026.38670779 2656824.9870105614 -15383945.55704734 1290.8083643553928 -2834.05258482381 -2305.6520648511832
59946.99177924 -14151224.412162809 -7441562.908067698 -21236614.701454896 2686.088063264032 -2646.9335371988054 -871.644695601988
59947.033445906665 -3018228.7690904024 -15541471.591010815 -21381653.842405777 3356.4536716337957 -1749.961677666231 792.2194428577264
59947.07511257334 8924863.693862395 -19475525.30526077 -15793332.417521901 3126.40466256437 -385.7076785955034 2240.900372079719
59947.11677924 18477825.792631052 -18193796.274373513 -5974469.372875122 2058.9445561694306 1081.6173225408907 3088.945557376811
59947.158445906665 23078650.994105868 -12036779.61576122 5445029.178022788 437.8025196590227 2260.7989095623184 3109.4484501599986
59947.20011257334 21482375.24720282 -2648667.792206796 15400904.675108895 -1305.0465938192951 2834.9994581614887 2293.7678143714593
59947.24177924 14102070.257898327 7451260.671633491 21207754.8319494 -2701.11854518436 2646.357168142656 856.9583643438444
59947.283445906665 2914305.0591766196 15537507.384089123 21285252.9046262 -3370.581468487319 1741.5415463064974 -815.6112423094664
59947.32511257334 -9061388.844107822 19416641.682799254 15599201.685140025 -3128.0901858029442 363.2143317202838 -2270.262306055029
59947.36677924 -18580683.759758264 18032724.383575626 5684205.326970151 -2037.6829786246224 -1114.1013737514766 -3110.0508076982396
59947.408445906665 -23066189.814908598 11762832.623100683 -5771820.016266757 -397.06292020014104 -2287.985911586785 -3106.759534092614
