59948.21338982 3321017.6265942273 5924908.179075988 -2.205355680054029 -4148.956557488437 2320.6294650332434 6011.43183369714
59948.59994486 3517402.7737320685 5810205.365315375 -3.4487683097642505 -4069.045710530805 2458.2149422466255 6011.537369244262
59948.85763783 3646010.898656745 5730117.157556921 7.310836356309923 -4013.329310940991 2548.4058325557385 6011.658045007531
59949.5662561 3990472.662965001 5495273.633473289 -3.2038423951945867 -3849.644783540475 2789.906648263485 6011.837778566974
59950.53246447 4435623.679639977 5141855.677140744 -1.4464207305462562 -3603.133869655492 3102.1693239489105 6012.152111779007
59951.11213922 4687895.537707254 4912357.209232708 -3.3483256946256 -3443.0371580643555 3279.225298414956 6012.412646709187
59951.11213923 4693379.868061264 4908892.55980937 -8034.521754421622 -3433.076148930041 3287.8626396546083 6011.616747739896
59951.49856706 4849722.340164833 4752125.300450002 335.62796090032174 -3331.087440864434 3392.711982701507 6012.901943591448
59951.82058018 4980221.615832601 4615081.794385281 2.5554157322486493 -3235.4812865163494 3484.4038148993063 6012.666929569169
59952.46456905 5229786.519696791 4329673.764085472 3.746081098777379 -3036.110471118519 3659.6112050392558 6012.841638780736
59953.10851281 5462878.281298872 4030866.7499447437 2.714928159532222 -2827.447019254932 3823.413241222261 6013.029803984883
59953.43046655 5573184.4072774565 3876687.4457093826 5.781504011465468 -2719.6401953690674 3900.8810987351344 6013.079241652395
59954.33187828 5858503.035367264 3429275.6550762877 -3.1524951504076433 -2406.866655329075 4101.461728498441 6013.367578252229
59954.46064346 5896404.570400997 3363572.877825929 -4.675055293417497 -2360.9189977969318 4128.085328677062 6013.3933965030765
59955.04006268 6057560.510367984 3062919.6280180616 -0.6361341916101676 -2150.7235718822208 4241.570642260077 6013.6370678624735
59955.49069107 6172466.780687359 2823580.6393408026 2.3948946306191647 -1983.3214586490283 4322.438667374827 6013.769343994122
59955.74818084 6233808.401845881 2684960.9094810165 1.0451638971958301 -1886.413694935902 4365.712308469878 6013.8539809119275
59956.71368506 6436135.158554371 2153584.427515283 -4.440020048559658 -1514.67300413339 4508.472257088825 6014.021618899383
59957.29292538 6535927.5435904525 1827185.7630704627 -2.760222336652717 -1286.1841852415077 4579.002171211891 6014.173081676882
59958.25821218 6665310.123847779 1273393.7177459225 0.9029142494915235 -898.4702642761727 4670.76852328612 6014.47726876997
59958.96599448 6730454.25101258 861409.2143683124 -7.2585503309785215 -609.9708078795272 4717.3134006205 6014.693072399292
59959.54502195 6764889.750044117 521793.80169186846 6.217375373731484 -372.0956608520069 4742.057916690258 6014.840658286615
59959.80234808 6774649.496492244 370433.8956439924 -2.5101779781865226 -266.0593028084325 4749.2853557956805 6014.92137707325
59960.25263526 6783598.3782173125 104954.35895261318 -0.4308651954049412 -79.99628504185029 4756.184165429207 6015.015090354344
59961.21741272 6767933.758163694 -463758.5021785119 8.092838147745777 318.70830926098944 4746.359558185047 6015.214158842697
59961.34603801 6762263.018917803 -539460.4369441422 -2.8521412302907643 371.78412947946595 4742.5038451370665 6015.222516573478
59961.92481878 6726156.707167178 -878937.1825924006 -1.904018996928012 609.8475179525204 4717.931392391206 6015.407214207149
59962.31064132 6692653.972728053 -1104212.0975759162 6.9803027001760745 767.8330829942383 4694.834648414057 6015.4406761087785
59962.63213913 6658921.679742494 -1290843.6469332294 -2.3486766080898165 898.7628665018335 4671.634559675966 6015.5395181986705
59963.27507789 6575936.129180197 -1661212.2631414472 -5.21316807682059 1158.6550463368756 4614.16769327675 6015.618987987383
59963.72509334 6505568.831269149 -1917311.0199061702 -2.5072838394743693 1338.4175149887212 4565.362935905826 6015.714129578827
59963.98222888 6460858.729360377 -2062427.9412078867 5.444692765598905 1440.296772925069 4534.297023782484 6015.768069828172
59965.26772683 6189264.023619573 -2771053.5056196246 1.8158659275706532 1937.9010816295688 4345.100575111269 6016.039072584214
59966.552915 5840133.447006422 -3444828.8968489314 -2.9632791798589757 2411.3855539089905 4101.612969842045 6016.284610417295
59967.13115006 5658849.810407878 -3734543.516574157 -2.0807717509249137 2615.073911149893 3974.925711409262 6016.369926083688
59968.22320559 5277592.665402284 -4255246.502875998 -4.395700826388945 2981.3108609070123 3708.3840004163985 6016.572847889121
59969.05816532 4953547.483332317 -4627640.837509167 -3.0027942146311313 3243.4390469305845 3481.7210651520704 6016.746786905359
59969.50771025 4768136.666124793 -4818105.251202789 6.970948102769808 3377.5213960223045 3351.9741172868557 6016.785804418861
59970.34248979 4404366.588127423 -5152113.15274881 1.249768132755772 3612.8060231322497 3097.17125093378 6016.893956150103
59971.30555107 3955719.4459672063 -5503347.855685528 -2.5165690293740255 3860.3676398371294 2782.7555254512445 6017.1364785006
59972.20427426 3511611.7835338907 -5796152.853515109 -4.832121822677046 4066.9997216466677 2471.4320184574713 6017.3130814452015
59973.03869399 3079942.559213066 -6036016.997805333 5.440525704465541 4236.429659243443 2168.6186434432643 6017.5505265657
59973.74466415 2701680.251454058 -6214123.797595374 -1.2365097607462476 4362.236257970005 1903.155899147944 6017.709278400558
59974.12971085 2490917.3229587753 -6301384.4117789995 4.547728631747403 4423.863867196837 1755.1945192576516 6017.775642273755
59974.8997473 2061275.3808051685 -6454214.260116447 -5.1340615652951795 4532.1045950937805 1453.5802110137404 6018.00895698865
59975.02807948 1988704.99314437 -6476891.295743591 0.9444602786332664 4548.14282423742 1402.622382599938 6018.020382925808
59975.73386721 1585419.2929469887 -6586720.120300791 2.2524713160651366 4626.232622845067 1119.4580614804554 6018.213636537131
59976.11881223 1362703.0899087405 -6636208.363476774 2.8734657974736555 4661.34722752948 962.9853704082078 6018.251800769947
59977.08108186 799795.3478700301 -6726678.284110822 -3.224129365006525 4726.036496605488 567.4131375314181 6018.545782389051
59977.53009394 535117.0319600514 -6752482.9711837405 -3.767746446006038 4744.902404286341 381.39164376909076 6018.727891924179
59977.91493716 307355.4741503205 -6766403.105590147 0.2968972558684046 4755.181832697645 221.25750596192282 6018.838014417442
59978.49216353 -34648.87350491732 -6772853.264669812 -2.062668370916528 4760.5168270663735 -19.18064177029771 6019.02006874771
59978.68456205 -148719.77047144642 -6771173.242985682 -3.420981303307745 4759.602706069167 -99.42412384414023 6019.063728762199
59979.90294717 -868847.8665253458 -6715903.032223893 -1.379510641714196 4722.310618847831 -606.0673548956216 6019.466130167708
59980.60822557 -1281657.1469148088 -6648859.001124773 -1.173382087968946 4676.170707959662 -896.6025433007111 6019.769993519221
59980.80056079 -1393521.9805916504 -6626164.338239118 4.6345189673349125 4660.439213102178 -975.3495604018491 6019.840822441334
59980.86467118 -1430720.5906128816 -6618176.281864623 -1.9641013077095824 4654.889174092812 -1001.557183447869 6019.8770691843965
59981.44163657 -1763108.497678744 -6536881.237686152 5.1962141130160315 4598.587916154626 -1235.6017401672486 6020.181375699557
59981.56984359 -1836374.0555442742 -6516530.0777941095 5.118585568102539 4584.47884514544 -1287.2423026037761 6020.2551038822185
59981.89034526 -2018716.4867234686 -6462087.292490062 2.2525402411059923 4546.56094357832 -1415.6951977375163 6020.362781659401
59982.1467325 -2163322.932876315 -6414847.680748475 -0.19989281293517316 4513.681399298877 -1517.5800282186606 6020.490538990434
59982.46719629 -2342472.471555425 -6351177.497431744 -4.575281937126599 4469.443591071766 -1643.8471956502203 6020.707124855729
59982.78763655 -2519928.260635075 -6282448.798731074 -2.979557212366281 4421.584424769341 -1768.9798807275845 6020.911960038256
59983.55659721 -2937136.443190137 -6097419.163445385 1.4440393999873853 4292.6923146768495 -2063.210275889245 6021.44667008509
59983.62067114 -2971446.6414025123 -6080716.586755379 -6.265687988737977 4281.004084854018 -2087.3812323151665 6021.461677626635
59983.81288553 -3073428.455229851 -6029485.210584445 7.969019676930315 4245.224931550947 -2159.4128762709947 6021.660242573757
59984.26135129 -3308019.637214945 -5903366.853527541 1.1089961814686966 4157.127457381097 -2325.0260315871556 6021.943791626462
59984.83787641 -3601966.7154212273 -5727773.591689581 -5.657173592029361 4034.4319721046177 -2532.614984909099 6022.3860496966345
59984.96598082 -3666049.036899553 -5686721.915074069 1.4248240492545843 4005.7538493757966 -2577.9112375575323 6022.4855001151
59985.0940824 -3729712.7032734924 -5644976.751603808 2.887082673036131 3976.5715840612525 -2622.8542968527913 6022.569664333923
59985.60643878 -3979388.940119779 -5470764.763273346 -4.767275843465858 3854.79727975498 -2799.3676237573213 6023.048006010888
59986.11872116 -4221030.646840722 -5285494.406783268 0.8590375445186864 3725.1072741475646 -2970.2649608025895 6023.551911202709
59987.1430814 -4670714.0792868985 -4890775.240591493 12094.607484578264 3455.029554500085 -3280.4778148755495 6024.518606744141
59987.91111759 -4995859.1887027295 -4555646.789011504 0.5792159247540535 3213.568965697964 -3519.2018055297494 6025.181312273158
59988.55103772 -5243488.453029757 -4266512.031020633 -0.5360239925204074 3010.723174199646 -3694.914098692337 6025.807279921683
59989.06289071 -5429649.663318724 -4025468.660167522 5.441221523084359 2841.4778650735766 -3827.079788841045 6026.297729723868
59989.44673382 -5562011.589779325 -3839292.145703063 -4.283031393106816 2710.6968214232543 -3921.2004491633297 6026.695021311136
59990.2782505 -5826795.362379422 -3421279.9677081737 -1.6252492378002694 2416.9086533561194 -4109.637009718725 6027.434842026489
59990.53406085 -5902105.28177891 -3288744.6959501733 4.572882109798012 2323.708604650266 -4163.309539634845 6027.6194684592965
59990.85379147 -5991732.26177629 -3120960.7740451572 1.505877666365175 2205.691389437236 -4227.304057032981 6028.068820740894
59990.91773259 -6009153.9216650985 -3086978.019975004 5.420248325537569 2181.8065447295317 -4239.792054849669 6028.107422772968
59991.55706912 -6172355.387451246 -2742858.0443986817 0.4323942106955799 1939.66581736258 -4356.541209262034 6028.8560993992205
59991.87668455 -6246637.460382052 -2567525.217782241 -0.5930323639270879 1816.2183147720623 -4409.73252929918 6029.205979838566
59992.00452157 -6275003.858206507 -2496828.308291228 6.398374677271431 1766.4315622716135 -4430.009305933612 6029.321857499109
59992.57972792 -6392593.698730073 -2174924.752598703 3.6869722840059116 1539.6836121894542 -4514.368820758535 6029.905742265956
59992.83534562 -6439640.554794089 -2030013.9687835264 -1.7985118705830014 1437.4954618813986 -4548.124222291924 6030.149824915914
59992.89924699 -6450873.448638962 -1993613.3473877402 4.19705713135997 1411.8431161131425 -4556.212215318527 6030.221954558905
59993.41042452 -6533529.21429978 -1700283.4799573459 -3.27813988308329 1204.9980558957132 -4615.54938782533 6030.67779931746
59993.47431675 -6542893.128250497 -1663359.5071435228 -1.5906691695301454 1178.9773829363314 -4622.3274463418775 6030.755034819045
59994.5603307 -6670425.906279079 -1028627.592694703 -4.703401067426662 731.1369013469744 -4714.704376047143 6031.805217809185
59994.62420453 -6676030.612401005 -990951.1563460926 0.7483790490379295 704.5575417428938 -4718.7952531915025 6031.8624219074745
59995.58218863 -6734447.88229209 -422645.6708900309 0.4339783096385168 303.2740187419685 -4762.154681783542 6032.659584460322
59995.64604585 -6736640.772751404 -384598.2773550007 -0.2118977903380942 276.3875768528524 -4763.8151773767895 6032.712140421522
59996.53992953 -6744460.030054027 148614.57313524446 -1.7231707300641217 -100.38804558641873 -4771.353557613253 6033.623784553418
59996.79528111 -6738956.729361657 300968.35288883216 2.099192825288491 -208.06540821943963 -4768.066366362634 6033.826575412181
59997.36975345 -6714053.492086697 642980.539108707 -3.93002128039034 -449.90445128466325 -4751.758076129503 6034.296551348991
59997.49740119 -6706150.286732797 718783.1126948235 6.101507419315733 -503.5311016544534 -4746.478660658141 6034.405414111902
59997.88031869 -6677341.900472157 945619.4205470495 -1.2532172790870895 -664.0301970431373 -4726.929917921623 6034.74037919026
59998.51842397 -6612273.582262459 1321129.2757273726 1.6713392161595562 -929.8255335447649 -4682.35251011817 6035.2536821719605
59998.58222796 -6604613.097286059 1358498.219316533 -3.2762589284146375 -956.2734766301932 -4677.053553656525 6035.291923886103
59998.77363275 -6580325.291177443 1470262.4847177728 -0.6106792807247686 -1035.4018187344782 -4660.3035386891825 6035.450616872728
59999.47535723 -6475128.981762893 1876113.358695913 0.8545042477820134 -1322.8639188993493 -4587.516639674311 6036.020796517263
59999.66671248 -6442122.720957559 1985629.0309830059 -7.857754494943747 -1400.4671120586981 -4564.571510045571 6036.133831205646
59999.85805812 -6407252.499860281 2094561.0016686297 -1.803688392257957 -1477.6482238287072 -4540.311938698674 6036.2568625605845
60000.55958075 -6263738.246152567 2488565.412169733 2.373890496969713 -1756.9501321256719 -4440.162887087369 6036.706008954369
60000.68711681 -6235021.565029174 2559211.5121906637 4.85848277269773 -1807.0389018371661 -4420.088515198259 6036.792370290335
60001.4522293 -6045920.147116208 2975851.072828303 2.0230351173053935 -2102.651664027953 -4287.8814298433435 6037.388588770015
60001.77097314 -5958834.247822892 3145523.6602490116 2.4706874789714925 -2223.035598323685 -4226.946772219311 6037.6611592586105
60002.21716115 -5828935.690535893 3378700.170501228 -1.9691749589767276 -2388.6661371429377 -4135.987838604376 6037.9708763139715
60002.34462951 -5790076.491003853 3444378.8273051386 -1.124414913892675 -2435.3569804136064 -4108.805445867289 6038.076529927528
60002.66326783 -5689534.482826935 3606461.8212010073 -6.984588310088832 -2550.741772760463 -4038.5308528367414 6038.465475721469
60003.23669642 -5497578.749429829 3891101.869692073 3.8254712973960587 -2753.1245837360475 -3903.7481955470525 6038.918823261962
60003.49150752 -5407635.215948965 4014445.3665285045 -6.3333632302932 -2840.871438723253 -3840.531780773148 6039.1114891908355
60003.61890504 -5361673.171996196 4075366.0615116735 2.5091387504696003 -2884.17179670856 -3808.2070373185115 6039.176204658872
60004.19212379 -5146209.945137189 4342665.279845391 2.883442381321948 -3074.499442106091 -3656.822276093648 6039.685237960663
60004.38317138 -5071414.663299214 4429343.787742484 4.154637281862566 -3136.2213524779463 -3604.1768226130857 6039.80645382785
60005.59285964 -4564634.856838061 4947589.086528317 -5.257385998336036 -3505.4597073683267 -3247.05876647738 6040.599626530412
60006.35660638 -4216790.766650424 5245614.6654028725 7.028063908663813 -3718.2015769945783 -3001.774914258311 6041.090822677319
60006.42024091 -4186890.5197145366 5269383.153278651 -3.184333395487904 -3735.1783686364024 -2980.666349686533 6041.124479167134
60007.56536224 -3626607.645362972 5667153.418388407 -2.1744966008308673 -4019.9016144134534 -2585.1390118287422 6041.915040666327
60007.75615941 -3529353.3122491245 5727805.1846021945 0.5609303025858929 -4063.4031120535383 -2516.440857539437 6042.069520607562
60008.83703723 -2959897.088437711 6039515.806051166 -8.65116203038945 -4287.4183044402835 -2113.9776846819195 6042.840938287852
60009.15483476 -2786876.9313595453 6120605.134990659 -6.423585864607031 -4345.845009777371 -1991.551847072006 6043.056433640962
60009.66320641 -2505363.068528252 6240257.839692599 -5.004706775084054 -4432.028110638757 -1792.2102068118634 6043.24520592329
60009.85381399 -2398419.2694251006 6281694.752301931 -0.10133321383989984 -4462.069310177059 -1716.534161959264 6043.4000072323215
60010.10792813 -2254735.40050841 6334181.457230493 -6.3174962722764 -4500.023690927518 -1614.758975686579 6043.568451187621
60010.80656894 -1853899.2587193388 6461370.370546217 -4.790797731138579 -4592.6464379267545 -1330.7204261524296 6044.04417388974
60011.12405059 -1669200.852274686 6510952.887956001 4.4566575874490475 -4628.788763648703 -1199.7455617635699 6044.181564836507
60011.31451425 -1557664.6993816309 6538330.040901642 3.3266871251436276 -4648.557656263827 -1120.5315001755705 6044.19464910378
60012.07618276 -1107466.9837914824 6627805.472673795 -7.838451325285205 -4714.621461685126 -801.0376020369366 6044.787260450028
60012.77408929 -690165.0435363441 6682628.1875830125 -6.059594610550298 -4755.925497483299 -504.6329222158112 6045.338984055641
60013.09122086 -499427.61652921437 6698937.646193502 -0.1273146305092894 -4768.541179436125 -369.01811533086203 6045.51811236577
60013.47169666 -270029.1151818506 6711255.2349927025 -4.746014804545177 -4778.6271466976905 -205.8648445972631 6045.784176008471
60014.04225033 74636.11971237279 6715113.31191543 0.5635018063748013 -4783.1203800808025 39.320234949202295 6046.19662300759
60014.42250773 304374.72583990835 6707845.27924053 4.8505047619691775 -4779.20732635599 202.85592905022395 6046.37795640873
60015.05608062 686384.5633123112 6678386.174140555 2.2123123862328806 -4760.173057709692 475.00961973379816 6046.6770322518205
60015.43610875 914601.341680521 6650236.860881038 -2.2179905962346376 -4741.236600720533 637.7189622625481 6046.870689769559
60016.00598138 1254898.1397200464 6593294.130153847 2.1900325280550197 -4702.478738831987 880.4077100982389 6047.234508294821
60016.38578658 1479914.4373813346 6545691.093036576 -0.8151283473217227 -4669.768146162554 1040.973575047802 6047.469555678534
60017.20840952 1961335.111431357 6416290.770567584 4.18275034020392 -4579.939854459086 1384.8315738971023 6047.836093902701
60017.39818652 2070992.904113681 6381335.489013312 3.871707673545229 -4555.572065671147 1463.2121321668494 6047.94028921709
60017.71442851 2252377.7287821854 6318851.983587979 0.9168205245046144 -4512.028668899892 1592.9164919345526 6048.147413487916
60018.15704663 2503108.2203002744 6222509.82654486 3.1539031204151744 -4444.920955540267 1772.4082915691909 6048.563075945915
60018.34669424 2609403.416286684 6178168.111305694 1.3738431113101814 -4414.005798063594 1848.4966537409991 6048.649369357435
60019.23134714 3094777.878099185 5947231.854332925 -6.493000013175228 -4252.214841449607 2196.529144176514 6049.3614203119405
60019.35767747 3162607.2272301237 5911105.980019066 -4.224474582854311 -4226.812069447729 2245.178853134717 6049.432385810547
60019.67345494 3330354.5113718393 5817478.070113466 -1.792639747316496 -4160.857850584896 2365.48385434269 6049.629620687954
60020.24168383 3625334.848375439 5636883.434193895 -0.7856506379454147 -4033.508901571599 2577.2510085262948 6049.94176679252
60020.30480704 3657531.767442724 5615905.483655025 -4.168788673599247 -4018.6810141404894 2600.362882769514 6049.955681294913
60020.93589024 3972684.7467718846 5395766.8272453565 -1.8142190567464076 -3863.0788881010626 2826.8974833765315 6050.361024946632
60021.31440633 4155633.681500007 5255113.013041771 -1.7080049528608343 -3763.518077080846 2958.4726402455954 6050.570534976665
60021.62975752 4304306.462394249 5133106.819498699 -2.9608024729645983 -3677.097380100778 3065.5061404914586 6050.759221045013
60021.94503541 4449411.624167237 5006798.507801731 5.8237413327574 -3587.619200080542 3170.0808292356146 6050.966753858594
60022.19720284 4562815.868100911 4902740.706645207 1.2829239159725623 -3513.889734202595 3251.8435779937085 6051.207465443725
60022.32326726 4618637.601227521 4849758.274694171 -0.7466176112002648 -3476.2870801739514 3292.098288313665 6051.284253013385
60022.89040166 4862107.395623218 4603270.121958034 -0.3279277152381629 -3301.406858165095 3468.0104206402993 6051.846373904924
60023.07938833 4940422.216135659 4518363.045923994 1.1110497745007808 -3241.0808935760474 3524.6308747460134 6051.990287017936
60023.33132247 5042510.301178521 4402983.687164585 -2.5089194390410037 -3159.1877525917675 3598.509361409444 6052.205158535244
60024.14972648 5355523.370003387 4012071.724072572 -1.694221744987061 -2881.212436313602 3825.5709025823708 6053.066237355262
60024.84173058 5596728.675255433 3663524.5040510856 -2.3787656059286997 -2633.1422657601315 4001.2361568358106 6054.010745286879
60025.28185256 5738431.490140798 3433946.060449197 1.0175662296531043 -2469.6382334770597 4104.814012515895 6054.646153326717
60026.16146346 5993532.91230629 2957972.3490453535 -0.1781002664084166 -2130.0637571476655 4292.125828659111 6056.02751897108
60026.28705099 6026781.688477827 2888276.165716931 2.1630640794974583 -2080.3146726417003 4316.6911432747775 6056.251121081357
60027.16558005 6234937.919219817 2389539.7782351826 4.2561276505167305 -1724.2878367449996 4473.084967470039 6058.8074471762175
60027.29097199 6261004.512658292 2316758.440640592 -3.3724067501269928 -1672.4447081030933 4493.239337996306 6059.374042782816
60027.72964945 6346916.528563557 2060187.2173954248 7.581631793591929 -1488.9021752967153 4558.510914344672 6060.643160935783
60027.917559 6380872.650146997 1949266.9904310757 -3.5188642502028893 -1409.3768357178164 4584.058758825789 6061.0298430823605
60027.98015903 6391142.75700065 1911956.7876902623 5.239041832504187 -1382.8387692278804 4592.53517734733 6061.494881283878
60028.9812154 6534236.568542852 1309914.5956631035 -1.2760097738904503 -950.3568555437714 4703.618433798674 6064.287198618542
60029.04372735 6541485.253402329 1271839.9486899045 -5.002797148601159 -922.9525051462756 4709.112891428511 6064.381435228241
60030.16778994 6629844.16235055 580230.9406043777 -4.3771323752675935 -424.2460960581134 4783.181171025239 6068.244894097072
60030.79122595 6646350.563610955 192626.35025750156 -0.40293416767616314 -144.04830798939693 4802.097996514904 6071.137705998321
60031.91112909 6616653.940551868 -505640.34557590086 -1.7810398952939923 363.5044277943417 4795.489540071013 6077.2438455707925
60031.97324438 6612702.528164736 -544313.9924218002 -0.24070797366621116 391.75404035931695 4793.595978946142 6077.662654538243
60032.09743702 6604165.573585514 -621650.6353244066 -1.6858609626595866 448.14500682150526 4789.2748060828035 6078.381901843535
60033.08897489 6498905.277945361 -1235792.7068166016 2.639259480347768 898.7151390845387 4732.6020282574245 6086.81542793828
60034.07537165 6320610.966609684 -1835650.769733033 -1.7707014908249208 1346.7585220154979 4639.139624358166 6102.878782334208
60034.07541274 6313428.516539233 -1834317.5150232206 -1.6714913679830674 1349.1459366466731 4642.937382557053 6108.2878473277615
