59946.17515449 17171490.581635658 -25814597.926376704 32.16315451231564 1453.3844801670843 962.0560944515496 3135.3101320499186
59946.21682115667 20787653.096889026 -20246125.14578321 10964078.734147651 526.7861637518596 2086.480145184608 2867.6992159898596
59946.25848782334 20857813.079427864 -11223562.420135701 20058050.575396795 -488.0391973039247 2853.409000478573 2111.7047865541076
59946.30015449 17376085.183538094 -289241.87279045186 25736305.675172776 -1418.070388365272 3133.5266358217464 997.6730408939641
59946.34182115667 10940097.888112772 10694747.926603492 27038723.79057602 -2105.825188473664 2880.8624065542117 -284.2718282142371
59946.38348782334 2646296.6670995015 19863041.915200654 23749236.101031225 -2435.5072043535033 2139.416094906514 -1516.8028502849547
59946.42515449 -6096609.74932542 25660537.405238114 16428768.418932192 -2351.794185551034 1035.0452855027177 -2491.6280908669605
59946.46682115667 -13804579.914068166 27102620.045442674 6319564.955577224 -1868.7285154359581 -245.60828667564465 -3043.814455648778
59946.50848782334 -19167375.69671008 23940904.289541762 -4862941.88485134 -1067.520543332088 -1485.8827026521503 -3079.1547126046717
59946.55015449 -21269885.05444749 16707390.252285361 -15217751.616831724 -83.44807566207749 -2475.0297993880217 -2590.346758581422
59946.59182115667 -19749009.086616926 6628141.302353806 -22979388.43888793 916.4153102078044 -3043.790585932745 -1659.0716231622928
59946.63348782334 -14858648.042219136 -4581556.17713369 -26819385.481588162 1761.3061736680572 -3093.694146974997 -443.07313175520335
59946.67515449 -7429780.649853025 -15008074.336869633 -26076304.242405426 2306.107915301721 -2614.7895881983313 850.1341308926776
59946.71682115667 1269572.9382482555 -22867641.8055981 -20872910.991289906 2456.782349225528 -1688.2463442557503 1998.7837211326478
59946.75848782334 9751663.85209108 -26814747.72104889 -12097828.354689078 2187.1680481202416 -472.8402396818568 2805.4961050015477
59946.80015449 16565945.3678008 -26175500.878021818 -1253039.981142571 1543.7988407898242 822.6264723492476 3131.980334665757
59946.84182115667 20549726.727961123 -21063450.510370478 9806314.019773623 637.632574881421 1976.0098789519932 2923.191146814026
59946.88348782334 21027456.25359242 -12357249.919599656 19192815.714971922 -375.73236640750076 2790.643540152619 2216.3596218468438
59946.92515449 17923732.694383398 -1545845.218089003 25310353.964439258 -1323.3911165255347 3128.967871337231 1133.536569400544
59946.96682115667 11772150.319846895 9528915.40195274 27123807.371271975 -2044.759209786018 2935.1134951057343 -140.3068960497754
59947.00848782334 3621251.4180322248 18985799.785035856 24330448.212071694 -2418.315908161459 2243.197413945317 -1389.0929193949473
59947.05015449 -5144244.580292014 25220699.574953493 17407351.5215886 -2381.3618377120324 1170.7957373100182 -2401.7504263983737
59947.09182115667 -13036513.76020651 27175077.13699616 7529538.806651217 -1940.0957639914457 -100.82507145197278 -3007.012277010737
59947.13348782334 -18714346.09750064 24513892.32329157 -3627008.523546489 -1168.6733460171015 -1356.597412635975 -3101.7816170185283
59947.17515449 -21209456.84512997 17684120.60280885 -14166215.060289375 -197.27035125036113 -2383.272690412311 -2668.7272190766607
59947.21682115667 -20092115.664188467 7842766.266017939 -22291840.451975014 809.2982606060347 -3005.333818348194 -1780.0144982385116
59947.25848782334 -15547327.243375689 -3336041.5621461943 -26613801.737503156 1679.2377000494787 -3115.2799061334176 -586.0190602611273
59947.30015449 -8346732.64338137 -13944539.473514806 -26388441.895633057 2263.2195389035414 -2692.8660892830444 709.6412984290506
59947.34182115667 281040.7977916277 -22168157.00576217 -21649761.691118088 2460.494673308756 -1809.4924522203576 1884.8729877095218
59947.38348782334 8860664.131929833 -26599023.257723186 -13206525.584003018 2236.851631329329 -616.4407820539172 2737.7403494688133
59947.42515449 15924761.354617648 -26480143.882090457 -2503805.2223505224 1630.8736512682349 681.3369025999011 3121.952742022201
59947.46682115667 20267550.923940357 -21835819.233278904 8627271.396114327 747.102021004075 1861.2122730878434 2972.469469589721
59947.50848782334 21151816.113974754 -13464915.284051124 18286423.549246695 -262.61812503472765 2721.838729202503 2316.343294782476
59947.55015449 18432762.343842458 -2799718.363371598 24830428.50188501 -1225.8726946468144 3117.6933940438935 1267.0523495898099
59947.59182115667 12578771.98454454 8342126.680285693 27151282.66609525 -1979.312918228678 2983.1072069853158 4.015029575525667
59947.63348782334 4588235.456338517 18067501.858235594 24860164.98168336 -2395.943688092681 2342.227043938074 -1258.3913440008916
59947.67515449 -4181054.2639804706 24726653.056451857 18349252.274410732 -2405.816887967941 1304.0948065696987 -2306.7500761929978
59947.71682115667 -12240643.403774608 27189328.89486903 8723863.17985859 -2007.2775779313026 44.22315256763024 -2963.812532271204
59947.75848782334 -18221213.95804264 25034535.63480898 -2382993.2455988005 -1267.2779712332667 -1224.363897855086 -3117.8101210644727
59947.80015449 -21103412.456112377 18623281.617706243 -13084169.231939696 -310.6233035332483 -2286.3690161587733 -2741.4271402642685
59947.84182115667 -20391855.295884617 9041051.12482805 -21556485.401936445 700.4787987998017 -2960.396652523934 -1897.1703199314497
59947.88348782334 -16202313.024566755 -2082777.2593141303 -26351235.62731218 1593.5745448677528 -3130.155359575021 -727.7330105657782
59947.92515449 -9245464.52429165 -12850431.627113951 -26644167.89345247 2215.454864701321 -2765.157837945581 567.6000413673434
59947.96682115667 -707895.2807404345 -21420487.461656127 -22380459.28278541 2458.8885199434044 -1926.882495484881 1766.8921881021256
59948.00848782334 7950702.357263311 -26325770.82036363 -14287260.64387691 2281.6950128110175 -758.7828551917282 2664.09552242431
59948.05015449 15249333.180155838 -26727795.09846761 -3749579.9562394326 1714.422051685612 538.4959458390391 3105.2386911428075
59948.09182115667 19941748.94137576 -22561486.500484645 7429445.048721542 854.9593200409604 1742.3333856717072 3015.418397142882
59948.13348782334 21230642.986909475 -14544104.52257477 17340753.401902225 -148.93898189090632 2647.136746194211 2411.4343458910985
59948.17515449 18902099.939010285 -4048118.4587860676 24297478.575985365 -1125.7239266796366 3099.718972165081 1397.9320907912197
59948.21682115667 13358250.059556821 7136950.244449474 27121013.652974833 -1909.6271023263585 3024.7317872878625 148.38756851971087
