59946.17515449 17171490.581635658 -25814597.926376704 32.16315451231564 1453.3844801670843 962.0560944515496 3135.3101320499186
59948.69367432 17147178.125481766 -25830615.096742682 -6.172145230554939 1454.1180988685317 960.6374807080281 3135.419158536561
59950.58257172 17130298.486448735 -25841751.66795103 -2.1318271865153564 1454.669068371724 959.6699759645629 3135.4658677520247
59951.21221161 17124794.530608922 -25845177.106413946 4.855789295179842 1454.7568563950902 959.3928041412514 3135.533853102087
59953.73073918 17103459.078423165 -25859038.671244957 8.888652271630606 1455.6800779999808 958.2891598028874 3135.472039122619
59954.36036895 17098210.85223541 -25862541.392450508 45.99628533253349 1455.9440224548036 958.0357170079569 3135.4231713316085
59956.2492683 17081427.035033304 -25873223.1291217 19.661142684658195 1456.769718296945 957.4012087206332 3135.2795095318784
59956.87888705 17075571.15310391 -25876925.722196974 17.5591855362852 1457.0781015608397 957.0548261986639 3135.2605006708195
59958.13813789 17063504.10961832 -25884645.520825516 7.06322627747755 1457.639812150833 956.4724916899394 3135.2039893238257
59959.39739462 17050822.932706136 -25892250.926353548 9.126270577287828 1458.1523127606458 955.9129412397606 3135.2200501936472
59960.0270199 17044515.6414411 -25896330.63019811 18.607509872125277 1458.3931459553507 955.5740105665924 3135.2197857962296
59961.91589753 17025707.932647564 -25908636.191413045 25.439283718711177 1459.043358631723 954.4694236198761 3135.2618136972387
59963.17515107 17013797.71394996 -25916527.615409344 -12.907460683284457 1459.448995976807 953.7066871042068 3135.2979217169764
59964.43442331 17002543.769375123 -25923901.921030533 34.74407867095069 1459.792698014423 953.1552843970934 3135.306574164296
59967.58259205 16975992.63133373 -25941223.28424141 -4.693849950671667 1460.973063392133 951.9297291333876 3135.1367609309464
59968.21222212 16970620.514316615 -25944776.59777211 14.208047999570597 1461.2531302359155 951.7054856767588 3135.0697238125936
59970.10110308 16953501.75101197 -25956079.908619646 8.857896720987151 1462.1278885824634 950.9676836521761 3134.872016643455
59970.73072803 16947463.152971532 -25960043.905618373 18.735405280608795 1462.412297687397 950.6908306684105 3134.8206287831204
59971.36035545 16941233.594376676 -25964044.518096175 -24.564313585582923 1462.6792271086954 950.4138078735705 3134.7871476784117
59971.98997371 16935107.098551955 -25968184.49714821 36.79741882315005 1462.9589593741252 950.0618688410448 3134.746725545221
59973.87885194 16916345.522281807 -25980474.368189443 6.094004328416177 1463.649022751633 949.0636978183798 3134.7187486694243
59975.13810873 16904204.167459507 -25988423.13722583 -9.656300202863417 1464.0555582396676 948.3842698764106 3134.7285285203698
59976.39737133 16892554.61541473 -25995952.052656304 -5.80032777433063 1464.4372294396046 947.7481594981044 3134.7472580059257
59977.65663535 16881361.695423283 -26003099.184754 -6.872944582792388 1464.8389985833496 947.1551073252589 3134.751929447183
59978.28626636 16875936.011851884 -26006606.997906025 28.71233098027741 1465.052643924065 946.8629863121174 3134.7415819798366
59978.91589935 16870581.18687211 -26010039.105223536 -14.115236928638335 1465.2775303979176 946.5954591118747 3134.721909894527
59981.43442432 16849277.953306977 -26023517.446429692 -1.691930399950742 1466.2998115225776 945.6205915067297 3134.5746109332345
59982.06405181 16843851.207224973 -26026993.12834407 1.4053700853430033 1466.587436957906 945.3696880143967 3134.519914368555
59983.32331026 16832723.713540018 -26034271.31510429 16.457608483290198 1467.1186774152486 944.8954444885725 3134.405946700564
59983.95293565 16826950.051856875 -26037952.19989579 16.065920663977714 1467.4217094597523 944.639488299286 3134.3471635442856
59984.5825614 16821040.186720327 -26041698.38867854 37.21406980171016 1467.7166767281133 944.3842023004576 3134.2942929680107
59987.73069118 16789698.403054796 -26061548.67796453 31.37959455206037 1469.0490381605434 942.9259605846813 3134.1522444532015
59988.98994307 16777067.078107925 -26069646.24496112 41.83502989554912 1469.4998921114059 942.2321077011003 3134.1541952676566
59990.2492008 16764876.539022073 -26077433.436688587 31.610624082862472 1469.9233488953282 941.5632940229867 3134.163343941401
59990.87883161 16759022.86603969 -26081190.766305014 -6.017466399081408 1470.124434449434 941.2408083773747 3134.1668033680585
59992.1380961 16747858.111653827 -26088418.791059334 34.93659236237727 1470.549317655364 940.671080364952 3134.132536496679
59992.76772829 16742437.37598661 -26091989.64248045 59.48420030313135 1470.7781652648123 940.4104109117384 3134.0931954360744
59994.02699158 16731802.110834807 -26098917.02047612 -0.39239860448881503 1471.3025481965917 939.9242005123049 3133.980973144367
59995.28624866 16721023.733639121 -26106069.268505365 -8.530329728748368 1471.8910767699456 939.4629257141808 3133.814844121099
59995.91587375 16715467.911367247 -26109792.595123973 12.584055299557713 1472.2087499981367 939.2253689289927 3133.717742962144
59995.91587541 16715420.20347172 -26109742.33637119 -10.77350452971342 1472.19864395716 939.2281974304242 3133.730941688607
59997.17512276 16703759.628390199 -26117434.33430913 -8.292216388845906 1472.8444469298522 938.7240585555028 3133.551812834799
59999.06399017 16685041.814289933 -26129603.004405733 9.378845039331646 1473.7401461620389 937.8513397195543 3133.3676589960405
59999.69361446 16678634.14762829 -26133803.333875217 -22.499875234046833 1473.996330627607 937.5375757061615 3133.328505832265
60000.9528627 16665826.732354196 -26142102.891410876 23.03856809326242 1474.4811796962153 936.872841465989 3133.284027592973
60002.21212069 16653346.57276571 -26150276.993081752 25.236635444814873 1474.890940433412 936.2375755036572 3133.2559649710875
60002.841749 16647269.931980867 -26154194.459326982 34.32621050574388 1475.0983023401086 935.9089594173769 3133.2508425899255
60004.10100834 16635451.989941562 -26161805.690957792 -33.14499372744447 1475.5194322393324 935.2706161434244 3133.232332250775
60005.98990067 16618584.456083976 -26172602.951917205 11.11911245811201 1476.1867509934011 934.4160603716851 3133.1636891204525
60007.24916126 16607596.309217522 -26179604.068751216 -29.15357822898388 1476.6956032614542 933.8964606278302 3133.075687723646
60007.87879127 16602189.569094611 -26183054.418665744 19.060857710991684 1476.953193173013 933.6613869999521 3133.0220028969125
60011.02692436 16573670.26770347 -26201192.915635474 -17.38573808909474 1478.4311932101782 932.4155664751138 3132.6882412704617
60011.65654771 16567577.136899302 -26205062.651499268 -12.52050540255135 1478.7417531439019 932.1445779421673 3132.620732533838
60012.91579194 16555019.75425066 -26213015.16541909 -9.943050091631429 1479.3435390600832 931.5556429217103 3132.5104528710176
60014.8046561 16535463.973300077 -26225411.65018535 10.361530934853475 1480.1619323101193 930.5481409837596 3132.417796926516
60014.80465632 16535476.295519609 -26225426.092772204 15.232035921281753 1480.159276633268 930.5505488056319 3132.4160727631856
60019.84167226 16486133.633454593 -26256992.198940694 24.969368669852045 1481.8774439239767 927.821349077536 3132.3575008665803
60021.10093162 16475022.299429161 -26264232.47234768 -22.099413073814922 1482.3983644120233 927.2924810205905 3132.2376657778773
60024.87867883 16440011.15273721 -26287405.975281324 -26.132204223803488 1484.2434271625755 925.7452683916232 3131.679832620578
60024.87867914 16439912.643876527 -26287219.226675585 1.6249813971179525 1484.2479808343542 925.7502743134262 3131.7043339554784
60027.39716174 16413697.018061811 -26304379.801634792 -4.773380187909042 1485.3604297940603 924.4205552011996 3131.4799834706478
60028.02678396 16406979.994869184 -26308690.471100457 -29.70201067508353 1485.5911651927886 924.0471518437322 3131.466854869699
60028.65640744 16400429.36001097 -26312984.255609345 -3.7360269796898815 1485.8048782553699 923.6884415569458 3131.4473280847365
60031.80454045 16369144.41960447 -26332989.393083595 -2.673547318122358 1486.8437135928896 921.9284052065174 3131.4121039932465
60033.69342707 16351765.589522632 -26344112.443398837 -6.725405844175944 1487.5057424739987 921.0049931183488 3131.33213794675
60035.58231017 16334629.372605314 -26354954.41452931 4.8866348432970526 1488.2822754041479 920.1627381927367 3131.1867982067174
60036.84156051 16322882.710964732 -26362317.35969987 -29.304984816669197 1488.8524218167727 919.5996052713394 3131.0718182044448
60039.36004957 16298140.45740535 -26377867.444335684 -8.455890670968895 1490.0388885809657 918.4119144924949 3130.829124635281
60041.24890985 16278247.140331397 -26390432.32967462 -13.45006672090558 1490.8625326909319 917.3661966362815 3130.7127485985607
60041.87853012 16271470.169857929 -26394684.19361302 -55.169803606268246 1491.1176301190208 916.9883380649259 3130.694130596342
60045.65627396 16232210.935262302 -26419460.113613836 7.17941567115299 1492.2950275255898 914.6399497785744 3130.752922182832
60046.91553192 16220361.826797431 -26427158.34027139 -17.38569699312343 1492.6972582645778 913.9618965778382 3130.712030602896
60048.17478917 16208913.34133467 -26434569.138950124 12.685954546856573 1493.2162092222422 913.3878714618708 3130.5884732064465
60051.32291029 16179593.993658748 -26453907.595251907 -48.75454942713635 1494.624356024224 911.9381003866185 3130.1815128946755
60051.95253056 16173190.026039297 -26457881.04474754 20.822711853428117 1494.913760592449 911.6259197208608 3130.1276661790175
60052.5821502 16166635.303468555 -26462093.08967257 -7.192909664326392 1495.1984618072559 911.2850553258297 3130.0672422014336
60053.2117701 16159993.329460563 -26466433.56185056 2.13370177587077 1495.4670958901982 910.9337090486855 3130.0085046601594
60053.84138942 16153134.710341768 -26470828.049549554 -71.760441563721 1495.7257176952178 910.5524470562532 3129.971754400636
60054.4710095 16146350.141025327 -26475131.346615225 -43.002219087728555 1495.9642663937277 910.1771673374033 3129.947928059432
60055.73025271 16132694.41208731 -26483704.180896632 -6.332147857435563 1496.3945181358804 909.3871214150392 3129.943130396655
60056.35987616 16126032.08829322 -26487907.04158429 13.024878669131372 1496.5879007565584 908.9913821846895 3129.948871020407
60056.98950084 16119428.176844897 -26492093.45018458 -6.678313735750808 1496.777077997908 908.5908662849947 3129.955566109002
60057.6191267 16112999.511899067 -26496154.846051574 -15.14069464507454 1496.9600563782672 908.2023320040421 3129.96352967345
60059.50800887 16094396.008717172 -26507723.642570596 -2.057505502619368 1497.5189589428649 907.102207882744 3129.9848451573243
60060.13763785 16088519.183778342 -26511565.250011776 9.49974503210324 1497.7052594301613 906.752112582365 3129.9659443994615
60062.02652184 16070993.839301467 -26522486.635605033 -29.51860274947829 1498.3691603893558 905.7819790747342 3129.8956136767088
60063.91540006 16053343.999857403 -26533423.544239845 -11.052842200612437 1499.133678222006 904.8687289496893 3129.7654633224006
60066.43388973 16028531.643430822 -26549096.422938567 17.531989419088113 1500.2138216965616 903.5632066814165 3129.549139603656
60067.06350959 16021883.984918356 -26553022.85971898 2.0816284847030175 1500.4866141092525 903.2107012915403 3129.529992565733
60068.3227496 16008423.701120816 -26561427.834900722 -27.442314174212207 1500.986805201048 902.4406362954913 3129.4805525897577
60068.95236964 16001622.493438529 -26565607.540882003 37.73937799987324 1501.2192394139597 902.0560349918894 3129.470825111323
