59945.33310695 6837106.50415244 1100401.5126004147 -1.6125872042532499 -732.1305505601277 4501.135427880932 6067.780802835581
59945.73119448 6868110.339044731 886607.1393784272 -7.017902244101063 -591.3848266576498 4521.798942087052 6067.7609729454625
59946.39465377 6904889.845671764 528637.5006946332 2.767438174413607 -355.71483389220674 4546.462243584369 6067.69440424513
59946.39465377 6904889.845671764 528637.5006946332 2.767438174413607 -355.71483389220674 4546.462243584369 6067.69440424513
59946.72637923 6916209.103796827 349039.8801393613 -1.392235677431407 -237.45808876857336 4554.1325048133 6067.820808546252
59946.72637923 6916209.103796827 349039.8801393613 -1.392235677431407 -237.45808876857336 4554.1325048133 6067.820808546252
59947.25716027 6924812.199390955 61197.865287126624 5.930139804064215 -47.88963912472785 4560.0357577792065 6067.778538493558
59947.38985355 6925155.406243077 -10878.312892200254 -0.392346072623719 -0.49170860121977933 4560.171067085065 6067.75615838449
59948.38505526 6903301.1544362875 -550471.3246319991 -5.786365784356234 354.8173671059755 4546.201044655315 6067.783861474668
59948.91582691 6874379.901019144 -836916.1490428315 4.5213019251823585 543.5364548306837 4527.652404589443 6067.786884870611
59949.38025022 6839330.895752131 -1086387.4675113086 1.4287067064281191 707.882217781535 4504.919943271468 6067.835493702457
59949.64563218 6815252.412794215 -1228349.3474638914 -5.476387127307556 801.3862185207981 4489.222759527915 6067.848787890156
59950.24276326 6750429.7893567225 -1545694.0788444013 1.481624219964566 1009.8201787351986 4446.7475960046095 6067.946658078974
59950.37546202 6733993.492769563 -1615820.972578622 -2.942808736252069 1056.7467829997097 4436.014407859821 6067.81225759404
59950.90623319 6660978.218670516 -1894414.1257299457 -0.9640271586196808 1240.2722624645637 4388.221214014451 6067.830553649982
59950.97257729 6650940.165212389 -1928951.6770981087 2.948250985697104 1263.0453666869953 4381.839025120933 6067.893469351509
59950.97257729 6650940.165212389 -1928951.6770981087 2.948250985697104 1263.0453666869953 4381.839025120933 6067.893469351509
59951.63605023 6541841.639219219 -2271956.6781271114 -3.1226951102916876 1489.1662741479672 4310.349352882516 6067.676782767672
59951.90143889 6493144.850929214 -2407456.8185229413 -3.0316838204651306 1578.0478659889097 4278.719348138761 6067.6595089445345
59952.29951452 6414994.973150435 -2609058.6447743615 1.5892379144902467 1711.0977300268971 4227.04057695295 6067.530660940817
59952.29951452 6414994.973150435 -2609058.6447743615 1.5892379144902467 1711.0977300268971 4227.04057695295 6067.530660940817
59952.6312627 6344939.473574442 -2774593.7975729774 1.0910856931728048 1820.3763367322033 4181.298389888061 6067.786313613531
59952.89663844 6285923.764610537 -2906046.169281314 3.4626550487704937 1906.7317529153222 4142.458235712289 6067.7081916736515
59953.16202269 6223974.130518607 -3036063.350438562 2.3627708156874143 1992.6583547637235 4101.972669051634 6067.829258555175
59953.29472056 6192258.290609741 -3100599.2482803706 -4.886667539436483 2034.974953620595 4080.9263421742344 6067.76716173178
59953.62645079 6109514.750080844 -3260397.7037777947 -2.1491758003123516 2140.274953609229 4026.6985795424885 6067.898672208017
59954.15723002 5968805.080101545 -3511658.9525799085 -0.524873907191032 2305.798892593649 3934.104706204732 6067.813285680271
59954.15723002 5968805.080101545 -3511658.9525799085 -0.524873907191032 2305.798892593649 3934.104706204732 6067.813285680271
59955.55051029 5550791.990202356 -4141129.5784798376 -3.5144636451599855 2720.786253709481 3659.413190545178 6067.606868832851
59955.81589768 5463374.709817695 -4255575.103428167 -3.2937407515809873 2796.2571630189905 3602.0767519580636 6067.7872690920885
59955.81589768 5463374.709817695 -4255575.103428167 -3.2937407515809873 2796.2571630189905 3602.0767519580636 6067.7872690920885
59956.8774426 5091109.677804441 -4695130.650234833 -2.299757134741767 3085.8455139030716 3357.1850826170516 6067.3286302615825
59957.01013047 5041996.323160677 -4747694.6716205375 4.866442918462316 3120.5968335655552 3324.943609673733 6067.429929028402
59957.14281544 4992423.732560123 -4799854.838571096 -0.2972082730884381 3154.992642318126 3292.3180643420374 6067.358378403814
59957.14281544 4992423.732560123 -4799854.838571096 -0.2972082730884381 3154.992642318126 3292.3180643420374 6067.358378403814
59958.13805509 4603219.657779118 -5174132.797258801 2.3610889242535227 3401.9281380158104 3036.8414861261385 6067.433895265423
59958.53613573 4439777.080011457 -5315560.625471719 5.576180305850862 3494.9289814257095 2928.980421338069 6067.044519699137
59959.06690698 4215004.899222562 -5495477.085284625 5.668174752718448 3613.8266390907347 2781.0933030084593 6066.9806895409665
59959.19959856 4157659.9301841687 -5538929.965326091 2.1229089295521457 3642.174391289161 2743.6772096883674 6067.11693440508
59959.86308135 3864600.6555190077 -5747058.081259722 0.0625653872218682 3780.001393908719 2551.271841713075 6067.002098376564
59960.06211285 3774335.63836142 -5807108.0446797 -1.0304106636243726 3819.226225976564 2491.161618102621 6066.953559094296
59960.85828761 3404954.004367792 -6031479.948423389 -7.974275085926592 3967.0665065619246 2248.164664612701 6066.635757125136
59961.05733071 3310513.771167103 -6083625.849104938 1.9961128777753785 4001.725717617726 2186.075772436882 6066.807660347591
59961.78715348 2957304.5880978457 -6262760.680372256 -0.31438290296691135 4120.160199659324 1953.8691372328067 6066.915517976726
59961.85349923 2924740.6376266307 -6278044.259789965 1.687301733241717 4130.244620438415 1932.4763578072661 6066.880261955229
59962.18522717 2760496.8719463246 -6351900.180837394 -4.77449745905359 4179.107390846661 1824.4432961358664 6066.901743100797
59962.4506176 2627558.1848261184 -6407777.654296211 -7.004553086555229 4216.070835789144 1737.6329339419435 6067.169496653665
59962.4506176 2627558.1848261184 -6407777.654296211 -7.004553086555229 4216.070835789144 1737.6329339419435 6067.169496653665
59962.91503679 2393165.299610462 -6499640.561030963 -1.825298268882603 4276.33854165592 1582.4967933690068 6066.564046072837
59963.11407506 2291446.741370364 -6535993.8817269625 -0.21739862886539194 4300.619313963028 1515.6209004690268 6066.719628962828
59963.44581496 2120783.412727788 -6593446.082147145 -0.20404309526518036 4338.423338099708 1403.6890679776814 6066.649294684898
59963.44581496 2120783.412727788 -6593446.082147145 -0.20404309526518036 4338.423338099708 1403.6890679776814 6066.649294684898
59964.1092866 1775384.7217078346 -6695019.759023449 -6.713127158551883 4405.543665996811 1175.6572222730804 6066.376577153733
59964.44102518 1600786.4127671092 -6738901.522798055 1.7957715376964893 4434.483470612837 1061.26530604526 6066.389126578971
59964.44102518 1600786.4127671092 -6738901.522798055 1.7957715376964893 4434.483470612837 1061.26530604526 6066.389126578971
59965.43622287 1070935.019785848 -6842997.380270327 -1.6618512130413268 4503.751047658276 712.3791354468832 6066.503917055318
59966.09969301 713981.4750315623 -6889423.096398495 -0.9394627063731957 4534.675343356702 477.28964859091434 6066.501186231855
59966.43142863 534523.5244343338 -6905749.481184949 3.533526236562437 4545.540943987643 358.71012175135183 6066.433456570948
59967.09490774 174646.0799717046 -6924466.060949959 -2.465107326199458 4557.781697842752 122.4169766917891 6066.279405949615
59967.82471383 -221336.76348216878 -6922907.914663288 -2.6696515172358195 4557.517477319156 -138.3796426290358 6066.403505643802
59969.08530028 -902895.0416469625 -6867140.600967425 -2.0287665822312935 4521.900372878221 -587.0233493664448 6066.506126481216
59969.35069169 -1045679.2286228499 -6847085.582488094 6.934678390214743 4508.567236765079 -681.0281266604687 6066.308806564362
59969.35069169 -1045679.2286228499 -6847085.582488094 6.934678390214743 4508.567236765079 -681.0281266604687 6066.308806564362
59969.8151343 -1293749.5444311765 -6804606.209915471 4.387793015766211 4480.884832975122 -844.5372050502918 6066.263492676645
59969.8151343 -1293749.5444311765 -6804606.209915471 4.387793015766211 4480.884832975122 -844.5372050502918 6066.263492676645
59970.08052512 -1435071.7988852325 -6776243.646214529 -2.2766826940290215 4462.302995569154 -937.5082520799037 6066.256191193783
59970.8766953 -1854696.4310364288 -6673519.0179953035 -1.955614458495198 4395.256462175204 -1213.8773151052465 6066.293326360436
59971.00939143 -1923996.5216449478 -6653874.48055101 -8.614776288648624 4382.37583964671 -1259.5214391698296 6066.29130163704
59971.80555256 -2335093.420384254 -6520943.047070823 -1.215936145304772 4295.307233559123 -1530.3425952397786 6066.2915310178505
59971.87189828 -2368978.9124710825 -6508721.824700786 2.615259483488058 4287.295365322893 -1552.6754105068537 6066.260586330933
59972.07093643 -2470192.646845271 -6470974.947150797 5.239837388492152 4262.569086057719 -1619.358655162018 6066.255379660449
59972.86708467 -2868776.791803561 -6304337.482957599 -2.9385669431175416 4153.336145025644 -1881.9604037503993 6066.300596708645
59972.99977532 -2934162.394561365 -6274168.042571909 0.1870256158815397 4133.522025577767 -1925.04114957462 6066.317234055615
59973.72958785 -3288096.2883571074 -6096276.452958797 -1.7442486425494257 4016.663241280649 -2158.092148775182 6066.260246887345
59973.86228225 -3351109.232901861 -6061629.94804118 6.989032596063017 3994.140532948489 -2199.811603069165 6066.440289163025
59973.99497544 -3413937.8744576564 -6026459.600098514 2.7436399498873207 3971.0644606988462 -2241.211367341644 6066.447814571673
59973.99497544 -3413937.8744576564 -6026459.600098514 2.7436399498873207 3971.0644606988462 -2241.211367341644 6066.447814571673
59974.85748278 -3813073.669444088 -5782191.415985297 -1.0963422971847296 3810.657546076842 -2504.2120910885274 6066.4638180533775
59975.25556144 -3991596.6272932836 -5660401.725144182 1.8832674762186856 3730.677335502879 -2621.8758896684562 6066.485490140811
59975.58729898 -4137348.8156493423 -5554745.048925835 0.014050526863240797 3661.354297048992 -2718.0443030726797 6066.424659535926
59975.58729898 -4137348.8156493423 -5554745.048925835 0.014050526863240797 3661.354297048992 -2718.0443030726797 6066.424659535926
59975.85268751 -4251974.393885334 -5467501.882963727 -6.748313461036833 3604.0193489751578 -2793.588464782349 6066.441299689562
59976.58250293 -4557528.485092228 -5215530.690178845 1.1092521876339647 3438.4930399313957 -2994.9614132867773 6066.453885351826
59976.91423535 -4691528.36681704 -5095300.873051408 -0.5916486740736778 3359.5231045411933 -3083.3295360956868 6066.4518433428975
59977.57770616 -4949988.645825885 -4844621.527784415 -7.2153201134807885 3194.761407114834 -3253.7598814141115 6066.427785300416
59978.241176 -5195062.63880841 -4580816.957357857 -4.275086182504423 3021.3217019939984 -3415.313233965451 6066.5012682663655
59978.50656381 -5289200.0569807915 -4471793.951350648 0.030996542091520165 2949.67276201977 -3477.3940108510687 6066.492176128147
59978.90464474 -5426115.365860431 -4304630.609386565 -4.432796539743078 2839.7718814415402 -3567.719819419072 6066.483353280846
59979.50176214 -5621463.344860297 -4046146.091808098 1.5299672975520036 2669.808960919017 -3696.59551565204 6066.537841927012
59979.50176214 -5621463.344860297 -4046146.091808098 1.5299672975520036 2669.808960919017 -3696.59551565204 6066.537841927012
59979.89984032 -5744856.103481663 -3868879.391464647 5.958107434693155 2553.219506183131 -3778.053740026762 6066.592605126107
59980.49696962 -5919554.468150215 -3595953.502183708 6.027331232702752 2373.735243188399 -3893.3409152099375 6066.563410018439
59980.49696962 -5919554.468150215 -3595953.502183708 6.027331232702752 2373.735243188399 -3893.3409152099375 6066.563410018439
59980.89504944 -6028833.283113796 -3409593.393191438 5.518883766725088 2251.113675876741 -3965.4555574695546 6066.575339475218
59981.49217142 -6181714.365035548 -3123875.648463462 -7.155838473449453 2063.1920859784086 -4066.4056091039542 6066.562851348909
59981.75755371 -6245287.37457551 -2994708.3848140906 1.9678268832820913 1978.2162186896996 -4108.425263946858 6066.574774181013
59981.75755371 -6245287.37457551 -2994708.3848140906 1.9678268832820913 1978.2162186896996 -4108.425263946858 6066.574774181013
59982.42102515 -6392475.106395148 -2666169.179364359 1.2574872182378418 1762.0565494966384 -4205.660361626106 6066.563811011977
59982.42102515 -6392475.106395148 -2666169.179364359 1.2574872182378418 1762.0565494966384 -4205.660361626106 6066.563811011977
59982.68641317 -6446526.651215086 -2532680.613796597 5.440337980831283 1674.2314310398892 -4241.366039838098 6066.580797975675
59983.4162315 -6580717.498574081 -2160228.6840224243 -4.455692598641892 1429.0195499900176 -4329.990056952282 6066.674107928985
59983.4162315 -6580717.498574081 -2160228.6840224243 -4.455692598641892 1429.0195499900176 -4329.990056952282 6066.674107928985
59983.74795943 -6634445.780708374 -1988300.568642544 5.466759621431453 1316.1338905490486 -4365.742156454898 6066.886115027686
59983.74795943 -6634445.780708374 -1988300.568642544 5.466759621431453 1316.1338905490486 -4365.742156454898 6066.886115027686
59984.14604465 -6693299.194367061 -1780483.2694764626 -3.999763759246939 1179.3259129734058 -4404.550512832671 6066.866913555165
59984.41143621 -6728903.96025947 -1640985.7013034848 -4.79266259925219 1087.6175359994572 -4428.063390142605 6066.834926978667
59984.61047391 -6753626.7614537785 -1535879.4014447082 -8.950422953941928 1018.5612048780865 -4444.469232202847 6066.87374037971
59985.14124791 -6811664.086453144 -1253700.2938922106 -1.6924577802825984 832.6746072182473 -4483.127411279905 6066.778297060389
59985.60567888 -6852783.53718476 -1005047.598353521 -5.144538073568545 669.1779820254253 -4510.421720318921 6066.7669713005935
59985.67202463 -6857818.20820487 -969418.3860810563 -0.39796091348712903 645.75052130752 -4513.885758402023 6066.855397195765
59986.79992257 -6916660.15517478 -360353.6096423985 -3.6387900770544888 244.82488199236425 -4553.247391876642 6066.810402489242
59987.1980112 -6925010.003083645 -144117.14517043997 2.6782617562888364 102.28280916733405 -4558.441549144245 6066.36484198945
59987.5297379 -6926175.196239021 35724.896975439304 -4.24125049596368 -16.071657487565364 -4559.7295974109265 6066.545588676715
59988.06051656 -6918635.952086628 323586.6947831876 1.67929001235347 -205.6132299575608 -4555.23880128562 6066.571631346597
59988.45859693 -6905106.697686224 539182.032469179 -8.75891033828831 -347.5941615855666 -4546.655522530793 6066.611083380881
59988.52494284 -6902141.157436233 575041.056282991 -1.4765724486607295 -371.2253028372894 -4544.83667321498 6066.654805102124
59988.79032821 -6888555.888578548 718401.9083503615 -1.2262628393617612 -465.6581267544981 -4536.2340195702545 6066.743248544715
59989.05571968 -6872197.5123509765 861481.8399108363 2.1892906442870363 -559.7284469731235 -4525.580580672475 6066.730972713594
59989.45379966 -6842126.26361724 1075423.4935630392 1.9495301550313382 -700.6844766463901 -4505.824283461243 6066.55363504563
59989.52014647 -6836441.636603978 1110983.4993167939 1.5553046323302813 -724.1087544127294 -4502.117674454602 6066.551590656983
59989.85187729 -6805155.995100379 1288244.7976027625 2.195983303790834 -840.86181021555 -4481.865228261916 6066.59746079336
59990.05092003 -6784455.897781047 1394264.7157109946 0.9086565293931346 -910.6529591506845 -4468.081927400812 6066.434097897522
59990.5816897 -6720485.733358472 1675099.2156886673 -6.089444852038366 -1095.644156280334 -4426.42523261079 6066.504299998058
59990.78072453 -6693496.980150482 1779702.059102053 -1.4632807219939228 -1164.557940745976 -4408.808520000689 6066.520611664495
59990.91342283 -6674437.890657306 1849172.8021137703 -8.009793935949029 -1210.382922823982 -4396.645433920816 6066.750721154872
59991.2451552 -6624079.514739642 2021962.5075097883 -1.771484409609915 -1324.2512653377746 -4363.731809629397 6066.791467962007
59991.5768865 -6569270.191995933 2193479.533926593 5.395472229351121 -1437.2080296582399 -4327.807332159716 6066.78982024726
59991.90861699 -6509919.286050377 2363446.0741873994 2.7322057137649334 -1549.2925494631043 -4289.034894876402 6066.906011727747
59992.1740102 -6459744.108033633 2498421.2209012196 5.290374869180493 -1637.9877198363495 -4255.6996286719595 6066.636954377337
59992.57209752 -6378702.265424163 2698643.4671763624 -1.4362913479510262 -1769.8837530517008 -4202.502291764671 6066.656727441779
59992.7711407 -6335840.94639717 2797752.8632361316 2.569022501170917 -1835.2141027113346 -4174.367489730392 6066.677680032467
59992.90383748 -6306334.447154737 2863456.078302935 -2.060436364410381 -1878.4529128200559 -4155.155171791557 6066.75694346629
59993.10288212 -6261147.163768039 2961483.043353572 7.489098268020945 -1942.9584335600582 -4125.196730376466 6066.6169518831775
59993.56731576 -6149222.205686347 3187376.5014556176 -4.904723891199752 -2091.825843581515 -4051.7069434974574 6066.599650639738
59994.42982367 -5919877.831785932 3595180.8628722234 2.2501556964232723 -2360.6013014928885 -3901.2740980512904 6066.711592865212
59994.56251478 -5882157.626553976 3656507.554695854 0.5071574166979413 -2401.0316383858603 -3876.541913661584 6066.73378033071
59994.96059754 -5765342.866610885 3838238.772748843 -4.502393903803924 -2520.677774606477 -3799.79468449954 6066.649476429415
59995.42503384 -5622044.056980326 4045537.806212787 -3.097587807647784 -2657.1538442975375 -3705.552356914396 6066.507258614908
59995.55772926 -5579661.3138054535 4103690.817634475 2.9416781231272244 -2695.4062604529913 -3677.8568150180404 6066.567025963218
59996.55292081 -5243314.36503794 4525687.703889262 -3.7447626441893367 -2973.1315999889234 -3456.84199829327 6066.5431029637675
59996.7519534 -5171642.47381753 4606973.327020523 -1.2712989403062773 -3027.2886705848446 -3410.0331254685207 6066.6185542969415
59996.7519534 -5171642.47381753 4606973.327020523 -1.2712989403062773 -3027.2886705848446 -3410.0331254685207 6066.6185542969415
59996.95099759 -5099528.76013316 4687377.3146748915 7.35242347147072 -3080.412415206693 -3361.7652498619655 6066.2702173976895
59997.48178705 -4900218.874480362 4895505.375340345 -4.892678291141981 -3217.2837971266517 -3231.0767089481515 6066.168181252909
59997.48178705 -4900218.874480362 4895505.375340345 -4.892678291141981 -3217.2837971266517 -3231.0767089481515 6066.168181252909
59998.47699837 -4503776.721439641 5262371.319669548 2.529515132951433 -3459.281925416066 -2970.614489108606 6066.206023915988
59998.94143031 -4309216.597744456 5422589.960957504 2.7019374608390434 -3564.866541255392 -2843.088414696799 6066.4831012012855
59998.94143031 -4309216.597744456 5422589.960957504 2.7019374608390434 -3564.866541255392 -2843.088414696799 6066.4831012012855
59999.47220391 -4080117.8300736453 5596969.325051326 -6.058742362639743 -3680.114600968815 -2692.3397261956666 6066.470075157042
59999.67124382 -3992203.4340743083 5659880.5375870615 -3.972325959891057 -3721.6922829558307 -2634.594343127842 6066.601280053319
60000.20200841 -3753437.4052907294 5820870.385054066 -0.40798789509778943 -3828.0737441751608 -2477.5720669449306 6066.620365182785
60000.40104263 -3662201.1915471423 5878700.544198534 -0.5479125742491283 -3866.2324490198475 -2417.6302014855232 6066.580002350274
60000.86547022 -3445749.0018106643 6008255.345066458 -3.9322192811426566 -3951.489633120869 -2275.4532132711015 6066.58265723797
60000.86547022 -3445749.0018106643 6008255.345066458 -3.9322192811426566 -3951.489633120869 -2275.4532132711015 6066.58265723797
60001.39624455 -3193254.510672519 6146340.587629792 -4.930524652996547 -4042.8017140154734 -2108.8089209497493 6066.446907980645
60001.59528635 -3096883.7411453123 6195281.4153199745 -7.968715024763344 -4075.249016775533 -2045.5478640896008 6066.600437802515
60001.86067724 -2967462.327271163 6258279.189677448 1.7504405893141017 -4116.817746735484 -1960.634815700335 6066.607870277058
60001.86067724 -2967462.327271163 6258279.189677448 1.7504405893141017 -4116.817746735484 -1960.634815700335 6066.607870277058
60002.65683403 -2571331.8630728354 6430975.072535924 -2.9209576361479304 -4231.055445954085 -1700.1462489461153 6066.769523343029
60002.85587562 -2470729.3388266163 6470349.841356634 -6.511990303454953 -4257.175380983807 -1633.7471033246343 6066.731992469387
60002.85587562 -2470729.3388266163 6470349.841356634 -6.511990303454953 -4257.175380983807 -1633.7471033246343 6066.731992469387
60003.51933088 -2131111.7105337665 6589773.8156640595 6.571708580519153 -4336.350774764941 -1410.5117552624004 6066.937972187185
60003.65202019 -2062468.2120390767 6611579.649449951 0.007682994311493713 -4350.78618973222 -1365.312365044596 6066.928856783952
60004.11646503 -1820782.223342325 6682599.69378179 -1.2159112455606647 -4397.458398617787 -1205.871136333059 6066.666049787463
60004.58090734 -1576385.274720854 6744687.364503195 -5.227166197296298 -4438.339820744477 -1045.1641524292236 6066.388910262878
60004.84629949 -1435876.5455998369 6775931.144111563 -6.063106917887897 -4459.1104980447735 -952.6769796498774 6066.437696820611
60005.57611675 -1046291.1027370247 6846724.738744608 1.7777145533555982 -4506.344669712215 -696.3518309862952 6066.552753384014
60005.57611675 -1046291.1027370247 6846724.738744608 1.7777145533555982 -4506.344669712215 -696.3518309862952 6066.552753384014
60006.37226626 -617349.3282318353 6898598.75757248 4.092475027317234 -4540.963751306951 -414.0845133199817 6066.5631910228985
60006.77035026 -401834.85888795205 6914245.475751487 2.342111270292105 -4551.819137604738 -272.99415322311177 6066.840888576921
60006.77035026 -401834.85888795205 6914245.475751487 2.342111270292105 -4551.819137604738 -272.99415322311177 6066.840888576921
60007.50015543 -6028.178644651091 6926400.736282581 -5.52570304111092 -4559.616389090912 -11.441392771788363 6066.420471500309
60007.56650105 30017.029372057514 6926357.651685655 -0.5501590100752233 -4559.598266022606 12.272823414706837 6066.3992117497055
60007.56650105 30017.029372057514 6926357.651685655 -0.5501590100752233 -4559.598266022606 12.272823414706837 6066.3992117497055
60008.03093642 282006.6662880093 6920674.657106014 -3.6073843986907583 -4556.245155156713 177.86876662853243 6066.37844133003
60008.22997686 389946.08542542555 6915569.20987926 -0.34180389370052117 -4552.794193788789 249.08539632929723 6066.272814609335
60008.7607543 676950.2400346594 6893058.042765009 1.387251930644898 -4538.688091636919 438.18938082035993 6066.5902648821075
60008.7607543 676950.2400346594 6893058.042765009 1.387251930644898 -4538.688091636919 438.18938082035993 6066.5902648821075
60009.75595432 1211908.240122643 6819314.668642532 -3.7105860398949546 -4490.81437967003 790.6174090827312 6066.617661773804
60010.41942371 1564706.16540624 6747003.666811872 -4.272246784853954 -4443.812783384377 1022.7552660758265 6066.632383309428
60010.75116106 1739363.01963943 6704041.493337966 1.5149000269354371 -4415.795855029602 1137.8594945028844 6066.679988399526
60010.75116106 1739363.01963943 6704041.493337966 1.5149000269354371 -4415.795855029602 1137.8594945028844 6066.679988399526
60011.01655059 1878602.7958087197 6666649.418310383 5.381664727935248 -4390.939303064988 1229.0935624129465 6066.556163660421
60011.74636456 2256774.5459086252 6548532.937679436 -4.026225480863858 -4313.327567788591 1478.2378622335623 6066.339091365993
60011.74636456 2256774.5459086252 6548532.937679436 -4.026225480863858 -4313.327567788591 1478.2378622335623 6066.339091365993
60012.94060637 2858839.760677198 6308934.563693554 -8.128411114257874 -4156.3582291597295 1874.7854526237718 6066.383203804643
60013.13964675 2956890.625947414 6263759.072363481 3.9632411309001583 -4126.29642078467 1939.4098015694722 6066.371297247856
60013.67042024 3214456.598590021 6135194.404233249 -2.492728152496888 -4042.2617277582153 2109.4836123542104 6066.644067735561
60013.67042024 3214456.598590021 6135194.404233249 -2.492728152496888 -4042.2617277582153 2109.4836123542104 6066.644067735561
60014.00215945 3373048.9979079803 6049912.088653661 3.549949723766544 -3986.264614266677 2212.8252496708096 6066.3508595718795
60014.40024146 3559818.8716010493 5941456.739840613 0.2845636564478252 -3915.1698636769906 2336.8644734156055 6066.686517446332
60014.93102185 3803813.417389989 5788337.903997695 5.4334171274258365 -3814.774099757315 2497.3760355798595 6066.648844282614
60014.9973678 3833910.0222092285 5768458.998606761 -5.819200441631996 -3801.4482985944323 2517.7071860848077 6066.608486556929
60015.46179428 4041204.850044966 5625298.340152328 -0.4602201879458812 -3707.4292371971987 2654.0450961397746 6066.524923049176
60015.92621533 4243177.707680604 5474506.90325578 -4.429923204672789 -3608.24120135022 2787.1847744866964 6066.639096811486
60015.99256098 4271482.295051584 5452315.200441319 -8.243455321989837 -3593.9329568458775 2805.900523496202 6066.63400086846
60016.45697274 4467060.215984672 5293250.28880641 5.598079495661342 -3489.548820847128 2934.837110918539 6066.528505231408
60016.45697274 4467060.215984672 5293250.28880641 5.598079495661342 -3489.548820847128 2934.837110918539 6066.528505231408
60017.18681564 4762397.077528312 5029496.514498021 0.7012317180058159 -3316.06727911321 3129.377037205735 6066.504540259066
60017.31951017 4814451.731372753 4979589.995828873 -3.5294624924354494 -3283.352212910842 3163.7485450101035 6066.541422928497
60017.65125133 4942149.9668680485 4852757.741469604 1.675898837173161 -3200.029101661016 3247.967796286197 6066.640799543967
60017.91664094 5042013.44036596 4748946.357668919 1.7341813307145828 -3131.766950334642 3313.7852820022945 6066.612708721695
60018.31471808 5187510.046681993 4589367.2232613 7.394104274410505 -3026.9531196075677 3409.8207854790876 6066.728075442281
60018.91184901 5396809.41355223 4341927.327996083 4.639164402697257 -2863.8565378058497 3547.6076748397054 6066.439815629381
60019.17723903 5485624.504811859 4228712.246968392 1.5490558741829923 -2789.4346423763454 3606.6287131401396 6066.684500081193
60019.30993263 5529292.035494864 4171403.888078492 0.3118122142893924 -2751.7699847511917 3635.4646416896408 6066.702761964262
60019.9070423 5718275.8041517185 3908297.609825453 3.8200474558711948 -2578.7088353130553 3760.1024514982955 6066.706423261372
60020.30510723 5837329.2879539635 3728036.121368431 2.5506136159486523 -2460.2387158383312 3838.765557193499 6066.666890872314
60020.57050269 5913119.023478725 3605370.368867777 -5.943525186761141 -2381.1297983257 3888.942549997168 6067.247832048981
60020.57050269 5913119.023478725 3605370.368867777 -5.943525186761141 -2381.1297983257 3888.942549997168 6067.247832048981
60020.90223849 6005298.647197205 3450845.3816797645 2.449158143545407 -2277.971513045558 3949.8115142389174 6066.807893387169
60020.96858636 6023127.038684404 3419653.0364352837 1.1151040963209544 -2257.5143114371504 3961.590779084071 6066.756997976144
60021.89744748 6255729.776143845 2972552.4760260317 -0.8865018509409979 -1963.4829379590328 4115.315731497305 6066.832468237456
60022.16282961 6316149.825903533 2841837.3442070642 0.13727678665187037 -1877.4979978987656 4155.229022166469 6066.85298582183
60022.56091034 6401899.332126065 2643533.76911533 -3.274361079086439 -1746.9129083121888 4211.629015765833 6066.736363839216
60022.56091034 6401899.332126065 2643533.76911533 -3.274361079086439 -1746.9129083121888 4211.629015765833 6066.736363839216
60023.15804269 6518787.152140035 2341329.6033139937 -2.3504419301783672 -1548.0064691179214 4288.573287260434 6066.518830044532
60023.22439026 6530869.428357744 2307406.878045711 1.6119703756777253 -1525.692494741096 4296.548841388462 6066.524035564689
60024.21957192 6690588.31503287 1791621.7315128362 -2.76739454179984 -1186.358017686742 4402.3096868537405 6066.635787860003
60024.21957192 6690588.31503287 1791621.7315128362 -2.76739454179984 -1186.358017686742 4402.3096868537405 6066.635787860003
60024.88305487 6774971.43752814 1441676.443171691 6.613298597007418 -956.3157826419385 4457.7539679666515 6066.457884560573
60025.21479912 6809669.370291016 1265057.7383624234 -3.675848812101749 -840.0989079682179 4481.459508038688 6066.893562777813
60025.28114696 6816152.852663346 1229655.8489415357 -8.141862762295746 -816.8245302323209 4485.753252362438 6066.884639730944
60026.20998822 6887417.679317467 730736.4498470457 -4.633256208254537 -488.4898167099785 4533.2680249704335 6066.9005602704365
60026.93981838 6918210.123524696 336094.9537402063 1.7741406316944062 -228.50143283968106 4553.685517594921 6066.662718560272
60027.20520304 6923823.313877673 192093.5948639385 -0.23992590462053667 -133.8415351695897 4557.323798384232 6066.450669624033
60027.93497991 6923456.659097155 -203937.1308606763 -2.3927059630263723 126.86924813354119 4557.527951449152 6066.413060585793
60028.13400357 6919348.085031597 -311898.2629308474 -5.104797763309265 197.9203265765496 4554.975114300992 6066.496161697745
60028.26669269 6916292.467830863 -383722.21578845975 5.378592868452683 245.22672766676283 4552.430441931544 6065.997079472735
60028.93019507 6885328.457177768 -742462.3954831439 5.196243209750064 481.3626979035237 4534.777728742497 6067.668421669196
60029.06289151 6878454.028679384 -814142.2986214351 0.965670583224177 528.426000631419 4528.728958483999 6066.603569772017
60029.92541741 6806245.870425265 -1276372.9174390393 0.5644468324950975 833.0065745691279 4483.642250355081 6067.972798560026
60030.12445146 6786666.431312517 -1382777.4808870438 -4.980745498538745 902.8647571718697 4469.321152567028 6066.84861183724
60030.12445146 6786666.431312517 -1382777.4808870438 -4.980745498538745 902.8647571718697 4469.321152567028 6066.84861183724
60030.85428342 6696111.839346982 -1768263.0364047028 1.0961224421452083 1157.7414070614427 4410.493804808855 6067.32849934995
60030.92063058 6686763.696843241 -1803072.8933102617 3.3435524631608597 1180.534571579623 4404.484503736487 6067.3755836765395
60030.98697786 6677724.170650512 -1837909.2657222953 0.6435691279923575 1203.07165498721 4398.073605462858 6067.0012898530185
60031.84948707 6538065.895786833 -2284632.615410824 -4.759858222587388 1497.5329335493016 4306.870189857533 6067.191823637048
60031.98217671 6514284.315599109 -2352459.1653426425 -4.313545587934014 1541.8883064363456 4290.945743368226 6066.92903995806
60032.11486586 6489449.329484187 -2420093.991693427 5.179997186176498 1586.3830327952353 4274.690652159716 6066.922580196313
60032.84468887 6340471.926867211 -2786998.611773859 -3.910713691183635 1828.3219090960492 4177.019121907858 6067.041000428612
60033.17641934 6266445.95081693 -2951020.135428564 4.147481910491405 1935.946230765981 4127.890397813522 6066.465786618877
60033.2427648 6251011.421743346 -2983551.0987094794 -3.243696532742179 1957.3862175476647 4117.768632011905 6066.46763576468
60034.63602996 5888707.823961295 -3646786.171196684 0.6436661914036733 2394.1796222226562 3880.2872646091737 6066.530988128938
60034.83507972 5830831.038428513 -3737999.4468436143 -2.1180505214848764 2454.6552762355263 3842.608713968218 6066.859337905868
60035.10047609 5752004.869994301 -3858518.7841753378 -2.6941780791630627 2533.9138489303004 3790.687527160978 6066.677586550786
60035.10047609 5752004.869994301 -3858518.7841753378 -2.6941780791630627 2533.9138489303004 3790.687527160978 6066.677586550786
60035.89664522 5500233.819912464 -4209576.468655042 7.035809967438818 2765.264495068929 3625.2867713120127 6066.71667554027
60035.89664522 5500233.819912464 -4209576.468655042 7.035809967438818 2765.264495068929 3625.2867713120127 6066.71667554027
60036.82550975 5179390.504494785 -4598203.425219257 -0.15724603727354972 3021.672639280022 3414.774185452958 6066.912641800951
60036.89185561 5155579.971942621 -4625357.027470677 9.213200252081167 3039.1302741306713 3398.990575773506 6066.636382119635
60036.89185561 5155579.971942621 -4625357.027470677 9.213200252081167 3039.1302741306713 3398.990575773506 6066.636382119635
60037.62166635 4882749.231521042 -4912151.161615402 1.9910896426043574 3228.809074850997 3219.6025528050686 6066.8046690879755
60037.8870462 4779585.449239159 -5012639.727080089 3.504384479212047 3294.9274399737033 3151.762164570632 6066.783903342185
60038.01973561 4727138.287663124 -5062033.168840412 5.246647286105486 3327.6377166835623 3117.344310081348 6066.798821685933
60038.01973561 4727138.287663124 -5062033.168840412 5.246647286105486 3327.6377166835623 3117.344310081348 6066.798821685933
60038.88224887 4374760.220002316 -5369955.094794505 -1.2413784529260743 3530.4710623059186 2885.3603883072 6066.51712012157
60039.14763972 4262072.946825604 -5459561.680690561 1.5385167327285607 3589.716656958719 2811.578326735744 6066.714686152685
60039.14763972 4262072.946825604 -5459561.680690561 1.5385167327285607 3589.716656958719 2811.578326735744 6066.714686152685
60039.87745435 3943011.122960382 -5694263.277458293 -1.453784287124799 3744.504919931128 2601.728188080345 6066.740280999041
60040.54092968 3641813.4072326273 -5891258.329866213 2.133323681820972 3874.58830249092 2404.076420558285 6066.856945382486
60040.54092968 3641813.4072326273 -5891258.329866213 2.133323681820972 3874.58830249092 2404.076420558285 6066.856945382486
60040.93901218 3456211.996365353 -6002177.249030723 -4.422243792368041 3947.764157182845 2281.614211935727 6066.783792912351
60041.53613188 3171686.130051007 -6157343.059770889 -3.132794662108969 4050.239048354222 2094.3905021722826 6066.629805744056
60041.86786057 3010547.4366229973 -6237539.922008747 -4.6261204689594795 4103.3118854663035 1988.533567379796 6066.772593860274
60042.53132949 2682386.4522691392 -6385664.98160749 1.7867769471665451 4201.026040492082 1772.5766200952328 6066.723892799528
60042.53132949 2682386.4522691392 -6385664.98160749 1.7867769471665451 4201.026040492082 1772.5766200952328 6066.723892799528
60043.52652139 2176752.552281051 -6575044.1694654515 -2.15979453381198 4326.397907080145 1440.1478478622969 6066.817543795623
60043.9245896 1970611.2267493857 -6639667.317943384 -7.180119823057307 4369.201318094528 1304.5193062596752 6066.875874681573
60044.52172131 1657942.736402233 -6724793.748878195 1.1491495378725047 4425.232038179197 1099.0715219163828 6066.765119161707
60044.52172131 1657942.736402233 -6724793.748878195 1.1491495378725047 4425.232038179197 1099.0715219163828 6066.765119161707
60044.85346244 1482596.5229610382 -6765278.167365863 6.828973361792125 4452.59584728668 983.4106893817135 6067.089858081879
60045.51693421 1128972.5287344474 -6833117.356865951 -0.7259451521195732 4497.731563442504 750.6747686982042 6067.103572407169
60045.91501056 915385.7180053438 -6864888.91137732 -0.8982046914945916 4519.006966329847 610.0998354491644 6067.160957156722
60045.91501056 915385.7180053438 -6864888.91137732 -0.8982046914945916 4519.006966329847 610.0998354491644 6067.160957156722
60046.51214213 593184.5936053342 -6899976.189003616 -2.535738046343345 4542.947983491807 398.70724325277763 6067.21386025936
60047.44100041 89982.33141204063 -6925311.063732547 2.6940406406572226 4559.364671652396 66.73700081184411 6066.958662568878
60047.50734592 54005.93041907574 -6925714.404405538 -3.7111599698061277 4559.669870577342 42.957413270235804 6066.896194106813
60048.17080359 -305956.0403451966 -6919683.175726551 -0.40929123484713903 4555.471852809576 -194.73549659945508 6066.423921670298
60048.43619672 -449791.7370660698 -6911875.563299897 2.4253925300159027 4550.3493298634985 -289.2946006608224 6066.4502033912195
60048.834279 -665069.839280088 -6894138.115227468 -1.4844004726728746 4539.416016524873 -430.3635253449961 6066.672954877835
60049.43138576 -986749.055431009 -6855356.568091411 -0.8962778647522096 4514.386035988143 -642.1684041990759 6066.731370270181
60049.82944717 -1200049.1640126677 -6821103.317587726 -6.510463465358699 4492.222238807404 -782.6827514090274 6066.817813980049
60050.16118439 -1377052.2011165104 -6787835.529305033 1.3399321632800159 4470.3053728670475 -898.8272787196428 6066.695624653347
60050.42658311 -1517984.968866531 -6758488.855306378 0.5428901946320973 4450.124471503159 -992.0805320870185 6066.2024933354605
60050.55928007 -1588143.8291390445 -6742083.298985552 2.8527284631002034 4439.78087603075 -1038.2708255867444 6066.337017107526
60050.69198129 -1658148.256819522 -6725296.515278414 6.064574126945757 4428.701498813405 -1084.2011961795272 6066.290283278995
60050.69198129 -1658148.256819522 -6725296.515278414 6.064574126945757 4428.701498813405 -1084.2011961795272 6066.290283278995
60051.42181764 -2039791.4944440473 -6619369.740680656 -6.470472758347756 4359.4990739382365 -1335.657825613748 6066.404146679167
60051.55451194 -2108472.1403318522 -6597769.24244399 -0.25185567126949365 4345.375713101899 -1380.903883302022 6066.444129431028
60051.75355097 -2211142.855354754 -6564032.990633371 3.6597346643417277 4323.276507954467 -1448.4610200093748 6066.49203669143
60052.41703221 -2549161.9226936437 -6440033.1099051675 4.312154742102001 4242.480299727295 -1670.857803703178 6066.731216932517
60052.68242283 -2682552.3311438835 -6385640.996203034 -8.525918008915598 4206.670912809519 -1759.2024494287155 6066.69043304399
60053.41223243 -3042971.167085011 -6221811.8648601575 2.030683499638686 4099.212768588759 -1996.637280732512 6066.843060928175
60053.67761062 -3171616.071950463 -6157128.031079357 3.2370501789327673 4056.898090612707 -2081.463463090736 6066.850606105448
60053.67761062 -3171616.071950463 -6157128.031079357 3.2370501789327673 4056.898090612707 -2081.463463090736 6066.850606105448
60054.34108693 -3487449.329419077 -5984319.976758411 -2.349708736424729 3943.209745247907 -2289.189804869792 6066.59169326266
60054.54013229 -3580337.472428161 -5929123.073976065 -5.971856627893559 3907.044482285151 -2350.624476277729 6066.69194331731
60054.67283142 -3641803.587547562 -5891613.565905349 0.1549560252092231 3882.455582983633 -2390.9951768629567 6066.653149550535
60055.60169405 -4060666.1826139395 -5611066.932513355 -6.024646466577054 3698.22908053394 -2667.1746437477914 6066.601652910416
60056.06612041 -4261594.823120721 -5459720.7009788 2.8401242131580307 3599.2352169608234 -2799.713388791762 6066.741560932689
60056.06612041 -4261594.823120721 -5459720.7009788 2.8401242131580307 3599.2352169608234 -2799.713388791762 6066.741560932689
60056.46420127 -4430119.088187473 -5324201.263587945 0.6592083187359135 3509.907349630696 -2910.4707733020396 6066.62664049513
60056.53054939 -4457657.005204022 -5301149.571074227 4.026519138375501 3494.734274326061 -2928.6259671559915 6066.675143895206
60057.32669447 -4779461.549942759 -5012822.638921474 -5.760082312818356 3305.3120590880576 -3140.821911786635 6066.716997852225
60057.32669447 -4779461.549942759 -5012822.638921474 -5.760082312818356 3305.3120590880576 -3140.821911786635 6066.716997852225
60057.45938301 -4831195.108557489 -4962829.362650467 3.8418583128820325 3272.5548719488006 -3175.0808942882386 6066.7608544949335
60058.32187901 -5155790.31656681 -4625525.1955828015 2.5942789277008247 3050.3111108641046 -3388.585205461799 6066.265921235888
60058.98534106 -5388969.586023953 -4351351.70468643 3.5591430974892035 2870.143079054417 -3542.729469067144 6066.476787903554
60059.44977809 -5543710.667617302 -4152497.9267493635 3.7135103386823065 2739.8641794743216 -3644.4831141700074 6066.542276474928
60059.44977809 -5543710.667617302 -4152497.9267493635 3.7135103386823065 2739.8641794743216 -3644.4831141700074 6066.542276474928
60060.51136812 -5869494.330058501 -3677492.0244207433 3.703751621146029 2427.597928196189 -3859.787452282023 6066.471051961451
60061.50657787 -6137909.879806652 -3209090.298081528 -5.012705619775188 2119.6846902560073 -4037.170301576008 6066.583090536034
60061.63927003 -6170892.935801795 -3145109.290444734 0.5073691773684904 2077.6185510838204 -4058.9892406173435 6066.617588391211
60061.97100394 -6249786.843210431 -2983813.013299071 6.362500090266408 1972.0251030120012 -4111.810894950325 6067.131634050946
60062.50176931 -6369197.804706093 -2721119.553355111 -2.947171513200114 1798.7142423809955 -4190.182382844197 6066.559102662626
60062.50176931 -6369197.804706093 -2721119.553355111 -2.947171513200114 1798.7142423809955 -4190.182382844197 6066.559102662626
60063.2315602 -6514090.57013546 -2352584.0409105862 -9.171551322683106 1556.3110133823902 -4286.113384485 6066.804819502138
60063.49693447 -6561522.072407104 -2216647.3515223046 -5.919763525629464 1466.9378287378931 -4317.519873709472 6066.872673768379
60064.16039636 -6668128.558230382 -1873010.3006784613 3.037875041842526 1240.4509137325133 -4387.622272488763 6066.731043363144
60064.49213911 -6714976.701255126 -1699011.5595644691 -2.051680871925162 1125.9853476214978 -4418.207271611311 6066.416364187888
60064.49213911 -6714976.701255126 -1699011.5595644691 -2.051680871925162 1125.9853476214978 -4418.207271611311 6066.416364187888
60065.42100431 -6820763.031630931 -1206246.479803006 2.585118213828636 801.7335411617166 -4488.305771961348 6066.397624218957
60066.15082395 -6878379.135823519 -814589.3335617313 6.27406006778093 544.0042800018845 -4526.9046480544785 6066.520061295389
60066.48256077 -6897212.5617204225 -635475.473115781 -1.3819484252698562 426.0315990707466 -4539.56617992131 6066.528371755667
60066.48256077 -6897212.5617204225 -635475.473115781 -1.3819484252698562 426.0315990707466 -4539.56617992131 6066.528371755667
60067.544102 -6925877.10685714 -60172.47716272079 -3.6961059519989665 47.338925308876526 -4559.494803110563 6066.698250461684
60068.14122912 -6921337.485984078 263773.469995538 0.5292382311674788 -165.86777913119764 -4556.585465234443 6066.5376293173
60068.53931436 -6909614.760171998 479568.36121172656 -0.13240952132245265 -307.99919871122046 -4549.328603716892 6066.612951343483
60068.87105013 -6894726.472517476 658929.007663208 3.6565191034906537 -426.277561879188 -4539.779987401536 6066.732410574136
60069.46817125 -6856325.534282577 980709.0047988021 -1.1811565970092004 -638.1200170048303 -4514.94213547446 6066.70744045171
