59945.33310695 6837106.50415244 1100401.5126004147 -1.6125872042532499 -732.1305505601277 4501.135427880932 6067.780802835581
59945.37477361666 -4264079.713062738 -3720745.596983607 -4001591.00617055 5899.505977622001 -2258.3601514620286 -4190.283451652028
59945.416440283334 -908606.7954670143 4065210.1366799893 5522521.366060265 -7469.666006436084 -1336.795411879357 -242.72973088608128
59945.45810695 5526560.610183299 -1971197.2964983298 -3685669.043681258 4480.898431503116 4116.059543960079 4525.708867781578
59945.49977361666 -6783623.530466218 -1336068.5086289928 -440347.08858406346 1253.4914868211704 -4408.503820451579 -6046.4736458377065
59945.541440283334 3899746.4232434793 3805081.1426943596 4264428.760023169 -6215.0960266018365 2033.8346962713226 3859.022673477517
59945.58310695 1364513.4934321472 -3988955.451700423 -5501412.722340556 7380.581612310411 1568.005772350351 695.7197057653987
59945.62477361666 -5805243.752827632 1741753.0406320046 3344059.1430324274 -4059.2715347118506 -4222.067980911511 -4829.206872862302
59945.666440283334 6700426.055465627 1533080.493480056 834326.1357207423 -1742.3414446498177 4314.535487182217 5998.220992674626
59945.70810695 -3506847.9702988146 -3899160.2802773565 -4532204.546179256 6489.1555855140605 -1790.2473254050158 -3482.796620836201
59945.74977361666 -1825023.8261099032 3883722.952258535 5425905.964385212 -7283.7636722190855 -1803.954385470144 -1154.2118696904647
59945.791440283334 6041810.5236998685 -1540325.9437924144 -3021250.8981736205 3632.4189761102316 4300.908379763043 5082.831096767083
59945.83310695 -6581693.711557655 -1756571.4655434438 -1266810.3607933382 2250.278555214412 -4197.64347333297 -5904.434057117275
59945.87477361666 3104590.5879294868 3961894.5374407396 4746197.847031268 -6750.319046925417 1557.7990435710472 3108.158300331041
59945.916440283334 2266313.6949164174 -3788241.881491059 -5343126.461960357 7127.681971643541 2020.4576936129656 1593.4486848755628
59945.95810695 -6265324.756251581 1304541.311161395 2641628.4669878096 -3168.674394652313 -4380.732250864738 -5327.937658955585
59945.99977361666 6436892.214295707 1942179.523650123 1649582.4715614177 -2725.1160139144886 4083.9130653607976 5791.095972855188
59946.041440283334 -2680288.3875544183 -4032749.947560796 -4959543.945208815 6959.9086409444435 -1310.6071320124904 -2696.379605637461
59946.08310695 -2711526.170606431 3663011.639916247 5205036.508912258 -6959.972655735737 -2244.4614642986944 -2039.3782415371336
59946.12477361666 6446079.946850112 -1099245.0155498066 -2287726.9194540726 2710.948937896118 4436.863937924829 5524.251104839213
59946.166440283334 -6255172.790441846 -2151955.010006638 -2064353.0701702002 3208.653140197791 -3944.815072187627 -5627.413486951472
59946.20810695 2247475.7582267313 4073797.259131636 5119235.333621036 -7160.696167506621 1071.9365534226467 2286.23854672449
59946.24977361666 3129639.015785604 -3549904.434065695 -5063136.888724264 6740.274701621873 2445.3433942867036 2455.3425193713774
59946.291440283334 -6609386.722554592 859249.7784129762 1878599.1505358473 -2214.6495652235035 -4490.194857053782 -5704.608037657396
59946.33310695 6051000.269135472 2325082.1492543025 2427061.613188845 -3660.6357121331057 3812.4427154788377 5451.107658797855
59946.37477361666 -1800339.8756467376 -4121797.5649067974 -5273914.03411731 7302.091949294798 -823.5248785858162 -1848.9212633767636
59946.416440283334 -3550410.5056966622 3405926.986656459 4864931.352827249 -6503.922018366331 -2655.605678766562 -2878.009265045058
59946.45810695 6730700.682117155 -651689.9570159679 -1501807.000560088 1734.2760063546816 4524.069851161192 5839.613958877444
59946.49977361666 -5809992.885028116 -2519811.4223966375 -2814749.4738388937 4109.452466342289 -3653.2454023513883 -5221.931140154332
59946.541440283334 1345090.6573556117 4141101.9083098792 5374998.835870225 -7437.59155398271 580.2928158077992 1412.0899266113593
59946.58310695 3937290.518240943 -3276689.6259559044 -4667733.899200839 6225.129961634576 2840.1646105710283 3261.8612432926734
59946.62477361666 -6830093.565907311 409529.4287003343 1072448.7198457564 -1215.9387555415638 -4550.8020560546875 -5950.519724278351
59946.666440283334 5549860.6717566075 2679453.54465061 3148919.159832745 -4529.997927224985 3503.2320486512267 4986.066362602953
59946.70810695 -884112.6141003247 -4166696.667002824 -5468182.393637456 7508.6248669015395 -332.76438679722565 -959.6154357367291
59946.74977361666 -4324867.06278454 3115226.8153119255 4413336.341278032 -5924.029580406744 -3034.9313253098317 -3650.90527376942
59946.791440283334 6889462.548102031 -201174.69906777912 -681438.6965307818 721.5429769037905 4562.795380783127 6021.438480330391
59946.83310695 -5254596.051273965 -2857982.441445519 -3500875.2952208007 4934.720498299399 -3326.0458531784216 -4697.4462638811565
59946.87477361666 415141.6662227446 4164211.5888633714 5507628.084045345 -7575.119343928331 86.63715571443893 505.6949459473111
59946.916440283334 4673115.593647081 -2971242.093214448 -4165831.493311408 5591.683613521782 3202.600895557002 3994.6248512833486
59946.95810695 -6922681.389989314 -41180.97296790905 241651.94617636196 -192.33948994336754 -4563.012747656482 -6060.017306828909
59946.99977361666 4943048.346243457 3003163.288233986 3798588.6338582314 -5315.663913553427 3159.2973960812983 4406.691222425426
59947.041440283334 50477.519863093934 -4167886.004806349 -5537931.685880113 7575.153209397414 158.1618524219274 -48.544576157761504
59947.08310695 -5019357.985872683 2793575.2177723465 3860554.650367943 -5231.35391231006 -3380.1505026284744 -4340.322267891007
59947.12477361666 6918777.006291416 248956.12427388344 154604.5459652803 -307.18405157673857 4553.389052127879 6065.327440209317
59947.166440283334 -4599745.643420077 -3164479.2378071765 -4107097.4127643276 5668.108718840452 -2966.197718458707 -4066.105921712831
59947.20810695 -524033.93070491304 4143565.2094295993 5514074.635270294 -7570.264514175578 -405.46572087280424 -412.254155253829
59947.24977361666 5322368.985877167 -2636118.004233849 -3568779.6694360394 4851.8838617921 3530.4256625314338 4636.825995376246
59947.291440283334 -6885078.145340576 -489598.52141129714 -594750.0029342558 835.7601856138125 -4527.352106965592 -6030.63273913162
59947.33310695 4242390.964377712 3294211.0595590603 4361165.476403591 -6001.863080357964 2783.562319880567 3726.3379366025283
59947.37477361666 985090.9975878216 -4125804.801742489 -5481553.957291686 7500.131648620728 645.9061852727044 863.7439962648106
