59945.35960612 -42241194.16082642 -616868.2174166597 -1953790.7586971344 83.90226428941408 -2982.0491030713933 -705.2784004942697
59945.86184027 41932074.088532746 1961702.9873238956 2260941.262842523 -170.18912786553506 2997.304476538188 705.2053259779614
59945.86184027 41932074.088532746 1961702.9873238956 2260941.262842523 -170.18912786553506 2997.304476538188 705.2053259779614
59946.36577413 -42110998.166649565 -2911923.7924257023 -2495088.4224146144 255.2417736435506 -2974.8482523232406 -696.2207914691772
59946.79436406 39384619.98947626 -14497162.027570553 -1759354.7432543905 1068.795887809012 2806.2354553951727 712.8413885402599
59947.28309355 -38622943.61153654 17141940.953601144 2420249.3837956055 -1243.5997272671189 -2710.806173380132 -697.6588047755833
59947.28309355 -38622943.61153654 17141940.953601144 2420249.3837956055 -1243.5997272671189 -2710.806173380132 -697.6588047755833
59948.36825978 -41883576.16402571 -4957211.485639924 -2973146.135248184 407.90305017555136 -2960.4701812635594 -686.2452072424695
59948.36825978 -41883576.16402571 -4957211.485639924 -2973146.135248184 407.90305017555136 -2960.4701812635594 -686.2452072424695
59948.88312995 40768971.57528842 9530810.031050162 4012758.024840068 -737.5258274135275 2918.591869347208 662.1534528364397
59949.33660701 -42210614.971346974 2478435.0551477 -1220192.3190989625 -147.10222387131498 -2976.8056844177554 -713.8954797143291
59950.31021674 -41448696.30348212 8511809.16555472 246114.889255196 -597.8341087399189 -2917.5645255832283 -719.0952413389824
59950.81113084 41324071.25926756 -7584426.011295892 -30804.73024433726 547.5757033197751 2949.0121629146706 724.3836058889506
59951.31577206 -41821501.16909493 6411239.700710835 -269562.7905995575 -440.8525584639692 -2945.666370146047 -718.9858645206389
59951.81528677 41610053.65033282 -5822944.32194738 400590.98051456286 414.93225407754744 2970.504935704621 723.7399517282669
59952.33123278 -42241987.077469416 1749158.2009736595 -1396065.6707417294 -92.65472113688944 -2979.440711422793 -711.992054740025
59952.33123278 -42241987.077469416 1749158.2009736595 -1396065.6707417294 -92.65472113688944 -2979.440711422793 -711.992054740025
59952.81942455 41816303.89933861 -4056171.877014207 829994.6535075408 281.9582787630114 2986.3081723713594 721.6964045252085
59953.41006281 -37456812.12928639 -18564805.77363466 -6017865.873317236 1422.4025687294036 -2659.440192975216 -570.8359717545499
59953.41006281 -37456812.12928639 -18564805.77363466 -6017865.873317236 1422.4025687294036 -2659.440192975216 -570.8359717545499
59953.82365867 41944721.365338854 -2257823.8956689024 1263662.4391839465 146.68156298385497 2996.564567834055 718.2131397124407
59954.32563347 -42242061.37078021 1786186.3484800954 -1389015.3843113265 -95.44666704702318 -2979.2901662758227 -711.854493577553
59954.82784064 41991725.50094342 -470034.31483247416 1691505.5861696335 12.274542211121755 3000.987942526451 713.3754789954475
59954.9956344 20651938.081254058 35580224.438612536 9338020.122005371 -2670.6081571390137 1501.1567971800705 241.87724449277155
59955.32974385 -42260172.1319184 26365.92821691918 -1809071.7959037041 35.907707440892516 -2982.0975268566444 -706.7624268048996
59955.83200493 41958863.437310055 1312973.8590086808 2114938.188613247 -121.6957898340997 2999.694507912438 707.1944487673117
59956.37850631 -39919349.87425218 -13009143.711939301 -4805582.956486234 1008.1887465443806 -2828.414662851172 -628.341552087982
59956.85268976 41254460.06684506 7339020.224570604 3517186.1446479363 -573.6825901358911 2952.7541132972374 676.4961675882772
59957.26641133 -39683969.778295144 14617713.703383632 1763252.4884873102 -1054.4538600322812 -2787.3021526576954 -707.225192593543
59958.27047609 -40265296.64278315 12974180.93959899 1345919.2736331602 -931.4792594371932 -2829.7433897423143 -711.9792534874452
59958.52587882 -11513789.04023999 -39290868.601932965 -9824213.094506346 2962.0108806635712 -837.7587829075869 -71.27826248299486
59959.41516833 -34501381.219902724 -23298295.125064973 -7018798.217711558 1774.6682009469273 -2454.3756936806617 -506.16500261279253
59959.41516833 -34501381.219902724 -23298295.125064973 -7018798.217711558 1774.6682009469273 -2454.3756936806617 -506.16500261279253
59959.77673512 40768452.9917362 -10111247.511812525 -641847.7626955156 737.5150668757007 2908.3514817999217 722.2757984012243
59960.27867997 -41213073.12629657 9604542.204321468 501650.9417953 -679.508518069237 -2899.5634345247395 -717.6949380398358
59961.28284199 -41577585.090355285 7878255.502324143 74956.09615910453 -550.4941218268468 -2926.8074562853035 -718.5958097756959
59961.28284199 -41577585.090355285 7878255.502324143 74956.09615910453 -550.4941218268468 -2926.8074562853035 -718.5958097756959
59961.78492347 41481869.728573054 -6668439.112091347 208502.58884869536 478.06711741444457 2961.2591755673966 723.6544023780987
59962.2869063 -41861674.12306275 6163159.332776698 -345144.03240439453 -422.36130768593415 -2948.368743036439 -718.1811894635133
59962.2869063 -41861674.12306275 6163159.332776698 -345144.03240439453 -422.36130768593415 -2948.368743036439 -718.1811894635133
59962.78907012 41725361.21888898 -4914412.881379349 635891.8689268741 346.0212212631931 2979.635691834912 722.2996582003262
59963.13137049 -19332526.4489877 36802513.062539615 7901104.242626949 -2724.815498837982 -1331.796587032272 -433.8770359806005
59963.79318844 41890099.41127459 -3158949.022496304 1059888.1573046432 213.95801849836369 2992.3897219944083 719.5884532261288
59963.87385065 37977287.49936645 17204806.925174564 5724629.99888322 -1311.2825635883098 2724.4467871042093 590.0827746362131
59964.79728385 41976891.12233756 -1404285.906551468 1480142.1778955185 82.04739518610269 2999.5800734972013 715.5238765412439
59966.30338059 -42243147.63828228 -823574.8804371082 -2020563.3093290993 99.23759406724393 -2981.5102633151523 -703.2341719687224
59967.30746906 -42147477.61389366 -2564101.40226576 -2429896.549743172 229.1061420609099 -2976.311591290848 -696.2490987186857
59968.74210259 40010062.69972973 -12727912.336651172 -1288063.2615963358 934.5942779838892 2852.731437710307 717.0609472091943
59969.36531917 -37660942.294826806 -18189671.51955411 -5943689.019167282 1393.9505266607982 -2673.289210114472 -573.668502760596
59969.88085097 34974951.42181186 22427124.59092125 6832634.600173067 -1699.9287522622678 2513.515726345664 522.4456179960423
59969.88085097 34974951.42181186 22427124.59092125 6832634.600173067 -1699.9287522622678 2513.515726345664 522.4456179960423
59971.25234236 -41389487.78552831 8826662.396881627 298011.1364045623 -621.2227274919667 -2912.6289318540794 -717.5260571777193
59971.56534046 8047226.652689516 -40229331.67197256 -9188736.493117467 3022.2102206420313 553.5037528125349 262.32756760688187
59972.25610781 -41700702.90834219 7205501.161485539 -101766.92197609294 -500.051784408798 -2935.9873448932644 -717.7841473354471
59972.25610781 -41700702.90834219 7205501.161485539 -101766.92197609294 -500.051784408798 -2935.9873448932644 -717.7841473354471
59972.75818889 41583882.98028254 -5995199.937639364 384476.3383801073 427.215017497415 2969.291821663955 722.5111231167512
59973.43820264 -22989790.683336765 -34148437.905434616 -9094318.25040377 2581.189572696812 -1648.227582659587 -278.600296720172
59973.76228632 41794373.17444633 -4260230.86276425 806367.5385814402 296.65261782912927 2985.383704180749 720.6440244276824
59974.30605035 -41566064.69001523 -6954444.407116594 -3455662.2164365156 556.6988120455841 -2939.0452586741785 -672.5603755486369
59974.76628572 41927157.22720573 -2543509.3377186726 1220215.3448440197 167.53986435582638 2995.910501536289 717.5180988532111
59974.76628572 41927157.22720573 -2543509.3377186726 1220215.3448440197 167.53986435582638 2995.910501536289 717.5180988532111
59975.2681522 -42236624.212642044 2094485.489228277 -1340556.443119777 -118.32703419976997 -2978.1834211905416 -711.1694453182357
59975.77025741 41985634.645269245 -830252.1105120763 1629703.5280791167 38.762985030369336 3001.12651914959 713.1315168496061
59976.09051485 -17852183.44495686 37497303.10593381 8111926.990595699 -2777.403646558006 -1226.2574092269049 -411.5353343876122
59976.27222303 -42268393.60452592 366301.1845331023 -1752293.1781688312 10.65330900496845 -2981.9084733003374 -706.4105892774284
59976.77429649 41970019.556468144 901219.4386364773 2040028.4807988652 -91.30515238377848 3001.059791716929 707.4143746332318
59977.7067463 38985263.04303977 -15489527.304971552 -1974473.6239046878 1143.2713641618575 2778.501178400508 708.3547467362441
59978.32688108 -39231314.089331225 -14794573.555648364 -5214312.431291282 1141.5727510401343 -2781.988311244507 -609.6717644715849
59978.71079567 39625893.727676585 -13828336.637724617 -1551962.1542459235 1017.841814315692 2825.3086067874906 713.9266346636484
59978.71079567 39625893.727676585 -13828336.637724617 -1551962.1542459235 1017.841814315692 2825.3086067874906 713.9266346636484
59979.319243 -39689646.57779876 -13628908.985013587 -4958070.736612486 1054.6474656009618 -2813.2640233187303 -620.7621737973276
59979.71482453 40189444.863247655 -12147010.061631845 -1127915.815033673 890.9487431618495 2866.6536415619394 718.105499830167
59979.71482453 40189444.863247655 -12147010.061631845 -1127915.815033673 890.9487431618495 2866.6536415619394 718.105499830167
59980.19675637 -38931025.74431001 16468955.527169134 2206169.5129724746 -1192.6048109087915 -2732.813023728591 -699.4887240138835
59981.07141483 -16596285.444940487 38025713.070150554 8285082.668693583 -2818.0436560463895 -1137.307786645129 -392.26815782900053
59981.22827315 -41544648.86949299 8047193.806139728 95490.8941330579 -562.7314582090632 -2924.6857740121736 -717.3975057704993
59981.72291043 41090255.14606059 -8715462.061278293 -272830.0349675119 632.1492684386067 2933.1663703910526 722.3796962470107
59982.30744068 -39990313.808496386 -12805451.269268937 -4777399.582795883 993.1154820713383 -2833.623452987066 -627.8392977791004
59982.30744068 -39990313.808496386 -12805451.269268937 -4777399.582795883 993.1154820713383 -2833.623452987066 -627.8392977791004
59982.78243632 41246317.808204986 7340943.803931147 3538523.49251899 -574.27625660134 2953.465874852787 674.4266112284405
59983.22688524 -41735921.67568561 6978664.456016476 -169484.02371579778 -482.9251686684921 -2939.0913358918374 -717.1148700667039
59983.73098296 41681154.55039774 -5226849.228775568 582940.4447078984 369.31491124763266 2977.508521631739 721.2045890946323
59983.73098296 41681154.55039774 -5226849.228775568 582940.4447078984 369.31491124763266 2977.508521631739 721.2045890946323
59984.33754193 -35953218.70997452 -21151451.4839853 -6579456.393155199 1614.768750386231 -2555.605500292158 -534.530789736713
59984.73501101 41859638.34406991 -3470127.0825904165 1008802.4941253162 237.07594249289355 2991.2965835322975 718.6015827400885
59984.73501101 41859638.34406991 -3470127.0825904165 1008802.4941253162 237.07594249289355 2991.2965835322975 718.6015827400885
59985.15979108 -36172470.36485 21702285.257804774 3555442.438485282 -1584.821668830898 -2533.511895689794 -669.1506712359784
59985.24424351 -42259619.07758056 1100159.9031008494 -1588476.368666428 -44.0196915942342 -2981.314858115115 -707.757702636959
59986.05257688 -15405982.992967747 38485537.31213312 8435835.746826345 -2853.554628574576 -1052.6799376618524 -374.1680114236211
59986.37805927 -28112953.97287547 -30305027.31960349 -8405316.218865728 2295.7507442920028 -2008.5219408813987 -374.902087598314
59986.74302194 41982732.139196575 44363.009085718855 1850293.7985412562 -27.233477508851365 3002.118995556021 709.4811997262913
59987.31924412 -37269465.339257516 -18917671.52946802 -6112123.852461014 1448.2719860837274 -2646.6887261138536 -563.0103050117741
59987.31924412 -37269465.339257516 -18917671.52946802 -6112123.852461014 1448.2719860837274 -2646.6887261138536 -563.0103050117741
59988.24898723 -42167315.066550694 -2271897.94113436 -2388069.4966423437 207.55067947538114 -2977.8346186187873 -695.7773054986759
59989.18147213 -39871933.64883137 14115843.086693224 1590624.6069071416 -1016.5423552411677 -2801.2089173882277 -707.7030110390613
59989.18147213 -39871933.64883137 14115843.086693224 1590624.6069071416 -1016.5423552411677 -2801.2089173882277 -707.7030110390613
59990.18548691 -40431751.07380961 12461103.77952658 1173615.3127937918 -892.7714482967496 -2842.182037522448 -711.9608982740364
59990.18548691 -40431751.07380961 12461103.77952658 1173615.3127937918 -892.7714482967496 -2842.182037522448 -711.9608982740364
59991.15577829 -37789222.715672 18868201.360168472 2805602.5766364313 -1372.402470774816 -2650.0973765476015 -687.5340400037348
59992.19348087 -41328877.33418064 9098505.721291518 337377.391940137 -641.4061343750208 -2908.499006353215 -716.5039200047535
59992.19348087 -41328877.33418064 9098505.721291518 337377.391940137 -641.4061343750208 -2908.499006353215 -716.5039200047535
59992.33185142 -33459426.36191567 -24681563.60230395 -7310855.713946347 1877.205875513931 -2382.2462434181407 -481.2910249836579
59993.2998013 -37617550.39242273 -18270057.31874617 -5975884.523429772 1399.8573597225168 -2670.7394552243577 -570.4283728352178
59993.2998013 -37617550.39242273 -18270057.31874617 -5975884.523429772 1399.8573597225168 -2670.7394552243577 -570.4283728352178
59994.19830008 -41814798.23248853 6483746.485714365 -304210.87617883214 -446.0540460381115 -2945.1600357145567 -716.3646801654512
59995.20561455 -42119388.18025976 3911294.2270680023 -927417.9801108888 -253.9457630338028 -2968.978813337457 -713.4087178682358
59995.20561455 -42119388.18025976 3911294.2270680023 -927417.9801108888 -253.9457630338028 -2968.978813337457 -713.4087178682358
59996.20958931 -42229540.342293955 2184419.536686839 -1342338.1416102007 -125.02091854777645 -2978.3178896217796 -709.8104786703576
59996.20958931 -42229540.342293955 2184419.536686839 -1342338.1416102007 -125.02091854777645 -2978.3178896217796 -709.8104786703576
59997.21359432 -42264722.97276101 447171.0979183865 -1756624.283939009 4.6494658218644 -2982.374331820004 -704.9357646472208
59997.21359432 -42264722.97276101 447171.0979183865 -1756624.283939009 4.6494658218644 -2982.374331820004 -704.9357646472208
59997.71570858 41968783.6331164 828403.5304176812 2046173.7081782946 -86.44154044923309 3001.6571740188524 705.8394648769371
59998.23035567 -41941556.49318184 -4567616.390369436 -2929983.279524061 378.740556961712 -2964.074251101108 -684.0158974103352
59998.23035567 -41941556.49318184 -4567616.390369436 -2929983.279524061 378.740556961712 -2964.074251101108 -684.0158974103352
59999.31970528 -32279733.46311985 -26114120.387527857 -7598450.441059468 1983.6503206199263 -2300.110516927858 -456.09422890006647
59999.31970528 -32279733.46311985 -26114120.387527857 -7598450.441059468 1983.6503206199263 -2300.110516927858 -456.09422890006647
60000.24077108 -41215278.697150014 -8604085.608032102 -3855765.680414434 679.71392850178 -2916.3957129185665 -659.31223794677
60001.18361705 -41972234.07901994 5341716.053457074 -594453.0729740243 -360.5693383178529 -2957.249686917044 -714.9557867309098
60001.18361705 -41972234.07901994 5341716.053457074 -594453.0729740243 -360.5693383178529 -2957.249686917044 -714.9557867309098
60002.12315647 -37497012.7655447 19428111.99500996 2931846.2941020904 -1414.04967390208 -2628.9083046878454 -683.9843448824868
60002.16134053 -41050423.024181955 10284820.911264924 613422.9574097046 -729.8196837582743 -2887.72787746082 -714.8678252991303
60003.16519247 -41430483.51773365 8636193.629102034 205914.79010527642 -606.6055989194152 -2915.967818593354 -716.0782395485772
60003.16519247 -41430483.51773365 8636193.629102034 205914.79010527642 -606.6055989194152 -2915.967818593354 -716.0782395485772
60004.34563044 -24579654.692467425 -33087415.490397237 -8908888.016036307 2501.760941740914 -1760.496539140754 -305.1970532709706
60004.34563044 -24579654.692467425 -33087415.490397237 -8908888.016036307 2501.760941740914 -1760.496539140754 -305.1970532709706
60005.17304631 -41983614.09416553 5261411.919269217 -617866.4701278672 -354.5453767621771 -2957.9234514284444 -714.7415417486383
60006.30683231 -31199831.513961937 -27322235.966999784 -7839466.133831903 2073.2843641962945 -2224.497827754806 -433.6655063497587
60006.36912905 -17955677.520942587 -36915839.20271507 -9518805.772758227 2785.2827358246195 -1293.7244824141183 -182.15052366548966
60007.10257796 -36609604.386083536 20996498.460225902 3336150.9071176895 -1531.5854450480565 -2564.726211555912 -673.9012898872306
60007.17271861 -42119198.66362996 3955687.8449971206 -934318.8443812097 -257.0958485742457 -2968.5893259794343 -712.7640176366425
60007.60466069 36782230.86020492 -20025402.947544724 -3098219.4847319443 1484.460842315205 2618.7952052133337 684.5541915266155
60008.18468885 -42267073.493374266 179618.74664662423 -1834156.5128407788 24.66219660650514 -2982.3971995147226 -703.4007656136051
60009.18859289 -42217051.99072531 -1522957.3357879592 -2235492.1850125417 151.6338782181556 -2980.3830993281763 -697.1597242873713
60009.18859289 -42217051.99072531 -1522957.3357879592 -2235492.1850125417 151.6338782181556 -2980.3830993281763 -697.1597242873713
60010.18104948 -42261275.59929343 -275215.4466639076 -1944505.8809663602 58.54137472326881 -2982.3743974292493 -701.6398706190574
60011.11924087 -39687131.26735519 14629478.685766565 1687095.0318856982 -1054.7346984904034 -2787.4466563183323 -705.0747617174554
60011.19621196 -41906770.3893895 -4865252.564089602 -3014444.26586172 400.79565876568364 -2961.4797055325726 -681.356824744499
60012.19129126 -41979961.09611995 -4294308.631409328 -2884953.7735979827 358.20764776335125 -2966.142735757088 -684.2443280978147
60012.19129126 -41979961.09611995 -4294308.631409328 -2884953.7735979827 358.20764776335125 -2966.142735757088 -684.2443280978147
60013.09172039 -37294468.739186786 19805021.896499146 3010616.592730767 -1442.320446717391 -2614.1158731794267 -681.4259183675929
60013.20483226 -41261468.85063733 -8423449.486900834 -3829740.449190168 665.9438253240031 -2919.1342346101246 -659.3334599380537
60013.20483226 -41261468.85063733 -8423449.486900834 -3829740.449190168 665.9438253240031 -2919.1342346101246 -659.3334599380537
60015.10915769 -39745879.247784406 14472199.87611551 1638282.6409175766 -1043.016807035442 -2791.8107773995253 -705.599844743695
60015.18244021 -42004121.27135337 -4088128.8021288225 -2843484.0190853006 342.78814467078195 -2967.7168235482063 -685.1435100841294
60016.17927249 -42018372.43713839 -3961803.984363527 -2815792.959732307 333.3575152144189 -2968.6314012192615 -685.7666259726644
60016.17927249 -42018372.43713839 -3961803.984363527 -2815792.959732307 333.3575152144189 -2968.6314012192615 -685.7666259726644
60017.20684917 -40398394.00688717 -11602612.078282218 -4547703.138030942 902.7202963091057 -2861.102803998301 -634.8755511234889
60017.43203483 6022652.3262757715 -40572138.22535921 -9306052.580347773 3046.3626136128332 408.5379808463168 232.87670922226502
60018.17410633 -42013113.658215344 -4006343.6052154023 -2827736.26452767 336.6481212383307 -2968.347522201009 -685.5098307286713
60019.11484682 -41008902.8443837 10455223.580881562 629787.7100576257 -742.698389808691 -2884.587075151422 -714.059464454778
60019.49246885 22322459.556283638 -34856293.1599563 -7225275.163766084 2607.7032227172895 1575.2857290795541 488.62683984328413
60020.1692433 -41999378.002016686 -4125014.352265045 -2855794.919960513 345.46650206963517 -2967.539129264363 -684.7773500428532
60020.1692433 -41999378.002016686 -4125014.352265045 -2855794.919960513 345.46650206963517 -2967.539129264363 -684.7773500428532
60021.18382652 -41240507.75490076 -8512650.236054005 -3857440.8458406255 672.4587683484933 -2917.9234148226624 -658.2870975946365
60021.18382652 -41240507.75490076 -8512650.236054005 -3857440.8458406255 672.4587683484933 -2917.9234148226624 -658.2870975946365
60022.16507855 -41964051.5055809 -4418191.249130011 -2924767.6898657833 367.31141062810184 -2965.382336167603 -683.0260192696771
60023.0838276 -39368378.184146225 15441972.369063428 1874351.6584733436 -1115.6099069813358 -2764.5598248384013 -702.1033190440705
60023.5869587 39520848.42873614 -14143103.142088883 -1560030.4095859877 1039.0838265645004 2817.958072630634 711.225091164436
60023.61832005 41540224.706496544 -6279528.2287148405 385114.28118880437 446.63262539313257 2967.22853833916 719.8131156434139
60024.17410416 -41341349.86320715 -8062463.488312051 -3759190.6175534 638.9269945615159 -2924.7523385602394 -660.9519669129784
60024.17410416 -41341349.86320715 -8062463.488312051 -3759190.6175534 638.9269945615159 -2924.7523385602394 -660.9519669129784
60025.1152549 -41839135.35646249 6345883.157665995 -386375.39650668984 -435.64014330838364 -2947.0176077510823 -714.4367210951823
60026.0907724 -40639981.912028275 11789262.499336531 946537.012075317 -841.5245200748998 -2857.760401421051 -711.5862719298409
60026.0907724 -40639981.912028275 11789262.499336531 946537.012075317 -841.5245200748998 -2857.760401421051 -711.5862719298409
60026.67576678 40457965.07623023 10621889.140346678 4330972.041900289 -821.2599769957744 2900.065927988703 647.037016842238
60026.67576678 40457965.07623023 10621889.140346678 4330972.041900289 -821.2599769957744 2900.065927988703 647.037016842238
60027.08206198 -40179582.81889725 13227285.945179282 1306265.0985332837 -949.7274960837627 -2824.70941966868 -708.7396107833123
60027.08206198 -40179582.81889725 13227285.945179282 1306265.0985332837 -949.7274960837627 -2824.70941966868 -708.7396107833123
60028.11836266 -42155927.60501273 3386824.156688623 -1105015.6769417853 -214.41142638070974 -2973.053447381134 -710.5644380868407
60029.25775685 -28750839.82172539 -29738418.685293946 -8309293.326020974 2252.801273126925 -2054.306180299927 -382.50435573104636
60029.25775685 -28750839.82172539 -29738418.685293946 -8309293.326020974 2252.801273126925 -2054.306180299927 -382.50435573104636
60030.16497123 -40865611.585645065 -9970906.99051092 -4197817.676198521 781.7173142812604 -2893.9573812452686 -646.8873764066844
60031.22598111 -33433358.539749403 -24711891.518798497 -7337385.57055827 1879.1232022292722 -2381.4911349052527 -476.4086902119564
60031.22598111 -33433358.539749403 -24711891.518798497 -7337385.57055827 1879.1232022292722 -2381.4911349052527 -476.4086902119564
60032.13130053 -42120056.03255799 -2834279.6196687496 -2573826.169405408 249.7269814916449 -2976.0278450413257 -690.2253376145219
60033.06570394 -40218371.050335795 13116213.409266602 1271103.1842281187 -941.328931946528 -2827.3681825457343 -709.0376316570366
60033.69922959 35946853.28596755 20888237.393849064 6550446.646143112 -1587.1390908306528 2584.559590210122 537.2899833176696
60034.43288352 18049120.143596806 -37111751.5877133 -7928185.573396921 2779.836109959477 1268.503624485894 424.85171761681926
60035.08105013 -41570776.62430763 7905839.186320225 -20678.946728790608 -551.885435156142 -2927.478123883088 -714.8464713075497
60036.05813462 -40283374.92243104 12920933.472637372 1217669.2482369088 -926.7564830723456 -2832.11254562685 -709.292679048856
60036.08799449 -41957353.050205305 5431519.732180809 -622783.5263948337 -367.110466013949 -2956.994462447355 -713.3381899510639
60037.09632767 -42207928.55838998 2581078.3560832227 -1307508.4674612905 -154.35577148253552 -2977.265934385166 -708.3631446993895
60037.09632767 -42207928.55838998 2581078.3560832227 -1307508.4674612905 -154.35577148253552 -2977.265934385166 -708.3631446993895
60037.26411046 -22732161.344233003 -34322369.428853646 -9116757.28584004 2592.3950818817634 -1631.4142420274943 -266.63223610387274
60038.09702147 -42244235.507831775 1687657.5993320174 -1521662.3198365574 -87.7059709066768 -2980.654026259782 -706.0451119364293
60038.09702147 -42244235.507831775 1687657.5993320174 -1521662.3198365574 -87.7059709066768 -2980.654026259782 -706.0451119364293
60039.37567949 7099673.24578244 -40418900.50867526 -9195549.064067526 3033.7717935629444 484.8855637782515 252.22659775391932
60039.37567949 7099673.24578244 -40418900.50867526 -9195549.064067526 3033.7717935629444 484.8855637782515 252.22659775391932
60040.40700675 15801833.417987006 -38066454.402477376 -8244098.76557015 2852.085552772104 1107.2043652338034 390.6604282938625
60040.40700675 15801833.417987006 -38066454.402477376 -8244098.76557015 2852.085552772104 1107.2043652338034 390.6604282938625
60041.49716862 34741229.63421752 -23279671.907800443 -3897240.2141154506 1728.6416694525103 2470.3387220315135 660.5609278168401
60042.0994737 -42194257.464559846 -1795201.339002252 -2348284.441330163 172.0407314372708 -2980.4049358432335 -693.9782777719456
60043.08729931 -42260322.501287796 631694.9091472196 -1781477.800968791 -8.982267511759863 -2982.9172623676745 -702.8429631776521
60043.56701637 41687586.217783436 -5199308.491719118 680381.6810323801 364.590058807253 2978.5606151026514 718.0758981504048
60043.63964697 39565807.265762255 13380217.72871338 4958610.238613042 -1028.1708321076442 2838.498554029429 621.4517204507846
60044.51939194 38620261.723611414 -16384626.970313504 -2092842.5443848118 1207.336309183054 2751.9966129952295 703.2685071124016
60045.0720217 -42172820.021884754 3148253.032222283 -1186898.6610504282 -196.78220921835987 -2974.550943788801 -709.4782129971918
60046.15102448 -38079200.706254415 -17357321.72149258 -5828761.778865261 1331.3262743592745 -2703.7545675059864 -575.801152974861
60046.15102448 -38079200.706254415 -17357321.72149258 -5828761.778865261 1331.3262743592745 -2703.7545675059864 -575.801152974861
60047.25411825 -18659779.622662075 -36590869.597597286 -9469032.942164168 2759.5757696535693 -1344.6330322858494 -190.36873331019365
60047.40849375 20764548.466665138 -35765217.82418487 -7470979.085743031 2675.6192269465823 1462.6776476187704 466.8065751863488
60048.16912417 -34959152.88862195 -22656301.716444757 -6933461.285740492 1725.514844446196 -2487.845559388144 -506.76405343426046
60049.03799678 -41341341.49703546 9021918.737070875 231261.94300886703 -635.4259327488414 -2910.765567603043 -714.2836151361217
60049.0845228 -42113964.940604955 -2894656.5778496456 -2609180.568066157 253.9654525361497 -2976.0354810575286 -688.92563708371
60050.04702094 -41873741.52169292 6044428.918811666 -495530.2718497232 -413.000273569341 -2951.0740582733492 -713.4801389914368
60050.19254969 -30100369.000689622 -28459757.75176992 -8076800.995077609 2156.8037476265986 -2149.0395458558587 -406.97407715076685
60051.23268348 -21121666.56611718 -35292110.916817546 -9273034.149578286 2663.4434320543346 -1518.4128021717147 -235.16609952933263
60051.23268348 -21121666.56611718 -35292110.916817546 -9273034.149578286 2663.4434320543346 -1518.4128021717147 -235.16609952933263
60052.06487208 -42256012.801840425 62084.06365720295 -1924864.7896126204 33.52402538732428 -2983.5415288127224 -700.4648525215825
60053.03660435 -41788551.53243599 6620303.08731753 -362620.19267655665 -455.9093642332345 -2944.6474348788256 -713.749789158048
60053.4989495 39041217.28589742 -15399297.7856035 -1828006.6782658175 1132.5844519790369 2782.439820403548 706.693045080477
60054.15483955 -34649495.62321616 -23094879.346338034 -7027317.974197754 1758.1588613005038 -2466.5972559661036 -499.42097564300497
60054.52047465 40944195.74962929 -9415339.977307884 -330684.32513005106 681.5002525332787 2922.3726024515804 718.9017680402043
60055.20397729 -25087170.313552413 -32731607.302853644 -8855745.166251196 2473.829152577733 -1797.6596142319106 -309.00661434256995
60055.50637413 40167322.277810775 -12265406.4554503 -1035353.9708977 896.193662196667 2864.9734255232493 715.3285610435569
60056.51005634 40628735.135294944 -10675425.720326964 -638752.2596005852 776.3580777186556 2898.990442190408 717.8512840484111
60056.51005634 40628735.135294944 -10675425.720326964 -638752.2596005852 776.3580777186556 2898.990442190408 717.8512840484111
60057.51377133 41025347.05723695 -9060372.349812513 -239524.91247591458 654.6975061460247 2928.3921842061077 719.1896623603004
60058.51746891 41353285.10353931 -7435454.594520292 158666.41038524953 532.3562171567772 2952.8932392522993 719.3179874787394
60058.51746891 41353285.10353931 -7435454.594520292 158666.41038524953 532.3562171567772 2952.8932392522993 719.3179874787394
60059.52107953 41610175.67645264 -5821619.295996919 550903.9243453018 410.90939711489176 2972.3069616876764 718.2679602784656
60060.36762456 19457228.693018176 -36455652.536056735 -7677881.285074953 2727.7604746782486 1368.5662453705318 447.9073663846274
60061.02966028 -42189564.93348236 2867406.5440063234 -1273766.8694039923 -175.62765988778114 -2976.273486082517 -708.2599223398103
60061.53509375 41983463.82539238 -811177.3062442444 1748357.3950120849 34.28290875037367 3002.225972582706 707.7969108664677
60062.56965 40931939.04358181 8780681.463171551 3956779.209373211 -684.738249264086 2933.1617760675563 658.2396984877672
60062.56965 40931939.04358181 8780681.463171551 3956779.209373211 -684.738249264086 2933.1617760675563 658.2396984877672
60063.46390708 38198733.433966205 -17326791.26847527 -2308293.6869375138 1277.6729911018276 2720.9103280206455 698.9646948948089
60064.18120359 -24774584.29704263 -32959790.05079153 -8896477.445227308 2490.37657130189 -1775.6747477847184 -302.32597919795023
60064.46750402 38860851.607318625 -15840066.235433418 -1926132.1371267324 1165.3842499057632 2769.2226210872545 705.0943825168031
