59945.35960612 -42241194.16082642 -616868.2174166597 -1953790.7586971344
59945.401272786665 -40507303.61974079 -11209141.048401134 -4397482.477983882
59945.442939453336 -36016402.29505176 -21038176.22147278 -6541784.696819437
59945.48460612 -29067648.02085138 -29431095.855173543 -8239541.290971762
59945.526272786665 -20129462.283584185 -35809160.49677811 -9373217.552405039
59945.567939453336 -9809520.595281307 -39728374.430946626 -9863269.137216164
59945.60960612 1185568.8858983633 -40911765.21482039 -9674090.42618906
59945.651272786665 12098506.219480984 -39270636.122759715 -8817002.47803187
59945.692939453336 22174221.023368105 -34912719.46413091 -7349926.600508526
59945.73460612 30713581.4598233 -28136097.560789455 -5373640.739460847
59945.776272786665 37123676.18523693 -19408938.431275543 -3024810.249882936
59945.817939453336 40960567.58985058 -9336380.883019902 -466285.89839841623
59945.85960612 41960995.19089875 1382879.1786152106 2124573.5501453048
59945.901272786665 40060500.686122514 12006785.613742461 4568610.166114714
59945.942939453336 35396714.20931301 21802818.91308239 6697582.458168553
59945.98460612 28297897.847192604 30099406.603104882 8365896.599105621
59946.026272786665 19258095.762710128 36332001.41124012 9460496.758215051
59946.067939453336 8901237.95735299 40080669.66139997 9908264.344864769
59946.10960612 -2062797.4216576435 41096927.28076178 9680516.87881206
59946.151272786665 -12886849.916246738 39318515.90655742 8794437.469226358
59946.192939453336 -22836547.734746236 34871708.02987803 7311479.419459936
59946.23460612 -31238665.297079537 28061495.787154824 5332963.755097438
59946.276272786665 -37524977.69709771 19350630.539020207 2993219.0181803205
59946.317939453336 -41269204.43968584 9328957.161690675 450709.67423306115
59946.35960612 -42215030.113015786 -1325132.2083139468 -2122326.903811877
59946.401272786665 -40293593.100900106 -11888972.59001544 -4551154.287529911
59946.442939453336 -35629268.57593864 -21643173.233530194 -6670087.664102201
59946.48460612 -28533078.409005612 -29919701.140890796 -8333642.259608708
59946.526272786665 -19483676.818581197 -36147536.48398484 -9426572.55202421
59946.567939453336 -9096605.342965974 -39892819.03042861 -9872099.548229953
59946.60960612 1916633.706277088 -40890477.87791663 -9637677.44225254
59946.651272786665 12797234.22702567 -39064674.84133899 -8737769.964368246
59946.692939453336 22792184.202876106 -34536042.18532925 -7233297.246638436
59946.73460612 31207878.880986676 -27614652.967262603 -5227668.91106214
59946.776272786665 37460027.888366126 -18778854.350752164 -2859615.1471217647
59946.817939453336 41115778.635552615 -8641383.028594323 -293327.7709505664
59946.85960612 41924588.73887335 2094612.247110366 2293316.2145401817
59946.901272786665 39835395.96852002 12686074.58990484 4721495.735781334
59946.942939453336 34998914.186861746 22402964.806758743 6824125.511351686
59946.98460612 27755239.171901453 30579432.13352979 8457489.558330001
59947.026272786665 18608188.732535582 36659420.16131132 9510983.675601896
59947.067939453336 8188778.568783317 40233604.762047604 9914332.040276846
59947.10960612 -2789130.339466291 41065464.10902031 9641884.95793049
59947.151272786665 -13577690.460888859 39105235.37800431 8713843.992631825
59947.192939453336 -23445117.509954873 34491402.21121776 7194471.850331295
59947.23460612 -31723831.632507697 27540112.761455756 5187514.826614073
59947.276272786665 -37853924.67969438 18723530.78104872 2829194.5783579005
59947.317939453336 -41419572.0249462 8638591.246964457 279221.04885245033
59947.35960612 -42176403.00818507 -2031992.0042305526 -2289649.1837171344
59947.401272786665 -40068248.60193123 -12564293.8507685 -4702924.856447514
