59945.63511664 -40187929.32902834 12564307.585529543 3735150.2415370042 -951.5437693130095 -2829.4576780919106 -703.3490295994227
59945.68139472 -42256051.42963599 883301.544423477 805876.8796387231 -75.66944200916956 -2972.3236858679657 -751.5974756548557
59946.58909981 -35195886.38797556 22560135.752559837 6196626.10837987 -1700.607702562535 -2480.3746096348846 -604.7217163832958
59946.67868306 -42256345.57775971 884363.3275685151 804852.3595306247 -75.71321429982486 -2972.285023311268 -751.6356249714001
59947.31662844 27546055.447570954 30955855.359217484 7460742.96361687 -2323.979374095149 1950.322990856351 525.8116251944905
59948.20519722 41450421.520929165 7025336.166452504 1210715.714216197 -518.531414674185 2943.785609224052 752.624686867957
59948.67271934 -42253394.93561795 1021006.5590206136 837613.599651825 -85.9166012350771 -2971.976483077763 -751.4892231308654
59949.20930339 41105255.74620134 8754956.757100338 1654213.907722196 -649.0406990802926 2918.8805847500894 748.1134165288522
59949.71137373 -41140716.98518509 -9518778.216309648 -1847509.5962877513 705.194505508786 -2891.3196340660147 -741.9006053751685
59950.6825114 -42174015.60177738 -2891815.8418590217 -155732.5699188527 207.6767264004802 -2965.4032773942304 -753.836503429496
59951.14607712 41558497.38680937 -6070672.396003995 -2105216.6945394925 469.04618494082496 2955.2575660899547 742.0131783778822
59951.67546645 -42236391.679778896 -1785783.5956273815 124486.05389458599 124.68359234034975 -2969.9730716584977 -753.8350405199733
59952.67198404 -42244400.1143066 -1594440.8629509327 172129.71597923344 110.32577549273124 -2970.5251384467374 -753.7276137453537
59953.59067781 -37932358.64484593 17952085.53017859 5061618.347517791 -1355.1818254869538 -2671.4938082981243 -658.0116285621268
59953.66652066 -42264606.202484824 -895372.0819786973 348266.8500809179 57.873590767647215 -2972.0522544431706 -753.3392555511392
59954.06087345 33726807.37713311 -24258106.242107753 -6600363.071193098 1838.094568589009 2403.900947420837 583.6899478758438
59954.1982484 40950024.59492467 9410554.68480516 1826272.5924884863 -698.7110335054998 2908.165730929232 745.834214504205
59954.71368635 -39963035.05268957 -13458986.957964975 -2865327.7461332274 1001.177737173607 -2807.347825661222 -724.3714139434458
59955.15524911 42033250.95640092 -899444.4494663621 -797279.1350736672 78.9797203043137 2987.9704554400923 755.4256189018041
59955.43029663 -5949924.185838083 40473136.70121987 10326928.777265128 -3042.8400336555696 -422.1998286228797 -65.69125632685203
59955.69007671 -41420595.022422545 -8298131.926370943 -1540438.368968585 613.4818244906912 -2910.9840487204697 -745.2738616302142
59956.15933139 42040204.72605771 862727.0777410419 -349425.32517766516 -53.990028278253966 2988.0695914111316 757.1953586448171
59956.67396376 -41982686.32862783 -4912338.951704248 -677499.1617357805 359.29789176552123 -2951.237047328874 -751.9646812723374
59957.20863878 39542669.247611836 14013521.20649172 3015260.16029813 -1046.2597823060335 2807.198523821735 724.7264788945018
59957.72966137 -37414687.71415636 -19157811.720797934 -4347050.5303249 1429.6453183005235 -2626.6978538728285 -684.1521646343589
59958.36587847 8875852.683827987 39972891.99044322 9999767.596601969 -3004.737250271252 626.1832855678297 198.78882127250523
59959.58985742 -39584724.96385706 14247393.784819216 4135087.42887945 -1077.5515619042494 -2786.7660005013704 -691.1072790700329
59959.66716291 -41935421.18391224 -5288069.59028342 -779021.2570477393 387.4937451950264 -2947.783449494896 -751.4282881668373
59960.70112894 -39607049.29959033 -14420513.868945906 -3123613.4021637305 1073.391405524562 -2781.9879691596557 -718.607954584308
59961.18737866 40383225.243241884 11502577.196332823 2375220.2088685487 -857.0602227336781 2867.6883026276414 737.4364793754892
59961.68930757 -40382047.68094576 -12222686.469790278 -2558091.9490931 908.2320951590718 -2836.9953901191125 -730.3524334847175
59962.13747892 42040484.03042203 -510177.6184458189 -687228.6758473807 49.198818087777134 2988.533046453274 756.0206645615735
59962.58592632 -39976885.371799454 13188106.816241149 3869433.066066938 -998.1966191862967 -2814.1271226734543 -699.2810898286422
59962.68421569 -40559512.28422933 -11653260.061253399 -2412378.4131064457 865.4519285125792 -2849.614872618503 -732.994798559024
59963.13953814 42041399.61942486 737552.7260748931 -370751.28206606524 -44.93502355638778 2988.2704467170042 757.2206301388219
59963.55057612 -36354487.843175076 20778101.657085154 5742686.771699094 -1567.0806690074307 -2560.9834985464167 -627.6616623936308
59964.21139632 37163454.25697877 19218999.799823888 4373560.147568885 -1439.4589759227463 2636.9773108212003 686.7482177107281
59965.2500001 30810266.96444815 27887161.554148566 6652327.818997961 -2093.541467296359 2183.7373334578674 580.6022691373737
59966.68493924 -39560932.00853767 -14537255.592784371 -3157197.6387929088 1082.200530832414 -2778.8271995061095 -717.761947015162
59968.02481365 34146240.88868682 -23703763.561733056 -6449321.42196998 1795.9275375923078 2433.528363789582 592.3026179239508
59969.15318198 41149638.67386444 8517270.096826347 1615462.9790922971 -631.9475742431734 2923.092545762657 748.0960581014413
59969.54047203 -37220862.871605545 19294187.60379861 5370697.607856029 -1455.7240464195315 -2621.6416975763127 -644.4140590867179
59969.68001125 -39228534.783774994 -15362310.658963233 -3373871.746827921 1144.3210628621644 -2755.325604283032 -712.314854039853
59970.16742104 39981860.95324528 12762883.799635872 2707052.123231357 -952.3494549974031 2839.0911942246075 730.9603424835359
59971.08542154 41315597.10506062 -7429327.339943027 -2418441.8093303433 570.7476551819311 2939.001422729215 736.340376627339
59971.67521605 -39147901.203164175 -15554442.823774844 -3427281.124882754 1158.8527449192347 -2749.6079400865865 -710.9245778951549
59972.0892398 41605550.36307096 -5740678.077269743 -1992951.7602323042 443.43242035873516 2959.243231109416 743.157781242736
59972.68103561 -38226948.90861336 -17580317.396012045 -3953790.8781718328 1311.2214294102835 -2684.351386946758 -696.3558632005305
59973.68373198 -37579995.680397086 -18847392.20287673 -4284460.248527885 1406.55973402758 -2638.5244337884183 -685.9722203477199
59974.41344944 -15195941.689551339 38131269.68704677 9846852.740959706 -2867.6754059349987 -1073.7857177693782 -234.79361633162978
59974.59927771 -42245220.09024631 1379571.5112520438 893796.3207398105 -112.46793098152664 -2970.989203005586 -750.5240662399591
59975.10131858 42037786.348990984 -457859.92010220536 -657302.483955735 44.99803944418911 2988.8435962220337 755.9300236613211
59975.34922771 788501.223260241 40885317.68027439 10337881.460032824 -3072.479181960614 54.33768754681608 53.283876866209575
59975.60330135 -42272450.3206788 -330882.14085050416 459911.325909434 16.65869344377024 -2972.6250530856673 -752.6103742055793
59976.10466175 42036852.67660041 1083278.089011161 -266288.45510052826 -70.88589756143787 2987.7566201044597 757.1502624773514
59976.55578267 -40675538.15440956 11054215.93406477 3320440.9155423115 -837.3375610735599 -2862.07385753161 -713.6721760798614
59977.1094051 41945100.75740435 2988951.009317459 218105.43307759406 -214.64097139836596 2980.8218674506697 757.240258976767
59977.59569161 -42277001.23267226 263524.6860318184 609023.057938138 -28.33927157351146 -2972.4216056461796 -751.9769593708227
59978.11337446 41784979.28517038 4690104.90267498 651535.1493050142 -343.0041618989189 2969.0998909951554 755.8887254331477
59978.549155 -40579122.75794913 11381356.03443011 3400155.284952146 -861.8475188102802 -2855.251803322693 -711.6260631001436
59978.69144806 -34694556.45332896 -23481336.793544278 -5498695.872648415 1755.5731414536963 -2434.083090222004 -638.5364938281485
59979.11743844 41547666.72414526 6408010.274785792 1090287.842346238 -472.6467509259137 2951.887066047683 753.1435456666492
59979.5249509 -38609757.03393682 16576524.367650306 4688538.7482192535 -1251.1634457834314 -2717.7854376132555 -671.8331796593226
59979.68080807 -35861675.13305688 -21773881.898557197 -5052144.826518017 1626.9731536058923 -2516.544915325333 -657.6746727136749
59980.12140826 41240069.82936015 8091390.788672755 1521270.489637728 -599.7034451007088 2929.6938624411173 749.0765078683041
59980.29125715 12466923.782454807 39065628.62488423 9726846.931801891 -2935.7730135321826 881.1705022171205 260.45171136008986
59980.72114564 -28591242.854859367 -30220381.804912113 -7282914.641025365 2263.719171991625 -2002.818464066654 -535.6803522140892
59981.20559619 30898561.627905846 27796436.660205826 6640390.225957013 -2086.3780392663957 2190.3898552057753 580.8278957854527
59981.52589073 -39257925.144432865 15092294.827986654 4317954.333845678 -1139.9453207357976 -2762.9981149781643 -684.6619985518003
59982.23000464 25591043.15990117 32488921.552587222 7895672.831795432 -2440.304524170561 1812.8026613919005 489.63736387787173
59982.54207664 -40836469.129430756 10496362.841587434 3173045.7448658096 -795.5214788320075 -2873.03153661692 -716.8560293791329
59982.66092448 -37432621.47783201 -19130814.420667462 -4366258.144505253 1427.989059217082 -2627.5478890190543 -682.8998954274643
59983.38505872 -14101024.490787618 38533921.953487635 9927019.12290431 -2896.92458832895 -996.0294315321636 -215.41935423463002
59983.66973579 -35920112.27060843 -21685848.140349694 -5033304.477768222 1620.2121730701026 -2520.5747601466865 -658.1479115348485
59984.29141606 9691461.063747432 39796312.462858066 9946008.580761481 -2991.1833371847206 684.8389129059498 210.89219640179832
59984.68389791 -33367100.97375939 -25224825.978721667 -5962373.091693689 1886.6981776966632 -2340.1389398210486 -615.7307210492901
59985.07000878 42001753.01810085 -1689797.2029678596 -954128.6613689362 137.74000734582336 2986.6024494041376 753.8532955590224
59985.67714516 -34020245.999096826 -24393107.4788413 -5745527.553789897 1824.0090855149797 -2386.285959843159 -626.5189969631107
59986.07393826 42043546.24575453 14751.62248270503 -521212.4231111842 9.10205265594993 2989.1706087593025 756.122245511944
59986.60078927 -41646667.01042644 -7176549.991694628 -1296681.8512729113 529.814650961878 -2926.3529123633816 -746.9567634022527
59986.68178066 -32831361.44573604 -25875785.99148196 -6137312.1459553 1935.7035830972638 -2302.2866937856297 -606.5821919648668
59987.08105075 41970542.045451604 2541137.7301307293 120893.43496816547 -181.53832929611892 2983.3694378471564 757.0482178588321
59988.08206649 41901028.67265426 3493319.721451182 364393.1002801077 -253.4358636468802 2978.188312122605 756.663201307159
59988.58404907 -42060294.22924647 -4288023.164113222 -564214.6202522889 313.0381536338015 -2956.0407287108324 -751.815968020953
59989.13457939 38187996.04216191 17198962.851227652 3879518.0176463574 -1287.6125174479737 2711.0183265867286 701.8871324090769
59989.53799469 -41671742.639569715 6807386.708221984 2237252.0886823847 -519.0780970370035 -2931.0099189876864 -735.2274409385049
59989.71347682 -25229558.07344034 -32901046.26840147 -8013193.938843306 2465.992478394603 -1765.3915322280093 -477.16191888433906
59990.23271166 20220240.438605547 35874422.217532635 8827703.049504815 -2696.2356656681527 1431.6219210344548 395.52738975702306
59990.61206734 -40241832.32242661 -12665479.272215163 -2708400.225767552 941.9384130108443 -2826.498155403578 -726.8335142806778
59990.68698134 -29998705.278851233 -28917869.899881482 -6947118.494329265 2165.0639885453415 -2102.2409924960207 -558.6529525489627
59991.27257476 9699279.60875597 39790036.183654845 9948474.551316114 -2991.2949428494117 685.59666882778 210.34813913801415
59991.59216024 -41404721.459452055 -8398499.069795385 -1614967.4980805165 621.5195047518916 -2909.1785641870138 -743.7850449674683
59991.78205275 -7347970.331670066 -40284197.86470683 -10102431.167957056 3028.083527572987 -502.1325523626654 -164.3548720634558
59992.0981225 40713797.63452729 10314624.184871117 2108559.221984518 -768.2429699261727 2892.128463340412 741.2543508549527
59992.67505093 -31192548.02007258 -27709656.88562397 -6627154.157010126 2073.915860098636 -2186.6237837800086 -578.7789305662691
59993.53254424 -41887925.718391776 5444851.972601981 1892045.5423393627 -416.93505412635676 -2946.0559007146203 -740.2402502740047
59993.79867978 -1528073.337271871 -40850105.71924035 -10315741.925394747 3073.0849151089596 -90.75085206590761 -60.688570145585956
59994.55813375 -42243329.81225913 -1806842.8938432557 60542.82029525972 126.91475977222765 -2969.5968567628115 -752.7944996904416
59995.03938321 41946993.079534836 -2640927.608036285 -1181252.8214418702 209.01585328250107 2982.8909059654384 752.0047524724541
59995.52035021 -41606372.805782676 7162074.542281596 2319802.5008122604 -545.623686109073 -2926.661676430358 -733.6414902591829
59996.04285435 42026424.35013588 -1044730.0131236607 -776572.062554256 88.60916281316915 2988.198030221828 754.7552139026944
59996.54458909 -42277413.86771646 276337.6310066481 584208.8105260513 -29.270877327577725 -2972.4606151615367 -751.4748830645115
59996.67528718 -29129879.552048232 -29736215.40751148 -7166721.913633366 2226.8962880715176 -2041.0862994130046 -543.3309042973658
59997.13574068 35259564.59517237 22346604.51798633 5223935.4991538655 -1676.2295393808763 2501.963597886582 653.1463746895857
59997.54865604 -42256209.90850829 -1466520.2382401973 140888.99696026449 101.4989024985555 -2970.6264830005853 -752.5584625941349
59997.72876705 -16741117.79021977 -37605440.48593363 -9308166.532928003 2822.858381906437 -1166.0761956601452 -329.08665121121373
59998.55263571 -42160041.73398784 -3185318.966472645 -297257.8090376306 230.4830231220904 -2963.5165052449065 -752.306783319327
59998.67056973 -28988958.53687841 -29863920.921683047 -7203527.602142182 2236.612436841329 -2031.189887491642 -540.6810395830598
59998.7353102 -14453246.020435417 -38474492.3337165 -9556460.866936784 2889.1415390764623 -1004.4673797008088 -288.8576976995052
59999.27601685 3097210.6600186876 40774921.8473406 10275355.164974928 -3065.5817676368165 218.57729254521735 92.13337727424977
59999.62362525 -36312470.298398666 -21059121.42024167 -4890397.913543852 1573.1682560610172 -2548.6042718268986 -663.4975424222334
60000.05654637 41704862.27982822 5291320.719333605 838556.8041708259 -389.49187813842235 2964.031388997533 754.3669714811928
60000.60118598 -38706388.018282056 -16570113.520650743 -3728192.7632996244 1235.6020761567447 -2717.924815567689 -702.2513922046539
60000.70438531 -20596145.10516246 -35781161.87275729 -8804000.007403791 2684.3326386189638 -1438.4489360613873 -395.9377428014447
60001.25651194 6795758.058054696 40350372.94852713 10125113.741163557 -3033.681174783847 480.38386969673707 157.71709679625766
60001.60813326 -37601420.36400686 -18812596.88366662 -4310279.727076026 1404.2325557111394 -2639.7210613260054 -684.4707417530706
60002.58799406 -39483760.72343516 -14741258.03670839 -3259382.7952863714 1098.1940875431667 -2772.9172138735526 -714.5172521396045
60002.65422851 -30014125.559378844 -28899578.67360288 -6953538.426517725 2163.936730335529 -2103.5783348827845 -557.8673847376339
60003.59979824 -37940303.20499462 -18161715.452677835 -4144090.120591982 1355.302763359423 -2663.631208424884 -689.9092709754674
60003.66766883 -26837541.819532793 -31687404.80741168 -7697399.668385182 2374.4449004357484 -1879.2174260779218 -503.56232818852186
60003.72601237 -13349618.324930742 -38840464.28755521 -9666909.362648297 2917.190406247385 -926.5074055524743 -268.98643575113533
60004.70665876 -17453117.61001392 -37302481.22373245 -9229603.904650876 2799.906047697771 -1216.397790110782 -340.8642104352467
60005.66918661 -25369840.491884775 -32797881.08413317 -7996743.635083083 2458.350448305874 -1775.5248462394245 -478.1907491299587
60006.13611517 31199291.282593425 27458132.659483723 6577409.566349151 -2062.3334280108925 2213.053914456193 584.1548840295198
60006.51194622 -42243118.09263234 1616668.4396632796 906983.8398780283 -129.59358075779002 -2970.04928546959 -749.764798145919
60006.56993987 -40112678.12050544 -13044535.096531011 -2826705.037744842 970.6888957052062 -2817.3507193392 -724.1076163734482
60007.13738656 30469585.45735314 28220259.387159716 6779298.165743124 -2119.8958909263793 2161.167547240476 571.6073666750107
60007.51584807 -42281043.17499887 -96054.93838233547 472793.8990317203 -1.1503306423754516 -2972.352547479476 -751.809056491985
60007.66834785 -24362991.8927447 -33503783.657736465 -8187704.252957934 2511.65825188073 -1704.3907720941975 -460.6173279318983
60008.51975041 -42244864.695065044 -1809489.6597521864 37374.251039418465 127.36091726245138 -2969.4505709360164 -752.5270036785515
60009.68102616 -20257783.94117203 -35962601.511442184 -8858335.297921639 2697.8319331150187 -1414.4655867937888 -389.1854986516613
60010.66892833 -22394273.46069663 -34762926.885274135 -8530647.362580007 2606.8085489238433 -1565.3598489345486 -426.1263792445952
60011.34880237 -23590079.47368589 33896862.220579214 8844584.136503085 -2549.865253971603 -1663.5404022632886 -391.1615397141121
60011.67120486 -21243898.710434012 -35429737.25535881 -8713535.204867404 2657.2825819093964 -1484.1319151662447 -406.0109098245958
60012.60325141 -34033592.152927585 -24374991.16261236 -5772160.224491354 1822.5853644473048 -2387.348571335263 -624.6690064937602
60013.67935943 -18016546.208981518 -37056653.731433935 -9164548.273822319 2780.663952020369 -1256.2432133581829 -349.5036336411661
60014.54315444 -40477316.23205355 -11935761.479947787 -2556986.6787504083 887.29967965434 -2843.179362803885 -729.1460135135484
60014.66235123 -21354710.364176556 -35368159.24627495 -8700920.074531192 2652.472856230978 -1492.0227339546248 -407.5538982427651
60015.43484838 -39437951.12968341 14651244.011056326 4153422.991582911 -1106.9346015362044 -2775.4071717319525 -689.3597295663628
60015.89199833 33866110.515253335 -24092641.30702629 -6477507.009357658 1823.5158834553047 2413.6435393739603 589.7763126931465
60016.55813389 -38566339.7186929 -16877820.4961713 -3832091.7148331115 1258.5760713682496 -2707.8452209300954 -699.1532342632233
60016.66767641 -18802006.778922163 -36692235.82413717 -9067544.178202014 2752.8752753086187 -1311.8004555393195 -362.9621612205388
60017.56132154 -37886994.34696925 -18268084.986840393 -4192629.7198577286 1363.0819023492743 -2659.8121006105757 -688.1928514415224
60017.81080021 18613444.248469487 -36566389.397000164 -9459308.796828797 2757.943812375928 1333.7144895421732 306.21690248090334
60018.52771789 -40785235.591485836 -10895599.081633262 -2295913.1464568637 809.1852614138712 -2865.1640738314186 -733.8767885077528
60018.67724642 -15108529.014061887 -38243961.607861035 -9503151.013824096 2870.8863608055376 -1050.9860584181895 -298.2267275993221
60018.83162036 24016938.98186932 -33447372.05865619 -8731047.10314502 2524.998864497785 1716.218577189764 405.6527877348674
60019.50172255 -41969159.22776155 -5062360.453631565 -807775.9230098777 371.33940127600187 -2949.6213291499744 -750.2820646499779
60019.67429553 -15141879.961772902 -38231720.18308953 -9499716.563684119 2869.9441462712894 -1053.376149173444 -298.7629316168103
60020.24098883 -3081096.6386736906 40765773.81654849 10345472.766533641 -3066.3706654402977 -217.5215192076479 -20.52918134888656
60020.53429441 -39812171.60627174 -13883054.163835334 -3063835.9581300733 1033.5678553648604 -2796.2355658486767 -718.8796310567053
60020.68584503 -11521971.69779805 -39381566.46525375 -9830899.471057612 2957.7924504204257 -797.6843786542858 -234.9945382461337
60022.53164042 -39573783.04375152 -14519522.098628998 -3229457.529373239 1081.6445546380617 -2779.029960834308 -714.8816138711104
60022.63894074 -21642575.084341217 -35204753.707850985 -8660826.603185622 2640.19791224002 -1512.491594420163 -411.9864508487521
60023.56601955 -35080121.352272764 -22940135.49763265 -5410547.120306208 1714.7785729948607 -2461.3576122205595 -641.4996182738884
60024.52293718 -39881961.116970085 -13699533.598875126 -3022410.289290501 1020.1263380406402 -2800.9396662103723 -719.5543066324171
60024.66522648 -14057654.793148981 -38613067.74672075 -9607972.607127555 2899.252159738756 -976.9188079271385 -279.1066097003528
60024.92147144 40267178.35194999 -11631193.87848229 -3385927.8322020606 885.5486133506432 2865.414845092488 714.7763757368546
60025.67264125 -11507870.659573333 -39384839.631448075 -9832128.201533265 2958.297555505326 -796.8342241389373 -234.0589907982812
60026.51145289 -40395184.02708686 -12196479.47054099 -2641269.5644481787 907.3333986709645 -2837.35034968909 -727.4460337403789
60026.56877693 -33411518.236127928 -25166935.552645672 -5997730.044779615 1882.552361599662 -2343.6063071528 -613.2782028393044
60027.14197635 17690548.22172154 37103885.841097526 9189300.216295972 -2789.7468313030304 1253.2525743488752 347.426842495686
60027.50899729 -40378560.243077286 -12247643.769726744 -2656550.680454448 911.2149611650588 -2836.176472904645 -727.1876372601679
60027.68709042 -6376955.685563601 -40437411.3745141 -10156476.213007165 3039.538093069232 -434.33831151186513 -142.9902265062677
60028.37556024 -36713740.99524298 20215832.136646073 5511863.928603579 -1523.3387112069088 -2584.448122318532 -637.0556843995497
60028.6729897 -9359325.985338373 -39903874.95532488 -9990146.810429277 2998.261878363774 -645.110062735005 -195.73740672894854
60029.52945979 -37827097.6760968 -18383303.561414115 -4239529.071573436 1372.2606074248006 -2655.5774211257085 -686.5427813686047
60029.64286588 -16295004.304792397 -37787392.211722724 -9380675.133470263 2836.484657046488 -1135.0730576435672 -317.82600146393855
60030.53249102 -37125785.45103088 -19681527.059865445 -4576833.120444126 1469.8824693035333 -2605.986375766218 -675.056103044401
60030.72398773 5517332.084013286 -40491618.32548375 -10301413.287602494 3048.4170942705564 406.60256167488933 69.91136792821708
60031.52927512 -37192947.176443115 -19562053.387937058 -4546941.74828339 1460.8993605285834 -2610.7164623811645 -676.1379279529226
60031.74425444 11483378.74207305 -39264845.62690874 -10055519.16930599 2958.4273391532515 828.6891989319207 177.7271868838246
60032.22304885 -6805723.647396592 40347510.406011984 10278910.50854417 -3033.912289820888 -480.10107515511646 -88.77492194731926
60033.22686889 -8507338.31672266 40043069.68700575 10219824.441661159 -3011.065321605585 -600.1783707547255 -119.46882064047209
60033.68649448 -2283022.15007131 -40825444.6211564 -10301708.425856063 3070.3204685993537 -145.00223718587128 -69.61913895290276
60034.52988466 -36041229.226264395 -21493088.707607307 -5050437.738698814 1606.083951442582 -2529.2905990448985 -656.9336984430222
60035.52788416 -35943493.77176849 -21646562.15190624 -5091385.252067453 1617.6026072220068 -2522.3804494856445 -655.2168421418556
60035.67663286 -3465873.73795963 -40754334.005480185 -10270271.318130622 3064.368126009398 -228.64359537588638 -90.49013307665297
60036.4234101 -42135719.42593148 3320837.96838455 1287552.0408161208 -256.8406608061077 -2962.4767445854363 -746.5071667767613
60036.62971286 -14887934.143269721 -38323537.58153024 -9533857.297373876 2877.0688773739903 -1035.7114203899248 -292.48137277572914
60037.44632483 -42158651.43879335 -3252710.46122265 -376721.1220947245 236.1484670790366 -2962.8825732467935 -751.8041341551486
60037.49771583 -38955890.97386832 -16013856.28518115 -3637789.05456948 1194.0940559248347 -2735.331351620729 -704.3791122327788
60038.44215997 -42186416.54123874 -2881295.7950813663 -284693.8937565325 208.2789668170314 -2964.9190048294436 -751.9905624418249
60038.82178041 32570824.943438664 -25730689.951438256 -6848837.613905214 1945.8854907069517 2321.4153504926176 566.6255411246225
60039.57686942 -25269482.541051693 -32872142.892697223 -8048435.402697278 2463.563318608961 -1768.8037027299301 -473.07987984795733
60039.68661222 2060613.8004112013 -40816881.58854341 -10343363.81533664 3070.9268393957864 161.926250582965 8.84943194910461
60040.39069272 -41256276.593666516 8865786.6857089 2671681.01612126 -672.623977239546 -2901.7587747495477 -726.8426264777888
60040.52686253 -34079800.727006786 -24311988.602379493 -5793617.898734536 1818.0595518906273 -2390.812078535194 -623.5540624351861
60040.63256184 -11428956.106553001 -39407933.3640219 -9847056.691025298 2959.6270537248765 -791.5157857527159 -230.9574901911456
60041.57486223 -24531165.237728514 -33390270.32251156 -8190634.30686633 2502.667425885646 -1716.7454293179262 -460.10150798347547
60041.72863321 14375517.41301376 -38350135.89974736 -9847817.529713124 2889.9128336787912 1032.9954572757063 231.36578605682186
60042.38344451 -41148578.71361093 9315083.836616987 2780510.588525473 -706.3510679713232 -2894.3457062363645 -724.7893671465935
60043.38659285 -41478906.88426635 7838393.880781027 2409078.493671129 -595.657447221347 -2917.3430177437435 -731.8358891009036
60043.74494019 19658836.424279805 -36053039.38540019 -9321669.98130018 2718.786999509744 1406.816070836892 327.95472362584826
60044.40171461 -42135488.530991845 3297040.272822479 1266027.6673614199 -255.14766415379574 -2962.709379034008 -746.8865454142772
60044.44737097 -41411519.40616975 -8364912.441937122 -1691556.4017356252 619.7063328329361 -2909.640170585214 -742.4326519865984
60045.38185851 -41515749.03922093 7650483.169038656 2360279.0151870246 -581.6087932021798 -2920.008472084666 -732.7894252536967
60045.8100806 33779951.10578509 -24224758.143172204 -6473943.387028166 1832.2214631612508 2406.476842940333 590.0910844081579
60046.50800612 -34456580.322628886 -23805126.469382927 -5670456.37269427 1779.9227538138377 -2417.661879888068 -629.8472790674674
60047.38356897 -41834274.660016485 5825700.201816243 1900497.9399105264 -444.7940946950954 -2942.191631105735 -739.818394300785
60047.67103809 3735975.069157425 -40698244.62792767 -10333913.562564742 3062.2882094270126 279.9862745031933 39.61648085736087
60048.38394756 -41946087.57278057 5028945.960804568 1699020.3584543886 -385.0374146885396 -2949.9694212152053 -742.361183202238
60049.41323851 -42159546.473419555 -3185165.4019274516 -378059.0416169009 231.0799088533991 -2963.5130010381854 -751.9987134380347
60049.63971799 -3110927.882587083 -40783012.52517653 -10284409.172639396 3066.0162011925927 -204.162281318335 -82.71755653677864
60050.38555271 -42140295.308219634 3210630.2529411335 1237777.010902166 -248.6260010224359 -2963.399243004673 -747.0646070872391
60050.63827488 -2761723.564732404 -40804807.46771852 -10293008.532338943 3067.800019518941 -179.5298674018994 -76.3654013337042
60051.57159962 -19028209.33395689 -36581626.64077437 -9061293.31972015 2744.3816769321434 -1328.710709489941 -363.6358643214254
60052.38480285 -42223395.083233476 1987390.8625908962 924801.8658791478 -156.8062509935281 -2969.092361807963 -749.4173335437948
60052.86443253 41424927.43047503 -6881766.819415682 -2153684.1844694125 526.2621771569186 2946.41319437987 740.0144392323792
60053.40352903 -42130045.13223976 -3527476.2375714346 -473298.0022372764 256.92542712650265 -2961.544881240123 -751.6622059626579
60053.67531326 9204898.682152739 -39844614.93474934 -10169634.54073331 3000.1718533908943 666.545271832804 138.80892357141852
60054.60106755 -9619370.730621804 -39848689.36421323 -9984884.38947225 2993.4522392235453 -664.3180202975531 -197.64598132298661
60054.69878611 15851725.614401666 -37794973.92035682 -9717222.99562479 2848.375124600942 1136.854904945896 259.43940788290604
60055.43799757 -39929258.3809043 -13548461.807113513 -3034036.6355804563 1009.2175725324062 -2804.996079047638 -719.565439431468
60055.68625117 13422323.199558232 -38680794.91746395 -9917667.596368039 2914.1953548210026 964.8935747717812 215.42214494238277
60056.44007782 -39486542.44627754 -14720187.309524234 -3336465.7157770167 1097.2631667867124 -2773.6526476585977 -712.5314017653449
60056.82960111 39884385.48325391 -12821437.05527691 -3635113.9910149425 973.8029390130447 2837.9014930938292 708.4862231291942
60057.38614149 -42235959.452543005 -1920271.136020909 -72207.83681370072 136.46108054901813 -2969.2953788402947 -752.6535408080008
60057.84858397 41332460.15786075 -7378929.117664897 -2271422.640577996 563.6262587396357 2939.912535010131 738.3867160827019
60058.44059601 -38879461.12685619 -16170073.089975508 -3711701.463596503 1206.2291405605015 -2730.686472474896 -702.768529784139
60059.38602045 -42146542.17941167 -3321746.5778722735 -429546.68294728344 241.61912879601613 -2962.745478320236 -752.0783056692457
60060.39822991 -41646773.8260195 -7143985.180112011 -1402507.9795115683 528.4413282179283 -2926.91878485033 -745.797433443742
60060.68248817 15960582.328305066 -37750942.05689006 -9707662.017796228 2845.1035825783465 1144.4769327035278 261.94529899497707
60061.16317178 -11919094.044464068 39208336.62937193 10036918.6745796 -2949.688583091981 -840.6237820196869 -184.07230281434764
60061.40395635 -41197712.843598336 -9290435.816885328 -1951013.9045880702 689.5504110012256 -2894.95807894338 -739.2474361130396
60062.38910301 -41796877.8871999 -6254734.429157413 -1178253.9923882466 461.68913650115957 -2937.6426862998596 -747.7939269008018
60063.38878852 -41691953.54498205 -6888515.423912477 -1341058.9537603518 509.24534962240665 -2930.1654126809417 -746.3094465152766
60063.6973799 21499108.964793686 -35047089.665429674 -9074249.321369955 2643.2749753806083 1536.4917552019951 363.3205044189131
60064.38626112 -41679022.297660545 -6961967.980002214 -1361479.978356592 514.7515630958135 -2929.262455620034 -746.0814322859126
60065.37549451 -41980263.203366205 -4943403.633352226 -849832.8433822164 363.2638200959734 -2950.835150325874 -750.0492319216909
60066.39032272 -41169778.40699961 -9404622.302285347 -1988398.9486698988 698.0871967415335 -2893.0746055687855 -738.5997781416896
60067.68550272 21320807.37620372 -35153659.897856444 -9095236.483904073 2650.980733376895 1523.79946257589 360.5644171886786
