59945.35960612 -42241194.16082642 -616868.2174166597 -1953790.7586971344
59945.36030056445 -42235759.54410152 -795780.8592334312 -1996087.3236162167
59945.36099500889 -42229523.633461975 -974678.4032000958 -2038346.0176798168
59945.36168945333 -42222486.52068828 -1153557.4546674332 -2080566.0378400595
59945.36238389778 -42214648.31263208 -1332414.6191087132 -2122746.581723019
59945.36307834222 -42206009.13121611 -1511246.5021826436 -2164886.847643682
59945.363772786666 -42196569.11343418 -1690049.7097951623 -2206986.034620576
59945.36446723111 -42186328.41135051 -1868820.8481633149 -2249043.3423910327
59945.36516167556 -42175287.19209903 -2047556.5238768144 -2291057.9714257433
59945.36585612 -42163445.63788236 -2226253.343961756 -2333029.1229438144
59945.366550564446 -42150803.94597047 -2404907.915942642 -2374955.9989275294
59945.36724500889 -42137362.3286991 -2583516.8479059497 -2416837.8021373646
59945.36793945333 -42123121.01346801 -2762076.7485619057 -2458673.7361265724
59945.36863389778 -42108080.24273877 -2940584.2273084344 -2500463.0052563488
59945.369328342225 -42092240.2740324 -3119035.8942927564 -2542204.8147103344
59945.370022786665 -42075601.379926786 -3297428.360475245 -2583898.370509646
59945.37071723111 -42058163.848053694 -3475758.2376913703 -2625542.879527577
59945.37141167556 -42039927.98109563 -3654022.1387151815 -2667137.5495044882
59945.37210612 -42020894.09678233 -3832216.6773214424 -2708681.589062427
59945.372800564444 -42001062.5278871 -4010338.4683490833 -2750174.2077200664
59945.37349500889 -41980433.62222269 -4188384.127763863 -2791614.6159074446
59945.37418945333 -41959007.74263725 -4366350.272720596 -2833002.02498054
59945.37488389778 -41936785.26700956 -4544233.52162643 -2874335.6472361633
59945.375578342224 -41913766.58824437 -4722030.494203824 -2915614.69592672
59945.37627278667 -41889952.114267245 -4899737.811552957 -2956838.3852747264
59945.37696723111 -41865342.26801928 -5077352.096214579 -2998005.9304877142
59945.37766167556 -41839937.487451375 -5254869.972232915 -3039116.5477727675
59945.37835612 -41813738.2255185 -5432288.065218315 -3080169.454351257
59945.37905056444 -41786744.95017338 -5609603.002410182 -3121163.8684735284
59945.37974500889 -41758958.14436011 -5786811.412739545 -3162099.009433467
59945.380439453336 -41730378.30600761 -5963909.92689154 -3202974.097583084
59945.381133897776 -41701005.94802232 -6140895.17736895 -3243788.354347337
59945.38182834222 -41670841.59828128 -6317763.798554057 -3284541.0022385125
59945.38252278667 -41639885.79962446 -6494512.426771759 -3325231.2648708983
59945.38321723111 -41608139.10984696 -6671137.700352177 -3365858.3669753526
59945.383911675555 -41575602.101690985 -6847636.259693387 -3406421.5344138592
59945.38460612 -41542275.36283752 -7024004.7473239 -3446919.9941940415
59945.38530056444 -41508159.495897785 -7200239.807965389 -3487352.974483671
59945.38599500889 -41473255.11840425 -7376338.088595323 -3527719.7046252517
59945.386689453335 -41437562.86280155 -7552296.238509351 -3568019.4151503346
59945.38738389778 -41401083.376437016 -7728110.90938452 -3608251.3377942755
59945.38807834222 -41363817.32155109 -7903778.75534089 -3648414.705510395
59945.38877278667 -41325765.37526742 -8079296.433004274 -3688508.752484469
59945.389467231114 -41286928.22958233 -8254660.601569609 -3728532.714149389
59945.390161675554 -41247306.59135464 -8429867.922862254 -3768485.8271992854
59945.39085612 -41206901.18229473 -8604915.061401146 -3808367.329604007
59945.39155056445 -41165712.73895353 -8779798.684461104 -3848176.4606235465
59945.39224500889 -41123742.01271136 -8954515.462134456 -3887912.4608222186
59945.39293945333 -41080989.76976595 -9129062.067394929 -3927574.5720832245
59945.39363389778 -41037456.79112101 -9303435.176158553 -3967162.03762278
