0 0
0.07164963000000002 0.32359544569962395
0.28684942999999996 0.5962030172665935
0.98622207 4.928265932954495
1.07587744 4.827066392611646
1.29102283 4.355253711581093
1.96399678 10.557435388007573
2.0800403899999997 9.91847686740292
2.96929747 16.492499824668894
3.08425605 15.476380648455164
3.2994190100000003 13.408347459257405
3.94322234 12.648714711026445
3.94322234 12.648714711026445
4.01670535 14.895356632503816
4.75149681 16.472293719748723
5.27498643 21.760884243754674
5.27498643 21.760884243754674
5.5229712 27.556672694090185
6.09677837 26.645753954264304
6.61466108 35.24018377638798
6.97024865 32.49009286880845
7.31617049 29.66489031713496
7.6162851400000005 40.600862632762166
8.00009961 36.59777345587744
8.2484935 30.743513337564774
8.67929525 47.07572055656316
9.10933753 29.63968955830229
9.32458654 52.97346866050852
9.56233377 38.69005088095739
9.9857881 42.53393587791407
10.25692693 51.55087042047856
11.10689129 42.81014836304618
11.28900188 45.1035467012141
11.56198629 51.92690198017038
11.95667036 52.55480972703753
12.02735485 45.120193059184835
12.12155869 45.77854908089304
12.6059882 58.79215595779554
12.98243233 51.40334143867404
13.48451379 55.57367058406442
14.03683332 52.87672170499778
14.70377629 73.95256890412949
14.70377629 73.95256890412949
15.06233882 55.89861438410901
15.2775873 73.37502561105798
15.85132466 89.12082284773322
15.92306141 80.60058263116936
16.28166938 78.79599118181581
16.95420213 82.71704318311474
16.95420213 82.71704318311474
17.10464137 72.1610561143171
17.60494131 66.97661453488335
18.03592658 72.0716618968474
18.03592658 72.0716618968474
18.92159014 83.3880274417207
18.92159014 83.3880274417207
19.56052564 70.87459434371134
20.93279462 92.25809393818241
21.08717101 83.19287927462747
22.11740924 95.43948967584116
23.52574879 109.50252935759035
24.04328933 115.63205782129725
24.89352936 128.09136651841717
24.96128341 121.42160714652185
25.92786355 128.61223077014657
25.92786355 128.61223077014657
26.03599671 122.35379953633739
26.9504783 130.9657271166547
26.9504783 130.9657271166547
27.15739132 130.59434559636702
27.82808888 152.23705457627668
28.04389533 132.34002795918167
28.89547948 154.4795505124946
28.96785392 146.3861519229482
29.90866901 162.92956733387493
29.98019549 155.6691646421569
30.92181171 172.66878258046307
30.98426628 165.6814993482986
32.0436731 170.5078219151002
32.0436731 170.5078219151002
33.04886612 178.18503186383887
33.04886612 178.18503186383887
33.27911461 188.97762396510421
33.59912899 224.31920057225122
33.92511039 215.19953261849534
34.28321997 207.6642560071977
34.5961933 232.08529034245706
34.96102862 199.16898125802004
34.96102862 199.16898125802004
35.28730708 205.48796814180713
35.95843606 211.04096639232634
36.59803904 234.46429322497312
36.97101895 221.41856361561858
37.29536941 226.4375415660286
37.86913241 245.37646150299946
37.94386193 235.54518893706697
38.29941322 234.73747460424107
38.92765928 248.92964496014864
39.01654672 240.10210174510718
39.01654672 240.10210174510718
39.62418762 274.1813705553149
40.09235445 248.7137944568931
40.09235445 248.7137944568931
40.89821659 275.20804661274644
41.09638157 258.40092840802237
41.09638157 258.40092840802237
41.62754173 297.43244937584535
42.10044695 269.134577118743
42.88929369 300.2831984241
43.10441664 279.84231800200786
43.96504327 300.5301801902384
44.53884654 321.74708179694295
45.03976018 303.5851230187938
45.54282195 333.7894625193937
45.801538 351.0045382770996
45.801538 351.0045382770996
46.11648494 328.19412486029256
46.11648494 328.19412486029256
47.04891019 336.61254753485525
47.33572827 333.96142443414595
47.90952121 352.5071430909819
48.05291223 343.2943984691956
48.8050195 371.3010617082609
48.8050195 371.3010617082609
48.92131443 358.55254097905737
49.91757607 369.2655947290456
49.98931276 363.2200246749779
50.79663889 393.02726007009767
51.76260998 406.54194156205693
51.76260998 406.54194156205693
52.81330404 413.4931482752168
52.81330404 413.4931482752168
53.06252036 392.7443039599401
53.98097539 408.8961499673969
54.29161144 407.82356723485
55.0461957 419.0958199300761
55.0461957 419.0958199300761
55.43904372 434.24128863872784
56.90740935 458.4537199049693
56.90740935 458.4537199049693
57.9673908 468.11782063331765
57.9673908 468.11782063331765
58.30737448 467.955401611424
59.09615923 477.94104352740425
59.09615923 477.94104352740425
59.74151907 523.275336203596
60.80479063 530.0876716314286
60.96057707 511.7103892897548
61.10401217 503.5199174608921
61.83821615 539.9299078614363
61.89282943 532.8766104455685
62.03621556 519.1427055967182
62.89796915 546.4005841586484
62.89796915 546.4005841586484
63.0401179 533.3477600117907
64.04408105 548.5445275107442
64.04408105 548.5445275107442
65.04793452 563.5682317189269
65.04793452 563.5682317189269
66.1404744 574.9814273429391
66.1404744 574.9814273429391
66.74611294 633.5277040065131
67.91473987 632.6030760354068
67.91473987 632.6030760354068
68.92022299 646.9679904025702
69.0636091 635.1801440803021
69.0636091 635.1801440803021
69.92412247 661.8126325288821
70.06735326 649.8078987634337
70.06735326 649.8078987634337
70.94766772 674.9633405039073
71.4341385 690.8337496421356
72.04714876 680.8052529581225
72.64975818 735.2275893906082
73.04821191 695.2632035182374
73.77233127 743.3087827044816
74.02263212 711.4975890203942
74.90456737 739.6452680962367
74.90456737 739.6452680962367
75.9829858 742.5684802034774
76.0473246 735.6029923167835
76.90038371 767.4633387528438
76.90038371 767.4633387528438
77.09433875 748.2115555360755
77.96816469 775.3709499101885
77.96816469 775.3709499101885
78.02646198 769.2838126121017
78.8935965 802.2406226835627
79.10194208 780.8763355420115
79.10194208 780.8763355420115
79.76260995 838.2244904422112
80.46425595 846.8506351329927
80.94941461 835.1503062514182
81.27728959 832.7108643413293
81.48609679 867.3874475018428
81.96191514 850.1789776353377
82.95205737 867.9568918325328
82.99177851 864.4145941405701
83.98976237 882.1647279603018
84.04965489 878.3172202696171
84.99540615 900.3578687949969
85.05268563 896.3099761286549
85.90570278 928.0075708467455
86.63986073 973.0744091761711
86.96538804 940.4856859530936
87.06059535 933.1830677914394
87.95080458 962.3374698149753
88.27926935 962.7959238393814
88.98830602 979.0459425560929
89.97372129 1000.6424729220765
90.04039026 994.2041412722026
90.28698536 1005.1855536365237
90.95219438 1021.7931143881565
91.29079591 1023.3953423950959
91.92788899 1042.496018440615
92.43804407 1073.3452958810938
92.95844244 1055.075363671095
93.05566642 1045.1333293809967
93.90621127 1087.6707016479113
93.90621127 1087.6707016479113
94.30215722 1087.3706577882556
94.97094239 1100.2986465611525
95.04979369 1091.755020672614
96.04299865 1113.1741966025745
96.90199799 1155.7229450129382
97.07416606 1131.6448770861396
97.88686241 1180.3224495782642
98.06142026 1153.5787300665145
98.46746849 1217.5643510599277
98.997805 1178.630027441164
99.8942191 1214.3701266872934
99.965942 1199.7873982157644
101.0312312 1203.88214029882
101.83391592 1263.8140994462951
102.04503147 1234.0186100789233
102.9373133 1267.8793897316784
103.99255557 1280.5745420093776
104.05064226 1274.9611165709325
104.91868907 1311.6039202630966
105.05583429 1294.9434025417502
105.05583429 1294.9434025417502
105.98119203 1323.725179984223
107.05606351 1338.186767383568
107.27865325 1358.342649457132
107.86297128 1385.6607347430383
108.35219473 1399.1193831904588
108.56499314 1437.7230443535234
108.92764487 1393.8920010819656
108.92764487 1393.8920010819656
109.2860719 1402.605161898659
109.91102575 1416.0231190029594
110.33344554 1434.8047988214998
110.99676693 1423.3882081641934
111.32649952 1453.2348018550506
111.45150038 1481.6804436258267
111.93878050000001 1450.613087277642
112.46955421 1508.7340084848988
113.05609032 1461.582873385784
113.906782 1504.4601207304088
114.0396298 1486.1701313912547
114.97693333 1516.562249744918
115.07570533 1506.800346257182
115.65448028 1579.1764025368116
115.72388373 1571.0478204052138
116.65202778 1602.8670715689996
116.81763182 1579.6060991988638
117.98713928 1574.808875942578
118.87550247 1613.5172663227004
119.65273012 1680.1330619739338
119.9835122 1626.1112333304388
120.98558557 1655.0367555756534
120.98558557 1655.0367555756534
121.33205568 1698.6543513467032
121.99603126 1682.9026729692562
122.2617315 1707.6436642548233
