0 0
0.39812583999999995 5.669450093799806
0.39812583999999995 5.669450093799806
0.66287049 24.770173974756684
1.3618073 0.5585495037508411
1.66704389 23.231980391093582
1.66704389 23.231980391093582
2.33958201 4.54959624128654
2.93275105 6.511069301225798
3.34587747 4.14770288392518
3.67544007 11.644173868634251
4.09379483 10.686249297793138
4.31515558 5.444429033075813
4.39272642 2.2042523811996597
5.308335 5.248086587951029
5.39687757 2.6697531105070533
6.0907741 9.406721316962274
6.61614264 10.273575282818097
7.07502379 9.025703691878988
7.99263489 24.662670640412873
8.40985004 13.539663867175523
8.48118898 16.215650545542506
9.11722058 14.55560155534441
9.36395989 15.495387478891153
9.70052044 3.6169235877698895
10.34607145 15.35199926918719
10.63286081 7.556187765709645
11.60368139 9.537493521061055
11.65833482 19.04936868003984
12.40630437 27.36360400107544
12.49731826 12.999706684122632
13.08365971 23.264488208863767
13.08365971 23.264488208863767
13.45003951 33.27149565278104
13.716986 27.043109984716857
14.32429848 39.90591723318598
14.41399058 39.719307758795026
14.61990802 20.106022840112374
14.95694482 43.24430256261972
15.32588827 44.608975138685615
15.7449336 32.704077048192126
16.41568429 45.12097737873063
16.41568429 45.12097737873063
16.72583761 35.00339108004168
17.33315447 52.2522414367782
17.37488352 46.420429573313164
17.66182551 43.957164841942884
18.28863875 60.84668166296974
18.28863875 60.84668166296974
18.41487775 50.72895852947194
19.30050289 64.727538343044
19.30050289 64.727538343044
19.42271676 62.007290156767624
20.28095989 76.89044962522115
21.31182152 75.74562276334174
22.00902746 78.446543169146
23.02361226 56.85308647598913
24.332016 61.779527097047094
24.42223092 53.33919311306852
25.33773765 67.4340211385127
25.99901676 71.63836529109743
25.99901676 71.63836529109743
26.41201777 84.23950862826177
26.41201777 84.23950862826177
27.05219734 86.11488989652489
27.32701505 88.33100231161306
27.49523377 72.17359590945604
28.12381254 102.50448942646706
28.41982923 90.17233963747302
29.13535996 135.612635459206
29.34515525 126.23276824206867
29.63896249 122.31222434436216
30.04739189 120.0068843047119
30.35621653 113.53694405289555
30.64302434 109.27690615592927
31.0883478 127.8867112103399
31.36028733 118.72663412999289
32.42261815 116.6406074875534
32.72290339 130.06388467862135
33.42781044 120.98733278626582
33.65513566 128.46444475534378
34.02777795 146.81851728525632
34.30069562 142.56584878467453
34.65924103 134.94286899600175
35.33699135 142.82761289628593
35.33699135 142.82761289628593
35.66332814 139.99553314165067
36.28822441 174.67128637552608
36.28822441 174.67128637552608
36.36527805 163.88335477336688
37.38809416 173.15044975011836
37.38809416 173.15044975011836
37.67139045 182.38146360557514
38.31944716 194.2091739606218
38.38853975 184.69584077018007
38.45208439 179.13203980469677
39.24279006 195.22093330835767
39.39256778 173.91264762414207
39.39256778 173.91264762414207
39.96599345 202.53377131122346
40.35636743 186.80589079901773
40.68348 191.6135853209293
41.27445392 210.78424026716664
41.27445392 210.78424026716664
41.40066593 188.65409442575273
42.04097326 232.17376904316004
42.33298886 213.32944870416645
42.33298886 213.32944870416645
43.26531475 237.8788200874458
43.408701 214.2373456755872
44.34106433 236.36068838611442
44.91478044 261.1344289810569
45.41870558 235.51497426501098
45.7535775 259.2646367994162
46.34908886 255.20582026928707
46.34908886 255.20582026928707
46.42082556 243.9560922880601
47.35310739 262.8199181758336
47.35310739 262.8199181758336
47.71174932 271.4799015573038
48.2854551 284.1452207010916
48.42893328 258.93198863818975
49.30026735 288.62339014617623
49.7197852 289.687172533973
50.29350996 321.5528145526759
51.22582958 347.429123975305
52.13819521 371.22129792272915
52.13819521 371.22129792272915
52.20100662 363.898505535116
53.2229176 351.3021525096988
53.2229176 351.3021525096988
53.66373714 363.09658119442486
53.66373714 363.09658119442486
54.05610992 377.8934663029214
54.3573505 347.18622508090573
54.3573505 347.18622508090573
54.66763249 356.7688701226707
54.7393882 363.90861694027
55.15691933 390.5632339961585
55.42514552 351.9279214932908
55.81497761 384.6653135789331
56.28565661 387.1585503589277
56.28565661 387.1585503589277
56.6755018 391.46662917782595
57.2840551 403.4226709788318
57.32087967 396.5131101196351
58.34381855 409.4500816551926
58.39648879 402.8962526654627
58.68339554 426.65634008056185
59.32870699 428.4639383427863
59.88223155 460.7975361822767
60.40431461 432.5813368905035
61.29945148 463.2068759302737
61.33659812 456.0826559671276
62.32647504 472.13139701524426
62.32647504 472.13139701524426
62.69906437 486.06608632742706
63.31820339 487.98655919367246
63.41613895 473.8021307398291
63.41613895 473.8021307398291
64.20491267 546.96562062698
64.42001492 506.47070724869826
64.42001492 506.47070724869826
65.42395557 520.9983814758168
65.42395557 520.9983814758168
66.42784753 535.324426654676
66.71471544 562.9897406636728
67.431774 547.4099717008546
67.431774 547.4099717008546
68.29134701 582.2249506659273
69.36789351 576.5742291402312
69.36789351 576.5742291402312
70.30014352 604.9432626253025
70.44354864 588.046925458878
70.44354864 588.046925458878
71.30406802 622.5281416236568
71.30406802 622.5281416236568
71.37576599 609.9356572929022
72.27596378 648.4969148269653
72.42609872 626.7679882752052
73.05696673 715.2063935186661
73.42708739 656.9373428488393
74.16666989 725.7472810647889
74.4015917 678.3321803891299
75.28351162 716.5121216654029
75.28351162 716.5121216654029
75.67787034 708.5114166257075
76.32316721 707.4940037286328
76.42626889 696.1296189058982
77.35554721 717.9015327940336
77.35554721 717.9015327940336
77.4703598 713.5041210105952
78.36058548 751.9372232474416
78.36058548 751.9372232474416
78.97609246 803.9779000559156
79.27254822 770.7589985417153
79.33055555 773.6342285264905
79.71201886 798.0386916246769
80.4100565 783.7924540176646
80.4100565 783.7924540176646
81.27102434 820.5805000849789
81.32499984 809.889719872999
82.33194587 828.7456956685436
82.33194587 828.7456956685436
82.70444466 845.2954489370499
83.35376142 832.8361477257181
84.04705459 911.6564821446294
84.36871275 860.7705975333737
84.42859635 860.82037163418
84.42859635 860.82037163418
85.001378 935.2786839746508
85.43573977 884.2023523766951
86.13493982 952.395901177331
86.28213455 918.4719311103165
86.64781405 938.1170527190858
87.34097327 933.0697521693379
87.34097327 933.0697521693379
87.65156491 972.9099843330001
87.65156491 972.9099843330001
88.65537756 996.4634685480161
88.65537756 996.4634685480161
89.43207723 989.4479047711782
90.36111319 1011.868123840172
90.41597549 1010.8100057588445
90.66300643 1039.6357844847687
91.32777961 1026.8318442974792
91.32777961 1026.8318442974792
91.66681697 1054.8106230940969
91.95358915 1112.7379603973855
92.33958464 1051.255298047291
93.0451386 1135.9794637592227
93.29166741 1075.2839552667497
93.29166741 1075.2839552667497
93.45924152 1063.0790585715727
94.23611275 1102.9743782891337
94.23611275 1102.9743782891337
94.67817827 1115.3461118730206
94.99629966 1164.297606439637
94.99629966 1164.297606439637
95.6817368 1142.8500215026118
95.6817368 1142.8500215026118
96.25542378 1148.5104089829895
96.82894539 1192.692758041765
97.28093864 1169.7444086743633
97.45311152 1169.6470923557379
98.38670176 1190.618072187698
98.44043902 1192.578510596513
98.69302996 1225.3941434707751
99.12318822 1263.7881440416143
99.37675301 1210.4022101889764
99.82430741 1267.5186664806954
100.27024017 1241.3886999398558
100.34196305 1229.971372723681
101.01468253 1313.5674781803202
101.41017683 1248.2219488075232
102.19885257 1306.21246224889
103.28318333 1313.1410947550974
103.63975602 1333.7218644548277
104.4295949 1333.3189538653507
105.05140769 1411.8139184813976
105.29620733 1355.0971804095739
105.29620733 1355.0971804095739
105.43405996 1349.120712436867
105.9310032 1434.951905554576
105.9310032 1434.951905554576
107.21308666 1413.4914206927365
107.21308666 1413.4914206927365
107.36786555 1392.0527438974452
107.36786555 1392.0527438974452
108.24049534 1434.738134024011
108.65839264 1453.3510670833193
109.03117234 1513.1960102903583
109.30862683 1449.4623620043849
109.73979163999999 1497.093058650822
110.28998013 1480.3665881804232
110.28998013 1480.3665881804232
110.70903077 1519.9693603587596
111.35634814 1502.1360433812852
111.35634814 1502.1360433812852
111.70208475 1546.5761115037837
112.3147144 1534.679770016044
112.67323586 1570.9459150268797
113.43503079 1566.5714185073282
114.43565885 1594.8230532243876
114.81458408 1663.8636246428157
114.81458408 1663.8636246428157
115.39738592 1611.6346243217295
116.12847211 1680.4648445951773
117.02908019 1739.6916831264118
117.40024537 1667.5750481835362
118.06251727 1762.8055775746416
118.36616198 1695.5774827580497
119.34016919 1724.5319262299263
119.34016919 1724.5319262299263
120.36247446 1747.7254864207282
120.36247446 1747.7254864207282
121.20400633 1794.368666949471
122.08979439 1868.3718319039212
122.37507074 1813.3469278442124
122.63775256 1851.0429660403265
