0 0
0.21515236000000004 0.38946532730247796
0.78896997 2.240192673184977
1.0041803599999999 3.7014108917534525
1.5703738999999999 29.35944449801416
1.79322005 22.20823054479711
2.81279434 2.8982887404909015
2.81279434 2.8982887404909015
3.01255897 6.360695243098603
3.8427202 4.217074867489338
4.01671715 10.442179364457795
5.02089622 15.448644023167015
5.02089622 15.448644023167015
5.49410908 19.81676146111525
5.74648229 15.740332659341531
6.02506942 21.215622785119685
6.31203485 8.707526737607457
7.24447339 8.883233137153445
7.84242597 20.577833743735027
7.84242597 20.577833743735027
7.97535805 4.008558134268321
8.83560074 19.867280650865784
8.97535826 5.974171176574681
9.18097835 29.974713519076573
9.82670369 19.602283642820233
10.11530218 27.37139353957398
10.11530218 27.37139353957398
11.04694779 12.647285844768469
11.04694779 12.647285844768469
11.89620364 6.724581127679126
11.98091599 6.215232896732328
12.55160911 15.032807427671818
12.90312656 8.895504849481464
13.87273854 8.79925339216797
13.87273854 8.79925339216797
13.9865642 14.181911230403971
14.89651688 12.02719502881887
14.99059274 17.227058361695434
14.99059274 17.227058361695434
15.43369296 18.02266547156351
15.8513643 14.746103212086572
15.92311645 18.322148597049317
15.92311645 18.322148597049317
16.56939534 26.046176859798283
16.78681509 18.87158682655114
16.937258710000002 30.75414482430474
17.77997167 28.10442625774366
17.89629913 36.820680194861254
18.76856174 38.19578435305975
19.00720958 59.74386872236565
19.97681852 69.02730510616387
20.76480733 64.80179052272446
20.91970939 69.12174034958964
21.79972054 72.11058508208897
21.95011202 66.18917608953942
23.02367789 82.79821244174578
23.88091115 78.15888744399118
24.02777132 93.09844228680272
24.02777132 93.09844228680272
24.45083656 84.2502783830768
24.87896841 93.6010485961674
24.87896841 93.6010485961674
25.46961077 118.44113008330851
25.856237020000002 126.02915368898704
26.79491786 133.0554677341508
26.79491786 133.0554677341508
27.03985134 138.59894438314132
27.03985134 138.59894438314132
27.51858048 141.2005935903363
27.90046146 156.8479347834902
28.60550639 150.75341124650876
28.81359532 160.07942878216193
28.97621143 178.37909632447497
29.75072775 167.03744608504536
29.83911569 175.8017044769498
30.76636722 180.56819115226358
30.88891729 194.79378166361082
31.876371 210.07215839451732
31.988321589999998 223.41038601498812
32.85630331 224.02590956077626
32.99237097 241.08395826450118
32.99237097 241.08395826450118
33.85297561 240.31224531481195
33.99627473 258.5671722646165
33.99627473 258.5671722646165
34.51286024 238.82811732565932
35.41790054 238.36829005259733
35.8772909 253.74631035264883
36.00448573 272.5391982716484
36.44449824 253.05864416745388
36.80361727 258.4366537925674
37.00854924 291.00646390311533
37.77674975 275.44867847101403
38.01247111 314.1986011442171
38.77034983 296.6712250393973
39.01658629 336.77128808247824
39.01658629 336.77128808247824
39.46135015 315.6403346402021
39.94892056 349.9145726585713
40.49688202 333.82129588704845
40.74253163 347.1321592126258
40.74253163 347.1321592126258
41.02468442 383.04639492860497
41.07119306 386.9757921590368
41.81353393 368.1509361360667
42.02874979 417.6042864569799
42.74585982 392.9851542432158
43.28508001 434.0766326839422
43.82160941 426.65113408487406
44.03683718 462.89807719926074
44.49580365 431.21855456593914
44.87245478 458.70017641919645
45.04078801 486.12188294720903
45.82972111 476.22973363285354
46.04478451 513.107935715473
46.65175014 477.7423613015118
47.04851392 539.9260408684983
47.04851392 539.9260408684983
47.76608733 517.5281286389317
48.48438754 533.2970209234794
48.75394934 541.896613865996
49.48727702 558.8638182083371
49.55901371 554.0178178442687
49.98926511 590.9116704920235
50.84987324 592.9631107923982
51.27674749 617.5110466222392
51.64063612 588.192551838279
52.68577517 638.7571008296734
52.68577517 638.7571008296734
52.90333433 673.353370027076
53.82844316 712.7515229423764
53.82844316 712.7515229423764
54.56061552 689.1404341024001
54.86733299 725.111657450405
55.32466446 751.4594568538945
55.81737458 763.4131651399821
55.9409925 785.1726870154042
56.37123309 773.8249450210964
56.80151192 787.3006459080748
57.01663472 821.0200128400737
57.37511831 799.6242992225453
57.81127743 816.0757993579963
58.14928942 849.0354675831903
58.48924865 815.6305911673735
59.02446201 875.6285130391747
60.02839295 910.7069833891807
60.02839295 910.7069833891807
60.83273002 915.4429591332237
61.03231496 945.7031493264116
61.03231496 945.7031493264116
61.81659466 946.4008860559453
62.03616784 980.8213725664777
62.03616784 980.8213725664777
62.78342753 973.5119282468801
63.03985892 1015.9462334736046
63.03985892 1015.9462334736046
63.6855449 984.067339641916
64.0239683 1044.5000320494566
64.50469698 1003.4196746871929
64.90458782 1054.9328880521903
65.33481911 1050.4747017821871
65.33481911 1050.4747017821871
66.98785654 1134.4692369943123
66.98785654 1134.4692369943123
67.67129677 1102.2497939301709
68.73065342 1150.117194766038
68.87967236 1188.5214939802324
68.99191188 1212.2029271396311
69.66851277 1174.8492097595183
69.92418088 1236.8142372344714
69.92418088 1236.8142372344714
70.4959006 1211.7491720349644
70.75428746 1237.3139237910214
70.75428746 1237.3139237910214
70.92804038 1282.2645001116716
71.87981534 1308.767147789837
71.87981534 1308.767147789837
72.00369732 1333.426622447669
72.7924472 1322.7013109643833
72.86419687 1342.4124480602268
73.28300042 1356.568807836235
73.28300042 1356.568807836235
73.85517684 1389.0352628165567
73.85517684 1389.0352628165567
75.37358288 1428.294460256661
75.87999869 1475.672990405998
76.01883415 1499.150233606518
76.8827934 1519.609768560798
77.02264151 1542.561107731327
77.02264151 1542.561107731327
77.81430074 1546.0854998079362
78.45663754 1546.093266606754
78.74346475 1571.3877549657864
79.03015768 1628.7417116990532
79.48718531 1571.7562958491776
80.03381331 1657.7082790371594
80.74106387 1642.3905537159196
80.82188593 1676.2908301202892
80.89443055 1681.2666930923954
81.74917511 1686.254843216347
81.86238145 1715.7207972437952
82.80929934 1742.7901223291533
82.90054451 1765.339768874541
83.82247014 1806.29012574924
83.97749593 1837.482862043523
84.85789239 1862.7400316155915
84.90956173 1874.173761654139
85.88502515 1916.74829289669
85.98506019 1933.185028178627
85.98506019 1933.185028178627
86.88325722 1963.9968688646447
86.98881095 1981.2544133641643
86.98881095 1981.2544133641643
87.51018055 1937.2888773638392
87.9209237 2019.2410458129032
88.93394539 2069.4881560722724
89.88386681 2107.2292970978706
90.0001724 2126.0277888873384
90.0001724 2126.0277888873384
90.88637625 2155.5746383793444
91.00399806 2175.6418345527923
91.00399806 2175.6418345527923
91.4342214 2130.5238760359825
91.77744408 2176.8726894517094
92.70452732 2206.747542333285
92.83091536 2243.84855903622
93.01168048 2279.9417122399004
93.76077645 2273.6496640301175
93.76077645 2273.6496640301175
94.01538727 2332.081957055355
94.52885041 2277.96339632645
94.88258167 2361.224697865237
94.93091602 2372.5473373635305
95.74966657 2371.5418340453243
95.87573974 2410.8992833544744
96.41181894 2387.222713358688
96.90685517 2474.93166616582
97.84044882 2506.4229413758576
98.03015959 2545.362567799828
98.90368622 2575.586914480751
98.98091676 2591.091888382738
99.83716814 2603.228553915166
99.83716814 2603.228553915166
99.96590641 2637.204199196623
100.83681625 2656.6700398889648
100.99758187 2693.793023365665
101.68855468 2666.6308949589334
102.55764177 2696.949544795468
102.8570072 2782.9784618202602
103.71025218 2792.5730170333118
103.71025218 2792.5730170333118
103.88321142 2844.1780589870127
103.88321142 2844.1780589870127
104.8885647 2898.9800202070437
105.81382662 2933.5936855264576
106.67692784 2944.2652716492107
106.88866383 3013.7072766818596
107.32049902 2988.497944962414
107.85216517 3060.105964090114
107.85216517 3060.105964090114
108.82414493 3106.9545668972846
108.9992502 3144.078722974847
109.5030848 3080.383918778982
109.78794945 3150.931902218453
109.89337545 3182.8458660038837
110.56294413 3158.4678970560126
111.00673448 3262.632064966388
111.88991112 3308.0157511004554
112.01036126 3321.0741480415586
112.88882455 3367.043587187961
113.01407809 3380.098666003943
113.88936245 3426.7360766385623
114.80963977 3465.3208143169168
115.02129354 3499.6525587676238
115.50172111 3443.153697513134
115.8672097 3540.4021192620016
116.53283473 3504.3412812161523
116.86754916 3599.5632163467862
117.81924746 3645.723090553889
117.88760271 3663.727893428671
118.59521735 3649.1592711069193
118.59521735 3649.1592711069193
119.53227656 3702.4045975881854
119.85696185 3801.7693413362194
119.96774721 3821.173253821087
120.68455142 3809.1259365539136
120.68455142 3809.1259365539136
120.89963928 3877.959037128538
121.50076546 3816.263620338571
121.88172265 3921.5251744657994
121.97500526 3933.4827120684963
