0 0
2.9329534600000002 0.9940842095866433
3.5195419599999997 0.3736701206881422
5.27930888 0.4371971887164611
7.03906724 0.6229809356351225
7.6256492399999996 0.08035777527330983
8.21223174 0.2363638360862012
10.558557069999999 0.7568360982231365
12.90488724 0.4292072818644098
15.8378163 1.4289983477939037
17.59758173 1.6571551483668792
18.7707526 2.836650658915769
20.53049487 5.711451376254778
20.53050181 3.538858508638653
27.5694698 3.211808830448581
30.50240887 3.662232519551489
31.67559323 1.079239881450885
34.60850514 4.902625961923815
35.19508172 6.516539891161244
35.78166133 6.999479228560015
43.40722711 6.777778976134368
44.58039084 10.05063060790144
45.7535601 11.327939080448603
48.09988341 13.945896360287177
48.68646055 14.599911333193011
52.20591699 16.422723562322716
53.37907496 16.966778639237884
55.72540959 17.619435337773588
56.31199477 18.205344352865218
57.48516753 18.99346904214118
58.65833829 20.329631152874985
61.0046684 24.161334593272343
62.76440598 27.005605042612494
63.93756249 28.186726185975896
64.5241396 28.86724016922176
65.69729426 29.931758818649385
65.69729477 29.775212776098403
67.45703159 30.664201849814578
68.63019483 30.92473768884167
69.80336185 31.496162409946916
70.97653223 32.29886408986808
71.56311756 32.966495360637936
73.32287083 35.42859124330658
78.60206592 43.609979111904586
83.29471736 45.819776957706196
83.88130373 46.30605286987857
84.46789019 47.052289370224216
85.05447582 48.051172606013324
86.2276474 49.82080132620863
86.81423118 51.149623931006026
87.9873953 54.06075131156235
87.98739571 54.01027339557583
88.57397665 55.32013066696205
90.9202931 60.206997556320644
91.50687092 61.163866227828535
94.4397658 64.02632862085126
95.61292925 64.61053811973521
96.19951271 64.9399653936418
98.54585616 66.7278333661978
99.13244216 67.75047239790142
101.47878026 72.6340601804253
102.06536113 74.12638867176693
103.82509405 78.84844278768456
107.3445575 83.08066652188229
109.10430574 83.9058729604076
109.10430588 83.87579792252143
110.86406555 85.31204987242944
111.45065336 86.08052953306256
112.03724091 87.02419570205201
114.97017134 93.6338019526023
115.55675305 95.7314371118393
116.72991538 99.28738665212045
117.90307383 102.76306093139073
119.07623234 105.33794441667305
119.66281256 106.09778737164805
120.83597179 107.92350977434745
122.00913546 108.72801157635139
