0 0
1.55439121 0.2405378801366355
3.73516291 0.23314237329619178
4.56442275 0.21729881029213158
7.00353113 0.8764444833545776
10.27876717 1.742015785613299
10.86754886 2.169841664606458
12.15756345 2.1932320092485456
17.92231448 0.933182321164952
23.84101965 0.9931066704713167
31.85343576 2.0877609102700156
32.86201444 1.8482865190063198
34.60712645 2.2300084011000347
35.06085783 2.3045627978253655
35.63302607 3.2280530353595642
36.94263122 3.4567541781764675
38.80736173 4.4937531404931965
39.73675891 4.953257215887134
43.05301215 5.589668084260113
43.97659577 5.298326397115739
44.8832589 4.841989974806963
50.55770495 4.669027801655043
54.70028629 5.703553735262578
54.8047857 5.841598450901436
55.67122 6.575203825309142
55.71981621 6.350645703448649
56.67699708 6.00633442450633
57.60840218 6.114452701641451
61.71115649 6.5611284471848865
67.86513907 11.731627943420351
69.67218419 11.827433759662176
71.65335684 10.406083655719058
72.57950502 9.906345528526169
78.08160361 10.578210286539194
80.07734912 11.175132313016048
81.83505744 12.478172640016746
85.33308042 8.38583886780927
88.27120706 8.693161017413729
90.93043544 10.699343202631786
98.77941243 16.42145884222302
99.57576157 16.318287584316593
104.87413823 13.956700020494083
105.80681556 14.812795167537814
111.75158156 16.03878070789986
112.79845207 15.84606049692461
113.72947323 15.575071058808868
115.34852215 10.625891094384778
119.92808107 15.18605723028162
120.84557604 16.552509012347013
121.35717389 16.034220233976853
121.67821629 20.2205167353053
