0 0
0.27068925000000005 0.04003277954778621
1.26106923 0.20035380559638155
1.56900698 0.37500771209706096
2.2515361 0.7443357469594631
2.9030805 1.1794447583805476
4.16633705 2.3888155178002046
4.54126549 2.714170277873811
5.15665556 2.6866409888203453
5.81274275 2.7871155710773556
6.59348132 2.790988390609425
7.13741273 2.855139696414618
7.65468665 2.6375672734829325
8.12906067 2.8644009834648023
8.69706438 3.43828688715897
8.78514935 2.9751100723201875
8.78593019 2.9315087574714807
10.04282674 3.2973192792954835
10.608352870000001 3.9630878091978636
11.6015057 3.516742921396173
11.68830879 2.69406764007535
12.02343728 2.385548976755669
12.67999831 1.6098317791684897
13.01457967 1.6424656767872476
13.32052532 1.203323706931456
14.31154873 4.33219890499671
14.57347707 5.692877499704261
15.37264059 11.415000975549141
15.65236038 14.26755043337807
16.29504351 18.85143270574088
16.64329445 22.784494998662428
16.90980172 25.395902045360753
17.28456191 28.294120815594784
17.47704804 29.862790337202068
18.20641132 37.82443470491071
18.3456236 40.00286529316052
18.89010569 47.51970157131777
19.54617434 56.01449452811876
21.18008425 80.04396855184582
22.36009126 100.43936438120167
23.42159532 120.99429080601485
24.34242549 140.2557411492973
24.76658051 151.0118816089272
25.07205212 156.5139375280365
26.06389942 179.67717363110052
27.33719316 211.6275440415005
27.67016052 219.9185062974135
28.66030746 244.19055864854064
29.30979324 259.4397843447093
29.6525476 268.28169290878674
30.02461556 276.17312966576657
30.30062188 283.3449253582991
30.64119609 291.98133014617525
31.2278154 305.65586529213715
31.29752025 307.5114293430798
32.21870566 329.63920260262495
33.0698347 349.510355653192
33.27899859 354.977245137383
34.26986059 378.6877287606264
34.53679614 385.18561773850047
35.19135227 400.6691017517167
35.52580324 408.81841110017757
36.18223588 424.6739021038791
36.51652652 433.09316048169245
37.03308806 445.97195640015354
37.17263163 449.765940282681
38.16320056 476.76421119714416
39.08463483 504.1223459845841
39.79523577 526.7331636630396
39.86529155 529.0005747224309
40.00550383 533.9089489013836
40.97855616 568.2039492100289
42.05721038 610.661071777148
43.04157347 653.00554913827
43.38221688 668.3333657159869
44.30271203 711.4250208111246
44.9401954 742.1155984089793
45.29541815 760.5791599933109
45.60095067 775.8772413483647
46.01403755 798.4221988199678
46.28547055 812.9299627362572
47.27556224 868.8727700615021
48.26603216 926.9162038964648
48.8334725 960.2329200517726
49.25664756 986.2792817786772
50.17729374 1042.3072183821744
51.16991338 1103.377604133566
51.82409328 1144.4734357416498
51.88845431 1148.523760979514
52.87908725 1211.510757792007
53.59076876 1256.761414531724
53.8697054 1275.5662817282544
54.44737771 1312.9708407249511
54.70734316 1329.5621558720752
54.86028983 1340.465813774406
55.69922588 1395.335480992595
55.78759931 1401.7887557840602
56.63236658 1457.8336293488007
56.77166775 1467.3992018176434
57.41628722 1512.7798565138569
57.67946731 1529.854370083054
58.03290242 1555.4472425346858
58.61360696 1596.5242366913021
59.59191723 1667.5281305217457
59.67953335 1674.6559963836148
60.524803059999996 1737.3031545986444
61.00511971 1773.4854875280037
61.31204668 1796.82137792118
61.57202755 1816.5718483075943
61.6550642 1823.6247173042602
62.56280733 1895.1580254131215
62.64562167 1902.3647379201757
63.36263511 1961.412357783987
63.57275868 1979.1927878919341
63.90811579 2007.59279477028
64.62706257 2070.518537814866
65.46576896 2145.339429397925
66.45570073 2238.374316202376
66.87870123 2279.804505847874
67.44570276 2335.0028876976157
68.5249707 2447.413432619275
69.30591692 2530.7956540252508
69.50975601 2553.3438925301534
70.08649394 2615.368189449337
70.15655544 2623.7903020902295
71.14709503 2735.469527236419
72.32900942 2871.2131615153658
73.12667606 2966.707723311786
73.67287614 3034.21367512107
73.74250999 3042.3709266195274
74.32876654 3114.5058358992856
74.66272023 3155.7997276130654
75.29990395 3232.103012234176
75.65496646 3278.9211454619644
76.64477269 3402.640403865815
77.29405547 3483.866948606582
77.63458931 3527.497269222079
78.00861029000001 3572.686790159933
78.28445552 3609.386696004175
78.62493255 3653.6060240413412
79.27486852 3736.3879277483297
79.61540887 3781.0177408406294
80.53554869 3900.499831799012
81.25562769 3994.300365635971
81.52793797 4030.9464922177194
81.83237177 4068.9987016759437
82.24632486 4127.113057236473
82.51768621 4164.295976881445
82.89300308 4213.423462987926
83.50745463 4300.171237704239
83.95330542 4360.27255146938
84.49749284 4437.22911737498
85.20540653 4534.3475595820055
85.21732917 4536.946714769859
85.48800427 4575.237887252276
86.13781623 4665.632891518581
86.40815701 4704.178462632481
86.47823894 4714.314305058001
87.12814469 4805.704987094836
88.03562574 4934.639681875805
88.12432762 4948.073904336512
89.10909674 5089.6885521521535
90.09937959 5233.9342581103165
91.01978797 5369.410348537777
91.08964799 5379.599265063625
92.01007639 5515.90344339509
93.00034407 5663.348924536038
93.99061727 5811.506643860052
94.98121198 5960.1650757237085
95.62767522 6058.226472409485
95.97144986 6109.464931866564
96.61742357 6207.859945529978
96.96167334 6259.240029111747
97.88206276 6399.124971508532
98.87228202 6549.068174788747
99.86250576 6699.219412362932
100.69987354 6822.282556452505
100.7893741 6839.469857078452
101.56951302 6958.14595977313
101.84328181 6999.737459220464
102.76927849 7140.325716922331
103.75948643 7291.751785319685
104.66203696 7426.271387399391
105.01429278 7484.917936706702
105.65209368 7579.389234539653
106.00653036 7638.676658982223
106.64147929 7733.178336248124
106.99591697 7793.477748857212
107.44101616 7861.592941701987
107.65115722 7896.618018832775
108.55187599 8030.44881725127
108.97523463 8104.47436675891
109.28230396 8147.416737004007
109.5426627 8186.607788040488
109.96558827 8260.351576261626
110.53268328 8342.316624287336
111.26522467 8460.34105974218
111.52344066 8498.263775496247
112.18306212 8601.27976973398
112.5955682 8671.857438658926
113.17320455 8758.588147424267
114.23006879 8923.651562317064
114.84632292 9026.468314689759
115.22058141 9079.145472861723
115.41410143 9107.881553333575
116.35281557 9257.712678353924
116.49233948 9280.77016972395
117.34294148 9409.416509272141
117.41295735 9421.010733613119
118.40616205 9571.900563607061
119.32322571 9708.039963517307
119.46247489 9729.81785965585
120.31335552 9854.444701414657
120.3833729 9865.246632246706
121.06034354 9963.2401700681
121.2334457 9988.278508094752
121.37350253 10009.515963818238
122.08346948 10109.667683099697
