0 0
0.34754793999999994 0.03847389215951841
0.48656713 0.06611618042237713
1.04264354 0.09467318968256364
1.11215318 0.14150828072225746
2.29381508 0.31240345458106344
2.29381508 0.31240345458106344
3.33645668 0.3019930810456606
3.33645668 0.3019930810456606
3.40596622 0.33422096580707034
4.03155111 0.44091775669396416
4.10106044 0.42823176617188496
5.00468217 0.4542102955802016
5.28271973 0.5310542446297783
6.04732202 0.5284808689154428
6.04732202 0.5284808689154428
6.32535909 0.5414742683073863
7.29848869 0.623689975628668
7.29848869 0.623689975628668
8.2716173 0.7527214239167481
8.48014482 0.7845013424843326
8.48014482 0.7845013424843326
9.10572703 0.9267535014853208
10.07885418 1.2610690607491886
10.28738129 1.3731453906640052
10.42639941 1.4137053527770909
11.0519806 1.6916229124551314
11.74707043 2.0417121310212822
12.09461506 2.318057042051842
13.0677391 3.396608908945376
13.2762658 3.5082389346609504
14.24938877 4.784031518660123
14.24938877 4.784031518660123
14.52742387 5.095392511437105
15.36152756 6.854298766996431
15.43103623 6.976501826052978
15.50054492 7.069839863511974
16.26513946 8.701962974042301
17.23825855 11.199129870905908
17.23825855 11.199129870905908
17.51629257 11.826384925792702
18.0723603 13.212789056961066
18.35039372 14.122143689513162
19.25400261 16.712907527341653
19.39301925 17.15695613901582
20.43564323 20.696759073047385
21.89531515 25.891540114644773
22.9379365 29.962216218943162
24.05006484 34.488975357390146
24.32809672 35.668318943988226
24.46711264 36.24553585553477
25.37071566 40.14812859006699
25.50973143 40.78228943160992
26.34382602 44.336858407871496
26.4828417 44.94175958057602
26.69136522 45.865903648199556
27.31693563 48.584454405897276
27.66447458 50.12088351391639
27.87299797 51.00645469085624
28.42906017 53.387554578811965
28.91561453 55.4032364631611
28.98512231 55.66177606751908
29.68019968 58.533492397415124
29.88872282 59.37981631337517
30.65330746 62.51482005209372
30.93133824 63.57924090395112
31.00084592 63.8561082203869
32.32149134 68.94841424821168
32.46050659 69.47774555485454
33.01656749 71.57414065237103
33.64213573 73.9439263245429
33.92016596 74.99429698644185
34.3372112 76.58774149826476
34.47622628 77.1163854785368
35.31031654 80.16310365176882
35.65785387 81.52148898534632
36.28342081 84.01008817947297
36.49194311 84.80944842520054
36.63095794 85.35723394331336
37.32603154 88.3153095652861
37.3955389 88.59424368431476
37.95159751 90.95628855585237
38.29913391 92.51257610085015
38.43814851 93.10214467691603
38.99420641 95.6751536430351
39.48075692 97.92120837473703
39.61977117 98.65209494586122
39.89779988 99.97574160617471
40.45385685 102.79252204584031
40.87089916 105.09303415966676
40.94040635 105.37753137902168
41.42695591 107.83430535593926
41.84399789 110.16551684938416
42.46956043 113.80691177365657
43.16462978 117.75620024493965
43.85969839 121.94503418495678
44.13772583 123.57931594200477
44.41575317 125.24053743782882
44.90230072 128.26215199844574
45.31934087 131.1514861541161
45.5973677 132.99119380870084
46.15342112 136.73533794519565
46.29243433 137.7546888116068
46.57046072 139.7724704251
47.12651357 143.66014696056746
47.61305957 147.09648627262942
47.61305957 147.09648627262942
48.30812454 152.33873198039296
49.14220222 158.51947682344473
49.35072144 160.14781221705792
50.32381079 167.74539216227353
50.39331715 168.27261600899686
51.36640559 176.02731949233316
51.57492451 177.64304838070612
51.57492451 177.64304838070612
52.26998711 183.23674493199852
52.54801208 185.45397516103606
52.82603689 187.7536944684541
53.24307419 191.0832033697676
53.59060519 193.85827968986308
53.93813605 196.66419873402734
54.28566701 199.356900471178
54.56369165 201.5507612970395
55.25875286 207.16629921052692
55.53677732 209.3615325162092
55.53677732 209.3615325162092
56.23183804 215.0051793980303
56.57936826 217.8273432065216
56.57936826 217.8273432065216
57.27442609 225.02497181453919
57.55244955 227.64120925966276
57.8304753 228.74459311366564
58.31701685 232.854731606193
58.52553452 234.67646719109408
58.87306407 237.60520907699896
59.56812262 243.67315049388054
59.91565157 246.8375789063468
60.54120362 252.46212205060112
61.23626054 259.0888035436858
61.23626054 259.0888035436858
61.51428317 261.754819275913
62.20933917 268.703651371291
62.55686698 272.2145675170667
62.55686698 272.2145675170667
63.0434058 277.12582819272103
63.52994414 282.2477520946205
63.87747118 286.0743259747038
64.50301972 292.9217609027563
65.19807271 300.9252785483598
65.54559881 305.10677116574385
66.24065087 313.4234600950556
66.51867115 317.03451931174635
67.49174209 329.46833418881675
67.7002572 332.14749940367705
68.53431688 343.1517908447529
68.53431688 343.1517908447529
69.22936502 353.11582392219736
69.29887 353.99928047574826
69.78540349 360.97095832739484
70.20243168 367.20804916834413
70.27193644 368.2049749120311
71.17549707 381.7226986943855
71.17549707 381.7226986943855
72.2180654 397.94586195148
72.2180654 397.94586195148
72.70459658 405.8336075526201
73.26063201 414.83312280273674
73.26063201 414.83312280273674
73.67765834 421.66581478594173
74.2336936 430.551801993127
74.85923233 441.00280605157076
75.27625824 447.82949987392624
75.48477109 451.2883252978613
76.24931765 464.12781596749204
76.66634276 471.23001810629546
77.29188013 481.91292256914454
77.50039257 485.4545246530664
78.26493746 498.7388633035107
78.47344964 502.3557854942161
78.47344964 502.3557854942161
79.23799366 515.8851386250309
80.00253723 529.464172398828
80.48906449 538.2696344649754
81.2536069 552.1856003670931
81.2536069 552.1856003670931
81.6706292 560.2107589933273
82.01814262 570.1744744569644
82.22665852 571.0713413206882
82.29616217 572.411241055731
82.71318455 580.2071599740062
83.26921346 591.079456862374
83.68623494 599.2677984668591
84.45077367 614.5215566440274
84.72878761 620.0956566204603
85.21531161 630.0488019929511
85.63233196 638.6220588705255
85.7018353 640.086850125188
86.25786221 651.527698020749
86.6748819 660.3520937033608
86.95289524 666.0566604902109
87.2309081 672.0290082147353
87.43941777 676.468019077738
87.99544341 688.3294379732903
88.2039528 692.8929567828566
89.17699613 714.235513466589
90.21954151 737.3201944405166
90.21954151 737.3201944405166
91.19258248 759.3298337538683
91.60959981 768.7895157412349
91.67910265 770.3940268217929
92.23512519 783.2406632236406
92.65214179 792.9793041929667
93.20816374 805.9592353012041
93.69468283 817.3032317265341
93.76418548 818.9698219818283
94.1812014 828.8618558041665
94.66771975 840.472162802978
94.94573027 847.0223414316381
95.22374059 853.6809699893515
95.64075598 863.6781459919815
96.19677603 877.1543467542474
96.19677603 877.1543467542474
97.16981064 900.7628297928911
97.9343372 919.4124075198974
98.21234678 926.185762380573
98.42085387 931.3061145770384
99.18537918 950.353630996788
100.15841092 974.532645834779
100.50592189 983.304185983861
100.6449263 986.7684374363703
101.20094359 1000.8296488153081
102.10447082 1023.9289408724652
102.38247897 1031.120339832057
103.14700093 1050.9900816431498
104.18952985 1078.3215229821917
104.67604262 1091.3869425302848
105.16255541 1104.3326599926406
105.64906754 1117.5993430974283
106.13557948 1130.8778313332425
106.62209097 1144.3464683832674
107.17810383 1159.7734320083016
107.59511299 1171.5859064059266
107.73411587 1175.5980446326437
108.15112485 1187.4154299340223
108.91564013 1209.627990455879
109.12414458 1215.4589385323188
109.88865926 1237.725148626669
110.58367214 1258.0349582479191
111.00067963 1270.2802529791807
111.13968206 1274.3744737159589
112.04319781 1300.878713111482
112.04319781 1300.878713111482
112.11269881 1303.0294143801345
113.08571017 1334.7302053893663
113.85022547 1355.2350922506594
114.12822949 1363.6232873125155
114.89274012 1386.7745716737572
115.10124302 1393.0415184389774
116.14375622 1424.9176873469685
116.14375622 1424.9176873469685
117.32526974 1461.3722762267832
117.32526974 1461.3722762267832
118.08977771 1485.1426822948815
118.57628252 1500.2938789312946
119.13228771 1517.6583439564326
119.61879219 1532.7879236537372
120.10529631 1548.0474744879707
120.66130098 1565.3713665742787
121.07830423 1578.4358457569522
121.6343085 1595.7713883421989
121.84281012 1602.2240637305183
122.1208123 1610.7964989951258
122.67681599 1628.2355908206732
