0.2625944 1.6053757131933875
0.45838719000000006 2.7426059769964732
0.76624756 3.6839512988828784
0.96659303 4.509217497306331
1.15731366 5.080563625835668
1.29663527 5.431335716581359
1.6546696600000002 7.182852854232156
1.73292876 7.760065034417646
1.92419469 5.1623515865075085
2.1961077700000002 6.982509898852967
2.2551087 6.92216491370364
2.6201905 5.876943504986978
3.03301884 3.4195749797503145
3.09439272 3.1051953885927093
3.2895026 1.7571283113786256
3.35162974 0.7539328458717868
3.65443818 0.735187875840948
3.92772399 1.0020570713450547
3.93313573 1.0487613580548671
4.12546125 1.5630484450070523
4.26218617 1.9439125318911303
4.58982186 3.471998899943333
4.78764639 4.356221651014937
4.9663567 3.992759248547746
5.16319099 4.590003920979724
5.2975682299999995 4.641773574315504
5.35872382 5.023182835725584
5.58963494 6.0239782928102725
5.99427697 6.640220551064567
6.14528309 8.943901089887483
6.26240741 9.040752579592137
6.63226705 13.678623611566417
6.78807395 14.516978086728017
6.96594377 15.448285539814862
7.10778309 15.86849784724887
7.2934461299999995 18.484001482468088
7.66664668 22.49123235751117
7.78700525 24.033267722172695
7.93254467 25.660679806561504
8.12863903 28.14277334593929
8.32433221 30.373901267911922
8.38126896 31.08665079087241
8.63204765 34.5350929110332
8.89753326 38.5026583636893
8.96034736 39.598123053169196
9.09499437 41.46340523199629
9.22856204 43.29635939270101
9.29085082 44.24122495565612
9.59819731 49.44960675284336
9.92650751 54.12065044482991
10.11719363 56.87304787167832
10.2569747 58.912699540644766
10.48589652 64.01448449258756
10.63170167 65.47565064212046
10.765204109999999 66.8936709855661
10.95982786 70.00976343172067
11.0948104 71.88461436732548
11.22377258 73.88274663471284
11.59919374 80.46370563170382
11.86510393 84.49342215153294
12.00477383 87.22697616293682
12.183669 89.67055539125141
12.48681087 96.77363994296894
12.63163388 97.53413376721367
12.76244998 99.81939897693852
12.9738479 104.16384165523623
13.21690558 107.97038438961704
13.45126689 114.82534958968992
13.59775157 115.19177081818636
13.73100889 116.99612864992892
13.97935046 122.03291133406442
14.18293253 124.29453236413487
14.31290265 126.50067960729193
14.45345698 128.73972447676385
14.63131973 131.04383784583976
14.82525483 133.72126462447662
14.96990114 134.63315459965781
15.08627555 135.565208057477
15.22209511 137.34072725364283
15.4520192 142.24442120288498
15.59780552 141.74392166413205
15.85473885 142.06044739802192
15.97200517 144.3367520207472
16.0596315 142.75157864000016
16.30378172 145.11351661322684
16.419866419999998 149.67704570392635
16.63067792 147.70851203350583
16.76368196 148.56614164211763
16.95952823 149.89413082364928
17.09353351 150.7761800993542
17.15570367 151.0151188458814
17.38589652 154.6555414751998
17.65239051 227.55277872435005
17.7301544 249.68086589944173
17.99345342 312.73922539523414
17.99345342 312.7481222391572
18.11511331 343.9188616844999
18.43009874 421.7410021119334
18.63105443 470.37941466433614
18.76331778 502.8780703866798
19.02684211 566.2763636223846
19.08191978 581.2074261687835
19.46369308 673.9124184171462
19.65189516 718.4522043818604
19.79145943 752.7914740731987
19.9923922 799.1086862340462
20.06045523 814.3621589445764
20.31901649 874.168477798668
20.42962015 902.0602067655451
20.62954552 950.210313350274
20.75772406 980.507162724759
20.96190204 1026.452048315342
21.08192588 1055.632589049703
21.31678772 1106.6569456392215
21.39539757 1127.9374570108293
21.39539757 1127.172561384081
21.59765647 1173.644296479978
21.92648308 1246.7586416200852
22.05457726 1275.4969531904235
22.32000586 1332.8614122400522
22.42931242 1359.7251844813675
22.62971912 1403.4657699856364
22.62971912 1403.4657699856364
22.75803913 1431.456884099499
22.95879809 1473.9052215743832
23.01496164 1486.9024004162648
23.28419576 1543.203872246337
23.46325539 1582.772702155959
23.59617853 1610.83927680054
23.79222217 1652.017303679456
23.99310652 1692.628102914803
23.99310652 1692.6061034973643
24.28318818 1751.2197601825428
24.42942367 1784.3823633042914
24.6323734 1826.4622010789753
24.77043355 1852.6020723836982
24.77043355 1852.581047678883
24.95887235 1892.5367424522683
25.0145538 1904.9384981353135
25.39549626 1981.690065834758
25.80154466 2063.2236304845146
25.98160404 2101.544698868119
26.283408090000002 2159.4370103828855
26.283408090000002 2159.387011506974
26.62865524 2233.710065328195
26.76921827 2258.0320506038206
26.95823202 2297.6347161260496
27.02045308 2310.656750318114
27.253628 2355.1595268527512
27.45036267 2396.0537818282864
27.59517714 2429.0803514227605
27.80255161 2468.0583036116686
27.91880196 2495.630772954906
27.98700408 2508.833913672199
28.29463355 2570.3314952088494
28.43126731 2598.878199557241
28.62243171 2640.8005939749246
28.76852383 2665.279306742532
28.95290783 2707.577280712439
29.26109059 2771.4891335189354
29.46109727 2813.9973654727683
29.65279368 2856.458554086789
29.85711677 2898.71226810372
29.92192016 2912.3815966064253
30.11678042 2953.1659477037274
30.29496244 2991.5793561950086
30.42849239 3019.7916542942826
30.62415486 3062.8262170000744
30.81296877 3103.44843862392
30.95292043 3132.4875645036605
31.18160253 3179.25030549988
31.25970724 3198.670427090281
31.32692168 3212.874083205981
31.46120864 3243.6253366969363
31.58885467 3271.4776215459365
31.79087278 3315.044314342494
31.91926873 3343.2889661256195
32.29599985 3426.720347134693
32.63419513 3499.3513753215443
32.82295068 3542.510306926974
32.94957157 3571.1039263966322
33.25959927 3645.1644376887098
33.38704216 3737.088173292251
33.39475992 3744.2260317702294
33.71209682 3918.664648520918
33.85181311 4000.3549707916873
34.29380354 4241.930461713704
34.42674998 4318.8872746057705
34.62171861 4428.253101836194
34.75592082 4503.795472449345
34.95182419 4612.150885602934
35.19319735 4740.439006683851
35.26023138 4778.013595022019
35.46026977 4891.304137665072
35.65627433 4999.736246972797
35.79042529 5073.932854734908
35.98252305 5179.197357227061
36.08463494 5230.538344845087
36.2911343 5343.985983192945
36.42609855 5419.455835643991
36.61462308 5520.208210690158
36.81854731 5633.374030274391
36.94987523 5704.479262026475
37.05138263 5754.809347218207
37.26057961 5866.038317267056
37.51919201 6004.0804158065075
37.60330392 6047.917555953326
37.78800198 6147.675333382921
37.84070176 6173.427678837793
38.0813479 6298.975884212877
38.2970919 6412.817218812127
38.42715266 6480.219536156464
38.61887706 6577.910875320921
38.81990082 6681.1647242712725
39.01730245 6781.062433261549
39.12571162 6834.361972818678
39.26088432 6902.709986768085
39.64597375 7094.496738042801
39.72368603 7133.703341819699
39.77964911 7162.263178375412
40.29344255 7412.922095033508
40.29344255 7412.922095033508
40.62356613 7571.85223295631
40.809568229999996 7660.301602207994
40.94888595 7726.217402443591
41.0168095 7757.922411179965
41.12681 7810.072686830817
41.26034119 7872.704346827327
41.65642656 8055.456951318818
41.94829235 8189.857703444374
42.16175943 8280.355900254848
42.29372705 8340.415614396601
42.62285054 8485.396435222616
42.69088326 8514.433803416783
42.98329235 8644.2847220729
43.06021036 8675.360654513677
43.25999617 8761.074437295396
43.45252674 8842.835707422299
43.59064684 8900.065181682965
43.77576055 8977.442048861221
43.94676457 9052.030116658656
44.0958044 9109.765449046017
44.35445947 9215.563786993325
44.421599810000004 9242.66380437421
44.5569076 9296.370307582274
44.67530781 9344.667742351277
44.9934697 9471.559526260115
45.06243777 9498.17512216571
45.32823169 9601.17883458939
45.43527217 9646.057848370898
45.58926366 9700.934392966727
45.88307244 9817.728052137052
46.15192619 9915.112030161688
46.29546275 9965.90351978935
46.55871214 10060.964845854996
46.74188237 10128.656893313351
46.99096351 10218.798277658372
47.0804592 10246.947123127593
47.26229396 10311.940381764029
47.45550282 10379.05300949378
47.64520289 10444.879084875616
47.91793495 10536.724583356714
47.96047336 10554.387747414901
48.02874704 10576.40602750956
48.36616272 10687.242004138121
48.42192492 10706.727687877063
48.61219861 10769.849674939062
48.92593055 10874.419002600414
49.11379319 10936.454936725993
49.31765906 10998.34067336891
49.52163513 11060.1131292914
49.63924323 11099.34684188995
49.63924323 11098.451003611757
50.09503932 11291.631946566818
50.28730746 11398.21108930698
50.4335817 11469.889092121357
50.55601598 11536.28196505738
50.81636506 11672.360624585806
50.92769253 11737.41880999014
51.11460206 11833.244697805678
51.32120996 11928.849846810612
51.57840013 12050.942668245541
51.88083864 12193.48788817467
51.96204583 12225.663578377378
52.09614738 12281.282331897239
52.30324605 12366.663285557152
52.423418 12416.946195230947
52.54522722 12468.782000038473
52.78218124 12565.852466995964
52.81656567 12571.827572361735
52.92907584 12618.055791330593
53.12978349 12688.886569046477
53.31936876 12757.104542595702
53.45627367 12801.897356151747
53.51235518 12822.712712000028
53.81374374 12923.628456401462
53.89570021 12946.504840321231
54.01858205 12985.695253521137
54.09724164 13003.553297485041
54.30299142 13062.732749783207
54.49111532 13113.092559883238
54.60990407 13143.996249424921
54.85923609 13208.633776551038
54.94834301 13226.78964209537
55.12736211 13265.065746624261
55.26877846 13297.051946684793
55.44731193 13331.393983046964
55.64313355 13367.572690830903
55.82654231 13401.95746580374
55.96054847 13421.411336482206
56.09781463 13441.81271050291
56.30075763 13472.27706226251
56.42413373 13486.893553899226
56.47987435 13491.781069813294
56.75095797 13524.051660702467
56.98282908 13544.154553156937
57.06161654 13547.73285911094
57.25736824 13561.489545346594
57.52070288 13576.874941790888
57.71797727 13584.220885930237
57.82665053 13582.828401991437
57.95320022 13584.793846968612
58.15658427 13584.932936059828
58.29112746 13585.305354081878
58.4870718 13582.20219382694
58.68567237 13576.494128701326
58.9317837 13559.342000954688
59.31750114 13530.212661741687
59.45462054 13522.001245295874
59.76192076 13482.164819339863
59.96205608 13459.36884076414
60.4203853 13396.03258086883
61.26034999 13234.134944933166
61.32634905 13219.73039429829
61.3871094 13204.75613142157
61.65203392 13142.628478421737
61.88857208 13071.849732328872
61.954595 13055.072657269497
62.22505755 12989.231015029527
62.29254208 12971.161370122754
62.42167018 12933.334741373379
62.61815701 12873.743978299963
62.68474524 12852.380542113777
62.9892737 12745.779695422636
63.05844176 12726.59959015246
63.32578471 12638.822927956871
63.38738347 12616.41945049637
63.61630161 12515.982009250743
63.61630161 12515.982009250743
63.95580764 12393.835837057086
64.29196675 12266.791128012594
64.58354698 12097.70564790757
64.65005161 12062.982475633733
64.79657838 12000.990775464297
64.9295163 11932.359254005365
65.32182858 11715.447131732559
65.38804723 11677.374585924284
65.58617849 11557.505811465719
65.76345424 11445.155008724354
66.02449978 11284.700698176064
66.09124025 11243.844683977413
66.28692472 11118.503942662175
66.35503804 11074.347200231261
66.66338437 10853.447355675247
66.75390832 10778.368823995266
66.99120123 10592.186541691279
67.26099802 10374.087588997734
67.55508633 10105.087579103756
67.76467868 9940.383919711861
67.96483349 9765.15757137524
68.13940521 9591.11095759435
68.22674586 9527.22001208625
68.28254707 9474.95557222339
68.66346752 9113.55392418532
68.79782374 8988.364403797383
69.11957912 8672.80109753
69.32337398 8471.784378179213
69.51987957 8272.207863479069
69.63137561 8154.52468785895
69.83181138 7951.733678045399
69.95959367 7817.599538055147
70.16159314 7605.473428584407
70.2783636 7477.549611509919
70.41328171 7335.70324063173
70.55697618 7176.334926997219
70.78681274 6918.821380146215
70.91808121 6774.9697120996425
71.25065752 6409.011358653828
71.56560398 6046.552275947095
71.76493489 5819.322821219109
71.83301099 5741.002049576159
71.95733712 5594.526701010446
72.09578373 5433.7651577798815
72.99002282 4305.939677836456
73.11795083 4140.961105994296
73.19503378 4044.494443900809
73.45549296 3704.618483821731
73.45549296 3704.4429524860616
73.63163013 3471.7692980795746
73.95809323 3041.751632029293
73.96180738 3038.864428139446
74.09651217 2861.716956030581
74.16297833 2773.7756222293146
74.28051753 2615.7693888664235
74.60052507 2189.2361813115135
75.06363885 1571.8373082903847
75.19222878 1399.1347722249814
75.38787698 1136.4664336097253
75.45551002 1045.3521346842904
75.45551002 1045.3521346842904
75.5670656 890.4497918985012
75.687284 727.9658042416837
75.94410425 383.3205052371869
76.09934021 187.54631956986447
76.15879219 107.2839204517204
76.42332638 279.4383508727395
76.72265856 680.2103975049181
76.73457297 691.1333830625824
76.93105447 957.9351648633422
77.13007555 1227.4393412008744
77.19273589 1311.6027372805595
77.39094559 1578.5195154186088
77.62188625 1894.3481282170737
77.7682419 2086.745272403558
78.15906889 2610.982970222139
78.21683493 2688.211214996973
78.4682713 3023.881697325104
78.60227467 3200.548779950594
78.8599433 3540.6235157792844
78.99822123 3721.14004303853
79.11997587 3881.0724637097896
79.32221967 4143.096715995539
79.43520753 4291.869876910306
79.56910925 4463.693009779466
79.76906734 4718.979535281923
79.9654548 4968.180678694679
80.09352574 5130.257888764748
80.35883179 5459.701256522269
80.46794187 5601.0809067253085
80.60233848 5765.748919813337
80.85979389 6081.233932812098
81.12726117 6401.603354800429
81.12726117 6401.592901821993
81.50284937 6850.723877674842
81.57008936 6928.977448179731
81.76364766 7154.099286615455
81.93475013 7348.728150880701
82.09420251 7527.870776106985
82.32480855 7789.600674495097
82.40255483 7876.664214415016
82.60247086 8093.5374854319125
82.78685312 8293.741868560104
82.93256731 8442.996017463398
83.06073128 8577.228536406963
83.43611332 8964.095625333372
83.56887529 9096.583086714529
83.76404421 9289.285045078139
83.93520657 9454.770575872435
84.02752971 9540.745128098719
84.25848911 9761.033453557344
84.47056572 9957.610435868408
84.66984674 10134.708617608225
84.73114428 10190.780822019322
84.93197065 10361.845163171265
85.06134109 10472.190868759188
85.29091966 10670.064143693799
85.43692686 10790.137076278252
85.62178895 10940.687727904426
85.84718124 11102.88528895708
85.89984046 11148.105264383712
86.15124467 11340.414890321155
86.22341199 11388.356519678984
86.29274062 11435.79060802477
86.40340888 11524.683810868431
86.47412533 11570.073941545894
86.60278685 11656.929937331828
86.81107013 11788.431490716895
86.99230138 11911.326176686604
87.19027377 12028.32336820607
87.36985243 12142.900863386414
87.50342239 12217.739447927766
87.56895611 12254.041326698127
87.74619716 12357.011055333609
87.80084299 12382.292322947991
87.9017963 12431.354354529472
88.08414977 12529.219291929801
88.22598888 12594.038140142422
88.53981867 12753.15363127128
88.7992569 12883.725271026291
88.9279233 12944.717617354077
88.99505486 12974.68492262622
88.99505486 12975.615731291857
89.49192021 13186.427879731395
89.57013599 13207.392215641297
89.83383358 13294.96800910261
89.90037668 13315.741831157784
89.96206976 13333.250391365043
90.27003404 13417.441117994693
90.45868466 13461.63049271742
90.66213792 13493.607622352796
90.76738145 13517.624120262477
90.92865714 13533.296594360972
91.19093662 13562.161570544258
91.23679009 13564.68621300823
91.43726231 13572.884183951106
91.62932592 13576.886015666543
91.89822722 13575.920914915765
92.33541432 13537.998996458165
92.4656487 13521.086004852115
92.80013043 13470.555146864715
92.80013043 13470.56389605598
92.92944702 13444.541922770464
92.99321759 13430.097822199348
93.2366661 13365.206782347599
93.43775366 13308.971086690688
93.56680549 13268.860407912964
93.76779963 13205.599869636148
93.96203134 13134.110397253848
94.12446133 13067.517497106717
94.27124518 12998.059751393777
94.47067664 12910.162707913947
94.59659384 12848.493248569155
94.73470021 12784.74399441156
94.91853721 12680.733969855804
95.12631421 12573.100500870729
95.23771457 12497.017306483804
95.44112759 12378.92186102649
95.61431803 12262.535901623216
95.83001715 12124.766670059982
95.83001715 12124.767663346132
96.06000531 11957.44985100945
96.32893116 11754.59722490616
96.46655832 11650.906107894234
96.61306087 11544.906038474084
96.79635689 11389.09495561752
96.86358094 11334.653292324196
97.09653309 11125.01913942683
97.24081915 11000.190116948146
97.43675632 10822.397786602207
97.61384647 10651.289884425853
97.83028174 10451.70731775336
97.95335116 10326.33875789782
98.09380802 10192.430719236305
98.20743259 10066.792723226115
98.40814603 9860.598083701909
98.59282572 9658.797372392675
98.73493018 9511.172691700198
98.92028517 9300.002692444166
99.17407212 9009.664832364273
99.29394726 8868.721028173411
99.56864711 8549.096249857204
99.62396385 8478.786964100147
100.33339915 7598.079191060258
100.40750705 7506.77905074144
100.59378121 7261.93986111632
100.73596635 7084.108386469989
100.7972112 7000.487226156763
101.107293 6579.41596874111
101.24138876 6398.734770319767
101.4345038 6133.279541457098
102.0733797 5233.930392764721
102.26689236 4956.7913082033665
102.60264005 4474.670519071919
102.73030506 4286.2797823585815
103.10751075 3723.8291462262287
104.07394433 2263.8933750648016
104.26723152 1969.68819381827
104.60293234 1464.9496668180268
104.95897522 919.0796748261814
105.17450032 573.4109696526009
105.23853323 476.12378810833894
105.5025256 125.87155157683023
105.5682056 121.10276678490196
106.09552038 849.317654414177
106.27125544 1120.0969852003307
106.44574031 1394.674821739024
106.71930023 1808.4592059878357
106.92804295 2126.282978149232
107.16406327 2488.024931539373
107.68549323 3273.919407890073
108.12979327 3935.7678735192962
108.26567927 4136.121275293087
108.4635545 4425.538414404367
108.86172701 4997.876611378889
109.12627088 5367.676373706018
109.16016083 5425.739873465226
109.29625408 5618.580983821422
109.44602383 5819.023401269727
110.20010036 6856.741198169542
110.26614373 6944.548840420095
110.26707035 6945.901557572112
110.53688112 7293.754414551922
110.89361642 7754.421339182073
111.17144927 8102.336789290049
111.37837337 8345.941505622133
111.50049976 8499.244286012776
112.31223833 9435.929884500532
112.46755414 9603.085129142852
112.90397913 10069.35091789996
113.29854758 10462.687478017111
113.49952591 10648.708764821753
113.8704323 10995.331527966295
114.26228946 11333.684290126414
115.0248336 11930.92844932906
115.48994521 12248.179134000227
116.02589462 12571.958787661693
116.26600283 12708.339964392313
116.45515669 12807.930111633214
116.72540029 12934.62085037549
116.90297429 13017.224832192122
117.16392318 13122.820216287642
117.27865672 13171.015516485651
117.48814371 13239.441011566243
117.72341966 13317.282787431606
117.99371719 13391.09156050272
118.06924044 13405.44287319627
118.2656333 13448.59547160325
118.401228 13474.975187643844
118.96029285 13558.577806030436
119.03559355 13563.43109876654
119.29931836 13577.50419655204
119.43191053 13578.231405675213
119.7226442 13563.154860512888
