0 0
0.52216934 0.12251923163897534
1.00457365 0.24978947631521564
2.0093746599999998 0.6132218209967735
3.00373927 1.0365568204664597
3.49516149 1.0147768015994547
4.0076532 1.306159559756972
5.00023397 2.0423039884667564
6.03321243 2.646054157157093
6.03321243 2.646054157157093
6.99872717 3.500625509150927
7.86916621 3.1740412679498267
8.25082604 1.5789624702596483
9.00557944 5.185401283391599
9.25505184 2.2339637381338746
9.99186274 6.407027440460748
10.49233398 6.8316453395262435
11.50351711 7.9193914236674345
11.50351711 7.9193914236674345
12.01616684 8.266982663211255
12.4608643 9.14851589735194
12.96078141 9.812561232388282
13.95832149 11.128674079215934
14.97170011 12.604238509135518
16.05801235 11.923590293791486
16.47617713 14.775224562421165
16.86632465 13.882104839932992
17.51019427 15.533697233023211
17.51019427 15.533697233023211
17.97235167 16.944481489042293
18.98557003 18.162010722933555
23.02143713 23.859874835436955
24.21310407 20.248455954382838
24.45940972 29.252214412482278
25.93376507 32.961165172536475
25.93376507 32.961165172536475
26.48519732 33.07669366095799
26.95252314 35.267388973655585
27.94664225 37.95852940985398
27.94664225 37.95852940985398
28.91396041 40.264484666441234
29.92727995 42.983841379561625
30.45989544 43.94308189915943
30.45989544 43.94308189915943
30.94153701 45.7368285271973
31.93608652 48.67516996309079
32.48909522 48.1572288399044
32.94540147 51.32027173483956
33.91213224 54.89458568392209
34.75663035 48.69783688826458
34.90332358 58.08160963903479
35.89512452 61.45021225142855
36.84938988 63.29222780607912
36.90631056 65.164410607555
37.43541971 66.58248841246218
37.90193508 68.85792045312772
38.4149003 70.6759534135483
38.91912358 72.42500884762575
38.91912358 72.42500884762575
39.74096581 65.14647129483218
40.45459347 76.36408090893059
40.74685229 69.48523899221904
41.41108465 82.08425449493448
41.41108465 82.08425449493448
41.89754559 84.19554670765966
42.88328042 88.04924735803677
43.87978059 91.68258896070398
43.87978059 91.68258896070398
44.87287992 95.7857004015969
44.93353117 94.55314176123467
45.73206371 87.47104720298674
46.90624331 103.57667022047761
46.90624331 103.57667022047761
47.47772063 100.29867108015236
47.76157715 99.40494289194818
48.87748938 112.5537787090308
48.87895942 112.56998892981416
50.86260922 121.95129746892809
50.86260922 121.95129746892809
51.84717327 126.57612612600975
52.48092739 121.53147770310561
52.85338047 132.07759415848935
53.841111 136.81830669171262
53.841111 136.81830669171262
54.41323487 138.1882174591145
54.85779187 142.51415747795662
55.87111829 147.69998555055815
56.84760912 152.743809123132
57.90996647 155.77567487789725
57.90996647 155.77567487789725
59.4281418 161.63228991942765
60.36239836 171.64741606897007
60.36239836 171.64741606897007
60.87783194 173.764793314673
61.38395826 176.31401875145994
61.82583954 179.8616211903748
62.34482388 183.44243129401877
62.80944073 185.17254371859548
62.80944073 185.17254371859548
63.35776209 189.3231642837078
63.89512261 190.0585235515725
64.84013699 198.9881305582009
65.12478035 176.21500516023613
66.34343617 208.66074872363438
66.90814345 207.24793922993436
67.39603117 211.7710916841241
68.51018761 200.69371032838094
68.80139218 224.39740537682286
69.48159504 210.6416153139029
69.78570354 229.95112162099073
70.49612701 214.4975972714558
70.76552553 234.68270055814816
71.53077427 216.33855692814538
71.9164777 236.3662792467955
72.4599335 231.77508297477675
72.82923581 251.23225181569447
73.80350823 257.6049400781429
73.80350823 257.6049400781429
74.41582576 251.6542482761927
74.86049878 262.5892507610747
75.43277086 254.99719670402533
76.31565626 275.39676516905945
76.31565626 275.39676516905945
76.87515733 274.6271108769701
77.36426034 279.6007593727967
77.84880895 284.8705307891081
78.80377033 294.4808207441426
78.80377033 294.4808207441426
79.41070625 286.67661117457766
80.42709073 290.8013836534479
80.84799878 307.73747697283255
80.84799878 307.73747697283255
81.33688764 312.59616212732385
81.91271673 304.4361554246459
82.4473384 301.31340382732446
83.36503465 324.1148331493829
83.81278611 333.331707327031
84.50579591 307.2179694425184
84.81888996 340.6489873005881
85.74830674 346.9742674724353
86.43499285 332.15174790285585
86.43499285 332.15174790285585
86.8474953 352.5866350498192
88.49809336 337.5252953694958
88.49809336 337.5252953694958
89.74936441 380.65792459424347
90.43323544 363.07673267771986
91.4275928 372.53992674521595
91.72314752 396.2891374982831
92.41540666 383.40797536841006
93.26565441 413.8266564210088
93.74351137 417.42070739250244
94.25322895 422.8474244752185
94.25593737 422.9511304710568
95.41568177 409.1573015720477
96.25663595 441.9570649629274
96.42601192 415.4667742943195
97.25234607 451.09420197866103
98.25371206 460.20334446379655
98.47066504 425.2380153394021
98.47066504 425.2380153394021
99.2336518 468.35278570963516
99.71051448 470.4895745853592
100.40945954 452.01231558948933
100.73941091 482.29234772772594
100.73941091 482.29234772772594
101.7134127 489.4938572541315
103.25127632 476.06976729781326
103.25127632 476.06976729781326
104.44080085 391.5068804087252
104.75251595 423.9472492344446
105.42097982 359.9885962930633
105.42097982 359.9885962930633
105.71993801 390.82523976526437
105.74041326 389.8137838257694
106.74771307 354.14206049094474
107.50036626 282.2424944888038
108.37420051 266.94629947026624
108.91662784 237.2944547418376
110.2142085 234.08148837633
110.39598946 189.17368900600005
110.7050714 216.56218354349863
111.36782892 162.16216054111248
111.70841527 181.5592568732954
112.36721638 126.68267698251313
112.36721638 126.68267698251313
112.9455199 90.36402742940618
113.54099846 79.93701656040353
114.85460375 43.18152619825815
115.54913358 15.77150646970797
116.18891288 24.808853138526654
117.1926131 9.798831682036596
117.69899073 26.579417263885627
117.69899073 26.579417263885627
118.70035261 60.27423836700431
119.33804298 111.41143806947056
121.19379872 143.98809303087526
121.19379872 143.98809303087526
121.40695963 198.15126418852128
122.19569907 177.42053281925334
122.37194566 224.06042124808232
123.17914481 210.5517547377856
