0 0
0.38655504 0.8090325145008807
0.6442480100000001 2.6580353908194154
0.6442480100000001 2.6580353908194154
1.35286628 8.881888516812626
2.31907465 21.054331756606384
2.31907465 21.054331756606384
2.8987494 30.831404494873198
2.8987494 30.831404494873198
2.89874941 20.614240702947075
3.28517724 39.05360436239115
3.6071903599999997 44.540366172202305
4.25117923 58.74773962413375
4.25117923 58.74773962413375
4.89512299 74.04089034998448
5.21707673 82.79273974590708
6.11848846 107.54679933936724
6.24725364 111.6510118906891
6.82667286 131.71735874393315
7.27730125 151.34394007081585
7.53479102 164.23431461181266
8.50029524 224.979338908285
8.50029524 224.979338908285
9.07953556 270.6393379714443
9.07953556 270.6393379714443
10.04482236 368.60168306896344
10.75260466 460.45500180816146
11.33163213 553.0479741969848
11.58895826 599.24939338457
12.03924544 690.571776233904
12.03924544 690.571776233904
13.0040229 918.1951235605484
13.13264819 951.0886132247379
13.71142896 1105.9805356406948
14.0972515 1216.0720906591255
14.0972515 1216.0720906591255
14.41874931 1313.281262397322
14.41874931 1313.281262397322
15.06168807 1521.9261930105263
15.06168807 1521.9261930105263
15.51170352 1677.081553364693
15.76883906 1769.4821796202855
15.76883906 1769.4821796202855
17.05433701 2274.263308277826
18.33952518 2854.735133514471
18.91776024 3138.590007596673
20.00981577 3709.6082206441824
20.8447755 4171.95224596755
21.29432043 4428.244898140147
21.29432043 4428.244898140147
22.12909997 4915.83055953622
22.12909997 4915.83055953622
23.09216125 5496.004492313127
23.09216125 5496.004492313127
23.99088444 6047.460589018089
23.99088444 6047.460589018089
24.82530417 6561.85426049007
25.53127433 6994.51800734505
25.91632103 7228.039272172134
25.91632103 7228.039272172134
26.68635748 7687.839263160763
26.81468966 7763.403042741743
27.52047739 8174.262981765186
27.52047739 8174.262981765186
27.90542241 8395.892831626083
28.86769204 8940.697646783841
29.31670412 9190.59235335576
29.70154734 9402.348786602008
30.27877371 9713.733838615852
30.27877371 9713.733838615852
30.47117223 9815.745026572095
31.68955735 10447.64035164581
31.68955735 10447.64035164581
32.39483575 10796.926215780957
32.58717097 10889.964032067935
32.65128136 10920.77349839059
33.22824675 11192.544191973688
33.35645377 11251.754727866386
33.67695544 11399.176357150069
33.93334268 11515.503630562212
34.25380647 11659.480616526249
34.25380647 11659.480616526249
34.57424673 11801.853615112137
34.57424673 11801.853615112137
35.34320739 12134.455618310561
35.40728132 12161.44295635073
35.59949571 12242.088165282365
36.04796147 12425.443850458467
36.624486590000004 12649.675142782642
36.624486590000004 12649.675142782642
36.752591 12697.631826474968
36.88069258 12744.48098285688
37.39304896 12924.148081482492
37.90533134 13087.780523648045
37.90533134 13087.780523648045
38.92969158 13353.052512569713
39.69772777 13479.939983083847
40.3376479 13528.341240684635
40.84950089 13523.214137040695
41.233344 13491.031155771114
42.06486068 13328.948764430124
42.32067103 13251.316359454548
42.64040165 13133.46500902945
42.70434277 13106.930009992779
43.3436793 12785.96001272217
43.66329473 12585.116484073074
43.79113175 12497.034405736184
44.3663381 12044.633162726073
44.6219558 11814.086314689499
44.68585717 11753.468535984603
45.1970347 11229.189897939332
45.26092693 11158.38588861689
46.34694088 9781.739330387129
46.41081471 9690.484488347576
47.36879881 8188.215890592691
47.43265603 8079.273263716243
48.32653971 6439.759539605462
48.32653971 6439.759539605462
48.58189129 5931.71691863759
49.15636363 4729.841394797245
49.28401137 4452.365973296912
49.66692887 3600.414744132292
50.30503415 2119.4159364224424
50.36883814 1967.4685131281094
50.56024293 1507.883439054797
51.26196741 237.8245755668965
51.45332266 708.066343440985
51.6446683 1187.8925386422331
52.34619093 2955.2301827263464
52.47372699 3275.686353885627
52.47372699 3275.686353885627
53.23883948 5183.2410714487605
53.23883948 5183.2410714487605
53.55758332 5962.5987422638445
53.55758332 5962.5987422638445
54.00377133 7028.398217393125
54.13123969 7327.425951475182
54.44987801 8064.07511912127
54.44987801 8064.07511912127
55.0233066 9337.521753461257
55.2781177 9872.33326134878
55.40551522 10130.001233140394
55.40551522 10130.001233140394
55.97873397 11199.664482934275
56.16978156 11519.98748721406
56.16978156 11519.98748721406
57.37946982 13033.897352631084
58.14321656 13453.409007520806
58.20685109 13467.14395466404
59.35197242 13089.148294254215
59.35197242 13089.148294254215
59.54276959 12903.681567269567
59.54276959 12903.681567269567
60.62364741 11149.10886575437
60.62364741 11149.10886575437
60.94144494 10400.405287970247
61.44981659 8985.767517280301
61.64042417 8389.295662805214
61.89453831 7539.696185215699
62.59317912 4909.262568364801
62.91066077 3591.3668506547538
63.10112443 2770.7064559167325
63.10112443 2770.7064559167325
63.86279294 701.6924202634564
64.56069947 3940.1105532637876
64.56069947 3940.1105532637876
64.87783104 5394.891495977674
65.25830684 7078.359528974827
65.82886051 9384.022945353237
66.20911791 10714.136352284637
66.20911791 10714.136352284637
66.8426908 12425.829482305315
67.22271893 13084.209928315096
67.22271893 13084.209928315096
67.79259156 13461.181250159165
68.17239676 13265.112155398667
68.17239676 13265.112155398667
68.9950197 11545.662099406105
69.1847967 10898.571172528007
69.50103869 9620.541131195152
69.50103869 9620.541131195152
69.94365681 7438.047644139974
70.13330442 6375.383709331862
70.13330442 6375.383709331862
71.01795732 707.8512729586051
71.14428765 331.3685248339996
71.14428765 331.3685248339996
71.46006512 2434.1932627280253
72.02829401 6262.686549967599
72.09141722 6664.9532613321035
72.72250042 10236.0386867157
73.10101651 11847.425220277322
73.4163677 12795.529780097007
73.73164559 13331.782485137444
73.98381302 13437.899022523648
74.10987744 13378.205964413877
74.10987744 13378.205964413877
74.67701184 12153.134597591707
74.86599851 11399.411077756378
75.11793265 10137.604466211042
75.11793265 10137.604466211042
75.93633666 4315.555783217689
75.93633666 4315.555783217689
76.62834076 1909.7485434233356
77.06846274 5813.126649435902
77.06846274 5813.126649435902
77.94807364 11877.054426672617
78.07366117 12412.113664379998
78.95219023 12835.112564654686
79.07758217 12365.46958956756
79.51625963 9662.50039156451
79.70416918 8036.813047790005
79.76676921 7426.652075615549
79.76676921 7426.652075615549
80.76782558 4325.953392810232
80.83033753 5068.280202521455
80.83033753 5068.280202521455
81.95440012 13360.882815782488
81.95440012 13360.882815782488
82.57783613 11000.29394097058
82.57783613 11000.29394097058
83.69773927 4524.925903209206
83.75985456 5476.931507788284
83.8840472 7300.659246139795
83.8840472 7300.659246139795
84.87558507 12531.027058746551
84.87558507 12531.027058746551
85.86198183 4833.646825768162
85.86198183 4833.646825768162
85.86202292 4805.942823969523
85.86202292 4805.942823969523
