0 0
0.0 0.0
2.51851983 0.7684725050078344
2.51851983 0.7684725050078344
4.40741723 0.4370809079155685
5.03705712 2.020688616870613
5.03705712 2.020688616870613
7.55558469 0.8568870488785035
7.55558469 0.8568870488785035
8.18521446 1.1822152903434893
10.07411381 2.919055251313799
10.07411381 2.919055251313799
10.70373256 1.2730318782915688
11.9629834 1.4192511113848456
13.22224013 2.9258745207783643
13.22224013 2.9258745207783643
13.85186541 3.0803858937716866
15.74074304 2.8984694399179025
15.74074304 2.8984694399179025
16.99999658 2.0772741894385494
18.25926882 4.049827646607271
21.40743756 7.383427587273342
22.03706763 7.83758100185637
23.92594859 8.91934766175585
23.92594859 8.91934766175585
24.55557354 9.21637964588524
25.18520096 10.426063601282575
25.81481922 8.623079988414421
27.70369745 9.303481224029241
27.70369745 9.303481224029241
28.96295424 9.343013623085525
30.22221684 9.607006614460365
30.22221684 9.607006614460365
31.48148086 9.179255180467662
32.11111187 8.380117728568022
32.74074486 8.198118187288284
32.74074486 8.198118187288284
35.25926983 6.331935796289637
35.25926983 6.331935796289637
35.88889732 5.386617155164906
37.14815577 5.459784755004618
37.77778116 4.958589470143316
37.77778116 4.958589470143316
38.40740691 4.876143345923287
41.55553669 7.7079976650963635
41.55553669 7.7079976650963635
42.81478858 8.327170325036008
44.07404631 9.352696308857785
44.07404631 9.352696308857785
44.70367712 9.91265747398815
45.96294161 10.908487195218898
46.5925738 11.196510459500988
46.5925738 11.196510459500988
47.85183709 11.785897668931035
49.11109417 11.66175165937036
49.11109417 11.695558845037258
49.74071926 11.174507917048494
49.74072092 11.719494042054896
50.99996827 11.224545922852005
52.88883568 11.33167079732313
52.88883568 11.33167079732313
53.51845997 11.970833762845496
54.77770821 12.337295918330248
56.0369662 14.291559803688479
56.0369662 14.291559803688479
56.66659451 14.440558947684663
57.92585385 14.585601244567643
59.81474618 13.86500462765727
59.81474618 13.86500462765727
61.07400677 12.909522871432994
61.70363678 12.414134194859212
64.85176987 9.563308351481673
64.85176987 9.563308351481673
65.48139322 9.10725890310659
66.74063745 8.42001340876567
68.62950161 8.023568839231222
68.62950161 8.023568839231222
68.62950183 8.082752287897604
73.66651777 11.189416456873353
73.66651777 11.189416456873353
74.92577713 11.515076966215284
78.70352434 10.848136617377223
78.70352465 10.895886070942723
81.22200725 11.349790779727758
81.22200725 11.349790779727758
81.85162947 11.668604368096945
82.48125295 11.947116122829527
85.62938596 12.20785925948742
85.62938596 12.20785925948742
87.51827258 11.072873765383422
89.40715568 8.921262553668116
89.40715568 8.921262553668116
90.66640602 7.1951150950375435
93.18489508 4.996985355149917
93.18489508 4.996985355149917
95.07375536 5.001715090423065
95.70337563 5.0893282275716105
95.70337563 5.0893282275716105
99.48111947 5.915042385459015
99.48111947 5.915042385459015
100.74037743 6.534671333185974
101.99963468 6.683568302318318
101.99963468 6.683568302318318
105.1477558 6.755489674139219
105.77737607 6.838135050088465
106.40699571 7.110114172885823
107.03661561 7.463808531267686
107.66623493 7.76874782491859
108.29585501 7.9520705162343015
108.29585501 7.9520705162343015
109.55509822 8.235296865903189
110.18472167 8.31402105527018
110.81434635 8.416753826103946
110.81434635 8.416753826103946
111.44397221 8.447366161696458
113.33285438 8.232693175929212
113.96248336 8.31189953170287
115.85136735 8.399687015086931
115.85136735 8.399687015086931
117.74024557 9.670223284460084
120.25873524 13.161630763533223
120.8883551 13.939981570989893
120.8883551 13.939981570989893
122.14759511 15.089788395241925
122.77721515 15.49434733454233
