0 0
0.39808752999999997 3.0266804895971395
1.06154682 4.864576101424009
1.06154682 4.864576101424009
1.3932722800000001 11.419774896680787
1.3932722800000001 11.419774896680787
1.92405332 8.406526583157998
2.0567466 8.863432563886954
3.05194831 10.79906693963515
3.58271996 13.357314111457875
4.04714327 16.651252099276682
4.31252523 20.26886413412219
4.90965631 14.07174353373869
5.04235507 10.68771776919873
5.57312624 12.727619006876681
5.63947034 14.50041886724763
5.63947034 14.50041886724763
6.30294328 10.879051749256266
6.56833194 9.689751862223327
6.96640757 12.45825156153657
6.96640757 12.45825156153657
7.29815575 2.9842732451473464
7.56353149 9.87466929321657
7.82891574 11.305916189546787
7.96161361 8.309421385304102
8.29334384 10.09562802469396
8.82412307 5.6750216981145645
8.82412307 5.6750216981145645
10.21740334 3.1074043101889455
10.48279073 2.182960523496057
10.48279073 2.182960523496057
11.54433565 1.359832595383959
11.67702352 3.13777868637111
11.80970849 7.991645124135733
11.80970849 7.991645124135733
12.80494814 22.07463358787778
13.20302878 24.29458880207399
13.73380003 25.36974362533802
13.86649161 24.84852644829931
14.5299744 38.56934890235205
14.7290059 34.33135319552649
15.52518066 48.81265483189799
15.72422376 52.002914563001234
16.45404653 63.02345464222957
16.52039228 62.859134990082055
16.85212022 61.70017138137541
17.11751065 66.20204112372326
17.11751065 66.20204112372326
17.58192984 64.63006908496372
17.78096811 65.03761649146415
18.11270801 72.00420700083598
18.11270801 72.00420700083598
18.77617965 80.77512926539148
19.10791823 87.0768846249546
19.10791823 87.0768846249546
20.10311592 94.66334749129027
20.76658606 103.35945530739313
21.09832168 108.30236466421871
21.76180079 123.5926984784551
22.49160688 126.81034247868222
23.75219333 141.3737177399927
24.01758474 147.81675457174927
24.01758474 147.81675457174927
24.48202735 163.86016579075826
24.48202735 163.86016579075826
24.74741817 170.0385554032471
25.54358835 187.1645008992735
25.67628448 190.8000757424076
26.47244561 202.54726626995063
26.53879133 202.86905856771057
26.73782948 204.48440459641745
27.53397772 208.3826223356697
27.66666837 208.59712254772268
28.3964809 219.23764133864657
28.5291753 221.92574938784156
28.66186849 223.9024191879138
28.66186849 223.9024191879138
29.52437583 238.10451358194766
29.92245449 243.81329535765292
30.25419203 252.10729056489015
30.25419203 252.10729056489015
30.51958056 257.8389373570092
31.24939598 271.82413808816483
31.5811284 277.08601264564714
32.24459921 291.7795116693163
32.90806905 306.15576838052743
33.17345686 311.9085636071673
33.57153779 320.139041583286
34.16865519 330.0101460782835
34.16865519 330.0101460782835
34.56673337 336.66122111747734
35.16386267 354.79521110396155
35.16386267 354.79521110396155
35.56194249 362.8416081808696
36.15906447 376.6136310990843
36.42444676 379.31965747161655
36.42444676 379.31965747161655
37.0879182 396.6994523701038
37.0879182 396.6994523701038
37.35330622 403.372475783844
38.08312455 422.77131044385266
38.08312455 422.77131044385266
38.41485248 426.7640397918476
38.41485248 426.7640397918476
38.8129377 439.26190699124857
39.07832926 448.5613122687778
39.27736696 451.6561800771348
39.80814096 464.59374385390333
40.27257193 478.4952367758767
40.33891768 479.46948331279737
41.46681562 510.09324914148345
41.86490425 525.9328367993718
42.19663095 529.8585396227
42.72740961 546.8772907221215
43.12548998 557.4363328232993
43.19183589 558.6480273913883
43.45722126 564.7370365688976
43.72261273 574.8828622653401
44.12069271 585.4866438825953
44.18703952 587.3616619545733
44.51877034 594.6321758589062
44.71781308 601.8384225279069
45.24858275 613.9730856813579
45.44761758 616.09127840174
45.58031588 623.0409023130902
45.91204825 631.6439828643836
46.24377955 639.676147745691
46.57551004 647.2418711050116
46.84090325 659.1256974383481
47.23899057 675.394666735664
47.43803375 683.2360908516064
47.57073053 689.3729437982589
47.76977517 698.200321534753
48.23420881 716.5332626390156
49.09671672 743.1428097713334
49.22940783 745.7081129655604
49.62749059 759.6909091207008
50.09192689 780.3192207734104
50.22462231 785.7663437788179
51.21981386 811.3664656636411
51.41884645 813.0544258960703
51.41884645 813.0544258960703
51.61789064 822.1838306322833
52.1486801 849.9642091911078
52.1486801 849.9642091911078
53.14389142 890.1215493157308
53.60832336 909.0439805145292
53.60832336 909.0439805145292
54.13909696 927.0357636860671
54.33813687 933.7773087930344
54.86890146 946.173879180574
55.06793568 949.2564841914293
55.53236327 966.1254144756036
55.53236327 966.1254144756036
56.0631376 985.2469841916467
56.2621794 993.4829656825394
56.52757029 1005.6000536362712
56.52757029 1005.6000536362712
57.32372708 1032.11356214262
57.52276867 1040.375583172619
57.52276867 1040.375583172619
58.18622393 1057.105226170898
58.31891324 1059.3704616220741
58.78335808 1088.3899318898646
59.24780039 1116.040628823736
59.51319254 1129.5387437743477
60.2430098 1159.722376799881
60.2430098 1159.722376799881
61.03915931 1183.5159140862006
61.43724331 1201.6161164883142
61.43724331 1201.6161164883142
62.16704848 1224.9790022642756
62.2333941 1226.939409537051
62.2333941 1226.939409537051
62.69782947 1251.0860631422665
62.89686991 1259.359570559179
63.42764735 1283.2637074462675
63.42764735 1283.2637074462675
64.42284737 1323.8624944992378
65.08631676 1353.115075124489
65.41805411 1369.4541800460925
65.41805411 1369.4541800460925
65.68344364 1382.5498294025433
66.41325761 1413.905056444948
66.41325761 1413.905056444948
67.60749942 1466.3554425660602
67.8065398 1475.2048133933688
68.33731329 1498.3304007635695
68.33731329 1498.3304007635695
68.6690525 1516.7906420526845
69.06713451 1535.6052678825913
69.5979149 1563.8354212304453
69.66426085 1566.3809230812553
70.12868733 1587.0434923382368
70.59310838 1604.385839900171
70.65945403 1606.7015526038615
71.12386579 1618.1814159395008
71.12386579 1618.1814159395008
71.85370869 1670.9838679397114
71.98640322 1677.9554990846198
72.31814438 1698.4074455253428
72.58353399 1712.7132903453778
72.98161113 1729.436562766035
73.57874206 1764.8105252871476
73.84413208 1779.483093982807
73.97682568 1785.9945644611798
74.57393535 1807.8089702856523
74.97200028 1817.197899699238
75.23739574 1835.7935511754963
75.23739574 1835.7935511754963
75.56913154 1853.5553521823033
75.63547941 1857.5300596781397
76.56434053 1908.2061745903086
76.82972266 1918.3880829475834
77.22780339 1938.710820810892
77.22780339 1938.710820810892
77.82493574 1976.6667871392185
77.89128331 1980.5888875568305
78.88646497 2019.0753604583467
78.88646497 2019.0753604583467
79.54994792 2063.6343479898087
79.88169217 2087.7299648760018
79.94804001 2091.914855085662
80.87688127 2132.40172943721
81.60671143 2181.6158139754816
81.87209609 2194.4281803970594
82.60187296 2209.678648630576
82.80089662 2209.7610049787463
82.93358574 2214.1614270955556
83.59708812 2272.8242155319426
83.72978456 2282.226110045705
84.59231046 2341.356765794768
84.79134451 2348.748304185774
84.79134451 2348.748304185774
85.52117647 2400.963488520129
85.58752363 2404.9721636691465
85.65387091 2409.1178282261503
86.51638012 2458.874560494484
86.64906976 2463.9105595199353
86.78175891 2468.6826513082424
87.51158192 2516.144417207369
87.84331239 2533.206106489942
87.90965785 2536.2108632384993
89.30292301 2606.6472212381163
89.50197277 2624.4137253333183
89.76736914 2646.1119684688792
89.76736914 2646.1119684688792
90.56353827 2698.509473402469
90.56353827 2698.509473402469
91.4924028 2760.4642999449525
91.55874866 2764.0004768376184
91.55874866 2764.0004768376184
92.2885594 2805.669493535691
92.55393925 2817.1931224154537
92.68662866 2822.64348281577
92.68662866 2822.64348281577
93.54914192 2878.9907900017097
93.81453277 2897.710243738927
93.81453277 2897.710243738927
94.5443474 2943.123490294431
95.20782273 2989.3489888228464
95.20782273 2989.3489888228464
95.60590523 3015.697781964813
96.20302493 3052.6430950039576
96.53475362 3070.322226567353
97.19822254 3113.411755348442
97.19822254 3113.411755348442
98.19341444 3171.1297418847466
98.59148265 3188.9473179980105
99.18861436 3234.6955620790986
99.18861436 3234.6955620790986
99.52035549 3260.8719897946303
100.18382726 3306.998590407504
100.58190361 3330.440786737674
100.58190361 3330.440786737674
101.17903518 3376.7508023423416
102.10789346 3440.9446053467
102.17423897 3444.5835442576536
102.83769664 3482.9094162066403
103.10308977 3504.677615717187
103.50117205 3532.5650122662537
104.09827881 3564.1200576260976
104.49634022 3579.09650770971
104.82807744 3604.0616138790647
105.09347616 3629.8154895984126
105.22617312 3641.058092208702
105.35887434 3655.0607790541226
105.35887434 3655.0607790541226
106.08871069 3719.316291483409
106.22140499 3728.97175147055
106.42044402 3742.000383187375
107.08392526 3796.728275747155
107.34931588 3817.5589826479545
108.07912548 3865.6469136662336
108.34450367 3878.724462652688
108.34450367 3878.724462652688
109.00797998 3931.2278315390813
109.20702534 3948.5443221844903
109.33972447 3961.501745456989
110.2685871 4032.861268794599
110.73301346 4065.2225510374233
110.73301346 4065.2225510374233
111.13109432 4094.26544295993
111.19744244 4099.841749418927
111.99358752 4147.422856539371
111.99358752 4147.422856539371
112.12627606 4153.862758464422
112.98877206 4209.554040626462
113.65223411 4254.629676897011
114.11667114 4294.872324669013
114.11667114 4294.872324669013
115.17826117 4399.552694073299
116.17347092 4478.8345013586295
116.30616308 4487.889845746643
116.63789699 4512.364486990608
117.16866236 4547.398629375536
117.16866236 4547.398629375536
117.89845325 4587.939712439815
118.16382752 4600.11841097438
118.82728941 4647.0748460225805
119.15903216 4678.167653456191
119.15903216 4678.167653456191
120.08789736 4755.9045411407205
120.817717 4815.271250463099
121.14945382 4842.826858133667
121.14945382 4842.826858133667
122.21099505 4921.001531632367
122.80812217 4971.542872443497
123.20620741 5005.598500932623
123.53794318 5032.787680198143
124.1350643 5079.993738056359
