0 0
0.04627808 0.02944156131033629
0.95398317 0.4809887823947833
1.0435664199999999 0.5224991575801171
1.6815118 1.7254637978340417
2.57008058 2.1972999827805966
3.0376027 1.567598462213545
3.57418675 3.5768085268227052
4.07625709 1.9243595117563854
5.0473947599999995 3.463367460828747
5.51096048 4.1925696992252695
6.04034981 4.781382300199794
7.0368674 6.4028325836122715
7.95556117 11.065017431029892
8.03140402 8.121647706655652
8.42575681 3.3576743333954475
8.56313176 8.854402153777704
9.07856971 7.443322718476772
9.52013247 7.425349626597676
9.79517999 17.66340017673484
10.05496007 9.940315560021048
10.52421475 7.957390603753036
11.03884712 12.054665784632084
11.57352214 11.240804643860947
12.094544729999999 10.152690986188674
12.73076183 19.404782949256898
13.95474078 18.941115875069176
14.03204627 14.80658295550827
15.0660123 12.572141327093675
15.55226202 7.758397054426679
16.05419093 12.70693854263475
16.50236228 5.324739227218762
16.95080968 17.188145089831366
17.04909905 12.057897765157882
17.5044215 5.729728109665325
17.91545948 16.746718222687836
18.57627968 6.40407170575216
19.61488346 6.6450878444205355
21.0498226 6.624346709366807
22.38969701 17.091793143126065
23.51806534 12.92777424336713
23.90535539 4.93926148490592
24.04489461 8.385145355716993
24.5323044 12.69938288050679
25.4503049 18.281526061786646
26.04009941 10.799307503396987
26.45412316 18.305116107831253
27.04591897 12.171431925515774
28.04861534 13.0636837739995
28.7783328 5.408891817668678
28.96416107 7.628812693720283
29.46620194 16.684875871841502
29.71411107 24.36711028597311
29.96818471 53.21732669645181
30.46954511 67.54308569340006
30.92066603 95.13996844131412
31.47428846 115.5206479699
31.96057497 148.55336136325604
32.47825782 163.97173637082176
32.91403836 189.58761902765278
33.05633142 208.9218043393099
33.4823218 212.45687261292912
33.88983426 233.53920262234652
34.04569143 255.84192863586426
34.48629162 260.9389579675284
34.65614051 257.60846936933746
35.086029 308.93044507057283
35.57047955 305.87247366316166
35.89077409 328.42446907955923
36.594888 353.8840305556988
36.90696 378.61072995799213
37.02580784 397.59856754930445
37.74994208 406.2648175115997
38.03461915 447.14879027943556
38.65629942 450.6170489243297
39.04878127 497.726508531878
39.43489214 510.9776919450677
40.04202852 545.3541897661873
40.43882162 560.7660806134409
40.96567263 581.1735746758245
41.04666402 594.9873320180747
41.44593411 610.7602983643667
42.44694985 661.4310412362414
42.94893243 676.9334785246075
43.49946275 708.4091650726386
43.90287805 719.1258829797478
44.07836018 749.6598457025367
44.59759502 752.8598259977604
44.9769507 782.4549649211846
45.0518647 795.7479537442715
45.63745812 802.6027736532011
45.9570436 830.0143511302126
46.14693611 861.4736835716492
46.46300586 865.6800619490695
47.03993429 896.3082286790535
47.8974276 923.2956045847825
48.16356314 966.5923781153408
48.92301711 979.2086115980906
49.40426657 1024.338102665358
49.88523357 1025.2279544611845
50.40773771 1075.3335012759956
50.90947245 1080.980465628735
51.04017054 1103.7952355606158
51.50062404 1119.6558598288
51.9135394 1133.2389419866051
52.09365041 1164.3610342026336
52.91751907 1185.1998153551237
53.03545309 1206.3086224341557
53.10019356 1216.7735784259314
53.64090021 1212.0885886794415
53.98850861 1248.9752918782422
54.42142973 1276.147987454424
54.96606934 1295.425993137599
55.06926867 1313.7275648230482
55.6213953 1311.0096547241415
55.97301662 1346.8279997876577
56.95287742 1392.6606425294267
57.01911187 1405.2666358549468
57.9646816 1444.2277215587378
58.03255219 1457.4315488207396
58.09089573 1467.3805090358694
59.07154212 1513.7370321771123
60.03406997 1556.1722581614474
60.50099853 1561.0524312534394
60.87682958 1572.472199721998
60.93482323 1584.2738610893339
61.50226992 1609.2729261590284
61.88073143 1621.19022643548
62.03323121 1653.9289877377223
62.88463377 1670.1638639324192
64.04590952 1754.4772894533924
65.03381169 1801.0432475579084
65.71368573 1790.9275467697762
66.03608822 1850.6699636620858
66.96813477 1883.3605943879852
68.04424279 1951.6091770173205
68.9080378 1967.0997974906768
69.02723459 1997.2491178327627
69.79973174 1995.3845297023838
70.25688169 2082.082984174898
70.92301725 2070.8874289196106
71.03255977 2099.4434443248115
71.9262049 2122.3734242975374
72.17568357 2179.1132526899555
72.89260125 2165.3815634573966
73.04212978 2204.0849681340715
73.19650372 2233.042743718499
73.86660591 2211.226140277747
74.03917889 2255.1105494234803
74.60587219 2248.3199141898613
74.89917777 2270.667055877323
75.05072839 2310.233021956614
76.89652378 2468.4063633104856
77.0038241 2497.26282828327
77.93090291 2576.9905882220837
78.88782054 2664.6121195846713
79.03010984 2702.5587993064855
79.2863548 2735.3459906132125
80.03752461 2803.3609497659195
80.87633625 2859.4900734778084
80.93366029 2874.8960374601124
81.50685971 2918.295409333872
81.87388065 2957.0714550565613
82.05197378 3004.1069390560924
82.7404436 3025.0714618723487
83.03787306 3098.9011680585672
83.89434315 3158.057773314243
84.00774924 3189.336652065896
84.89737438 3256.141435626894
85.08887109 3305.4743633608923
85.89415848 3352.013656025019
86.1091378 3406.6358312415305
86.58793221 3397.063058476583
87.59175225 3492.510129897147
88.05137784 3589.475258362274
88.89476802 3641.7699079350177
89.89276752 3737.456663651164
90.04151622 3781.441789389861
90.78829346 3803.717426531701
90.99459622 3865.6572260935573
91.81120819 3905.6206069622226
91.86259919 3920.645143220059
92.80704333 4000.6101982287646
93.18666377 4099.9794863704565
93.94175278 4140.000589330264
94.05149558 4174.062671251342
94.75557608 4181.072023696341
94.89174589 4220.16474262652
94.9974452 4255.865725427543
95.93974559 4334.163584514552
96.09351657 4380.978436159485
96.74832787 4373.973951410452
97.75147621 4472.610980775878
98.10982355 4582.284468402174
98.76659797 4574.221757786312
98.81225433 4586.161280983064
99.74674187 4668.853606652911
100.17496396 4792.226186199029
100.87288948 4803.705900805059
101.74845233 4868.611409581534
102.03592145 4961.052109578524
102.74883092 4969.046796493957
103.77812187 5076.075997463846
104.00460135 5151.642156501499
104.75043607 5170.565473529877
105.00315824 5251.937974987335
105.93648298 5329.060667842894
106.74968621 5371.649011471985
107.22931589 5497.673684738465
107.76841239 5476.1011647770465
108.04019662 5565.744576335349
108.96595091 5641.255616329814
109.06366947 5672.506067117275
109.80288093 5685.008479500223
110.05113453 5768.932125609534
110.80496118 5784.921931908291
111.19448447 5893.595463763432
111.75102485 5869.5301822497795
112.21346733 5993.207588789532
112.80547937 5982.822551649676
113.75090381 6066.053204396625
114.76311327 6167.115825025439
115.04737153 6265.122442559048
115.52805514 6246.5188102975835
115.76883971 6266.731173516969
116.75398637 6360.438731649661
117.75367188 6458.1271784592645
118.06226326 6567.420638554717
118.75114448 6555.480874011389
119.74037787 6650.596016727636
120.75520608 6752.882290484686
122.05038608 7014.610223492363
