0 0
0.50223415 0.279094996430791
0.50223415 0.279094996430791
1.0061680100000001 0.5437414739292692
1.4347579400000001 0.8304289044002255
1.92348743 1.1272100177737918
1.92348743 1.1272100177737918
3.0086536600000002 1.302339526359091
3.0086536600000002 1.302339526359091
3.5235238300000002 3.596917162213051
3.9770008900000002 2.355074702704822
4.95061062 4.008952457564647
5.45152472 4.210355737842411
5.95616594 5.164278027720712
6.45568065 5.107917239187528
6.97162666 6.248628934149748
6.97162666 6.248628934149748
7.45981843 6.021355854060341
8.05045669 4.733392242828901
8.05045669 4.733392242828901
8.46405255 6.987835810042255
8.96602735 9.536464695792402
9.46823452 7.679640967243499
9.63602828 15.134322546653724
9.97013773 10.93386442424808
10.47239881 8.336747756985373
11.01890019 9.573451691245934
11.49308364 9.54225975793061
11.90680521 16.819336050720768
12.91086997 17.363583202018475
13.1662727 3.5670602523030377
14.05556221 9.194652408819584
14.05556221 9.194652408819584
14.417129 4.763340496242958
14.91907385 17.221422564896294
15.92323587 16.427101240389838
15.92323587 16.427101240389838
16.42531735 5.002855688579729
16.92730018 15.173719960282384
16.92730018 15.173719960282384
17.429464 5.917840239802877
17.77176437 17.185324652333083
18.43358232 7.250821458100889
18.51424453 6.229569530966238
19.43767773 8.907789828663663
20.94377447 7.223730354019306
21.94786294 6.054465214094259
23.38249647 19.314707021626724
24.00571305 10.849433648811276
24.52124485 12.253887714937362
24.52124485 12.253887714937362
25.89273624 6.517230598135048
26.20573434 26.38349733420671
26.89650169 7.860294065766637
26.89650169 7.860294065766637
27.39858277 22.654418383403552
28.07859652 23.359705026137707
28.4026802 22.699980259837417
28.94644423 13.430600632177066
29.4066796 22.392273572615192
29.4066796 22.392273572615192
29.90854608 10.660166446304082
30.41065129 21.90321044708812
30.73090873 3.127053268837569
30.91261691 11.099103682138894
31.41469037 21.17594050979562
32.34714018 26.264249475670617
32.96727496 53.58210149179441
33.35118955 74.5709506389908
33.35118955 74.5709506389908
33.95963688 103.33495361866291
34.35521841 123.98159274988275
34.35521841 123.98159274988275
34.83715025 155.66638760524023
35.71180871 205.9061708734439
35.86866703 205.39471663644076
36.36330431 222.96841250263702
36.94783456 253.28414473313967
36.94783456 253.28414473313967
37.4228302 279.34080799793554
37.86727912 305.7833515817646
38.37137684 321.31444766468684
38.37137684 321.31444766468684
38.97793581 351.65779277061563
39.37540489 370.19951199282593
39.37540489 370.19951199282593
39.80018496 406.365440066025
39.88463739 404.5841065212761
40.69297076 453.44381615174086
41.01845315 448.5583332176166
41.38341582 466.95231650138106
41.959638 499.5133933580012
41.959638 499.5133933580012
42.88938111 550.8295022206538
43.82186601 600.3934415513608
43.82186601 600.3934415513608
44.82588079 647.7549859980122
44.82588079 647.7549859980122
45.79617217 694.8968889519377
46.83387475 741.2863946290096
46.83387475 741.2863946290096
46.9722453 736.7444932727666
47.94019518 784.5682434702226
47.94019518 784.5682434702226
48.83869396 833.6901025360224
49.84600843 879.5632437308067
49.84600843 879.5632437308067
50.84998319 925.5279386609676
50.84998319 925.5279386609676
51.8539882 971.6854223953748
51.8539882 971.6854223953748
52.35610246 979.6149505748597
52.87074955 1017.8349636549121
52.87074955 1017.8349636549121
53.96009916 1061.544025329905
53.96009916 1061.544025329905
54.88116496 1111.9133501083036
55.82401093 1161.6258667240559
55.82401093 1161.6258667240559
56.76355035 1211.0208975906019
56.80173441 1210.5918444625656
57.80558635 1259.7172577596696
57.80558635 1259.7172577596696
58.98602432 1301.3773299918944
58.98602432 1301.3773299918944
59.81344019 1358.7850146578724
60.94722619 1401.9027648076296
61.00952293 1399.1881836148639
61.74297184 1460.701030507173
61.81311249 1459.0641378911296
62.24505457 1455.0619007096957
62.82508273 1508.6485022547702
63.82898677 1558.779064365598
63.82898677 1558.779064365598
64.82144336 1609.2761137161717
65.75963475 1661.5669334489285
65.83660584 1658.3103287604715
66.83168514 1708.4681608691376
66.83168514 1708.4681608691376
67.73211427 1761.0575418017931
67.84522614 1757.1210993299055
67.84522614 1757.1210993299055
69.74955157 1859.1382743473782
69.82283409 1856.8178970640668
70.81966637 1905.6816209315662
70.81966637 1905.6816209315662
71.84724305 1952.3080629535407
72.07242871 1934.0772707107203
72.81450021 2001.8700956787027
73.7552407 2050.58560914298
74.13286273 2027.263877597482
74.80963718 2096.301964434146
74.80963718 2096.301964434146
75.8242204 2142.4198432288053
75.8242204 2142.4198432288053
76.80547243 2189.6496527549557
77.72422148 2236.355638946438
78.22735258 2218.149636805315
78.25871393 2220.7090953160427
78.81449804 2282.0882661044125
78.81449804 2282.0882661044125
79.75564878 2330.034903972349
80.73116628 2423.9305245176333
80.73116628 2423.9305245176333
81.31616066 2470.51839789729
81.31616066 2470.51839789729
81.72245586 2527.9225385079876
81.72245586 2527.9225385079876
82.75875654 2624.0339043556073
83.89815073 2733.181044813599
83.89815073 2733.181044813599
84.80536511 2826.0274098933733
85.86637499 2927.4560650058356
85.86637499 2927.4560650058356
86.77169441 3020.43527261112
87.70609782 3114.015980892085
88.33962347 3160.6283316746367
89.0732774 3231.1067981051956
89.72144401 3313.4716554288884
90.6985285 3410.6494334480194
90.72838837 3413.3498635813185
91.73672155 3513.1347553977794
91.73672155 3513.1347553977794
91.90450434 3521.069391318553
92.73741535 3612.303332954113
92.73741535 3612.303332954113
94.01607337 3720.2780794130895
94.01607337 3720.2780794130895
95.04740063 3818.983155172295
95.04740063 3818.983155172295
96.1375625 3919.91615160887
96.73986758 4006.963408543064
97.72769319 4103.809784418656
98.20741025 4118.538863655364
98.28004085 4126.350039345931
99.15978582 4212.053408020954
99.71241558 4296.7617155905955
100.79141836 4400.813372003785
100.79141836 4400.813372003785
101.89451213 4501.319750614394
102.04888763 4500.181981825009
102.80951805 4594.818618186375
103.67839066 4676.958098101598
103.72491668 4683.316886615606
104.68741482 4773.788248860558
104.83294357 4788.148405880615
105.87307736 4885.747683706135
105.87307736 4885.747683706135
106.70526596 4967.705857291903
107.67699823 5059.633791466624
108.13934338 5080.042587366786
108.79523343 5170.4603813638305
109.16086853 5177.960982346892
109.84437117 5270.970197097742
110.14676801 5275.364626054175
111.15045022 5373.506688100315
111.15045022 5373.506688100315
112.15416521 5471.9814262472455
113.15786279 5570.806443306524
113.15786279 5570.806443306524
114.16147341 5669.689736693196
115.00801844 5766.26540357694
115.67005416 5844.1364888760445
116.17548763 5867.698972389247
117.21004388 5968.09037806137
117.21004388 5968.09037806137
118.10430096 6062.718952165443
118.82159747 6159.539992456331
119.1078979 6161.261569619891
