59945.6-38212.1 -17823.2 82.2443 1.30056 -2.78611 -0.00485669 35786.3
59945.6-26603.3 -32705.1 44.8966 2.38608 -1.93986 -0.00700474 35780.7
59945.926296.3 -32945 -84.7645 2.40384 1.91841 -0.00473067 35774.9
59946.6-39360.3 -15122.7 88.3907 1.10363 -2.86971 -0.00455291 35787.4
59946.6-25144.1 -33839.2 41.1463 2.46885 -1.83342 -0.00732074 35780.1
59946.927705.1 -31769.1 -89.8487 2.31812 2.02118 -0.00453991 35774.7
59947.5-40918.1 -10188.1 97.7788 0.743757 -2.98313 -0.00383236 35789.4
59947.6-23650.1 -34899.2 37.5547 2.5462 -1.72445 -0.00764475 35779.6
59948.5-40349.7 -12245.6 97.7923 0.89378 -2.94169 -0.00428851 35789
59948.7-22099 -35901 34.1386 2.61929 -1.6113 -0.00796771 35779.3
59948.930372.9 -29228.8 -100.125 2.1329 2.21581 -0.00418963 35774.5
59949.5-41710.2 -6203.55 108.602 0.453142 -3.04074 -0.00323009 35791
59949.6-34544.7 -24173.8 77.3614 1.76372 -2.51864 -0.00643733 35784.8
59950.3-21259.1 36426.5 82.9743 -2.65481 -1.54939 0.00633105 35798.2
59950.826670.6 -32640.9 -96.1429 2.38187 1.94586 -0.00542594 35773.4
59951.132864.9 26419.9 -75.6883 -1.92561 2.39668 0.00695189 35789.6
59951.7-17232.2 -38473.7 25.195 2.80694 -1.25632 -0.00881484 35778.4
59952.212420.3 40303.2 -11.3079 -2.93753 0.905811 0.00904989 35795.5
59952.5-39318.2 -15234.1 105.947 1.11158 -2.86653 -0.00493179 35788.3
59952.934988.9 -23508.2 -116.827 1.71564 2.55258 -0.00357132 35774.8
59953.211309.1 40629.4 -10.1794 -2.96126 0.824799 0.0092173 35795.9
59953.6-35384.7 -22928.4 92.8755 1.67272 -2.57986 -0.00639244 35785.8
59953.822737.9 -35492.4 -87.4783 2.58983 1.6591 -0.00685084 35773.2
59954.2-5991.05 41748.5 40.1262 -3.04269 -0.43644 0.00892502 35798.1
59954.7-12064 -40393.1 16.0784 2.94685 -0.879388 -0.00936287 35778
59954.936909.5 -20361.5 -122.414 1.48603 2.69269 -0.00317717 35775.3
59955.122998.5 35347.9 -52.705 -2.57633 1.6772 0.0086558 35793.1
59955.6-36607.5 -20922.3 102.153 1.52636 -2.66903 -0.00592052 35786.6
59955.825755.4 -33368.4 -94.6036 2.43476 1.87919 -0.00659327 35773.9
59956.7-11294.6 -40615.6 16.9191 2.96296 -0.823303 -0.00950545 35778.6
59956.932400.6 -26964.1 -112.066 1.96753 2.36386 -0.00505126 35774.9
59957.121848.9 36069.2 -52.0527 -2.629 1.59347 0.00882805 35792.5
59957.5-39309.9 -15254.8 115.618 1.11304 -2.86604 -0.0046757 35788.1
59957.6-28900.9 -30697.3 76.72 2.2393 -2.10725 -0.0078528 35783.4
59957.7-6782.25 -41607 3.33746 3.03529 -0.494232 -0.00964758 35778.1
59958.210447.5 40858.5 -15.3352 -2.97806 0.76215 0.00961325 35794.9
59958.5-35953.2 -22026.9 103.231 1.60692 -2.6214 -0.00612834 35786.1
59959.135442.6 22839.8 -101.718 -1.66481 2.585 0.00631954 35786.4
59959.6-25887.4 -33276.8 67.4678 2.42748 -1.88757 -0.00848183 35782.4
