59945.7-26496.2 -32788.6 42.1233 2.39245 -1.93229 -0.00730777 35778
59945.926395.7 -32863.9 -89.2129 2.39811 1.92567 -0.00457995 35773.7
59946.5-38489.6 17239.1 109.171 -1.2558 -2.80575 0.00107412 35795.9
59946.7-25039.8 -33913.1 37.3757 2.47453 -1.82606 -0.00758308 35777.5
59947.38767.31 41254.3 9.50079 -3.00662 0.639549 0.00812057 35797.5
59947.5-39211.6 15526 111.839 -1.13094 -2.85839 0.000688357 35795.6
59948.5-40999 9877.34 114.265 -0.719163 -2.98879 -0.000482355 35794
59948.7-21981.6 -35969.9 28.6134 2.62462 -1.60297 -0.00810591 35776.6
59949.5-42149.7 1290.01 112.691 -0.0930979 -3.07287 -0.00219118 35791.5
59949.7-20395.1 -36892.3 24.6369 2.6919 -1.48723 -0.0083333 35776.3
59950.7-18765 -37747.2 20.8216 2.75426 -1.36831 -0.00852803 35776.1
59951.224518.5 34312.5 -39.7858 -2.50071 1.78786 0.00820571 35794.2
59951.5-34759.6 23885.3 113.899 -1.74043 -2.53374 0.00279511 35797.1
59951.7-17100.9 -38529.6 17.0742 2.81131 -1.24691 -0.00868477 35776
5995241480.2 -7523.23 -120.231 0.549741 3.02568 0.000807013 35779
59952.935073.1 -23381.2 -115.324 1.7065 2.55874 -0.00284006 35774.2
59953.5-42140 -1552.18 116.941 0.114022 -3.07226 -0.00257012 35790.7
59953.7-27043.4 -32341.3 52.149 2.35961 -1.97193 -0.00804922 35780
59954.5-42166.3 -468.921 118.4 0.0350245 -3.07417 -0.00229389 35790.9
59954.7-26479.9 -32804.5 51.2047 2.39334 -1.93083 -0.00811039 35780.2
59954.924390.3 -34376.9 -93.151 2.50856 1.77965 -0.00580261 35772.4
59955.5-42153.2 1165.15 119.731 -0.0841201 -3.0732 -0.00192147 35791.3
59955.89210.77 -41132.7 -54.8034 3.00123 0.672344 -0.00799394 35773.3
59956.8-8098.27 -41369.1 -6.18309 3.0182 -0.590274 -0.00892919 35776.1
59957.6-38061.4 -18141.2 94.3706 1.3237 -2.77524 -0.00571191 35785.6
59957.7-23532.1 -34979 41.3619 2.55187 -1.71594 -0.00842699 35779.8
59958.35773.13 41778.3 14.0225 -3.04485 0.421322 0.00890321 35797.2
59958.6-36885.8 -20424 89.0253 1.49021 -2.68958 -0.00619174 35784.8
59959.6-39869 -13723.5 102.376 1.00158 -2.90698 -0.00507635 35786.8
59959.7-21020.3 -36542.6 31.2319 2.66599 -1.53282 -0.00876548 35778.9
59960.6-37029.1 -20163.1 89.4968 1.47124 -2.70001 -0.00640091 35784.8
