59945.6-38212.1 -17823.2 82.2443 1.30056 -2.78611 -0.00485669 35786.3
59945.6-26603.3 -32705.1 44.8997 2.38607 -1.93985 -0.00700292 35780.7
59945.926296 -32944.2 -84.5531 2.40381 1.91852 -0.00471081 35774
59946.6-39358.4 -15127.5 87.4281 1.10398 -2.86958 -0.00456165 35787.4
59946.6-25139.8 -33842.3 40.2773 2.46907 -1.83311 -0.00728731 35780.1
59946.927708.7 -31765 -89.3894 2.31784 2.02156 -0.00445083 35773.9
59947.5-40915.6 -10197.9 95.8765 0.744481 -2.98296 -0.0038577 35789.3
59947.6-23641.6 -34904.8 35.9235 2.54661 -1.72383 -0.00756576 35779.6
59948.5-40345.4 -12259.7 94.8333 0.894816 -2.94139 -0.00430495 35788.9
59948.7-22086.4 -35908.7 31.7991 2.61985 -1.61038 -0.00782999 35779.2
59948.930382.8 -29217.4 -98.5284 2.13208 2.21665 -0.00396983 35773.7
59949.5-41707.4 -6222.37 104.571 0.454527 -3.04053 -0.00328628 35791
59949.6-34533.8 -24189.4 73.4131 1.76486 -2.51785 -0.00635447 35784.8
59950.3-21279.7 36414.6 81.7533 -2.65392 -1.55084 0.00596777 35798.4
59950.826688 -32625.7 -93.8962 2.38078 1.94724 -0.00503313 35772.8
59951.132847.1 26440 -70.0431 -1.92714 2.39556 0.00679825 35788.3
59951.7-17208 -38484.6 20.6629 2.80772 -1.25452 -0.00844614 35778.5
59952.212389.6 40311.9 -6.95596 -2.93822 0.903692 0.00860273 35794.7
59952.5-39307.5 -15262.8 97.767 1.11367 -2.86569 -0.00491669 35788.7
59952.935005.1 -23482.1 -111.522 1.71375 2.55393 -0.00305948 35773.7
59953.211274.4 40638.2 -4.96589 -2.96197 0.822392 0.0086814 35795.1
59953.6-35366.5 -22957.4 83.3492 1.67481 -2.57847 -0.00625056 35786.3
59953.822765.8 -35473.8 -85.3268 2.58847 1.66125 -0.00612659 35772.6
59954.2-6030.66 41742.5 42.5913 -3.04229 -0.439236 0.0081658 35797.8
59954.7-12028.3 -40404.1 8.81062 2.94761 -0.876718 -0.00872545 35778.3
59954.936926.7 -20327.6 -115.1 1.48356 2.69415 -0.00249206 35774
59955.122961.5 35370.2 -42.5455 -2.57808 1.67469 0.00818325 35791.6
59955.6-36586.9 -20959.6 89.3561 1.52903 -2.66744 -0.00585475 35787.2
59955.825787.8 -33342.5 -91.7606 2.43286 1.88169 -0.0056516 35773.2
59956.7-11250.2 -40628.3 7.04131 2.96383 -0.819998 -0.00874706 35779
59956.932429.4 -26927.9 -106.433 1.96488 2.36613 -0.00405581 35773.8
59957.121803.4 36094.9 -39.0097 -2.63101 1.59034 0.00828581 35791
59957.5-39291.7 -15303.7 100.071 1.11656 -2.86462 -0.00485181 35788.8
59957.6-28863.8 -30733.1 61.6277 2.24185 -2.10446 -0.00752893 35784
59957.7-6732.13 -41615.5 -6.68219 3.03585 -0.490504 -0.00875965 35778.4
59958.210391 40871.7 -3.59125 -2.97914 0.758182 0.00877539 35793.8
59958.5-35924 -22075.7 86.128 1.61043 -2.61919 -0.00614755 35786.7
59959.135407.8 22890 -83.9874 -1.66859 2.58274 0.0063324 35784.3
59959.6-25839.1 -33314.9 50.0065 2.43023 -1.88397 -0.00807502 35782.8
