59945.7-26496.2 -32788.6 42.1233 2.39245 -1.93229 -0.00730777 35778
59945.926395.9 -32864.4 -89.4577 2.39814 1.92561 -0.00460376 35774.2
59946.5-38488.5 17240.8 110.017 -1.25597 -2.8057 0.00112056 35795.6
59946.7-25041.4 -33912 38.2199 2.47445 -1.82617 -0.00763743 35777.5
59947.38772.4 41253.1 8.81853 -3.00658 0.639851 0.00824074 35797.4
59947.5-39209.9 15529.5 113.629 -1.13124 -2.85829 0.000779177 35795.2
59948.5-40997.4 9882.85 117.198 -0.719608 -2.9887 -0.000370886 35793.8
59948.7-21986.6 -35966.9 30.9809 2.62439 -1.60333 -0.00828066 35776.7
59949.5-42149.3 1297.59 116.938 -0.0936858 -3.07286 -0.00209979 35791.3
59949.7-20401.8 -36888.6 27.6784 2.69163 -1.48772 -0.00857356 35776.4
59950.7-18773.7 -37743 24.4744 2.75395 -1.36894 -0.00883705 35776.2
59951.224529.1 34305.4 -44.5097 -2.50019 1.78854 0.00848945 35794.7
59951.5-34752.6 23894.8 118.189 -1.74119 -2.53327 0.00315756 35796.7
59951.7-17111.6 -38524.9 21.2737 2.81096 -1.24769 -0.0090655 35776.1
5995241478.8 -7535.94 -126.686 0.550673 3.02544 0.000578544 35779.9
59952.935065.9 -23393.2 -120.678 1.70738 2.55811 -0.00329355 35774.8
59953.5-42140.4 -1536.86 125.48 0.112866 -3.0723 -0.00241039 35790.5
59953.7-27055.4 -32331.5 59.4948 2.35887 -1.97279 -0.00840733 35780.1
59954.5-42166.3 -451.619 127.896 0.0337223 -3.07419 -0.00209103 35790.8
59954.7-26493.5 -32793.6 59.4035 2.39253 -1.93182 -0.0085173 35780.3
59954.924376.1 -34387.4 -96.4917 2.50932 1.77855 -0.00651044 35772.8
59955.5-42152.4 1184.43 130.101 -0.0855687 -3.07317 -0.00166091 35791.1
59955.89191.66 -41137.2 -53.9801 3.00155 0.670926 -0.00880851 35773.5
59956.8-8119.48 -41365.1 -0.36393 3.0179 -0.591821 -0.00970601 35776.3
59957.6-38071.4 -18120.2 107.376 1.32213 -2.77597 -0.00582697 35785.7
59957.7-23551.7 -34966 51.7462 2.5509 -1.71735 -0.00901219 35780
59958.35799.76 41774.6 7.94134 -3.0446 0.423187 0.00980101 35797.1
59958.6-36898.1 -20401.9 102.967 1.48856 -2.69047 -0.00636942 35784.9
59959.6-39877.9 -13697.7 117.574 0.999659 -2.90763 -0.0050656 35786.9
59959.7-21044.3 -36529 42.7735 2.66497 -1.53456 -0.00948967 35779.1
59960.6-37043.2 -20137.3 105.553 1.46932 -2.70103 -0.00657607 35784.9
