59945.213398.8 39990.1 -29.6027 -2.91452 0.977024 0.00647599 35796.9
59945.6-34469.9 -24271.8 76.334 1.77113 -2.51394 -0.00398234 35779.9
59945.927527.2 -31926.1 -62.2433 2.32946 2.00786 -0.0051732 35776.7
59946.6-38801.4 -16491.5 86.7847 1.20365 -2.82962 -0.0028542 35782.6
59946.928892.6 -30696 -67.3828 2.23977 2.10744 -0.00497883 35776.7
59947.5-40530.6 -11616.4 92.3221 0.848082 -2.95556 -0.00217182 35784.4
59948.127006.4 32390.3 -59.8634 -2.36072 1.96913 0.00566736 35793.9
59948.5-39803.1 -13904.9 92.1899 1.01497 -2.90251 -0.00265474 35784
59948.931465.4 -28053 -77.2967 2.04704 2.2951 -0.00462654 35776.9
59949.3-13922.9 39811.6 37.4794 -2.90151 -1.01484 0.00683648 35797.8
59949.5-41627.1 -6709.92 99.2599 0.490203 -3.03533 -0.00147562 35786.4
59949.6-33597 -25467.1 78.1087 1.8583 -2.45012 -0.00471164 35780.3
59950.5-41786.1 -5639.14 101.875 0.412079 -3.04689 -0.00129531 35786.9
59950.6-32458.7 -26902.5 77.0089 1.96297 -2.3671 -0.00503837 35780.1
59951.3-14539.3 39590.4 39.7559 -2.88541 -1.05984 0.00707521 35797.6
59951.820971.9 -36564.9 -55.5285 2.66808 1.52993 -0.00656526 35774.1
59952.3-11251.3 40647.5 31.2989 -2.96243 -0.82016 0.00740841 35797.9
59953.29676.38 41050.7 -22.5921 -2.99179 0.705506 0.00764579 35797.6
59953.6-28585.5 -30986.2 71.9392 2.26072 -2.08462 -0.00585215 35779.6
59953.7-12275 -40327.3 29.9161 2.94228 -0.895098 -0.00755394 35775.9
59954.3-22768.8 35501 59.3862 -2.58728 -1.65984 0.00659883 35797
59954.6-35860.1 -22171.5 91.7956 1.61768 -2.61503 -0.00420298 35782.6
59954.937653.4 -18957.1 -97.2013 1.38352 2.74653 -0.003521 35778.2
59955.5-37811 -18653.1 97.3146 1.36103 -2.75727 -0.00352308 35783.6
59955.826998.9 -32372.8 -69.7405 2.36206 1.96958 -0.00607678 35775.7
59956.821253.1 -36404 -54.9677 2.65603 1.55046 -0.00683624 35775.7
59956.832300 -27088 -83.3818 1.97648 2.35617 -0.00507911 35777
59957.6-27107.6 -32287.5 69.2866 2.35549 -1.97691 -0.00610559 35780
59957.7-5245.95 -41827.3 12.7556 3.05147 -0.382458 -0.00787503 35776.8
59958.3-17502.3 38372.4 46.2307 -2.79659 -1.27578 0.00717979 35797.4
59958.6-16629.7 -38737.6 41.2381 2.82603 -1.21279 -0.00735254 35778.1
59958.940352.9 -12206.1 -104.779 0.890868 2.94325 -0.00215874 35780.6
59959.5-38994.1 -16034.4 99.7863 1.17009 -2.84357 -0.00323451 35784.1
