59945.213398.8 39990.1 -29.6027 -2.91452 0.977024 0.00647599 35796.9
59945.6-34471 -24270.5 76.7989 1.77107 -2.51394 -0.00398868 35780.1
59945.927526.8 -31925.3 -62.6831 2.32951 2.00788 -0.00523037 35775.8
59946.6-38801.9 -16491.1 88.3539 1.20364 -2.82957 -0.00286733 35782.9
59946.928892.9 -30694.6 -68.4324 2.23978 2.10752 -0.00510527 35775.9
59947.5-40530.9 -11616.9 95.0161 0.848136 -2.95549 -0.00217475 35784.8
59948.127004.3 32392.1 -62.5008 -2.36084 1.96896 0.00580895 35793.9
59948.5-39803 -13906.2 95.9854 1.01508 -2.90242 -0.00267626 35784.3
59948.931466.9 -28050.1 -79.7508 2.04694 2.29526 -0.0048813 35776.1
59949.3-13926.3 39810.5 38.0153 -2.90144 -1.01506 0.00717433 35797.9
59949.5-41627.2 -6712.35 104.151 0.490389 -3.03524 -0.00143997 35786.9
59949.6-33595.9 -25468.7 82.6546 1.85845 -2.44997 -0.00484918 35780.5
59950.5-41786.1 -5642.48 107.843 0.41233 -3.04679 -0.00123874 35787.3
59950.6-32457 -26904.7 82.4819 1.96316 -2.36691 -0.00522243 35780.2
59951.3-14544.3 39588.7 40.5029 -2.88528 -1.06018 0.00757275 35797.7
59951.820975.9 -36561.5 -57.5258 2.66796 1.53028 -0.00709033 35773.2
59952.3-11257.2 40646 31.4349 -2.96232 -0.820575 0.00798617 35798
59953.29669.6 41052.4 -26.8268 -2.9919 0.705006 0.00821257 35797.7
59953.6-28581.6 -30989.8 79.8994 2.26102 -2.08427 -0.00620433 35779.7
59953.7-12269.7 -40328.4 34.9668 2.94245 -0.894655 -0.00813054 35775.5
59954.3-22775.4 35497 62.3605 -2.58698 -1.66029 0.00730921 35797.1
59954.6-35857 -22177 101.817 1.61809 -2.61473 -0.00439934 35782.9
59954.937656.6 -18949.1 -105.123 1.38303 2.74683 -0.00406285 35777.5
59955.5-37808 -18659.7 108.62 1.36152 -2.75697 -0.00365498 35784
59955.827005 -32366.6 -74.4061 2.36172 1.97009 -0.00686972 35774.8
59956.821260.5 -36398.6 -57.9058 2.65575 1.55108 -0.00774769 35774.8
59956.832305.6 -27079.9 -90.3858 1.976 2.35665 -0.00587249 35776.1
59957.6-27101 -32293 80.8066 2.35593 -1.97636 -0.00663062 35780
59957.7-5237.12 -41827.8 18.4939 3.0516 -0.381756 -0.00878096 35776.2
59958.3-17512.3 38368 47.914 -2.79626 -1.27649 0.00822048 35797.5
59958.6-16620.9 -38741 50.9673 2.82634 -1.2121 -0.00815307 35777.8
59958.940355.8 -12194.5 -117.1 0.890101 2.94352 -0.00279644 35780
59959.5-38990.4 -16044.3 115.422 1.17081 -2.84322 -0.00330018 35784.5
