59945.6-38212.1 -17823.2 82.2443 1.30056 -2.78611 -0.00485669 35786.3
59945.6-26603.2 -32705.1 44.9365 2.3861 -1.93984 -0.00699201 35780.6
59945.926297.4 -32943.7 -84.3303 2.40387 1.9185 -0.0047141 35774.5
59946.6-39361.3 -15119.3 87.7812 1.10336 -2.86985 -0.0044396 35787.2
59946.6-25146.7 -33837.2 41.5355 2.4687 -1.83363 -0.00718281 35780.1
59946.927703 -31771 -87.5906 2.31833 2.02102 -0.00451442 35774.7
59947.5-40919.5 -10180 95.6922 0.743157 -2.98336 -0.0036224 35788.8
59947.6-23656.3 -34894.9 38.0437 2.54587 -1.72495 -0.00736277 35779.6
59948.5-40352.8 -12232.6 94.1663 0.892837 -2.94208 -0.0039739 35788.1
59948.7-22109.5 -35894.3 34.3929 2.61879 -1.61215 -0.00753361 35779.1
59948.930364.2 -29238.8 -93.8204 2.1336 2.21511 -0.00407921 35775.2
59949.5-41712.1 -6183.98 102.233 0.451758 -3.04107 -0.00291488 35790
59949.6-34554.6 -24158.2 73.6189 1.76261 -2.51953 -0.00593863 35784
59950.3-21236.8 36440.8 75.4513 -2.65564 -1.54781 0.00589878 35799.4
59950.826652.3 -32657.2 -87.3295 2.38298 1.9444 -0.00501187 35774.5
59951.132883.3 26399.4 -69.5967 -1.92398 2.39792 0.00632276 35791.1
59951.7-17258.5 -38461.3 22.8256 2.80609 -1.25839 -0.00797956 35777.8
59952.212454 40294.4 -9.66136 -2.93671 0.908231 0.0081532 35797
59952.5-39330.5 -15199.3 94.2168 1.10918 -2.8676 -0.00449739 35787.2
59952.934970.3 -23538.6 -104.826 1.71778 2.55102 -0.00308356 35776.3
59953.211348.3 40619.9 -7.2203 -2.96042 0.827619 0.00823462 35797.2
59953.6-35406.3 -22892.7 80.7263 1.6703 -2.58161 -0.00582173 35784.5
59953.822705.6 -35514.2 -79.5952 2.5914 1.65655 -0.00594064 35774.1
59954.2-5945.54 41756.2 38.6237 -3.04312 -0.433115 0.00783663 35799.2
59954.7-12105.8 -40379.2 10.3205 2.94605 -0.882596 -0.00832066 35776.7
59954.936889.8 -20400.7 -109.51 1.48889 2.69097 -0.002526 35777
59955.123040.7 35322.3 -42.5981 -2.57436 1.68012 0.00778143 35794.6
59955.6-36631.7 -20877.3 87.1864 1.52329 -2.67093 -0.00550611 35785.3
59955.825719.3 -33396.8 -86.9915 2.43693 1.87636 -0.00556295 35774.4
59956.7-11343.9 -40599.7 9.48748 2.96214 -0.827024 -0.0084558 35776.6
59956.932370 -27001.9 -101.985 1.97043 2.36141 -0.00412302 35775.5
59957.121898.2 36042.1 -40.8843 -2.62682 1.59682 0.00796767 35794.9
59957.5-39330.4 -15199.5 99.5621 1.10919 -2.8676 -0.00449348 35787.2
59957.6-28941.7 -30656.4 63.3032 2.23662 -2.11033 -0.00718482 35781.6
59957.7-6835.93 -41595.9 -2.66353 3.03487 -0.498233 -0.00854706 35775.7
59958.210506.6 40845.9 -8.08254 -2.97688 0.766247 0.00855385 35797.4
59958.5-35984.6 -21973.3 88.0101 1.60323 -2.62376 -0.00572576 35784.9
59959.135476.9 22793 -86.7212 -1.66106 2.58711 0.00587114 35789.8
59959.6-25937.1 -33235.7 55.6544 2.42479 -1.89125 -0.00765503 35780.5
