59945.213398.8 39990.1 -29.6027 -2.91452 0.977024 0.00647599 35796.9
59945.6-34473.9 -24268.8 76.9259 1.77087 -2.51393 -0.00394865 35781.4
59945.927523.9 -31925.7 -61.6858 2.32971 2.0079 -0.00522296 35774.2
59946.6-38803.5 -16490.7 87.6754 1.20352 -2.82951 -0.00269664 35784.2
59946.928890.6 -30694.7 -65.3245 2.23991 2.10758 -0.00509249 35774.4
59947.5-40531.8 -11617.3 92.6573 0.848087 -2.95544 -0.00189747 35785.8
59948.127002.1 32393.8 -62.4814 -2.36088 1.96889 0.00539166 35793.8
59948.5-39803.6 -13906.7 92.1335 1.01506 -2.90239 -0.00228654 35785.1
59948.931465.4 -28050.2 -72.4342 2.04699 2.29535 -0.00479187 35775.1
59949.3-13928.5 39810.7 31.6115 -2.90131 -1.01517 0.00677704 35798.8
59949.5-41627.6 -6712.94 97.3065 0.49042 -3.03523 -0.00106467 35787.4
59949.6-33596.3 -25469.2 79.0569 1.85842 -2.44995 -0.00427363 35781
59950.5-41786.4 -5643.1 98.741 0.412402 -3.04679 -0.000870405 35787.7
59950.6-32457 -26905.2 77.4497 1.96318 -2.36689 -0.00455239 35780.5
59951.3-14547.7 39588.6 33.194 -2.88512 -1.06031 0.00690072 35798.8
59951.820976.6 -36561 -48.713 2.66789 1.53037 -0.00644401 35773.1
59952.3-11261.7 40645.7 25.2879 -2.96218 -0.820764 0.00715297 35798.8
59953.29663.9 41053.6 -25.5525 -2.992 0.704724 0.00721361 35797.5
59953.6-28578.8 -30991.5 71.3141 2.26128 -2.08412 -0.00538127 35779
59953.7-12265.6 -40328.8 32.1445 2.94261 -0.894411 -0.00711444 35774.7
59954.3-22781.3 35494.4 53.687 -2.58669 -1.66057 0.00644897 35798.2
59954.6-35854.3 -22180.2 89.5654 1.61849 -2.61456 -0.00379978 35782.3
59954.937660.1 -18941.9 -91.6222 1.38253 2.74706 -0.00360254 35777.4
59955.5-37805.2 -18664.5 95.1949 1.36205 -2.75675 -0.0031662 35783.5
59955.827013 -32358.8 -64.7671 2.36132 1.97066 -0.00602999 35774
59956.821271.5 -36390.2 -50.3019 2.65543 1.55189 -0.00680321 35773.1
59956.832314.3 -27068.1 -78.8593 1.97534 2.35728 -0.00517214 35775.2
59957.6-27092.4 -32298.3 71.5768 2.35661 -1.97573 -0.00576517 35778.5
59957.7-5224.19 -41826.8 17.1988 3.05195 -0.380807 -0.00768487 35773.6
59958.3-17525.3 38363.3 40.7259 -2.7958 -1.27739 0.00724542 35798.6
59958.6-16608.2 -38744.1 46.4842 2.82694 -1.21114 -0.00708254 35775.6
59958.940361.3 -12173.8 -101.997 0.888849 2.94395 -0.00260211 35779.3
59959.5-38985.4 -16056.3 102.161 1.17181 -2.84277 -0.00267711 35784.4
