59945.4-7166.44 -28712.2 16.6396 2.01666 -0.501853 3.02566 23214.9
59948.3-7204.96 -28702.3 16.9579 2.01601 -0.504469 3.0257 23214.7
59948.9-7212.83 -28700.3 16.4457 2.0159 -0.505069 3.02568 23214.7
59950.7-7235.43 -28694.6 16.4695 2.01567 -0.506669 3.02557 23214.6
59952.4-7258.51 -28688.7 16.6256 2.01547 -0.508324 3.02542 23214.6
59953-7266.79 -28686.6 16.0978 2.01537 -0.508977 3.02538 23214.6
59953.6-7274.96 -28684.5 15.8883 2.01528 -0.50959 3.02534 23214.6
59956-7308.87 -28675.7 14.6007 2.01477 -0.512148 3.02528 23214.3
59958.3-7343.6 -28666.6 13.1275 2.01405 -0.514719 3.02535 23214.1
59961.2-7386.25 -28655.7 10.1512 2.01304 -0.517979 3.02547 23214.2
