59945.4-7166.44 -28712.2 16.6396 2.01666 -0.501853 3.02566 23214.9
59948.3-7204.57 -28702.4 17.5507 2.01602 -0.504404 3.0257 23214.7
59948.9-7212.36 -28700.5 17.1562 2.01592 -0.50499 3.02568 23214.7
59950.7-7234.73 -28694.8 17.5305 2.0157 -0.506552 3.02556 23214.7
59952.4-7257.58 -28689 18.034 2.01551 -0.508168 3.02542 23214.6
59953-7265.78 -28686.9 17.6212 2.01541 -0.508808 3.02538 23214.6
59953.6-7273.87 -28684.8 17.5263 2.01532 -0.509409 3.02534 23214.6
59956-7307.49 -28676.1 16.6932 2.01482 -0.511916 3.02527 23214.4
59958.3-7341.92 -28667 15.6676 2.01412 -0.514438 3.02535 23214.1
59961.2-7384.2 -28656.2 13.2401 2.01313 -0.517636 3.02547 23214.2
