59945.4-7166.44 -28712.2 16.6396 2.01666 -0.501853 3.02566 23214.9
59948.3-7200.25 -28703.7 23.3263 2.01642 -0.50361 3.02553 23214.9
59948.9-7207.38 -28702 24.1316 2.01636 -0.50404 3.0255 23214.9
59950.7-7228.46 -28696.7 26.9988 2.01617 -0.505265 3.02541 23214.9
59952.4-7250.96 -28691 27.7502 2.01592 -0.506801 3.02533 23214.9
59953-7259.17 -28688.9 26.9513 2.01579 -0.507467 3.0253 23214.9
59953.6-7267.28 -28686.9 26.2969 2.01567 -0.508111 3.02527 23214.9
59956-7300.52 -28678.4 22.5761 2.01515 -0.510853 3.02516 23214.9
59958.3-7332.8 -28670.2 20.374 2.01468 -0.51338 3.02504 23214.9
59961.2-7370.13 -28660.6 22.2434 2.01426 -0.515868 3.0249 23214.9
