59945.5-9459.39 23571.9 1273.89 -1.5246 -0.806516 3.5651 19052.9
59945.6-9550.45 23522.5 1487.73 -1.51078 -0.84076 3.56309 19052.8
59945.6-9640.68 23471 1701.45 -1.49682 -0.874931 3.56077 19052.7
59945.6-9730.07 23417.5 1915.02 -1.48274 -0.909026 3.55814 19052.6
59945.6-9818.61 23361.9 2128.42 -1.46852 -0.943043 3.5552 19052.5
59945.6-9906.29 23304.3 2341.64 -1.45418 -0.976977 3.55195 19052.4
59945.6-9993.11 23244.7 2554.65 -1.43971 -1.01083 3.54838 19052.3
59945.6-10079.1 23183 2767.44 -1.42511 -1.04459 3.54451 19052.1
59945.6-10164.1 23119.4 2979.98 -1.41039 -1.07826 3.54033 19052
59945.6-10248.3 23053.7 3192.27 -1.39554 -1.11184 3.53584 19051.9
59945.6-10331.6 22985.9 3404.28 -1.38058 -1.14532 3.53105 19051.8
59945.6-10414 22916.2 3615.99 -1.36549 -1.1787 3.52594 19051.7
59945.6-10495.4 22844.5 3827.38 -1.35029 -1.21198 3.52053 19051.6
59945.6-10576 22770.8 4038.45 -1.33496 -1.24515 3.5148 19051.6
59945.6-10655.6 22695.1 4249.16 -1.31952 -1.27821 3.50878 19051.5
59945.6-10734.3 22617.4 4459.49 -1.30396 -1.31117 3.50244 19051.4
59945.6-10812.1 22537.7 4669.44 -1.28829 -1.34401 3.4958 19051.3
59945.6-10888.9 22456.1 4878.98 -1.27251 -1.37673 3.48886 19051.2
59945.6-10964.8 22372.5 5088.1 -1.25662 -1.40933 3.48161 19051.1
59945.6-11039.7 22287 5296.77 -1.24061 -1.44181 3.47405 19051
59945.6-11113.7 22199.5 5504.98 -1.2245 -1.47417 3.46619 19050.9
59945.6-11186.7 22110.1 5712.71 -1.20828 -1.50639 3.45803 19050.8
59945.6-11258.7 22018.8 5919.94 -1.19196 -1.53849 3.44957 19050.8
59945.6-11329.7 21925.5 6126.65 -1.17553 -1.57045 3.44081 19050.7
59945.6-11399.7 21830.3 6332.83 -1.159 -1.60227 3.43174 19050.6
59945.6-11468.8 21733.2 6538.45 -1.14237 -1.63396 3.42238 19050.5
59945.6-11536.8 21634.2 6743.51 -1.12563 -1.6655 3.41272 19050.4
59945.6-11603.8 21533.4 6947.97 -1.1088 -1.69689 3.40276 19050.4
59945.6-11669.9 21430.6 7151.83 -1.09188 -1.72814 3.3925 19050.3
59945.6-11734.9 21326 7355.07 -1.07485 -1.75924 3.38195 19050.2
59945.6-11798.8 21219.5 7557.66 -1.05774 -1.79019 3.3711 19050.2
59945.6-11861.8 21111.2 7759.59 -1.04053 -1.82097 3.35996 19050.1
59945.6-11923.7 21001 7960.85 -1.02323 -1.8516 3.34852 19050
59945.6-11984.6 20889 8161.41 -1.00584 -1.88207 3.33679 19050
59945.6-12044.4 20775.1 8361.26 -0.988359 -1.91238 3.32477 19049.9
59945.6-12103.2 20659.5 8560.38 -0.970795 -1.94252 3.31246 19049.8
59945.6-12160.9 20542 8758.75 -0.953146 -1.97248 3.29986 19049.8
59945.6-12217.6 20422.8 8956.35 -0.935414 -2.00228 3.28697 19049.7
59945.6-12273.1 20301.8 9153.18 -0.9176 -2.0319 3.2738 19049.7
59945.6-12327.7 20179 9349.2 -0.899706 -2.06135 3.26034 19049.6
59945.6-12381.1 20054.4 9544.41 -0.881734 -2.09061 3.24659 19049.6
59945.6-12433.5 19928.1 9738.79 -0.863684 -2.11969 3.23256 19049.5
59945.6-12484.7 19800.1 9932.32 -0.845559 -2.14859 3.21825 19049.5
59945.6-12534.9 19670.3 10125 -0.827361 -2.1773 3.20366 19049.4
59945.6-12584 19538.8 10316.7 -0.80909 -2.20582 3.18879 19049.4
59945.6-12632 19405.6 10507.6 -0.790748 -2.23415 3.17364 19049.3
59945.6-12678.9 19270.7 10697.6 -0.772337 -2.26228 3.15821 19049.3
59945.6-12724.7 19134.1 10886.6 -0.753859 -2.29021 3.14251 19049.2
59945.6-12769.4 18995.9 11074.7 -0.735315 -2.31795 3.12653 19049.2
59945.6-12812.9 18856 11261.8 -0.716707 -2.34548 3.11028 19049.1
59945.6-12855.4 18714.4 11447.9 -0.698036 -2.37281 3.09376 19049.1
59945.6-12896.7 18571.2 11633 -0.679304 -2.39993 3.07696 19049.1
59945.6-12936.9 18426.4 11817.1 -0.660513 -2.42684 3.0599 19049
59945.6-12976 18280 12000.2 -0.641664 -2.45354 3.04258 19049
59945.6-13013.9 18132 12182.2 -0.622759 -2.48003 3.02498 19049
59945.6-13050.7 17982.4 12363.2 -0.6038 -2.5063 3.00712 19049
59945.6-13086.4 17831.3 12543.1 -0.584788 -2.53235 2.989 19048.9
59945.6-13120.9 17678.5 12721.9 -0.565726 -2.55817 2.97062 19048.9
59945.6-13154.2 17524.3 12899.6 -0.546613 -2.58378 2.95198 19048.9
59945.6-13186.5 17368.5 13076.1 -0.527453 -2.60916 2.93308 19048.9
59945.6-13217.5 17211.2 13251.5 -0.508247 -2.63431 2.91393 19048.8
59945.6-13247.5 17052.4 13425.8 -0.488997 -2.65924 2.89452 19048.8
59945.6-13276.2 16892.1 13598.9 -0.469704 -2.68393 2.87486 19048.8
59945.6-13303.8 16730.3 13770.8 -0.45037 -2.70838 2.85495 19048.8
59945.6-13330.3 16567.1 13941.4 -0.430997 -2.7326 2.83479 19048.8
59945.6-13355.5 16402.4 14110.9 -0.411587 -2.75658 2.81438 19048.8
59945.6-13379.6 16236.3 14279.2 -0.39214 -2.78032 2.79372 19048.8
59945.6-13402.6 16068.8 14446.2 -0.372659 -2.80382 2.77283 19048.8
59945.6-13424.4 15899.8 14611.9 -0.353146 -2.82708 2.75169 19048.7
59945.6-13445 15729.5 14776.4 -0.333602 -2.85008 2.7303 19048.7
59945.6-13464.4 15557.8 14939.5 -0.314029 -2.87284 2.70869 19048.7
59945.6-13482.6 15384.8 15101.4 -0.294429 -2.89534 2.68683 19048.7
59945.6-13499.7 15210.4 15261.9 -0.274803 -2.9176 2.66474 19048.7
59945.6-13515.6 15034.7 15421.2 -0.255153 -2.9396 2.64242 19048.7
59945.6-13530.3 14857.7 15579 -0.235481 -2.96134 2.61987 19048.7
59945.6-13543.9 14679.3 15735.5 -0.215788 -2.98282 2.59708 19048.8
59945.6-13556.2 14499.7 15890.7 -0.196077 -3.00405 2.57408 19048.8
59945.6-13567.4 14318.8 16044.4 -0.176349 -3.02501 2.55084 19048.8
59945.6-13577.4 14136.7 16196.8 -0.156605 -3.0457 2.52739 19048.8
59945.6-13586.2 13953.4 16347.7 -0.136848 -3.06613 2.50371 19048.8
59945.6-13593.8 13768.8 16497.2 -0.117079 -3.0863 2.47982 19048.8
59945.6-13600.3 13583 16645.3 -0.0973002 -3.10619 2.45571 19048.8
59945.6-13605.5 13396.1 16791.9 -0.0775128 -3.12581 2.43138 19048.9
59945.6-13609.6 13207.9 16937 -0.0577187 -3.14516 2.40685 19048.9
59945.6-13612.4 13018.6 17080.7 -0.0379198 -3.16424 2.3821 19048.9
59945.6-13614.1 12828.2 17222.9 -0.0181176 -3.18304 2.35715 19048.9
59945.6-13614.6 12636.7 17363.6 0.00168597 -3.20156 2.33199 19048.9
59945.6-13613.9 12444 17502.7 0.0214893 -3.2198 2.30662 19049
59945.6-13612 12250.3 17640.4 0.0412906 -3.23776 2.28106 19049
59945.6-13608.9 12055.5 17776.5 0.0610881 -3.25544 2.2553 19049
59945.6-13604.7 11859.7 17911 0.0808801 -3.27283 2.22933 19049.1
59945.6-13599.2 11662.8 18044 0.100665 -3.28994 2.20318 19049.1
59945.6-13592.6 11464.9 18175.4 0.120441 -3.30676 2.17683 19049.1
59945.6-13584.8 11266 18305.2 0.140206 -3.32329 2.1503 19049.2
59945.6-13575.8 11066.1 18433.4 0.159959 -3.33953 2.12357 19049.2
59945.6-13565.6 10865.2 18560 0.179698 -3.35548 2.09666 19049.3
59945.6-13554.2 10663.4 18685 0.19942 -3.37113 2.06957 19049.3
59945.6-13541.7 10460.7 18808.4 0.219126 -3.3865 2.0423 19049.4
59945.6-13527.9 10257.1 18930.1 0.238812 -3.40156 2.01485 19049.4
59945.6-13513 10052.5 19050.1 0.258476 -3.41633 1.98722 19049.5
59945.6-13496.9 9847.11 19168.5 0.278119 -3.4308 1.95942 19049.5
59945.6-13479.6 9640.84 19285.3 0.297736 -3.44498 1.93145 19049.6
59945.6-13461.2 9433.72 19400.3 0.317328 -3.45885 1.90332 19049.6
59945.6-13441.6 9225.78 19513.7 0.336892 -3.47242 1.87501 19049.7
59945.6-13420.8 9017.04 19625.3 0.356426 -3.48568 1.84655 19049.7
59945.6-13398.8 8807.51 19735.2 0.375928 -3.49864 1.81792 19049.8
59945.6-13375.6 8597.21 19843.5 0.395398 -3.5113 1.78913 19049.8
59945.6-13351.3 8386.16 19949.9 0.414833 -3.52365 1.76019 19049.9
59945.6-13325.9 8174.38 20054.7 0.434232 -3.53569 1.73109 19050
59945.6-13299.2 7961.88 20157.7 0.453592 -3.54742 1.70185 19050
59945.6-13271.4 7748.69 20258.9 0.472913 -3.55885 1.67245 19050.1
59945.6-13242.5 7534.83 20358.4 0.492192 -3.56996 1.64291 19050.2
59945.6-13212.4 7320.3 20456 0.511428 -3.58076 1.61323 19050.3
59945.6-13181.1 7105.14 20551.9 0.530619 -3.59125 1.5834 19050.3
59945.6-13148.7 6889.36 20646 0.549764 -3.60143 1.55344 19050.4
59945.6-13115.1 6672.98 20738.3 0.568861 -3.61129 1.52335 19050.5
59945.6-13080.4 6456.01 20828.8 0.587907 -3.62083 1.49312 19050.6
59945.6-13044.6 6238.48 20917.5 0.606902 -3.63006 1.46276 19050.6
59945.6-13007.6 6020.41 21004.4 0.625844 -3.63898 1.43227 19050.7
59945.6-12969.5 5801.81 21089.4 0.644731 -3.64757 1.40166 19050.8
59945.6-12930.2 5582.71 21172.6 0.663562 -3.65585 1.37093 19050.9
59945.6-12889.9 5363.11 21253.9 0.682334 -3.66381 1.34007 19051
59945.6-12848.4 5143.06 21333.4 0.701047 -3.67145 1.3091 19051.1
59945.6-12805.7 4922.55 21411 0.719698 -3.67876 1.27802 19051.2
59945.6-12762 4701.61 21486.7 0.738286 -3.68576 1.24683 19051.2
59945.6-12717.1 4480.26 21560.6 0.75681 -3.69244 1.21553 19051.3
59945.6-12671.2 4258.52 21632.6 0.775267 -3.69879 1.18412 19051.4
59945.6-12624.1 4036.41 21702.7 0.793656 -3.70482 1.15261 19051.5
59945.6-12575.9 3813.95 21770.9 0.811976 -3.71053 1.121 19051.6
59945.6-12526.7 3591.16 21837.2 0.830225 -3.71591 1.08929 19051.7
59945.6-12476.3 3368.05 21901.6 0.848401 -3.72097 1.05749 19051.8
59945.6-12424.9 3144.65 21964.1 0.866503 -3.7257 1.02559 19051.9
59945.6-12372.3 2920.97 22024.7 0.884529 -3.73011 0.993607 19052
59945.6-12318.7 2697.04 22083.3 0.902478 -3.7342 0.961538 19052.1
59945.6-12264 2472.87 22140.1 0.920347 -3.73795 0.929384 19052.3
59945.6-12208.3 2248.49 22194.9 0.938136 -3.74139 0.89715 19052.4
59945.6-12151.5 2023.91 22247.7 0.955843 -3.74449 0.864839 19052.5
59945.6-12093.6 1799.16 22298.6 0.973467 -3.74727 0.832452 19052.6
59945.6-12034.7 1574.25 22347.6 0.991005 -3.74972 0.799993 19052.7
59945.6-11974.7 1349.2 22394.6 1.00846 -3.75185 0.767465 19052.8
59945.6-11913.6 1124.03 22439.7 1.02582 -3.75365 0.73487 19052.9
59945.6-11851.6 898.769 22482.8 1.04309 -3.75512 0.702212 19053
59945.6-11788.5 673.427 22524 1.06028 -3.75626 0.669493 19053.2
59945.6-11724.3 448.025 22563.2 1.07736 -3.75707 0.636717 19053.3
59945.6-11659.2 222.584 22600.4 1.09436 -3.75756 0.603885 19053.4
59945.7-11593 -2.87559 22635.6 1.11126 -3.75772 0.571001 19053.5
59945.7-11525.8 -228.335 22668.9 1.12806 -3.75755 0.538067 19053.7
59945.7-11457.7 -453.775 22700.2 1.14477 -3.75706 0.505088 19053.8
59945.7-11388.5 -679.176 22729.5 1.16137 -3.75623 0.472065 19053.9
59945.7-11318.3 -904.517 22756.8 1.17787 -3.75508 0.439001 19054
59945.7-11247.1 -1129.78 22782.2 1.19427 -3.7536 0.405899 19054.2
59945.7-11175 -1354.94 22805.5 1.21056 -3.7518 0.372763 19054.3
59945.7-11101.9 -1579.99 22826.9 1.22675 -3.74966 0.339594 19054.4
59945.7-11027.8 -1804.9 22846.3 1.24284 -3.7472 0.306397 19054.6
59945.7-10952.7 -2029.65 22863.7 1.25881 -3.74442 0.273173 19054.7
59945.7-10876.7 -2254.22 22879.1 1.27467 -3.74131 0.239926 19054.9
59945.7-10799.8 -2478.6 22892.5 1.29042 -3.73787 0.206659 19055
59945.7-10721.9 -2702.76 22903.9 1.30606 -3.7341 0.173374 19055.1
59945.7-10643 -2926.68 22913.3 1.32159 -3.73001 0.140075 19055.3
59945.7-10563.3 -3150.35 22920.7 1.33699 -3.72559 0.106764 19055.4
59945.7-10482.6 -3373.75 22926.1 1.35229 -3.72085 0.073444 19055.6
59945.7-10401 -3596.85 22929.5 1.36746 -3.71579 0.0401185 19055.7
59945.7-10318.5 -3819.63 22930.9 1.38252 -3.7104 0.00679003 19055.9
59945.7-10235.1 -4042.09 22930.3 1.39745 -3.70469 -0.0265384 19056
59945.7-10150.8 -4264.19 22927.7 1.41226 -3.69865 -0.059864 19056.2
59945.7-10065.6 -4485.92 22923.1 1.42695 -3.6923 -0.0931838 19056.3
59945.7-9979.59 -4707.26 22916.5 1.44151 -3.68562 -0.126495 19056.5
59945.7-9892.67 -4928.19 22908 1.45595 -3.67862 -0.159794 19056.6
59945.7-9804.88 -5148.69 22897.4 1.47026 -3.6713 -0.193079 19056.8
59945.7-9716.24 -5368.74 22884.8 1.48444 -3.66365 -0.226347 19056.9
59945.7-9626.75 -5588.32 22870.2 1.4985 -3.65569 -0.259594 19057.1
59945.7-9536.42 -5807.41 22853.6 1.51242 -3.64742 -0.292818 19057.2
59945.7-9445.26 -6026 22835.1 1.52621 -3.63882 -0.326016 19057.4
59945.7-9353.28 -6244.07 22814.5 1.53986 -3.62991 -0.359184 19057.6
59945.7-9260.48 -6461.59 22792 1.55338 -3.62068 -0.392321 19057.7
59945.7-9166.88 -6678.54 22767.4 1.56677 -3.61113 -0.425423 19057.9
59945.7-9072.47 -6894.91 22740.9 1.58002 -3.60127 -0.458488 19058
59945.7-8977.28 -7110.69 22712.4 1.59313 -3.5911 -0.491511 19058.2
59945.7-8881.3 -7325.84 22681.9 1.6061 -3.58061 -0.524492 19058.4
59945.7-8784.55 -7540.35 22649.5 1.61893 -3.56981 -0.557426 19058.5
59945.7-8687.03 -7754.21 22615 1.63162 -3.5587 -0.59031 19058.7
59945.7-8588.76 -7967.39 22578.6 1.64417 -3.54728 -0.623143 19058.9
59945.7-8489.73 -8179.88 22540.3 1.65658 -3.53556 -0.655921 19059
59945.7-8389.97 -8391.65 22499.9 1.66884 -3.52352 -0.688641 19059.2
59945.7-8289.48 -8602.7 22457.6 1.68095 -3.51118 -0.7213 19059.4
59945.7-8188.26 -8812.99 22413.4 1.69292 -3.49853 -0.753896 19059.6
59945.7-8086.33 -9022.51 22367.2 1.70474 -3.48557 -0.786426 19059.7
59945.7-7983.69 -9231.25 22319 1.71641 -3.47232 -0.818886 19059.9
59945.7-7880.36 -9439.18 22268.9 1.72793 -3.45876 -0.851275 19060.1
59945.7-7776.35 -9646.3 22216.9 1.7393 -3.4449 -0.883588 19060.2
59945.7-7671.65 -9852.57 22162.9 1.75052 -3.43074 -0.915824 19060.4
59945.7-7566.29 -10058 22107 1.76158 -3.41628 -0.94798 19060.6
59945.7-7460.26 -10262.5 22049.1 1.7725 -3.40152 -0.980052 19060.8
59945.7-7353.59 -10466.2 21989.4 1.78325 -3.38647 -1.01204 19061
59945.7-7246.28 -10668.9 21927.7 1.79386 -3.37112 -1.04394 19061.1
59945.7-7138.33 -10870.7 21864.1 1.8043 -3.35548 -1.07574 19061.3
59945.7-7029.76 -11071.5 21798.6 1.81459 -3.33955 -1.10745 19061.5
59945.7-6920.58 -11271.4 21731.2 1.82472 -3.32332 -1.13907 19061.7
59945.7-6810.8 -11470.3 21661.9 1.83469 -3.30681 -1.17058 19061.9
59945.7-6700.42 -11668.2 21590.7 1.8445 -3.29001 -1.20199 19062
59945.7-6589.46 -11865.1 21517.7 1.85415 -3.27292 -1.2333 19062.2
59945.7-6477.93 -12061 21442.7 1.86364 -3.25555 -1.2645 19062.4
59945.7-6365.83 -12255.8 21365.9 1.87296 -3.2379 -1.29559 19062.6
59945.7-6253.18 -12449.5 21287.3 1.88212 -3.21996 -1.32656 19062.8
59945.7-6139.98 -12642.2 21206.7 1.89112 -3.20174 -1.35742 19063
59945.7-6026.25 -12833.7 21124.4 1.89995 -3.18325 -1.38816 19063.2
59945.7-5911.99 -13024.2 21040.2 1.90862 -3.16447 -1.41878 19063.3
59945.7-5797.21 -13213.5 20954.1 1.91712 -3.14543 -1.44927 19063.5
59945.7-5681.94 -13401.6 20866.3 1.92546 -3.1261 -1.47964 19063.7
59945.7-5566.16 -13588.6 20776.6 1.93362 -3.10651 -1.50987 19063.9
59945.7-5449.9 -13774.4 20685.1 1.94162 -3.08665 -1.53998 19064.1
59945.7-5333.17 -13959 20591.8 1.94945 -3.06652 -1.56995 19064.3
59945.7-5215.97 -14142.4 20496.7 1.9571 -3.04612 -1.59978 19064.5
59945.7-5098.32 -14324.5 20399.8 1.96459 -3.02545 -1.62947 19064.7
59945.7-4980.23 -14505.4 20301.1 1.97191 -3.00453 -1.65902 19064.9
59945.7-4861.7 -14685 20200.7 1.97905 -2.98334 -1.68843 19065.1
59945.7-4742.74 -14863.4 20098.5 1.98602 -2.96189 -1.71769 19065.2
59945.7-4623.38 -15040.5 19994.6 1.99282 -2.94018 -1.74679 19065.4
59945.7-4503.61 -15216.2 19888.9 1.99944 -2.91822 -1.77575 19065.6
59945.7-4383.45 -15390.6 19781.5 2.00589 -2.89601 -1.80455 19065.8
59945.7-4262.91 -15563.7 19672.4 2.01217 -2.87354 -1.83319 19066
59945.7-4141.99 -15735.5 19561.5 2.01827 -2.85083 -1.86167 19066.2
59945.7-4020.72 -15905.8 19449 2.02419 -2.82786 -1.88999 19066.4
59945.7-3899.09 -16074.8 19334.7 2.02994 -2.80465 -1.91814 19066.6
59945.7-3777.13 -16242.4 19218.8 2.03551 -2.7812 -1.94613 19066.8
59945.7-3654.83 -16408.5 19101.2 2.04091 -2.7575 -1.97394 19067
59945.7-3532.22 -16573.3 18981.9 2.04612 -2.73357 -2.00159 19067.2
59945.7-3409.3 -16736.6 18861 2.05116 -2.70939 -2.02905 19067.4
59945.7-3286.09 -16898.4 18738.5 2.05602 -2.68498 -2.05634 19067.6
59945.7-3162.58 -17058.8 18614.3 2.0607 -2.66034 -2.08346 19067.8
59945.7-3038.81 -17217.6 18488.5 2.0652 -2.63547 -2.11039 19068
59945.7-2914.76 -17375 18361 2.06952 -2.61037 -2.13713 19068.2
59945.7-2790.47 -17530.9 18232 2.07366 -2.58504 -2.16369 19068.4
59945.7-2665.93 -17685.2 18101.4 2.07762 -2.55949 -2.19006 19068.6
59945.7-2541.16 -17838 17969.2 2.08139 -2.53371 -2.21624 19068.8
59945.7-2416.17 -17989.3 17835.4 2.08499 -2.50772 -2.24222 19068.9
59945.7-2290.96 -18138.9 17700.1 2.08841 -2.4815 -2.26801 19069.1
59945.7-2165.56 -18287 17563.3 2.09164 -2.45507 -2.2936 19069.3
59945.7-2039.97 -18433.5 17424.9 2.09469 -2.42843 -2.31899 19069.5
59945.7-1914.2 -18578.4 17285 2.09756 -2.40158 -2.34418 19069.7
59945.7-1788.27 -18721.7 17143.6 2.10025 -2.37452 -2.36916 19069.9
59945.7-1662.18 -18863.4 17000.7 2.10275 -2.34725 -2.39394 19070.1
59945.7-1535.94 -19003.4 16856.3 2.10507 -2.31978 -2.41851 19070.3
59945.7-1409.57 -19141.7 16710.5 2.10721 -2.2921 -2.44287 19070.5
59945.7-1283.08 -19278.4 16563.2 2.10916 -2.26423 -2.46701 19070.7
59945.7-1156.47 -19413.4 16414.5 2.11093 -2.23616 -2.49094 19070.9
59945.7-1029.77 -19546.8 16264.3 2.11252 -2.2079 -2.51465 19071.1
59945.7-902.977 -19678.4 16112.7 2.11392 -2.17944 -2.53814 19071.3
59945.7-776.104 -19808.3 15959.7 2.11514 -2.1508 -2.56141 19071.5
59945.7-649.164 -19936.5 15805.3 2.11617 -2.12197 -2.58446 19071.7
59945.7-522.167 -20062.9 15649.6 2.11702 -2.09296 -2.60728 19071.9
59945.7-395.125 -20187.6 15492.5 2.11768 -2.06376 -2.62987 19072.1
59945.7-268.049 -20310.6 15334 2.11817 -2.03438 -2.65224 19072.3
59945.7-140.949 -20431.8 15174.2 2.11846 -2.00483 -2.67437 19072.5
59945.7-13.8371 -20551.2 15013.1 2.11857 -1.97511 -2.69627 19072.7
59945.7113.276 -20668.8 14850.7 2.1185 -1.94521 -2.71794 19072.9
59945.7240.379 -20784.6 14686.9 2.11825 -1.91514 -2.73937 19073
59945.7367.462 -20898.6 14521.9 2.1178 -1.88491 -2.76055 19073.2
59945.7494.512 -21010.8 14355.7 2.11718 -1.85452 -2.7815 19073.4
59945.7621.52 -21121.1 14188.2 2.11637 -1.82396 -2.80221 19073.6
59945.7748.473 -21229.6 14019.4 2.11538 -1.79325 -2.82267 19073.8
59945.7875.361 -21336.3 13849.5 2.1142 -1.76238 -2.84289 19074
59945.71002.17 -21441.1 13678.3 2.11284 -1.73135 -2.86285 19074.2
59945.71128.9 -21544.1 13505.9 2.11129 -1.70018 -2.88257 19074.4
59945.71255.52 -21645.1 13332.4 2.10956 -1.66886 -2.90204 19074.6
59945.71382.04 -21744.3 13157.7 2.10765 -1.6374 -2.92125 19074.8
59945.71508.44 -21841.6 12981.8 2.10555 -1.60579 -2.94021 19075
59945.71634.7 -21937 12804.9 2.10327 -1.57404 -2.95891 19075.1
59945.71760.83 -22030.5 12626.8 2.10081 -1.54216 -2.97736 19075.3
59945.71886.8 -22122.1 12447.6 2.09817 -1.51015 -2.99555 19075.5
59945.72012.6 -22211.7 12267.3 2.09534 -1.478 -3.01347 19075.7
59945.72138.24 -22299.4 12086 2.09233 -1.44572 -3.03113 19075.9
59945.72263.68 -22385.2 11903.6 2.08914 -1.41333 -3.04853 19076.1
59945.72388.93 -22469 11720.1 2.08576 -1.3808 -3.06566 19076.3
59945.72513.97 -22550.9 11535.7 2.08221 -1.34816 -3.08253 19076.4
59945.72638.79 -22630.8 11350.2 2.07847 -1.3154 -3.09912 19076.6
59945.72763.38 -22708.7 11163.8 2.07456 -1.28253 -3.11545 19076.8
59945.72887.73 -22784.7 10976.4 2.07046 -1.24955 -3.13151 19077
59945.73011.83 -22858.7 10788 2.06618 -1.21646 -3.14729 19077.2
59945.73135.67 -22930.7 10598.7 2.06172 -1.18326 -3.1628 19077.3
59945.73259.24 -23000.7 10408.5 2.05709 -1.14996 -3.17803 19077.5
59945.73382.52 -23068.7 10217.4 2.05227 -1.11656 -3.19299 19077.7
59945.73505.51 -23134.7 10025.4 2.04728 -1.08307 -3.20766 19077.9
59945.73628.19 -23198.6 9832.46 2.04211 -1.04948 -3.22206 19078.1
59945.73750.55 -23260.6 9638.71 2.03676 -1.0158 -3.23618 19078.2
59945.73872.6 -23320.5 9444.12 2.03123 -0.982034 -3.25002 19078.4
59945.73994.3 -23378.4 9248.71 2.02553 -0.948182 -3.26357 19078.6
59945.74115.66 -23434.3 9052.5 2.01965 -0.914248 -3.27684 19078.8
59945.74236.65 -23488.1 8855.5 2.0136 -0.880236 -3.28982 19078.9
59945.84357.28 -23539.9 8657.73 2.00737 -0.846147 -3.30252 19079.1
59945.84477.53 -23589.7 8459.2 2.00096 -0.811986 -3.31493 19079.3
59945.84597.4 -23637.4 8259.94 1.99439 -0.777754 -3.32705 19079.4
59945.84716.86 -23683 8059.96 1.98763 -0.743456 -3.33888 19079.6
59945.84835.91 -23726.6 7859.28 1.98071 -0.709093 -3.35042 19079.8
59945.84954.54 -23768.1 7657.92 1.97361 -0.674669 -3.36167 19079.9
59945.85072.74 -23807.5 7455.88 1.96635 -0.640187 -3.37263 19080.1
59945.85190.5 -23844.9 7253.21 1.95891 -0.605651 -3.38329 19080.3
59945.85307.8 -23880.2 7049.9 1.9513 -0.571062 -3.39366 19080.4
59945.85424.65 -23913.5 6845.97 1.94352 -0.536423 -3.40373 19080.6
59945.85541.02 -23944.6 6641.45 1.93557 -0.501739 -3.41351 19080.8
59945.85656.92 -23973.7 6436.36 1.92746 -0.467012 -3.42299 19080.9
59945.85772.32 -24000.6 6230.7 1.91918 -0.432245 -3.43217 19081.1
59945.85887.21 -24025.5 6024.5 1.91073 -0.397441 -3.44106 19081.2
59945.86001.6 -24048.3 5817.78 1.90211 -0.362603 -3.44964 19081.4
59945.86115.46 -24069 5610.55 1.89333 -0.327733 -3.45792 19081.6
59945.86228.8 -24087.7 5402.83 1.88438 -0.292836 -3.46591 19081.7
59945.86341.59 -24104.2 5194.65 1.87527 -0.257914 -3.47359 19081.9
59945.86453.83 -24118.6 4986.01 1.866 -0.222971 -3.48097 19082
59945.86565.5 -24130.9 4776.94 1.85657 -0.188008 -3.48804 19082.2
59945.86676.61 -24141.2 4567.45 1.84697 -0.153029 -3.49481 19082.3
59945.86787.14 -24149.3 4357.57 1.83722 -0.118038 -3.50128 19082.5
59945.86897.07 -24155.3 4147.3 1.8273 -0.0830375 -3.50745 19082.6
59945.87006.41 -24159.3 3936.68 1.81723 -0.0480299 -3.51331 19082.8
59945.87115.14 -24161.1 3725.71 1.807 -0.0130188 -3.51886 19082.9
59945.87223.25 -24160.8 3514.42 1.79661 0.0219929 -3.52411 19083
59945.87330.73 -24158.5 3302.83 1.78606 0.0570022 -3.52905 19083.2
59945.87437.57 -24154 3090.94 1.77536 0.092006 -3.53368 19083.3
59945.87543.77 -24147.4 2878.79 1.76451 0.127001 -3.53801 19083.5
59945.87649.31 -24138.7 2666.39 1.7535 0.161985 -3.54202 19083.6
59945.87754.18 -24128 2453.75 1.74234 0.196954 -3.54574 19083.7
59945.87858.39 -24115.1 2240.91 1.73103 0.231905 -3.54914 19083.9
59945.87961.9 -24100.1 2027.86 1.71957 0.266836 -3.55223 19084
59945.88064.73 -24083.1 1814.64 1.70796 0.301743 -3.55502 19084.2
59945.88166.86 -24063.9 1601.27 1.6962 0.336623 -3.55749 19084.3
59945.88268.27 -24042.7 1387.75 1.68429 0.371473 -3.55966 19084.4
59945.88368.97 -24019.4 1174.12 1.67224 0.406291 -3.56151 19084.5
59945.88468.94 -23993.9 960.377 1.66004 0.441073 -3.56306 19084.7
59945.88568.17 -23966.4 746.554 1.6477 0.475816 -3.5643 19084.8
59945.88666.66 -23936.8 532.667 1.63521 0.510517 -3.56522 19084.9
59945.88764.39 -23905.2 318.734 1.62259 0.545173 -3.56584 19085
59945.88861.36 -23871.4 104.773 1.60982 0.579781 -3.56615 19085.2
59945.88957.57 -23835.6 -109.198 1.59691 0.614339 -3.56614 19085.3
59945.89052.99 -23797.7 -323.158 1.58386 0.648842 -3.56583 19085.4
59945.89147.63 -23757.7 -537.091 1.57068 0.683289 -3.56521 19085.5
59945.89241.47 -23715.7 -750.977 1.55736 0.717675 -3.56427 19085.6
59945.89334.51 -23671.6 -964.798 1.5439 0.751999 -3.56303 19085.8
59945.89426.74 -23625.5 -1178.53 1.53032 0.786257 -3.56148 19085.9
59945.89518.14 -23577.3 -1392.17 1.51659 0.820447 -3.55962 19086
59945.89608.72 -23527 -1605.68 1.50274 0.854564 -3.55745 19086.1
59945.89698.47 -23474.7 -1819.06 1.48876 0.888607 -3.55496 19086.2
59945.89787.37 -23420.4 -2032.27 1.47464 0.922572 -3.55217 19086.3
59945.89875.42 -23364 -2245.31 1.4604 0.956456 -3.54908 19086.4
59945.89962.62 -23305.6 -2458.16 1.44603 0.990257 -3.54567 19086.5
59945.810048.9 -23245.2 -2670.79 1.43154 1.02397 -3.54195 19086.6
59945.810134.4 -23182.7 -2883.18 1.41692 1.0576 -3.53793 19086.7
59945.810219 -23118.3 -3095.33 1.40218 1.09113 -3.5336 19086.8
59945.810302.7 -23051.8 -3307.21 1.38732 1.12457 -3.52896 19086.9
59945.810385.5 -22983.3 -3518.8 1.37234 1.15791 -3.52402 19087
59945.810467.3 -22912.9 -3730.09 1.35723 1.19114 -3.51877 19087.1
59945.810548.3 -22840.4 -3941.05 1.34201 1.22428 -3.51321 19087.2
59945.810628.4 -22766 -4151.66 1.32668 1.25731 -3.50735 19087.3
59945.810707.5 -22689.5 -4361.92 1.31123 1.29022 -3.50118 19087.4
59945.810785.7 -22611.1 -4571.8 1.29566 1.32303 -3.49471 19087.5
59945.810863 -22530.8 -4781.28 1.27999 1.35572 -3.48794 19087.5
59945.810939.3 -22448.4 -4990.35 1.2642 1.38829 -3.48086 19087.6
59945.811014.7 -22364.2 -5198.98 1.2483 1.42074 -3.47348 19087.7
59945.811089.1 -22278 -5407.16 1.23229 1.45307 -3.4658 19087.8
59945.811162.6 -22189.8 -5614.87 1.21618 1.48527 -3.45781 19087.9
59945.811235.1 -22099.7 -5822.09 1.19996 1.51734 -3.44953 19087.9
59945.811306.6 -22007.7 -6028.81 1.18364 1.54928 -3.44095 19088
59945.811377.1 -21913.8 -6235 1.16721 1.58108 -3.43207 19088.1
59945.811446.6 -21818 -6440.65 1.15069 1.61275 -3.42289 19088.2
59945.811515.2 -21720.3 -6645.74 1.13406 1.64427 -3.41341 19088.2
59945.811582.7 -21620.7 -6850.25 1.11733 1.67566 -3.40363 19088.3
59945.811649.2 -21519.2 -7054.17 1.10051 1.70689 -3.39356 19088.4
59945.811714.8 -21415.9 -7257.47 1.0836 1.73798 -3.3832 19088.4
59945.811779.3 -21310.7 -7460.15 1.06658 1.76892 -3.37254 19088.5
59945.811842.8 -21203.6 -7662.17 1.04948 1.7997 -3.36159 19088.6
59945.811905.2 -21094.7 -7863.53 1.03229 1.83033 -3.35035 19088.6
59945.811966.6 -20984 -8064.21 1.015 1.86079 -3.33881 19088.7
59945.812027 -20871.4 -8264.18 0.997629 1.8911 -3.32699 19088.7
59945.812086.3 -20757 -8463.44 0.98017 1.92124 -3.31487 19088.8
59945.812144.6 -20640.9 -8661.96 0.962626 1.95121 -3.30247 19088.8
59945.812201.9 -20522.9 -8859.73 0.944999 1.98101 -3.28978 19088.9
59945.812258 -20403.1 -9056.73 0.927289 2.01064 -3.27681 19088.9
59945.812313.1 -20281.6 -9252.94 0.9095 2.0401 -3.26355 19089
59945.812367.2 -20158.3 -9448.35 0.891631 2.06938 -3.25001 19089
59945.812420.1 -20033.3 -9642.94 0.873685 2.09848 -3.23618 19089.1
59945.812472 -19906.5 -9836.69 0.855664 2.12739 -3.22208 19089.1
59945.812522.8 -19778 -10029.6 0.837568 2.15612 -3.20769 19089.2
59945.812572.5 -19647.8 -10221.6 0.819399 2.18467 -3.19303 19089.2
59945.812621.1 -19515.9 -10412.7 0.80116 2.21302 -3.17808 19089.2
59945.812668.6 -19382.2 -10603 0.782851 2.24118 -3.16287 19089.3
59945.812715.1 -19246.9 -10792.3 0.764474 2.26915 -3.14737 19089.3
59945.812760.4 -19109.9 -10980.6 0.746031 2.29691 -3.13161 19089.3
59945.812804.6 -18971.3 -11168.1 0.727523 2.32448 -3.11557 19089.4
59945.812847.7 -18831 -11354.5 0.708952 2.35185 -3.09926 19089.4
59945.812889.7 -18689.1 -11540 0.69032 2.37901 -3.08269 19089.4
59945.812930.5 -18545.5 -11724.4 0.671628 2.40597 -3.06584 19089.4
59945.812970.3 -18400.4 -11907.9 0.652877 2.43271 -3.04873 19089.5
59945.813008.9 -18253.6 -12090.3 0.63407 2.45925 -3.03135 19089.5
59945.813046.3 -18105.3 -12271.6 0.615208 2.48557 -3.01371 19089.5
59945.813082.7 -17955.3 -12451.9 0.596293 2.51167 -2.99581 19089.5
59945.813117.9 -17803.9 -12631.1 0.577326 2.53756 -2.97765 19089.5
59945.813152 -17650.8 -12809.2 0.558308 2.56323 -2.95923 19089.5
59945.813184.9 -17496.3 -12986.2 0.539243 2.58867 -2.94055 19089.6
59945.813216.7 -17340.2 -13162.1 0.520131 2.61389 -2.92162 19089.6
59945.813247.3 -17182.6 -13336.8 0.500973 2.63888 -2.90243 19089.6
59945.813276.8 -17023.5 -13510.4 0.481773 2.66364 -2.88299 19089.6
59945.813305.1 -16863 -13682.8 0.46253 2.68817 -2.86331 19089.6
59945.813332.3 -16701 -13854 0.443247 2.71247 -2.84337 19089.6
59945.813358.3 -16537.5 -14024 0.423926 2.73653 -2.82318 19089.6
59945.813383.2 -16372.6 -14192.7 0.404568 2.76035 -2.80275 19089.6
59945.813406.9 -16206.3 -14360.3 0.385175 2.78393 -2.78208 19089.6
59945.813429.4 -16038.5 -14526.6 0.365749 2.80727 -2.76117 19089.6
59945.813450.7 -15869.4 -14691.6 0.346291 2.83037 -2.74001 19089.6
59945.813470.9 -15698.9 -14855.4 0.326803 2.85322 -2.71862 19089.6
59945.813490 -15527 -15017.8 0.307287 2.87583 -2.69699 19089.5
59945.813507.8 -15353.8 -15179 0.287744 2.89818 -2.67513 19089.5
59945.813524.5 -15179.2 -15338.9 0.268176 2.92028 -2.65303 19089.5
59945.813540 -15003.4 -15497.4 0.248585 2.94213 -2.6307 19089.5
59945.813554.3 -14826.2 -15654.5 0.228972 2.96372 -2.60815 19089.5
59945.813567.5 -14647.7 -15810.3 0.209339 2.98506 -2.58537 19089.5
59945.813579.4 -14468 -15964.8 0.189688 3.00613 -2.56236 19089.4
59945.813590.2 -14287 -16117.8 0.170021 3.02695 -2.53914 19089.4
59945.813599.8 -14104.8 -16269.5 0.150339 3.0475 -2.51569 19089.4
59945.813608.3 -13921.3 -16419.7 0.130644 3.06779 -2.49202 19089.4
59945.813615.5 -13736.6 -16568.5 0.110938 3.08781 -2.46814 19089.3
59945.813621.6 -13550.8 -16715.9 0.0912218 3.10756 -2.44404 19089.3
59945.813626.5 -13363.7 -16861.8 0.0714979 3.12704 -2.41973 19089.3
59945.813630.2 -13175.5 -17006.2 0.0517678 3.14625 -2.39521 19089.3
59945.813632.7 -12986.2 -17149.2 0.0320332 3.16519 -2.37048 19089.2
59945.813634 -12795.7 -17290.7 0.0122958 3.18385 -2.34554 19089.2
59945.813634.2 -12604.1 -17430.7 -0.00744271 3.20224 -2.3204 19089.1
59945.813633.1 -12411.4 -17569.1 -0.0271806 3.22034 -2.29506 19089.1
59945.813630.9 -12217.7 -17706.1 -0.0469161 3.23817 -2.26952 19089.1
59945.813627.5 -12022.9 -17841.5 -0.0666475 3.25572 -2.24379 19089
59945.813622.9 -11827 -17975.3 -0.0863732 3.27298 -2.21785 19089
59945.813617.1 -11630.1 -18107.6 -0.106091 3.28996 -2.19173 19088.9
59945.813610.2 -11432.2 -18238.3 -0.1258 3.30666 -2.16541 19088.9
59945.813602 -11233.3 -18367.5 -0.145499 3.32306 -2.13891 19088.8
59945.813592.7 -11033.5 -18495 -0.165184 3.33918 -2.11222 19088.8
59945.813582.2 -10832.6 -18620.9 -0.184855 3.35501 -2.08535 19088.7
59945.913570.5 -10630.9 -18745.2 -0.204511 3.37055 -2.0583 19088.7
59945.913557.7 -10428.2 -18867.9 -0.224148 3.38579 -2.03106 19088.6
59945.913543.6 -10224.6 -18989 -0.243766 3.40074 -2.00365 19088.5
59945.913528.4 -10020.1 -19108.3 -0.263363 3.4154 -1.97607 19088.5
59945.913512 -9814.73 -19226.1 -0.282938 3.42975 -1.94831 19088.4
59945.913494.5 -9608.52 -19342.1 -0.302487 3.44381 -1.92039 19088.4
59945.913475.7 -9401.47 -19456.5 -0.322011 3.45758 -1.8923 19088.3
59945.913455.8 -9193.61 -19569.2 -0.341507 3.47104 -1.86404 19088.2
59945.913434.7 -8984.96 -19680.2 -0.360973 3.4842 -1.83562 19088.2
59945.913412.5 -8775.52 -19789.5 -0.380407 3.49705 -1.80705 19088.1
59945.913389.1 -8565.32 -19897 -0.399809 3.5096 -1.77831 19088
59945.913364.5 -8354.37 -20002.9 -0.419177 3.52185 -1.74942 19087.9
59945.913338.8 -8142.7 -20107 -0.438507 3.5338 -1.72038 19087.9
59945.913311.9 -7930.32 -20209.3 -0.4578 3.54543 -1.69119 19087.8
59945.913283.9 -7717.25 -20309.9 -0.477054 3.55676 -1.66185 19087.7
59945.913254.7 -7503.52 -20408.7 -0.496266 3.56778 -1.63236 19087.6
59945.913224.3 -7289.13 -20505.8 -0.515435 3.57849 -1.60274 19087.6
59945.913192.8 -7074.1 -20601.1 -0.534559 3.58888 -1.57297 19087.5
59945.913160.2 -6858.47 -20694.6 -0.553637 3.59897 -1.54307 19087.4
59945.913126.4 -6642.23 -20786.2 -0.572667 3.60874 -1.51304 19087.3
59945.913091.4 -6425.42 -20876.1 -0.591647 3.6182 -1.48287 19087.2
59945.913055.4 -6208.06 -20964.2 -0.610577 3.62735 -1.45257 19087.1
59945.913018.2 -5990.15 -21050.4 -0.629453 3.63618 -1.42215 19087
59945.912979.8 -5771.72 -21134.8 -0.648275 3.6447 -1.3916 19086.9
59945.912940.4 -5552.79 -21217.4 -0.66704 3.65289 -1.36093 19086.8
59945.912899.8 -5333.38 -21298.1 -0.685748 3.66078 -1.33015 19086.8
59945.912858.1 -5113.5 -21377 -0.704396 3.66834 -1.29924 19086.7
59945.912815.3 -4893.19 -21454 -0.722984 3.67558 -1.26823 19086.6
59945.912771.3 -4672.44 -21529.2 -0.741508 3.68251 -1.2371 19086.5
59945.912726.3 -4451.29 -21602.5 -0.759969 3.68911 -1.20587 19086.4
59945.912680.1 -4229.75 -21673.9 -0.778363 3.6954 -1.17453 19086.3
59945.912632.9 -4007.85 -21743.4 -0.79669 3.70136 -1.14309 19086.2
59945.912584.5 -3785.6 -21811.1 -0.814949 3.70701 -1.11155 19086
59945.912535.1 -3563.01 -21876.8 -0.833136 3.71233 -1.07991 19085.9
59945.912484.6 -3340.12 -21940.7 -0.851251 3.71732 -1.04818 19085.8
59945.912433 -3116.94 -22002.6 -0.869293 3.722 -1.01635 19085.7
59945.912380.3 -2893.49 -22062.6 -0.887259 3.72635 -0.984442 19085.6
59945.912326.5 -2669.79 -22120.7 -0.905148 3.73038 -0.952443 19085.5
59945.912271.6 -2445.85 -22176.9 -0.922959 3.73408 -0.920362 19085.4
59945.912215.7 -2221.7 -22231.2 -0.94069 3.73746 -0.8882 19085.3
59945.912158.8 -1997.36 -22283.5 -0.958339 3.74052 -0.855961 19085.2
59945.912100.7 -1772.85 -22333.9 -0.975906 3.74325 -0.823647 19085
59945.912041.7 -1548.18 -22382.3 -0.993387 3.74565 -0.791261 19084.9
59945.911981.5 -1323.38 -22428.8 -1.01078 3.74773 -0.758806 19084.8
59945.911920.4 -1098.46 -22473.4 -1.02809 3.74949 -0.726285 19084.7
59945.911858.2 -873.444 -22516 -1.04531 3.75091 -0.6937 19084.6
59945.911794.9 -648.354 -22556.6 -1.06244 3.75202 -0.661054 19084.4
59945.911730.7 -423.209 -22595.3 -1.07947 3.75279 -0.62835 19084.3
59945.911665.4 -198.026 -22632 -1.09642 3.75324 -0.595591 19084.2
59945.911599.1 27.1738 -22666.8 -1.11326 3.75336 -0.562781 19084.1
59945.911531.8 252.371 -22699.6 -1.13002 3.75316 -0.52992 19083.9
59945.911463.5 477.547 -22730.4 -1.14667 3.75263 -0.497013 19083.8
59945.911394.2 702.681 -22759.2 -1.16322 3.75178 -0.464063 19083.7
59945.911323.9 927.754 -22786.1 -1.17967 3.7506 -0.431072 19083.5
59945.911252.6 1152.75 -22810.9 -1.19603 3.74909 -0.398042 19083.4
59945.911180.4 1377.64 -22833.8 -1.21227 3.74726 -0.364978 19083.3
59945.911107.2 1602.41 -22854.7 -1.22841 3.7451 -0.331881 19083.1
59945.911033 1827.04 -22873.7 -1.24445 3.74262 -0.298755 19083
59945.910957.8 2051.52 -22890.6 -1.26038 3.73981 -0.265603 19082.9
59945.910881.7 2275.81 -22905.5 -1.27619 3.73667 -0.232427 19082.7
59945.910804.7 2499.91 -22918.5 -1.2919 3.73321 -0.19923 19082.6
59945.910726.7 2723.79 -22929.4 -1.3075 3.72943 -0.166015 19082.4
59945.910647.8 2947.44 -22938.4 -1.32298 3.72532 -0.132786 19082.3
59945.910568 3170.83 -22945.4 -1.33835 3.72089 -0.0995441 19082.1
59945.910487.2 3393.94 -22950.3 -1.3536 3.71614 -0.0662932 19082
59945.910405.5 3616.76 -22953.3 -1.36873 3.71106 -0.0330359 19081.9
59945.910323 3839.26 -22954.3 -1.38375 3.70566 0.000224791 19081.7
59945.910239.5 4061.43 -22953.3 -1.39864 3.69993 0.0334861 19081.6
59945.910155.1 4283.24 -22950.3 -1.41341 3.69389 0.066745 19081.4
59945.910069.9 4504.69 -22945.3 -1.42806 3.68752 0.0999987 19081.3
59945.99983.76 4725.74 -22938.3 -1.44259 3.68084 0.133244 19081.1
59945.99896.77 4946.38 -22929.3 -1.45699 3.67383 0.166479 19081
59945.99808.92 5166.59 -22918.3 -1.47127 3.6665 0.1997 19080.8
59945.99720.22 5386.36 -22905.3 -1.48542 3.65886 0.232904 19080.7
59945.99630.67 5605.65 -22890.4 -1.49944 3.65089 0.266088 19080.5
59945.99540.29 5824.46 -22873.4 -1.51333 3.64261 0.29925 19080.3
59945.99449.08 6042.76 -22854.5 -1.52708 3.63402 0.332387 19080.2
59945.99357.04 6260.53 -22833.5 -1.54071 3.6251 0.365495 19080
59945.99264.19 6477.76 -22810.6 -1.5542 3.61587 0.398572 19079.9
59945.99170.54 6694.43 -22785.7 -1.56756 3.60633 0.431615 19079.7
59945.99076.09 6910.52 -22758.8 -1.58078 3.59647 0.464621 19079.5
59945.98980.85 7126 -22729.9 -1.59386 3.5863 0.497588 19079.4
59945.98884.83 7340.87 -22699.1 -1.60681 3.57582 0.530511 19079.2
59945.98788.04 7555.09 -22666.3 -1.61961 3.56502 0.56339 19079.1
59945.98690.48 7768.66 -22631.5 -1.63228 3.55392 0.59622 19078.9
59945.98592.17 7981.56 -22594.7 -1.6448 3.54251 0.628999 19078.7
59945.98493.11 8193.76 -22556 -1.65718 3.53079 0.661723 19078.6
59945.98393.31 8405.24 -22515.3 -1.66942 3.51876 0.694391 19078.4
59945.98292.78 8616 -22472.7 -1.68151 3.50642 0.727 19078.2
59945.98191.53 8826.01 -22428.1 -1.69346 3.49378 0.759545 19078.1
59945.98089.57 9035.25 -22381.5 -1.70525 3.48084 0.792026 19077.9
59945.97986.9 9243.7 -22333 -1.71691 3.46759 0.824438 19077.7
59945.97883.54 9451.35 -22282.6 -1.72841 3.45404 0.856779 19077.6
59945.97779.49 9658.18 -22230.2 -1.73976 3.44019 0.889046 19077.4
59945.97674.77 9864.17 -22175.9 -1.75096 3.42604 0.921237 19077.2
59945.97569.38 10069.3 -22119.7 -1.76201 3.4116 0.953348 19077.1
59945.97463.33 10273.6 -22061.5 -1.7729 3.39685 0.985377 19076.9
59945.97356.64 10476.9 -22001.4 -1.78365 3.38181 1.01732 19076.7
59945.97249.3 10679.4 -21939.4 -1.79423 3.36648 1.04918 19076.5
59945.97141.33 10880.9 -21875.5 -1.80466 3.35085 1.08094 19076.4
59945.97032.74 11081.5 -21809.7 -1.81494 3.33493 1.11262 19076.2
59945.96923.54 11281.1 -21742 -1.82505 3.31872 1.14419 19076
59945.96813.74 11479.7 -21672.4 -1.83501 3.30222 1.17567 19075.8
59945.96703.35 11677.3 -21601 -1.84481 3.28543 1.20704 19075.7
59945.96592.37 11874 -21527.6 -1.85445 3.26836 1.23832 19075.5
59945.96480.81 12069.5 -21452.4 -1.86393 3.251 1.26948 19075.3
59945.96368.7 12264.1 -21375.3 -1.87324 3.23336 1.30054 19075.1
59945.96256.03 12457.5 -21296.3 -1.88239 3.21544 1.33148 19075
59945.96142.81 12649.9 -21215.5 -1.89138 3.19724 1.36231 19074.8
59945.96029.07 12841.2 -21132.8 -1.90021 3.17876 1.39302 19074.6
59945.95914.79 13031.4 -21048.3 -1.90887 3.16 1.4236 19074.4
59945.95800.01 13220.4 -20962 -1.91736 3.14096 1.45407 19074.2
59945.95684.71 13408.3 -20873.8 -1.92569 3.12166 1.48441 19074.1
59945.95568.93 13595 -20783.9 -1.93385 3.10208 1.51462 19073.9
59945.95452.65 13780.5 -20692.1 -1.94184 3.08223 1.5447 19073.7
59945.95335.91 13964.8 -20598.5 -1.94966 3.06211 1.57465 19073.5
59945.95218.7 14148 -20503.1 -1.95732 3.04172 1.60446 19073.3
59945.95101.03 14329.8 -20406 -1.9648 3.02107 1.63413 19073.2
59945.94982.93 14510.5 -20307 -1.97211 3.00016 1.66366 19073
59945.94864.38 14689.9 -20206.3 -1.97925 2.97898 1.69305 19072.8
59945.94745.42 14868 -20103.9 -1.98622 2.95755 1.72229 19072.6
59945.94626.04 15044.8 -19999.7 -1.99302 2.93585 1.75138 19072.4
59945.94506.26 15220.3 -19893.7 -1.99964 2.9139 1.78031 19072.3
59945.94386.09 15394.4 -19786 -2.00609 2.8917 1.8091 19072.1
59945.94265.53 15567.3 -19676.6 -2.01237 2.86924 1.83773 19071.9
59945.94144.61 15738.7 -19565.5 -2.01847 2.84654 1.86619 19071.7
59945.94023.32 15908.8 -19452.7 -2.02439 2.82358 1.8945 19071.5
59945.93901.68 16077.6 -19338.2 -2.03014 2.80038 1.92264 19071.3
59945.93779.71 16244.9 -19222 -2.03571 2.77694 1.95062 19071.1
59945.93657.4 16410.8 -19104.1 -2.0411 2.75325 1.97842 19071
59945.93534.78 16575.3 -18984.6 -2.04632 2.72932 2.00606 19070.8
59945.93411.85 16738.3 -18863.4 -2.05136 2.70516 2.03352 19070.6
59945.93288.62 16899.9 -18740.5 -2.05622 2.68075 2.06081 19070.4
59945.93165.1 17060 -18616.1 -2.0609 2.65612 2.08791 19070.2
59945.93041.31 17218.6 -18490 -2.06541 2.63125 2.11484 19070
59945.92917.26 17375.7 -18362.3 -2.06973 2.60615 2.14158 19069.9
59945.92792.95 17531.3 -18233 -2.07387 2.58083 2.16813 19069.7
59945.92668.4 17685.4 -18102.1 -2.07783 2.55528 2.1945 19069.5
59945.92543.61 17838 -17969.7 -2.08161 2.5295 2.22068 19069.3
59945.92418.61 17989 -17835.7 -2.08522 2.50351 2.24666 19069.1
59945.92293.39 18138.4 -17700.1 -2.08863 2.4773 2.27245 19068.9
59945.92167.97 18286.2 -17563 -2.09187 2.45087 2.29804 19068.7
59945.92042.37 18432.5 -17424.3 -2.09493 2.42422 2.32343 19068.6
59945.91916.59 18577.1 -17284.2 -2.0978 2.39737 2.34863 19068.4
599461790.64 18720.2 -17142.5 -2.10049 2.3703 2.37361 19068.2
599461664.53 18861.6 -16999.3 -2.103 2.34303 2.39839 19068
599461538.28 19001.3 -16854.7 -2.10532 2.31556 2.42297 19067.8
599461411.9 19139.4 -16708.6 -2.10746 2.28788 2.44733 19067.6
599461285.39 19275.9 -16561 -2.10942 2.26 2.47148 19067.5
599461158.77 19410.6 -16412 -2.11119 2.23192 2.49541 19067.3
599461032.05 19543.7 -16261.6 -2.11278 2.20365 2.51913 19067.1
59946905.241 19675.1 -16109.7 -2.11419 2.17519 2.54263 19066.9
59946778.352 19804.7 -15956.5 -2.11541 2.14653 2.56591 19066.7
59946651.395 19932.6 -15801.8 -2.11645 2.11769 2.58896 19066.5
59946524.382 20058.8 -15645.8 -2.1173 2.08866 2.61179 19066.4
59946397.323 20183.3 -15488.4 -2.11797 2.05945 2.6344 19066.2
59946270.229 20306 -15329.7 -2.11845 2.03006 2.65677 19066
59946143.112 20426.9 -15169.6 -2.11875 2.0005 2.67892 19065.8
5994615.9824 20546 -15008.2 -2.11887 1.97075 2.70083 19065.6
59946-111.149 20663.4 -14845.5 -2.1188 1.94084 2.7225 19065.4
59946-238.27 20778.9 -14681.5 -2.11855 1.91076 2.74394 19065.3
59946-365.371 20892.7 -14516.2 -2.11811 1.8805 2.76514 19065.1
59946-492.439 21004.6 -14349.7 -2.11749 1.85009 2.7861 19064.9
59946-619.465 21114.7 -14181.9 -2.11668 1.81951 2.80682 19064.7
59946-746.437 21222.9 -14012.9 -2.11569 1.78877 2.8273 19064.5
59946-873.344 21329.3 -13842.6 -2.11451 1.75788 2.84752 19064.4
59946-1000.17 21433.8 -13671.2 -2.11315 1.72683 2.86751 19064.2
59946-1126.92 21536.5 -13498.5 -2.11161 1.69563 2.88724 19064
59946-1253.56 21637.3 -13324.7 -2.10988 1.66428 2.90672 19063.8
59946-1380.1 21736.2 -13149.7 -2.10797 1.63279 2.92594 19063.6
59946-1506.52 21833.3 -12973.6 -2.10587 1.60115 2.94492 19063.5
59946-1632.8 21928.4 -12796.3 -2.10359 1.56937 2.96363 19063.3
59946-1758.94 22021.6 -12618 -2.10113 1.53746 2.98209 19063.1
59946-1884.93 22112.9 -12438.5 -2.09848 1.50541 3.00029 19062.9
59946-2010.76 22202.2 -12257.9 -2.09565 1.47323 3.01823 19062.8
59946-2136.41 22289.6 -12076.3 -2.09264 1.44092 3.03591 19062.6
59946-2261.87 22375.1 -11893.6 -2.08945 1.40848 3.05332 19062.4
59946-2387.14 22458.7 -11709.9 -2.08607 1.37592 3.07046 19062.2
59946-2512.19 22540.2 -11525.2 -2.08251 1.34324 3.08734 19062.1
59946-2637.03 22619.8 -11339.4 -2.07877 1.31044 3.10395 19061.9
59946-2761.64 22697.5 -11152.7 -2.07485 1.27753 3.12029 19061.7
59946-2886.01 22773.1 -10965 -2.07075 1.2445 3.13636 19061.5
59946-3010.13 22846.8 -10776.4 -2.06646 1.21136 3.15215 19061.4
59946-3133.98 22918.5 -10586.8 -2.062 1.17812 3.16767 19061.2
59946-3257.57 22988.2 -10396.2 -2.05736 1.14478 3.18292 19061
59946-3380.86 23055.9 -10204.8 -2.05254 1.11133 3.19789 19060.9
59946-3503.87 23121.6 -10012.5 -2.04754 1.07779 3.21258 19060.7
59946-3626.56 23185.2 -9819.32 -2.04236 1.04415 3.22698 19060.5
59946-3748.95 23246.9 -9625.27 -2.037 1.01042 3.24111 19060.4
59946-3871 23306.5 -9430.39 -2.03146 0.976603 3.25496 19060.2
59946-3992.72 23364 -9234.68 -2.02575 0.942698 3.26852 19060
59946-4114.09 23419.6 -9038.17 -2.01986 0.908711 3.2818 19059.9
59946-4235.1 23473.1 -8840.87 -2.01379 0.874643 3.29479 19059.7
59946-4355.74 23524.5 -8642.8 -2.00755 0.840499 3.3075 19059.5
59946-4476 23573.9 -8443.98 -2.00114 0.80628 3.31991 19059.4
59946-4595.87 23621.3 -8244.42 -1.99454 0.771991 3.33204 19059.2
59946-4715.34 23666.6 -8044.14 -1.98778 0.737633 3.34388 19059
59946-4834.4 23709.8 -7843.16 -1.98084 0.70321 3.35542 19058.9
59946-4953.04 23751 -7641.5 -1.97373 0.668726 3.36668 19058.7
59946-5071.25 23790.1 -7439.16 -1.96645 0.634182 3.37764 19058.6
59946-5189.01 23827.1 -7236.18 -1.95899 0.599582 3.3883 19058.4
59946-5306.32 23862 -7032.57 -1.95136 0.564929 3.39867 19058.2
59946-5423.17 23894.9 -6828.35 -1.94357 0.530227 3.40875 19058.1
59946-5539.55 23925.6 -6623.53 -1.9356 0.495477 3.41853 19057.9
59946-5655.44 23954.3 -6418.13 -1.92747 0.460683 3.428 19057.8
59946-5770.84 23980.9 -6212.18 -1.91916 0.425849 3.43718 19057.6
59946-5885.73 24005.4 -6005.68 -1.91069 0.390976 3.44607 19057.5
59946-6000.12 24027.8 -5798.65 -1.90205 0.356069 3.45465 19057.3
59946-6113.98 24048.1 -5591.13 -1.89325 0.32113 3.46293 19057.2
59946-6227.3 24066.4 -5383.11 -1.88428 0.286163 3.4709 19057
59946-6340.09 24082.5 -5174.62 -1.87515 0.25117 3.47858 19056.9
59946-6452.32 24096.5 -4965.69 -1.86585 0.216154 3.48595 19056.7
59946-6563.99 24108.4 -4756.31 -1.85639 0.181119 3.49302 19056.6
59946-6675.08 24118.2 -4546.53 -1.84677 0.146067 3.49978 19056.4
59946-6785.6 24125.9 -4336.35 -1.83698 0.111002 3.50624 19056.3
59946-6895.52 24131.6 -4125.79 -1.82704 0.0759264 3.51239 19056.1
59946-7004.84 24135.1 -3914.87 -1.81693 0.0408436 3.51824 19056
59946-7113.55 24136.5 -3703.61 -1.80667 0.00575671 3.52377 19055.9
59946-7221.63 24135.7 -3492.02 -1.79625 -0.0293313 3.52901 19055.7
59946-7329.09 24132.9 -3280.13 -1.78567 -0.0644175 3.53393 19055.6
59946-7435.91 24128 -3067.95 -1.77494 -0.0994986 3.53855 19055.4
59946-7542.08 24121 -2855.51 -1.76405 -0.134572 3.54285 19055.3
59946-7647.6 24111.9 -2642.82 -1.75301 -0.169634 3.54685 19055.2
59946-7752.44 24100.6 -2429.9 -1.74182 -0.204681 3.55054 19055
59946-7856.61 24087.3 -2216.76 -1.73047 -0.239712 3.55392 19054.9
59946-7960.09 24071.9 -2003.43 -1.71897 -0.274722 3.55699 19054.8
59946-8062.88 24054.3 -1789.93 -1.70732 -0.309708 3.55974 19054.6
59946-8164.97 24034.7 -1576.27 -1.69553 -0.344669 3.56219 19054.5
59946-8266.34 24013 -1362.47 -1.68358 -0.379599 3.56433 19054.4
59946-8367 23989.2 -1148.56 -1.67149 -0.414498 3.56615 19054.2
59946-8466.92 23963.2 -934.539 -1.65925 -0.44936 3.56767 19054.1
59946-8566.1 23935.2 -720.441 -1.64686 -0.484184 3.56887 19054
59946-8664.54 23905.1 -506.28 -1.63434 -0.518966 3.56977 19053.9
59946-8762.22 23873 -292.076 -1.62167 -0.553703 3.57035 19053.7
59946-8859.14 23838.7 -77.8451 -1.60885 -0.588393 3.57062 19053.6
59946-8955.28 23802.4 136.392 -1.5959 -0.623032 3.57057 19053.5
59946-9050.64 23763.9 350.617 -1.58281 -0.657617 3.57022 19053.4
59946-9145.21 23723.4 564.812 -1.56958 -0.692145 3.56955 19053.3
59946-9238.99 23680.9 778.958 -1.55621 -0.726613 3.56858 19053.1
59946-9331.96 23636.3 993.035 -1.54271 -0.761018 3.56729 19053
59946-9424.11 23589.6 1207.03 -1.52907 -0.795357 3.56569 19052.9
59946-9515.44 23540.8 1420.91 -1.5153 -0.829627 3.56378 19052.8
59946-9605.94 23490 1634.67 -1.50139 -0.863825 3.56155 19052.7
59946-9695.61 23437.2 1848.29 -1.48736 -0.897949 3.55902 19052.6
59946-9784.43 23382.3 2061.75 -1.47319 -0.931994 3.55618 19052.5
59946-9872.39 23325.3 2275.03 -1.4589 -0.965958 3.55302 19052.4
59946-9959.49 23266.3 2488.11 -1.44448 -0.999839 3.54956 19052.3
59946-10045.7 23205.3 2700.97 -1.42993 -1.03363 3.54578 19052.1
59946-10131.1 23142.3 2913.59 -1.41526 -1.06734 3.5417 19052
59946-10215.6 23077.3 3125.97 -1.40046 -1.10095 3.53731 19051.9
59946-10299.1 23010.2 3338.06 -1.38554 -1.13446 3.53261 19051.8
59946-10381.8 22941.1 3549.87 -1.3705 -1.16788 3.5276 19051.7
59946-10463.6 22870.1 3761.37 -1.35534 -1.2012 3.52228 19051.6
59946-10544.5 22797 3972.54 -1.34006 -1.23441 3.51665 19051.6
59946-10624.4 22721.9 4183.36 -1.32467 -1.26751 3.51072 19051.5
59946-10703.4 22644.9 4393.82 -1.30916 -1.3005 3.50448 19051.4
59946-10781.5 22565.9 4603.89 -1.29353 -1.33338 3.49794 19051.3
59946-10858.6 22484.9 4813.57 -1.2778 -1.36615 3.49109 19051.2
59946-10934.8 22401.9 5022.82 -1.26195 -1.39879 3.48393 19051.1
59946-11010.1 22317 5231.63 -1.24599 -1.43131 3.47647 19051
59946-11084.3 22230.2 5439.99 -1.22992 -1.46371 3.46871 19050.9
59946-11157.7 22141.4 5647.87 -1.21374 -1.49598 3.46064 19050.8
59946-11230 22050.7 5855.26 -1.19746 -1.52812 3.45228 19050.8
59946-11301.3 21958 6062.14 -1.18107 -1.56013 3.44361 19050.7
59946-11371.7 21863.4 6268.49 -1.16458 -1.592 3.43464 19050.6
59946-11441.1 21767 6474.29 -1.14799 -1.62374 3.42537 19050.5
59946-11509.5 21668.6 6679.52 -1.13129 -1.65533 3.4158 19050.4
59946-11576.8 21568.3 6884.18 -1.1145 -1.68677 3.40593 19050.4
59946-11643.2 21466.2 7088.23 -1.09761 -1.71807 3.39577 19050.3
59946-11708.6 21362.2 7291.66 -1.08063 -1.74922 3.3853 19050.2
59946-11772.9 21256.3 7494.46 -1.06355 -1.78022 3.37455 19050.1
59946-11836.2 21148.5 7696.6 -1.04638 -1.81107 3.3635 19050.1
59946-11898.4 21039 7898.07 -1.02912 -1.84175 3.35215 19050
59946-11959.7 20927.5 8098.86 -1.01176 -1.87227 3.34051 19049.9
59946-12019.9 20814.3 8298.93 -0.994321 -1.90264 3.32858 19049.9
59946-12079 20699.2 8498.28 -0.976792 -1.93283 3.31636 19049.8
59946-12137.1 20582.4 8696.89 -0.959178 -1.96286 3.30386 19049.8
59946-12194.1 20463.7 8894.74 -0.941481 -1.99271 3.29106 19049.7
59946-12250 20343.2 9091.81 -0.923701 -2.02239 3.27797 19049.6
59946-12304.9 20221 9288.09 -0.90584 -2.0519 3.2646 19049.6
59946-12358.7 20097 9483.56 -0.8879 -2.08122 3.25094 19049.5
59946-12411.5 19971.3 9678.2 -0.869883 -2.11037 3.237 19049.5
59946-12463.1 19843.8 9871.99 -0.85179 -2.13933 3.22278 19049.4
59946-12513.7 19714.5 10064.9 -0.833622 -2.1681 3.20827 19049.4
59946-12563.2 19583.6 10257 -0.815381 -2.19669 3.19349 19049.3
59946-12611.5 19450.9 10448.1 -0.79707 -2.22508 3.17843 19049.3
59946-12658.8 19316.6 10638.4 -0.778688 -2.25328 3.16309 19049.2
59946-12705 19180.6 10827.7 -0.760239 -2.28128 3.14747 19049.2
59946.1-12750 19042.8 11016.1 -0.741723 -2.30908 3.13158 19049.2
59946.1-12794 18903.5 11203.5 -0.723143 -2.33669 3.11541 19049.1
59946.1-12836.8 18762.4 11389.9 -0.704499 -2.36408 3.09897 19049.1
59946.1-12878.5 18619.8 11575.4 -0.685794 -2.39128 3.08227 19049
59946.1-12919.1 18475.5 11759.8 -0.667029 -2.41826 3.06529 19049
59946.1-12958.6 18329.6 11943.2 -0.648206 -2.44503 3.04804 19049
59946.1-12996.9 18182.1 12125.5 -0.629326 -2.47159 3.03053 19049
59946.1-13034.1 18033 12306.8 -0.610391 -2.49793 3.01276 19048.9
59946.1-13070.1 17882.4 12487.1 -0.591403 -2.52405 2.99472 19048.9
59946.1-13105.1 17730.1 12666.2 -0.572363 -2.54996 2.97642 19048.9
59946.1-13138.8 17576.4 12844.2 -0.553274 -2.57564 2.95786 19048.8
59946.1-13171.4 17421.1 13021.1 -0.534136 -2.6011 2.93904 19048.8
59946.1-13202.9 17264.2 13196.9 -0.514951 -2.62633 2.91997 19048.8
59946.1-13233.2 17105.9 13371.5 -0.495722 -2.65133 2.90064 19048.8
59946.1-13262.4 16946.1 13545 -0.476449 -2.67609 2.88105 19048.8
59946.1-13290.4 16784.8 13717.3 -0.457135 -2.70063 2.86122 19048.8
59946.1-13317.3 16622 13888.3 -0.437781 -2.72493 2.84114 19048.7
59946.1-13342.9 16457.8 14058.2 -0.418389 -2.74899 2.8208 19048.7
59946.1-13367.5 16292.1 14226.8 -0.39896 -2.77281 2.80023 19048.7
59946.1-13390.8 16125.1 14394.2 -0.379497 -2.79639 2.7794 19048.7
59946.1-13413 15956.6 14560.3 -0.36 -2.81973 2.75834 19048.7
59946.1-13434 15786.7 14725.2 -0.340473 -2.84282 2.73703 19048.7
59946.1-13453.9 15615.4 14888.8 -0.320915 -2.86566 2.71549 19048.7
59946.1-13472.5 15442.8 15051.1 -0.30133 -2.88825 2.69371 19048.7
59946.1-13490 15268.9 15212 -0.281718 -2.91059 2.67169 19048.7
59946.1-13506.3 15093.6 15371.7 -0.262082 -2.93267 2.64944 19048.7
59946.1-13521.5 14916.9 15529.9 -0.242423 -2.9545 2.62696 19048.7
59946.1-13535.4 14739 15686.9 -0.222743 -2.97607 2.60425 19048.7
59946.1-13548.2 14559.8 15842.5 -0.203043 -2.99738 2.58131 19048.7
59946.1-13559.8 14379.3 15996.6 -0.183326 -3.01843 2.55815 19048.7
59946.1-13570.2 14197.6 16149.4 -0.163593 -3.03921 2.53476 19048.7
59946.1-13579.4 14014.6 16300.8 -0.143846 -3.05973 2.51115 19048.8
59946.1-13587.5 13830.4 16450.8 -0.124087 -3.07999 2.48733 19048.8
59946.1-13594.3 13645 16599.3 -0.104317 -3.09997 2.46328 19048.8
59946.1-13600 13458.5 16746.4 -0.0845373 -3.11968 2.43903 19048.8
59946.1-13604.5 13270.7 16892 -0.0647508 -3.13912 2.41455 19048.8
59946.1-13607.7 13081.8 17036.1 -0.0449588 -3.15829 2.38987 19048.9
59946.1-13609.8 12891.7 17178.7 -0.025163 -3.17718 2.36498 19048.9
59946.1-13610.8 12700.5 17319.9 -0.00536514 -3.19579 2.33989 19048.9
59946.1-13610.5 12508.2 17459.5 0.014433 -3.21413 2.31459 19048.9
59946.1-13609 12314.8 17597.6 0.0342298 -3.23218 2.28908 19049
59946.1-13606.4 12120.4 17734.2 0.0540235 -3.24995 2.26338 19049
59946.1-13602.5 11924.8 17869.2 0.0738122 -3.26744 2.23748 19049
59946.1-13597.5 11728.3 18002.7 0.0935944 -3.28464 2.21139 19049.1
59946.1-13591.3 11530.7 18134.6 0.113368 -3.30156 2.1851 19049.1
59946.1-13583.9 11332.1 18264.9 0.133132 -3.31819 2.15862 19049.1
59946.1-13575.3 11132.5 18393.6 0.152884 -3.33452 2.13196 19049.2
59946.1-13565.6 10932 18520.7 0.172623 -3.35057 2.10511 19049.2
59946.1-13554.6 10730.4 18646.2 0.192346 -3.36632 2.07807 19049.3
59946.1-13542.5 10528 18770.1 0.212052 -3.38178 2.05085 19049.3
59946.1-13529.2 10324.6 18892.3 0.23174 -3.39695 2.02346 19049.4
59946.1-13514.7 10120.4 19012.9 0.251407 -3.41182 1.99589 19049.4
59946.1-13499 9915.22 19131.8 0.271052 -3.42639 1.96814 19049.5
59946.1-13482.2 9709.21 19249.1 0.290673 -3.44066 1.94023 19049.5
59946.1-13464.1 9502.35 19364.7 0.310269 -3.45463 1.91214 19049.6
59946.1-13444.9 9294.66 19478.5 0.329837 -3.4683 1.88389 19049.6
59946.1-13424.6 9086.16 19590.7 0.349377 -3.48166 1.85547 19049.7
59946.1-13403 8876.87 19701.2 0.368886 -3.49473 1.82689 19049.7
59946.1-13380.3 8666.8 19810 0.388362 -3.50748 1.79815 19049.8
59946.1-13356.4 8455.98 19917 0.407804 -3.51993 1.76926 19049.9
59946.1-13331.3 8244.42 20022.3 0.427211 -3.53208 1.74021 19049.9
59946.1-13305.1 8032.13 20125.8 0.44658 -3.54391 1.71101 19050
59946.1-13277.8 7819.15 20227.6 0.465909 -3.55544 1.68166 19050.1
59946.1-13249.2 7605.49 20327.6 0.485198 -3.56666 1.65217 19050.1
59946.1-13219.5 7391.16 20425.8 0.504445 -3.57756 1.62253 19050.2
59946.1-13188.7 7176.19 20522.3 0.523647 -3.58815 1.59275 19050.3
59946.1-13156.7 6960.59 20617 0.542803 -3.59843 1.56283 19050.3
59946.1-13123.6 6744.38 20709.8 0.561911 -3.6084 1.53277 19050.4
59946.1-13089.3 6527.59 20800.9 0.580971 -3.61805 1.50258 19050.5
59946.1-13053.8 6310.22 20890.1 0.599979 -3.62738 1.47226 19050.6
59946.1-13017.3 6092.31 20977.6 0.618935 -3.6364 1.44182 19050.7
59946.1-12979.6 5873.86 21063.2 0.637837 -3.6451 1.41124 19050.7
59946.1-12940.7 5654.9 21146.9 0.656682 -3.65348 1.38055 19050.8
59946.1-12900.8 5435.45 21228.8 0.67547 -3.66154 1.34973 19050.9
59946.1-12859.7 5215.52 21308.9 0.694199 -3.66929 1.3188 19051
59946.1-12817.5 4995.14 21387.1 0.712867 -3.67671 1.28775 19051.1
59946.1-12774.1 4774.32 21463.4 0.731473 -3.68381 1.25659 19051.2
59946.1-12729.7 4553.09 21537.9 0.750015 -3.69059 1.22532 19051.3
59946.1-12684.1 4331.46 21610.4 0.768491 -3.69705 1.19395 19051.4
59946.1-12637.5 4109.45 21681.1 0.7869 -3.70319 1.16247 19051.5
59946.1-12589.7 3887.08 21749.9 0.805239 -3.709 1.13089 19051.6
59946.1-12540.8 3664.38 21816.8 0.823509 -3.71449 1.09921 19051.7
59946.1-12490.9 3441.35 21881.8 0.841706 -3.71966 1.06744 19051.8
59946.1-12439.8 3218.02 21944.9 0.859829 -3.7245 1.03557 19051.9
59946.1-12387.7 2994.42 22006.1 0.877877 -3.72901 1.00361 19052
59946.1-12334.5 2770.55 22065.4 0.895849 -3.73321 0.97157 19052.1
59946.1-12280.2 2546.44 22122.7 0.913742 -3.73707 0.939442 19052.2
59946.1-12224.9 2322.11 22178.1 0.931555 -3.74061 0.907233 19052.3
59946.1-12168.4 2097.57 22231.6 0.949286 -3.74382 0.874945 19052.4
59946.1-12110.9 1872.85 22283.1 0.966935 -3.74671 0.842581 19052.5
59946.1-12052.4 1647.97 22332.7 0.984499 -3.74927 0.810144 19052.6
59946.1-11992.8 1422.95 22380.3 1.00198 -3.7515 0.777637 19052.7
59946.1-11932.2 1197.8 22426 1.01937 -3.7534 0.745063 19052.9
59946.1-11870.5 972.547 22469.7 1.03667 -3.75498 0.712424 19053
59946.1-11807.8 747.209 22511.5 1.05388 -3.75623 0.679723 19053.1
59946.1-11744 521.806 22551.3 1.071 -3.75715 0.646964 19053.2
59946.1-11679.2 296.357 22589.1 1.08802 -3.75775 0.614149 19053.3
59946.1-11613.5 70.8828 22625 1.10495 -3.75801 0.58128 19053.5
59946.1-11546.7 -154.598 22658.9 1.12178 -3.75795 0.548362 19053.6
59946.1-11478.8 -380.065 22690.8 1.13852 -3.75757 0.515396 19053.7
59946.1-11410 -605.499 22720.7 1.15515 -3.75685 0.482386 19053.8
59946.1-11340.2 -830.88 22748.7 1.17168 -3.7558 0.449334 19054
59946.1-11269.4 -1056.19 22774.6 1.18812 -3.75443 0.416244 19054.1
59946.1-11197.7 -1281.41 22798.6 1.20444 -3.75273 0.383117 19054.2
59946.1-11124.9 -1506.51 22820.6 1.22067 -3.75071 0.349958 19054.4
59946.1-11051.2 -1731.48 22840.6 1.23678 -3.74836 0.316769 19054.5
59946.1-10976.5 -1956.31 22858.6 1.25279 -3.74568 0.283553 19054.6
59946.1-10900.8 -2180.96 22874.6 1.26869 -3.74267 0.250313 19054.8
59946.1-10824.3 -2405.42 22888.6 1.28447 -3.73934 0.217051 19054.9
59946.1-10746.7 -2629.67 22900.7 1.30015 -3.73568 0.183772 19055.1
59946.1-10668.2 -2853.7 22910.7 1.31571 -3.73169 0.150476 19055.2
59946.1-10588.8 -3077.47 22918.7 1.33115 -3.72738 0.117168 19055.3
59946.1-10508.5 -3300.98 22924.8 1.34648 -3.72275 0.0838506 19055.5
59946.1-10427.3 -3524.19 22928.8 1.3617 -3.71779 0.0505263 19055.6
59946.1-10345.1 -3747.1 22930.8 1.37679 -3.71251 0.0171981 19055.8
59946.1-10262 -3969.69 22930.9 1.39176 -3.7069 -0.0161309 19055.9
59946.1-10178.1 -4191.92 22928.9 1.40661 -3.70097 -0.049458 19056.1
59946.1-10093.3 -4413.8 22924.9 1.42134 -3.69472 -0.0827802 19056.2
59946.1-10007.5 -4635.28 22919 1.43595 -3.68814 -0.116095 19056.4
59946.1-9920.94 -4856.37 22911 1.45042 -3.68125 -0.149398 19056.5
59946.1-9833.48 -5077.03 22901 1.46478 -3.67403 -0.182688 19056.7
59946.1-9745.17 -5297.24 22889.1 1.479 -3.66649 -0.215962 19056.8
59946.1-9656.01 -5517 22875.1 1.49309 -3.65864 -0.249216 19057
59946.1-9566 -5736.27 22859.2 1.50706 -3.65046 -0.282448 19057.2
59946.1-9475.16 -5955.05 22841.2 1.52089 -3.64197 -0.315654 19057.3
59946.1-9383.5 -6173.3 22821.3 1.53459 -3.63316 -0.348833 19057.5
59946.1-9291.01 -6391.02 22799.4 1.54816 -3.62403 -0.38198 19057.6
59946.1-9197.72 -6608.18 22775.4 1.56159 -3.61459 -0.415094 19057.8
59946.1-9103.63 -6824.77 22749.5 1.57488 -3.60483 -0.44817 19058
59946.1-9008.74 -7040.75 22721.7 1.58804 -3.59476 -0.481207 19058.1
59946.1-8913.06 -7256.13 22691.8 1.60106 -3.58437 -0.514202 19058.3
59946.1-8816.61 -7470.87 22660 1.61394 -3.57367 -0.547151 19058.5
59946.1-8719.4 -7684.96 22626.1 1.62667 -3.56267 -0.580052 19058.6
59946.1-8621.42 -7898.39 22590.4 1.63927 -3.55135 -0.612901 19058.8
59946.1-8522.69 -8111.12 22552.6 1.65172 -3.53972 -0.645697 19059
59946.1-8423.21 -8323.15 22512.9 1.66403 -3.52778 -0.678435 19059.1
59946.1-8323.01 -8534.45 22471.2 1.67619 -3.51554 -0.711114 19059.3
59946.1-8222.07 -8745 22427.5 1.68821 -3.50299 -0.74373 19059.5
59946.1-8120.42 -8954.8 22381.9 1.70008 -3.49013 -0.776281 19059.6
59946.1-8018.07 -9163.81 22334.4 1.7118 -3.47697 -0.808764 19059.8
59946.1-7915.01 -9372.03 22284.9 1.72337 -3.46351 -0.841175 19060
59946.1-7811.26 -9579.43 22233.4 1.73479 -3.44975 -0.873513 19060.2
59946.1-7706.84 -9785.99 22180.1 1.74606 -3.43569 -0.905774 19060.3
59946.1-7601.74 -9991.71 22124.8 1.75718 -3.42132 -0.937955 19060.5
59946.2-7495.98 -10196.5 22067.5 1.76814 -3.40666 -0.970054 19060.7
59946.2-7389.57 -10400.5 22008.4 1.77895 -3.39171 -1.00207 19060.9
59946.2-7282.51 -10603.5 21947.3 1.78961 -3.37645 -1.03399 19061.1
59946.2-7174.82 -10805.7 21884.3 1.8001 -3.36091 -1.06583 19061.2
59946.2-7066.5 -11006.8 21819.4 1.81044 -3.34507 -1.09757 19061.4
59946.2-6957.57 -11207.1 21752.6 1.82063 -3.32894 -1.12921 19061.6
59946.2-6848.03 -11406.3 21683.9 1.83065 -3.31252 -1.16076 19061.8
59946.2-6737.89 -11604.6 21613.3 1.84052 -3.29581 -1.19221 19062
59946.2-6627.17 -11801.8 21540.8 1.85022 -3.27881 -1.22355 19062.2
59946.2-6515.87 -11998 21466.5 1.85976 -3.26153 -1.25478 19062.3
59946.2-6404 -12193.2 21390.2 1.86914 -3.24397 -1.2859 19062.5
59946.2-6291.57 -12387.3 21312.2 1.87836 -3.22612 -1.31691 19062.7
59946.2-6178.6 -12580.3 21232.2 1.88742 -3.208 -1.34781 19062.9
59946.2-6065.09 -12772.2 21150.4 1.8963 -3.18959 -1.37858 19063.1
59946.2-5951.05 -12963.1 21066.8 1.90503 -3.17091 -1.40924 19063.3
59946.2-5836.49 -13152.7 20981.3 1.91359 -3.15195 -1.43977 19063.5
59946.2-5721.42 -13341.3 20894 1.92198 -3.13271 -1.47018 19063.6
59946.2-5605.85 -13528.7 20804.9 1.9302 -3.11321 -1.50046 19063.8
59946.2-5489.8 -13714.9 20714 1.93825 -3.09343 -1.5306 19064
59946.2-5373.27 -13899.9 20621.2 1.94614 -3.07338 -1.56062 19064.2
59946.2-5256.27 -14083.7 20526.7 1.95386 -3.05307 -1.59049 19064.4
59946.2-5138.81 -14266.2 20430.4 1.9614 -3.03249 -1.62023 19064.6
59946.2-5020.9 -14447.6 20332.3 1.96878 -3.01165 -1.64982 19064.8
59946.2-4902.56 -14627.6 20232.4 1.97598 -2.99054 -1.67927 19065
59946.2-4783.79 -14806.4 20130.8 1.98301 -2.96918 -1.70858 19065.2
59946.2-4664.6 -14983.9 20027.4 1.98987 -2.94755 -1.73773 19065.4
59946.2-4545.01 -15160.1 19922.2 1.99655 -2.92568 -1.76674 19065.6
59946.2-4425.02 -15335 19815.4 2.00306 -2.90354 -1.79558 19065.8
59946.2-4304.64 -15508.5 19706.8 2.0094 -2.88116 -1.82428 19065.9
59946.2-4183.89 -15680.7 19596.4 2.01556 -2.85852 -1.85281 19066.1
59946.2-4062.78 -15851.6 19484.4 2.02155 -2.83563 -1.88118 19066.3
59946.2-3941.31 -16021 19370.7 2.02735 -2.8125 -1.90938 19066.5
59946.2-3819.5 -16189.1 19255.3 2.03299 -2.78913 -1.93742 19066.7
59946.2-3697.36 -16355.7 19138.2 2.03844 -2.76551 -1.96529 19066.9
59946.2-3574.89 -16520.9 19019.5 2.04372 -2.74165 -1.99299 19067.1
59946.2-3452.11 -16684.7 18899.1 2.04882 -2.71755 -2.02051 19067.3
59946.2-3329.04 -16847 18777 2.05374 -2.69322 -2.04786 19067.5
59946.2-3205.67 -17007.9 18653.3 2.05848 -2.66865 -2.07503 19067.7
59946.2-3082.02 -17167.2 18528 2.06304 -2.64385 -2.10201 19067.9
59946.2-2958.11 -17325.1 18401.1 2.06743 -2.61882 -2.12882 19068.1
59946.2-2833.93 -17481.5 18272.6 2.07163 -2.59356 -2.15543 19068.3
59946.2-2709.51 -17636.4 18142.4 2.07565 -2.56808 -2.18186 19068.5
59946.2-2584.86 -17789.7 18010.7 2.07949 -2.54238 -2.2081 19068.7
59946.2-2459.98 -17941.4 17877.5 2.08316 -2.51645 -2.23415 19068.9
59946.2-2334.88 -18091.6 17742.6 2.08663 -2.49031 -2.26 19069.1
59946.2-2209.59 -18240.3 17606.3 2.08993 -2.46394 -2.28565 19069.3
59946.2-2084.1 -18387.3 17468.4 2.09305 -2.43737 -2.3111 19069.5
59946.2-1958.42 -18532.7 17328.9 2.09598 -2.41058 -2.33636 19069.7
59946.2-1832.58 -18676.6 17188 2.09873 -2.38359 -2.3614 19069.9
59946.2-1706.58 -18818.8 17045.6 2.1013 -2.35638 -2.38625 19070.1
59946.2-1580.43 -18959.3 16901.7 2.10368 -2.32898 -2.41088 19070.3
59946.2-1454.14 -19098.2 16756.3 2.10588 -2.30137 -2.4353 19070.4
59946.2-1327.73 -19235.5 16609.4 2.1079 -2.27356 -2.45951 19070.6
59946.2-1201.2 -19371.1 16461.1 2.10974 -2.24555 -2.48351 19070.8
59946.2-1074.56 -19505 16311.4 2.11139 -2.21735 -2.50729 19071
59946.2-947.835 -19637.1 16160.3 2.11285 -2.18895 -2.53085 19071.2
59946.2-821.024 -19767.6 16007.7 2.11414 -2.16037 -2.55419 19071.4
59946.2-694.142 -19896.4 15853.8 2.11524 -2.1316 -2.57731 19071.6
59946.2-567.2 -20023.4 15698.5 2.11615 -2.10264 -2.6002 19071.8
59946.2-440.208 -20148.7 15541.8 2.11688 -2.0735 -2.62286 19072
59946.2-313.177 -20272.2 15383.7 2.11743 -2.04418 -2.6453 19072.2
59946.2-186.12 -20394 15224.3 2.11779 -2.01468 -2.66751 19072.4
59946.2-59.0463 -20514 15063.6 2.11797 -1.98501 -2.68948 19072.6
59946.268.0325 -20632.2 14901.6 2.11796 -1.95517 -2.71122 19072.8
59946.2195.105 -20748.6 14738.3 2.11777 -1.92516 -2.73272 19073
59946.2322.161 -20863.2 14573.7 2.1174 -1.89497 -2.75398 19073.2
59946.2449.189 -20976 14407.8 2.11684 -1.86463 -2.77501 19073.4
59946.2576.178 -21087 14240.7 2.11609 -1.83412 -2.79579 19073.6
59946.2703.117 -21196.1 14072.3 2.11516 -1.80346 -2.81633 19073.8
59946.2829.994 -21303.4 13902.7 2.11405 -1.77264 -2.83662 19073.9
59946.2956.799 -21408.8 13731.9 2.11276 -1.74166 -2.85667 19074.1
59946.21083.52 -21512.4 13559.9 2.11128 -1.71053 -2.87646 19074.3
59946.21210.15 -21614.1 13386.8 2.10961 -1.67926 -2.89601 19074.5
59946.21336.67 -21713.9 13212.4 2.10777 -1.64784 -2.9153 19074.7
59946.21463.08 -21811.8 13036.9 2.10574 -1.61628 -2.93434 19074.9
59946.21589.36 -21907.8 12860.3 2.10352 -1.58457 -2.95312 19075.1
59946.21715.5 -22001.9 12682.6 2.10113 -1.55273 -2.97165 19075.3
59946.21841.49 -22094.2 12503.7 2.09855 -1.52076 -2.98992 19075.5
59946.21967.32 -22184.4 12323.8 2.09578 -1.48865 -3.00792 19075.6
59946.22092.98 -22272.8 12142.8 2.09284 -1.45642 -3.02567 19075.8
59946.22218.46 -22359.2 11960.7 2.08971 -1.42405 -3.04315 19076
59946.22343.74 -22443.7 11777.6 2.08641 -1.39157 -3.06036 19076.2
59946.22468.82 -22526.2 11593.5 2.08292 -1.35896 -3.07731 19076.4
59946.22593.69 -22606.7 11408.3 2.07925 -1.32624 -3.09399 19076.6
59946.22718.33 -22685.3 11222.2 2.0754 -1.2934 -3.1104 19076.7
59946.22842.73 -22762 11035.1 2.07136 -1.26045 -3.12654 19076.9
59946.22966.89 -22836.6 10847 2.06715 -1.22739 -3.14241 19077.1
59946.23090.78 -22909.2 10658 2.06276 -1.19423 -3.15801 19077.3
59946.23214.41 -22979.9 10468 2.05819 -1.16096 -3.17333 19077.5
59946.23337.76 -23048.6 10277.2 2.05344 -1.12759 -3.18837 19077.7
59946.23460.82 -23115.2 10085.4 2.04851 -1.09413 -3.20313 19077.8
59946.23583.58 -23179.8 9892.82 2.0434 -1.06056 -3.21762 19078
59946.23706.03 -23242.5 9699.34 2.03812 -1.02691 -3.23183 19078.2
59946.23828.15 -23303.1 9505.01 2.03266 -0.993171 -3.24575 19078.4
59946.23949.94 -23361.6 9309.85 2.02702 -0.959344 -3.25939 19078.5
59946.24071.39 -23418.2 9113.89 2.0212 -0.925434 -3.27275 19078.7
59946.24192.48 -23472.7 8917.13 2.01521 -0.891444 -3.28582 19078.9
59946.24313.21 -23525.2 8719.59 2.00905 -0.857377 -3.29861 19079.1
59946.24433.57 -23575.6 8521.3 2.00271 -0.823237 -3.31111 19079.2
59946.24553.53 -23624 8322.27 1.99619 -0.789025 -3.32332 19079.4
59946.24673.11 -23670.3 8122.51 1.98951 -0.754745 -3.33524 19079.6
59946.24792.27 -23714.5 7922.04 1.98264 -0.720401 -3.34687 19079.7
59946.24911.02 -23756.7 7720.89 1.97561 -0.685994 -3.35821 19079.9
59946.25029.34 -23796.8 7519.06 1.96841 -0.651528 -3.36926 19080.1
59946.25147.22 -23834.9 7316.58 1.96103 -0.617006 -3.38002 19080.2
59946.25264.66 -23870.9 7113.47 1.95348 -0.582431 -3.39048 19080.4
59946.25381.64 -23904.8 6909.73 1.94577 -0.547806 -3.40064 19080.6
59946.25498.15 -23936.6 6705.4 1.93788 -0.513133 -3.41051 19080.7
59946.25614.18 -23966.4 6500.48 1.92983 -0.478417 -3.42009 19080.9
59946.25729.73 -23994 6294.99 1.92161 -0.44366 -3.42936 19081
59946.25844.77 -24019.6 6088.96 1.91322 -0.408865 -3.43834 19081.2
59946.25959.31 -24043.1 5882.4 1.90467 -0.374035 -3.44701 19081.4
59946.26073.33 -24064.5 5675.32 1.89595 -0.339172 -3.45539 19081.5
59946.26186.82 -24083.8 5467.76 1.88706 -0.304281 -3.46347 19081.7
59946.26299.77 -24101 5259.71 1.87801 -0.269364 -3.47124 19081.8
59946.26412.18 -24116.1 5051.21 1.8688 -0.234425 -3.47872 19082
59946.26524.03 -24129.1 4842.27 1.85943 -0.199465 -3.48589 19082.1
59946.26635.31 -24140 4632.91 1.84989 -0.164489 -3.49276 19082.3
59946.26746.01 -24148.9 4423.15 1.8402 -0.129498 -3.49932 19082.4
59946.26856.13 -24155.6 4213 1.83034 -0.0944975 -3.50558 19082.6
59946.26965.65 -24160.2 4002.49 1.82033 -0.0594891 -3.51153 19082.7
59946.27074.56 -24162.7 3791.62 1.81015 -0.024476 -3.51718 19082.9
59946.27182.86 -24163.1 3580.43 1.79982 0.0105387 -3.52252 19083
59946.27290.54 -24161.5 3368.93 1.78934 0.0455519 -3.52756 19083.2
59946.27397.58 -24157.7 3157.13 1.77869 0.0805606 -3.53229 19083.3
59946.27503.98 -24151.8 2945.06 1.7679 0.115562 -3.53671 19083.4
59946.27609.72 -24143.8 2732.73 1.75695 0.150552 -3.54083 19083.6
59946.27714.81 -24133.7 2520.16 1.74584 0.185529 -3.54463 19083.7
59946.27819.22 -24121.5 2307.38 1.73459 0.220489 -3.54813 19083.9
59946.27922.96 -24107.3 2094.39 1.72318 0.25543 -3.55132 19084
59946.28026 -24090.9 1881.23 1.71163 0.290348 -3.5542 19084.1
59946.28128.35 -24072.4 1667.9 1.69993 0.32524 -3.55677 19084.3
59946.28229.99 -24051.9 1454.42 1.68808 0.360103 -3.55904 19084.4
59946.28330.92 -24029.2 1240.82 1.67608 0.394935 -3.56099 19084.5
59946.28431.12 -24004.5 1027.11 1.66394 0.429731 -3.56263 19084.6
59946.28530.58 -23977.6 813.309 1.65165 0.46449 -3.56397 19084.8
59946.28629.31 -23948.7 599.438 1.63922 0.499208 -3.56499 19084.9
59946.28727.29 -23917.7 385.516 1.62664 0.533882 -3.5657 19085
59946.28824.51 -23884.7 171.56 1.61393 0.568509 -3.56611 19085.1
59946.28920.96 -23849.5 -42.4106 1.60108 0.603086 -3.5662 19085.3
59946.29016.63 -23812.3 -256.378 1.58808 0.63761 -3.56598 19085.4
59946.29111.52 -23773 -470.323 1.57495 0.672078 -3.56546 19085.5
59946.29205.62 -23731.7 -684.227 1.56168 0.706488 -3.56462 19085.6
59946.29298.92 -23688.2 -898.071 1.54828 0.740835 -3.56348 19085.7
59946.39391.41 -23642.8 -1111.84 1.53474 0.775118 -3.56202 19085.9
59946.39483.09 -23595.2 -1325.51 1.52107 0.809333 -3.56025 19086
59946.39573.94 -23545.6 -1539.06 1.50727 0.843477 -3.55818 19086.1
59946.39663.96 -23494 -1752.48 1.49333 0.877547 -3.55579 19086.2
59946.39753.14 -23440.3 -1965.75 1.47927 0.91154 -3.5531 19086.3
59946.39841.47 -23384.6 -2178.85 1.46508 0.945454 -3.5501 19086.4
59946.39928.94 -23326.9 -2391.76 1.45076 0.979285 -3.54679 19086.5
59946.310015.6 -23267.1 -2604.46 1.43631 1.01303 -3.54317 19086.6
59946.310101.3 -23205.3 -2816.93 1.42174 1.04669 -3.53924 19086.7
59946.310186.2 -23141.5 -3029.16 1.40705 1.08025 -3.53501 19086.8
59946.310270.1 -23075.7 -3241.13 1.39224 1.11373 -3.53047 19086.9
59946.310353.2 -23007.9 -3452.81 1.3773 1.1471 -3.52562 19087
59946.310435.4 -22938 -3664.19 1.36224 1.18037 -3.52046 19087.1
59946.310516.7 -22866.2 -3875.26 1.34707 1.21355 -3.515 19087.2
59946.310597.1 -22792.4 -4085.99 1.33178 1.24661 -3.50923 19087.3
59946.310676.5 -22716.6 -4296.36 1.31637 1.27957 -3.50316 19087.4
59946.310755 -22638.9 -4506.36 1.30085 1.31241 -3.49679 19087.5
59946.310832.6 -22559.1 -4715.97 1.28522 1.34514 -3.49011 19087.5
59946.310909.2 -22477.5 -4925.17 1.26948 1.37776 -3.48312 19087.6
59946.310984.9 -22393.8 -5133.94 1.25362 1.41025 -3.47584 19087.7
59946.311059.7 -22308.2 -5342.26 1.23766 1.44262 -3.46825 19087.8
59946.311133.5 -22220.7 -5550.12 1.22159 1.47486 -3.46036 19087.9
59946.311206.3 -22131.2 -5757.5 1.20541 1.50698 -3.45217 19087.9
59946.311278.1 -22039.9 -5964.38 1.18913 1.53897 -3.44368 19088
59946.311349 -21946.6 -6170.74 1.17275 1.57082 -3.43489 19088.1
59946.311418.8 -21851.4 -6376.56 1.15626 1.60253 -3.42581 19088.2
59946.311487.7 -21754.3 -6581.83 1.13967 1.6341 -3.41642 19088.2
59946.311555.6 -21655.3 -6786.52 1.12299 1.66554 -3.40674 19088.3
59946.311622.5 -21554.4 -6990.63 1.1062 1.69682 -3.39676 19088.4
59946.311688.3 -21451.7 -7194.13 1.08933 1.72796 -3.38649 19088.4
59946.311753.2 -21347.1 -7397 1.07235 1.75895 -3.37592 19088.5
59946.311817 -21240.6 -7599.23 1.05529 1.78979 -3.36506 19088.6
59946.311879.8 -21132.3 -7800.8 1.03813 1.82047 -3.35391 19088.6
59946.311941.6 -21022.1 -8001.7 1.02088 1.85099 -3.34247 19088.7
59946.312002.3 -20910.2 -8201.89 1.00354 1.88135 -3.33073 19088.7
59946.312062 -20796.4 -8401.38 0.986121 1.91155 -3.31871 19088.8
59946.312120.7 -20680.8 -8600.13 0.968612 1.94158 -3.3064 19088.9
59946.312178.2 -20563.4 -8798.14 0.951019 1.97144 -3.2938 19088.9
59946.312234.8 -20444.2 -8995.38 0.933344 2.00113 -3.28091 19089
59946.312290.2 -20323.3 -9191.84 0.915587 2.03064 -3.26774 19089
59946.312344.6 -20200.5 -9387.51 0.897752 2.05998 -3.25429 19089
59946.312398 -20076.1 -9582.35 0.879838 2.08914 -3.24055 19089.1
59946.312450.2 -19949.9 -9776.37 0.861848 2.11812 -3.22653 19089.1
59946.312501.4 -19821.9 -9969.53 0.843784 2.14691 -3.21223 19089.2
59946.312551.5 -19692.2 -10161.8 0.825646 2.17552 -3.19766 19089.2
59946.312600.5 -19560.8 -10353.2 0.807437 2.20394 -3.1828 19089.3
59946.312648.4 -19427.8 -10543.8 0.789157 2.23216 -3.16767 19089.3
59946.312695.2 -19293 -10733.4 0.77081 2.2602 -3.15226 19089.3
59946.312740.9 -19156.5 -10922 0.752395 2.28803 -3.13658 19089.4
59946.312785.5 -19018.4 -11109.7 0.733915 2.31567 -3.12063 19089.4
59946.312828.9 -18878.7 -11296.5 0.715372 2.3431 -3.1044 19089.4
59946.312871.3 -18737.3 -11482.3 0.696766 2.37033 -3.08791 19089.4
59946.312912.5 -18594.2 -11667 0.678101 2.39736 -3.07115 19089.5
59946.312952.7 -18449.6 -11850.8 0.659376 2.42418 -3.05412 19089.5
59946.312991.7 -18303.3 -12033.5 0.640594 2.45078 -3.03683 19089.5
59946.313029.5 -18155.5 -12215.2 0.621757 2.47718 -3.01927 19089.5
59946.313066.3 -18006.1 -12395.8 0.602865 2.50335 -3.00145 19089.5
59946.313101.9 -17855.1 -12575.4 0.583922 2.52931 -2.98337 19089.6
59946.313136.3 -17702.6 -12753.8 0.564928 2.55505 -2.96503 19089.6
59946.313169.7 -17548.5 -12931.2 0.545885 2.58057 -2.94643 19089.6
59946.313201.9 -17392.9 -13107.4 0.526794 2.60587 -2.92758 19089.6
59946.313232.9 -17235.8 -13282.5 0.507658 2.63093 -2.90847 19089.6
59946.313262.8 -17077.2 -13456.4 0.488478 2.65577 -2.88911 19089.6
59946.313291.5 -16917.1 -13629.2 0.469255 2.68038 -2.8695 19089.6
59946.313319.1 -16755.5 -13800.7 0.449992 2.70475 -2.84964 19089.6
59946.313345.5 -16592.5 -13971.1 0.43069 2.72889 -2.82953 19089.6
59946.313370.8 -16428.1 -14140.3 0.411351 2.7528 -2.80918 19089.6
59946.313394.9 -16262.2 -14308.2 0.391975 2.77646 -2.78858 19089.6
59946.313417.8 -16094.9 -14474.9 0.372566 2.79988 -2.76774 19089.6
59946.313439.6 -15926.2 -14640.3 0.353125 2.82306 -2.74666 19089.6
59946.313460.2 -15756.2 -14804.5 0.333653 2.846 -2.72534 19089.6
59946.313479.6 -15584.7 -14967.4 0.314152 2.86868 -2.70379 19089.6
59946.313497.9 -15411.9 -15129 0.294623 2.89112 -2.682 19089.6
59946.313515 -15237.8 -15289.2 0.27507 2.91331 -2.65997 19089.6
59946.313530.9 -15062.3 -15448.1 0.255492 2.93524 -2.63772 19089.6
59946.313545.6 -14885.6 -15605.7 0.235892 2.95692 -2.61524 19089.5
59946.313559.2 -14707.5 -15762 0.216272 2.97834 -2.59253 19089.5
59946.313571.6 -14528.2 -15916.8 0.196633 2.9995 -2.56959 19089.5
59946.313582.8 -14347.6 -16070.3 0.176977 3.0204 -2.54643 19089.5
59946.313592.8 -14165.7 -16222.4 0.157305 3.04104 -2.52305 19089.5
59946.313601.7 -13982.6 -16373.1 0.13762 3.06142 -2.49945 19089.4
59946.313609.3 -13798.4 -16522.3 0.117923 3.08153 -2.47564 19089.4
59946.313615.8 -13612.9 -16670.2 0.0982163 3.10137 -2.4516 19089.4
59946.313621.1 -13426.2 -16816.5 0.0785005 3.12094 -2.42736 19089.3
59946.313625.2 -13238.4 -16961.4 0.058778 3.14024 -2.4029 19089.3
59946.313628.2 -13049.4 -17104.9 0.0390503 3.15927 -2.37824 19089.3
59946.313629.9 -12859.2 -17246.8 0.0193192 3.17803 -2.35337 19089.2
59946.313630.5 -12668 -17387.3 -0.000413498 3.1965 -2.32829 19089.2
59946.313629.9 -12475.7 -17526.2 -0.0201462 3.2147 -2.30302 19089.2
59946.313628.1 -12282.3 -17663.6 -0.0398772 3.23262 -2.27754 19089.1
59946.313625.1 -12087.8 -17799.5 -0.0596048 3.25026 -2.25186 19089.1
59946.313620.9 -11892.2 -17933.8 -0.0793272 3.26762 -2.22599 19089
59946.313615.6 -11695.7 -18066.6 -0.0990427 3.2847 -2.19993 19089
59946.313609 -11498.1 -18197.8 -0.11875 3.30149 -2.17367 19088.9
59946.313601.3 -11299.5 -18327.5 -0.138446 3.31799 -2.14723 19088.9
59946.313592.4 -11099.9 -18455.5 -0.158131 3.3342 -2.12059 19088.8
59946.313582.3 -10899.4 -18581.9 -0.177802 3.35013 -2.09378 19088.8
59946.313571.1 -10697.9 -18706.7 -0.197458 3.36576 -2.06678 19088.7
59946.313558.6 -10495.5 -18829.9 -0.217096 3.3811 -2.0396 19088.7
59946.313545 -10292.2 -18951.5 -0.236716 3.39615 -2.01225 19088.6
59946.313530.2 -10088 -19071.4 -0.256315 3.4109 -1.98472 19088.6
59946.313514.3 -9882.88 -19189.7 -0.275892 3.42536 -1.95702 19088.5
59946.313497.1 -9676.93 -19306.2 -0.295445 3.43952 -1.92915 19088.4
59946.313478.8 -9470.14 -19421.1 -0.314973 3.45338 -1.90111 19088.4
59946.313459.3 -9262.53 -19534.4 -0.334473 3.46694 -1.8729 19088.3
59946.313438.7 -9054.12 -19645.9 -0.353945 3.4802 -1.84453 19088.2
59946.313416.9 -8844.91 -19755.7 -0.373385 3.49315 -1.816 19088.2
59946.313393.9 -8634.94 -19863.8 -0.392794 3.50581 -1.78732 19088.1
59946.313369.7 -8424.22 -19970.2 -0.412168 3.51816 -1.75848 19088
59946.313344.4 -8212.77 -20074.8 -0.431506 3.5302 -1.72948 19088
59946.313317.9 -8000.61 -20177.7 -0.450808 3.54194 -1.70034 19087.9
59946.313290.3 -7787.75 -20278.9 -0.47007 3.55337 -1.67104 19087.8
59946.313261.5 -7574.21 -20378.2 -0.489291 3.56449 -1.6416 19087.7
59946.313231.6 -7360.01 -20475.9 -0.50847 3.5753 -1.61202 19087.6
59946.313200.5 -7145.18 -20571.7 -0.527605 3.5858 -1.5823 19087.6
59946.313168.3 -6929.72 -20665.7 -0.546695 3.59599 -1.55244 19087.5
59946.313134.9 -6713.67 -20758 -0.565737 3.60586 -1.52245 19087.4
59946.313100.4 -6497.03 -20848.4 -0.58473 3.61543 -1.49232 19087.3
59946.313064.8 -6279.82 -20937 -0.603672 3.62468 -1.46206 19087.2
59946.313028 -6062.07 -21023.9 -0.622562 3.63361 -1.43168 19087.1
59946.312990 -5843.79 -21108.8 -0.641398 3.64223 -1.40117 19087
59946.312951 -5625.01 -21192 -0.660178 3.65053 -1.37054 19086.9
59946.312910.8 -5405.74 -21273.3 -0.678902 3.65852 -1.33979 19086.8
59946.312869.5 -5185.99 -21352.8 -0.697566 3.66619 -1.30892 19086.7
59946.312827.1 -4965.8 -21430.4 -0.71617 3.67354 -1.27794 19086.6
59946.312783.6 -4745.18 -21506.1 -0.734712 3.68057 -1.24685 19086.5
59946.312739 -4524.14 -21580 -0.75319 3.68728 -1.21565 19086.4
59946.312693.2 -4302.71 -21652 -0.771603 3.69367 -1.18434 19086.3
59946.312646.4 -4080.9 -21722.1 -0.78995 3.69974 -1.15293 19086.2
59946.312598.4 -3858.75 -21790.3 -0.808227 3.70549 -1.12142 19086.1
59946.312549.4 -3636.25 -21856.7 -0.826435 3.71091 -1.08982 19086
59946.312499.2 -3413.44 -21921.1 -0.844571 3.71602 -1.05811 19085.9
59946.312448 -3190.34 -21983.7 -0.862634 3.7208 -1.02632 19085.8
59946.312395.7 -2966.95 -22044.3 -0.880622 3.72526 -0.994433 19085.7
59946.312342.4 -2743.31 -22103 -0.898534 3.72939 -0.962461 19085.6
59946.312287.9 -2519.43 -22159.8 -0.916368 3.7332 -0.930405 19085.5
59946.312232.4 -2295.33 -22214.6 -0.934122 3.73669 -0.898268 19085.4
59946.312175.8 -2071.04 -22267.6 -0.951796 3.73985 -0.866053 19085.3
59946.312118.2 -1846.56 -22318.6 -0.969387 3.74269 -0.833762 19085.1
59946.312059.5 -1621.92 -22367.6 -0.986894 3.7452 -0.801398 19085
59946.311999.8 -1397.14 -22414.7 -1.00432 3.74738 -0.768964 19084.9
59946.311939 -1172.24 -22459.9 -1.02165 3.74924 -0.736463 19084.8
59946.311877.2 -947.239 -22503.1 -1.0389 3.75078 -0.703898 19084.7
59946.311814.3 -722.154 -22544.4 -1.05605 3.75199 -0.67127 19084.5
59946.411750.4 -497.007 -22583.7 -1.07312 3.75287 -0.638584 19084.4
59946.411685.5 -271.816 -22621 -1.09009 3.75343 -0.605843 19084.3
59946.411619.6 -46.6019 -22656.4 -1.10696 3.75366 -0.573048 19084.2
59946.411552.7 178.616 -22689.8 -1.12375 3.75356 -0.540202 19084
59946.411484.8 403.819 -22721.2 -1.14043 3.75314 -0.50731 19083.9
59946.411415.9 628.987 -22750.6 -1.15701 3.75239 -0.474372 19083.8
59946.411345.9 854.1 -22778.1 -1.1735 3.75132 -0.441394 19083.6
59946.411275 1079.14 -22803.6 -1.18988 3.74992 -0.408376 19083.5
59946.411203.2 1304.08 -22827.1 -1.20616 3.74819 -0.375322 19083.4
59946.411130.3 1528.91 -22848.6 -1.22233 3.74614 -0.342235 19083.2
59946.411056.5 1753.61 -22868.2 -1.2384 3.74376 -0.309118 19083.1
59946.410981.7 1978.16 -22885.7 -1.25436 3.74106 -0.275973 19083
59946.410906 2202.53 -22901.3 -1.27022 3.73803 -0.242804 19082.8
59946.410829.3 2426.72 -22914.9 -1.28596 3.73468 -0.209614 19082.7
59946.410751.6 2650.69 -22926.4 -1.30159 3.731 -0.176404 19082.5
59946.410673.1 2874.43 -22936 -1.31711 3.727 -0.143179 19082.4
59946.410593.6 3097.92 -22943.6 -1.33251 3.72267 -0.109941 19082.2
59946.410513.2 3321.15 -22949.2 -1.3478 3.71802 -0.0766921 19082.1
59946.410431.9 3544.08 -22952.8 -1.36297 3.71305 -0.0434364 19082
59946.410349.6 3766.7 -22954.4 -1.37802 3.70776 -0.0101764 19081.8
59946.410266.5 3989 -22954 -1.39296 3.70214 0.0230851 19081.7
59946.410182.5 4210.95 -22951.7 -1.40777 3.6962 0.0563451 19081.5
59946.410097.6 4432.54 -22947.3 -1.42246 3.68994 0.0896009 19081.4
59946.410011.8 4653.74 -22940.9 -1.43703 3.68335 0.122849 19081.2
59946.49925.13 4874.54 -22932.5 -1.45147 3.67645 0.156088 19081.1
59946.49837.61 5094.91 -22922.2 -1.46579 3.66923 0.189313 19080.9
59946.49749.23 5314.84 -22909.8 -1.47998 3.66169 0.222523 19080.8
59946.49660.01 5534.3 -22895.5 -1.49404 3.65383 0.255714 19080.6
59946.49569.95 5753.29 -22879.1 -1.50797 3.64565 0.288883 19080.4
59946.49479.06 5971.78 -22860.8 -1.52177 3.63716 0.322028 19080.3
59946.49387.34 6189.74 -22840.5 -1.53544 3.62834 0.355146 19080.1
59946.49294.81 6407.17 -22818.2 -1.54898 3.61922 0.388233 19080
59946.49201.47 6624.04 -22793.9 -1.56238 3.60978 0.421287 19079.8
59946.49107.33 6840.34 -22767.6 -1.57564 3.60002 0.454305 19079.7
59946.49012.39 7056.04 -22739.4 -1.58877 3.58995 0.487284 19079.5
59946.48916.68 7271.13 -22709.2 -1.60176 3.57957 0.520222 19079.3
59946.48820.18 7485.58 -22677 -1.61461 3.56888 0.553115 19079.2
59946.48722.93 7699.39 -22642.8 -1.62733 3.55788 0.58596 19079
59946.48624.91 7912.52 -22606.7 -1.6399 3.54656 0.618756 19078.8
59946.48526.14 8124.97 -22568.5 -1.65232 3.53494 0.651498 19078.7
59946.48426.63 8336.71 -22528.5 -1.66461 3.52301 0.684184 19078.5
59946.48326.39 8547.72 -22486.4 -1.67675 3.51078 0.716811 19078.3
59946.48225.43 8757.99 -22442.5 -1.68874 3.49824 0.749377 19078.2
59946.48123.74 8967.5 -22396.5 -1.70059 3.48539 0.781878 19078
59946.48021.36 9176.23 -22348.6 -1.71229 3.47224 0.814312 19077.8
59946.47918.27 9384.17 -22298.8 -1.72384 3.45879 0.846676 19077.7
59946.47814.5 9591.28 -22247 -1.73525 3.44504 0.878966 19077.5
59946.47710.05 9797.57 -22193.3 -1.7465 3.43099 0.911181 19077.3
59946.47604.92 10003 -22137.7 -1.7576 3.41663 0.943318 19077.2
59946.47499.14 10207.6 -22080.1 -1.76855 3.40199 0.975373 19077
59946.47392.7 10411.2 -22020.7 -1.77934 3.38704 1.00734 19076.8
59946.47285.62 10614 -21959.3 -1.78998 3.3718 1.03923 19076.6
59946.47177.91 10815.8 -21895.9 -1.80046 3.35627 1.07102 19076.5
59946.47069.57 11016.7 -21830.7 -1.81079 3.34044 1.10272 19076.3
59946.46960.61 11216.7 -21763.6 -1.82096 3.32433 1.13433 19076.1
59946.46851.05 11415.7 -21694.6 -1.83097 3.30792 1.16584 19076
59946.46740.9 11613.6 -21623.7 -1.84082 3.29123 1.19725 19075.8
59946.46630.16 11810.6 -21550.9 -1.85052 3.27425 1.22855 19075.6
59946.46518.84 12006.5 -21476.3 -1.86005 3.25698 1.25975 19075.4
59946.46406.96 12201.4 -21399.8 -1.86942 3.23943 1.29084 19075.2
59946.46294.51 12395.3 -21321.4 -1.87863 3.2216 1.32182 19075.1
59946.46181.52 12588 -21241.2 -1.88767 3.20349 1.35268 19074.9
59946.46068 12779.7 -21159.1 -1.89655 3.1851 1.38343 19074.7
59946.45953.94 12970.2 -21075.2 -1.90527 3.16643 1.41406 19074.5
59946.45839.37 13159.6 -20989.4 -1.91382 3.14748 1.44456 19074.4
59946.45724.29 13347.9 -20901.8 -1.9222 3.12826 1.47494 19074.2
59946.45608.71 13535 -20812.4 -1.93042 3.10877 1.50519 19074
59946.45492.64 13721 -20721.2 -1.93847 3.08901 1.53531 19073.8
59946.45376.09 13905.7 -20628.2 -1.94635 3.06897 1.5653 19073.6
59946.45259.08 14089.2 -20533.4 -1.95406 3.04867 1.59516 19073.4
59946.45141.61 14271.5 -20436.8 -1.96161 3.02811 1.62487 19073.3
59946.45023.69 14452.6 -20338.4 -1.96898 3.00728 1.65445 19073.1
59946.44905.34 14632.4 -20238.2 -1.97618 2.98619 1.68388 19072.9
59946.44786.55 14810.9 -20136.3 -1.98321 2.96484 1.71316 19072.7
59946.44667.35 14988.2 -20032.6 -1.99006 2.94322 1.7423 19072.5
59946.44547.75 15164.1 -19927.2 -1.99675 2.92136 1.77129 19072.4
59946.44427.75 15338.7 -19820.1 -2.00325 2.89924 1.80012 19072.2
59946.44307.36 15512 -19711.2 -2.00959 2.87686 1.8288 19072
59946.44186.6 15684 -19600.6 -2.01575 2.85423 1.85732 19071.8
59946.44065.48 15854.5 -19488.4 -2.02174 2.83136 1.88567 19071.6
59946.43944 16023.7 -19374.4 -2.02755 2.80824 1.91387 19071.4
59946.43822.17 16191.5 -19258.7 -2.03318 2.78487 1.9419 19071.2
59946.43700.02 16357.9 -19141.3 -2.03863 2.76126 1.96976 19071.1
59946.43577.54 16522.9 -19022.3 -2.04391 2.73741 1.99744 19070.9
59946.43454.75 16686.4 -18901.7 -2.04901 2.71332 2.02496 19070.7
59946.43331.66 16848.4 -18779.3 -2.05394 2.68899 2.0523 19070.5
59946.43208.28 17009.1 -18655.4 -2.05868 2.66443 2.07946 19070.3
59946.43084.62 17168.2 -18529.8 -2.06325 2.63964 2.10644 19070.1
59946.42960.7 17325.8 -18402.6 -2.06763 2.61461 2.13324 19070
59946.42836.51 17481.9 -18273.8 -2.07184 2.58936 2.15986 19069.8
59946.42712.08 17636.5 -18143.4 -2.07586 2.56388 2.18628 19069.6
59946.42587.41 17789.6 -18011.5 -2.07971 2.53818 2.21252 19069.4
59946.42462.52 17941.1 -17877.9 -2.08337 2.51226 2.23857 19069.2
59946.42337.41 18091.1 -17742.8 -2.08686 2.48611 2.26442 19069
59946.42212.1 18239.4 -17606.2 -2.09016 2.45975 2.29007 19068.8
59946.42086.6 18386.2 -17468 -2.09328 2.43318 2.31553 19068.7
59946.41960.91 18531.4 -17328.3 -2.09621 2.40639 2.34078 19068.5
59946.41835.05 18675 -17187.1 -2.09897 2.37939 2.36583 19068.3
59946.41709.04 18816.9 -17044.5 -2.10154 2.35218 2.39068 19068.1
59946.41582.87 18957.2 -16900.3 -2.10393 2.32477 2.41531 19067.9
59946.41456.57 19095.9 -16754.6 -2.10613 2.29716 2.43974 19067.7
59946.41330.14 19232.9 -16607.5 -2.10816 2.26934 2.46396 19067.5
59946.41203.59 19368.2 -16458.9 -2.10999 2.24133 2.48796 19067.4
59946.41076.94 19501.8 -16309 -2.11165 2.21312 2.51175 19067.2
59946.4950.201 19633.8 -16157.5 -2.11312 2.18471 2.53532 19067
59946.4823.374 19764 -16004.7 -2.11441 2.15612 2.55866 19066.8
59946.4696.475 19892.5 -15850.5 -2.11551 2.12734 2.58179 19066.6
59946.4569.516 20019.3 -15694.9 -2.11643 2.09837 2.60469 19066.4
59946.4442.508 20144.3 -15537.9 -2.11716 2.06921 2.62737 19066.3
59946.4315.46 20267.6 -15379.6 -2.11771 2.03988 2.64981 19066.1
59946.4188.386 20389.1 -15220 -2.11808 2.01037 2.67203 19065.9
59946.461.2944 20508.8 -15059 -2.11826 1.98068 2.69401 19065.7
59946.4-65.8021 20626.8 -14896.7 -2.11826 1.95082 2.71576 19065.5
59946.4-192.893 20742.9 -14733.1 -2.11807 1.92079 2.73728 19065.3
59946.4-319.967 20857.3 -14568.2 -2.1177 1.89059 2.75855 19065.2
59946.4-447.013 20969.8 -14402.1 -2.11714 1.86022 2.77959 19065
59946.4-574.02 21080.5 -14234.7 -2.1164 1.8297 2.80038 19064.8
59946.4-700.977 21189.4 -14066 -2.11547 1.79901 2.82093 19064.6
59946.4-827.873 21296.4 -13896.2 -2.11436 1.76816 2.84124 19064.4
59946.4-954.697 21401.5 -13725.1 -2.11307 1.73716 2.8613 19064.3
59946.4-1081.44 21504.8 -13552.8 -2.11159 1.70601 2.88111 19064.1
59946.4-1208.08 21606.2 -13379.4 -2.10993 1.67471 2.90067 19063.9
59946.4-1334.63 21705.8 -13204.8 -2.10808 1.64326 2.91997 19063.7
59946.4-1461.05 21803.4 -13029 -2.10605 1.61167 2.93903 19063.5
59946.4-1587.35 21899.2 -12852.1 -2.10384 1.57993 2.95782 19063.4
59946.4-1713.51 21993 -12674 -2.10144 1.54806 2.97636 19063.2
59946.4-1839.52 22084.9 -12494.9 -2.09886 1.51605 2.99464 19063
59946.4-1965.37 22174.9 -12314.7 -2.0961 1.48391 3.01266 19062.8
59946.4-2091.05 22263 -12133.4 -2.09315 1.45164 3.03042 19062.7
59946.4-2216.54 22349.1 -11951.1 -2.09002 1.41924 3.04792 19062.5
59946.4-2341.84 22433.3 -11767.7 -2.08671 1.38672 3.06515 19062.3
59946.4-2466.94 22515.5 -11583.2 -2.08322 1.35407 3.08211 19062.1
59946.4-2591.83 22595.8 -11397.8 -2.07955 1.32131 3.0988 19062
59946.4-2716.49 22674.1 -11211.4 -2.07569 1.28843 3.11523 19061.8
59946.4-2840.91 22750.4 -11024 -2.07165 1.25544 3.13138 19061.6
59946.4-2965.08 22824.8 -10835.6 -2.06744 1.22234 3.14726 19061.4
59946.4-3089 22897.1 -10646.3 -2.06304 1.18913 3.16287 19061.3
59946.4-3212.64 22967.4 -10456.1 -2.05846 1.15581 3.1782 19061.1
59946.4-3336.01 23035.8 -10264.9 -2.05371 1.1224 3.19325 19060.9
59946.4-3459.08 23102.1 -10072.9 -2.04877 1.08888 3.20803 19060.8
59946.4-3581.86 23166.5 -9879.98 -2.04366 1.05527 3.22253 19060.6
59946.4-3704.32 23228.8 -9686.21 -2.03836 1.02157 3.23674 19060.4
59946.4-3826.46 23289 -9491.58 -2.03289 0.987778 3.25068 19060.2
59946.4-3948.26 23347.3 -9296.13 -2.02724 0.953898 3.26433 19060.1
59946.5-4069.72 23403.5 -9099.87 -2.02142 0.919935 3.2777 19059.9
59946.5-4190.83 23457.7 -8902.81 -2.01542 0.885891 3.29078 19059.7
59946.5-4311.57 23509.8 -8704.98 -2.00924 0.851769 3.30357 19059.6
59946.5-4431.93 23559.9 -8506.39 -2.00289 0.817571 3.31608 19059.4
59946.5-4551.91 23607.9 -8307.06 -1.99636 0.783302 3.3283 19059.3
59946.5-4671.49 23653.9 -8107 -1.98966 0.748964 3.34023 19059.1
59946.5-4790.67 23697.8 -7906.23 -1.98278 0.714559 3.35187 19058.9
59946.5-4909.42 23739.6 -7704.78 -1.97574 0.680092 3.36321 19058.8
59946.5-5027.75 23779.4 -7502.65 -1.96851 0.645564 3.37426 19058.6
59946.5-5145.64 23817.1 -7299.87 -1.96112 0.61098 3.38502 19058.5
59946.5-5263.08 23852.7 -7096.46 -1.95356 0.576341 3.39548 19058.3
59946.5-5380.07 23886.3 -6892.42 -1.94583 0.541652 3.40565 19058.1
59946.5-5496.58 23917.7 -6687.79 -1.93792 0.506914 3.41552 19058
59946.5-5612.61 23947.1 -6482.57 -1.92985 0.472132 3.4251 19057.8
59946.5-5728.16 23974.4 -6276.78 -1.92161 0.437308 3.43437 19057.7
59946.5-5843.2 23999.6 -6070.45 -1.9132 0.402445 3.44334 19057.5
59946.5-5957.74 24022.7 -5863.58 -1.90462 0.367546 3.45202 19057.4
59946.5-6071.75 24043.7 -5656.21 -1.89588 0.332614 3.46039 19057.2
59946.5-6185.24 24062.6 -5448.34 -1.88697 0.297653 3.46846 19057.1
59946.5-6298.19 24079.4 -5240 -1.8779 0.262665 3.47623 19056.9
59946.5-6410.58 24094.1 -5031.2 -1.86866 0.227653 3.4837 19056.8
59946.5-6522.42 24106.7 -4821.96 -1.85926 0.192621 3.49086 19056.6
59946.5-6633.69 24117.2 -4612.3 -1.8497 0.157572 3.49772 19056.5
59946.5-6744.38 24125.6 -4402.24 -1.83998 0.122508 3.50428 19056.3
59946.5-6854.49 24131.9 -4191.8 -1.83009 0.0874325 3.51052 19056.2
59946.5-6963.99 24136.1 -3980.99 -1.82005 0.052349 3.51647 19056
59946.5-7072.89 24138.2 -3769.83 -1.80985 0.0172602 3.5221 19055.9
59946.5-7181.17 24138.2 -3558.34 -1.79948 -0.0178306 3.52743 19055.8
59946.5-7288.82 24136.1 -3346.54 -1.78897 -0.0529206 3.53245 19055.6
59946.5-7395.84 24131.8 -3134.45 -1.77829 -0.0880065 3.53716 19055.5
59946.5-7502.22 24125.5 -2922.09 -1.76746 -0.123085 3.54156 19055.3
59946.5-7607.94 24117.1 -2709.47 -1.75648 -0.158154 3.54566 19055.2
59946.5-7712.99 24106.5 -2496.62 -1.74534 -0.19321 3.54944 19055.1
59946.5-7817.37 24093.9 -2283.54 -1.73405 -0.228249 3.55292 19054.9
59946.5-7921.07 24079.1 -2070.27 -1.72261 -0.263269 3.55609 19054.8
59946.5-8024.08 24062.3 -1856.82 -1.71102 -0.298267 3.55894 19054.7
59946.5-8126.39 24043.3 -1643.2 -1.69928 -0.333239 3.56149 19054.5
59946.5-8227.99 24022.3 -1429.45 -1.68739 -0.368182 3.56372 19054.4
59946.5-8328.88 23999.2 -1215.56 -1.67535 -0.403094 3.56565 19054.3
59946.5-8429.03 23973.9 -1001.58 -1.66317 -0.437972 3.56726 19054.1
59946.5-8528.45 23946.6 -787.499 -1.65084 -0.472811 3.56856 19054
59946.5-8627.13 23917.2 -573.355 -1.63836 -0.50761 3.56955 19053.9
59946.5-8725.05 23885.7 -359.16 -1.62575 -0.542366 3.57023 19053.8
59946.5-8822.22 23852.1 -144.934 -1.61299 -0.577074 3.57059 19053.6
59946.5-8918.61 23816.4 69.3053 -1.60009 -0.611733 3.57065 19053.5
59946.5-9014.22 23778.7 283.538 -1.58705 -0.646338 3.57039 19053.4
59946.5-9109.05 23738.9 497.746 -1.57387 -0.680888 3.56982 19053.3
59946.5-9203.09 23697 711.911 -1.56056 -0.715379 3.56894 19053.2
59946.5-9296.32 23653 926.013 -1.54711 -0.749808 3.56775 19053
59946.5-9388.74 23607 1140.03 -1.53352 -0.784172 3.56625 19052.9
59946.5-9480.34 23558.9 1353.96 -1.5198 -0.818468 3.56444 19052.8
59946.5-9571.11 23508.8 1567.76 -1.50595 -0.852693 3.56231 19052.7
59946.5-9661.05 23456.6 1781.43 -1.49196 -0.886844 3.55988 19052.6
59946.5-9750.14 23402.4 1994.94 -1.47785 -0.920918 3.55713 19052.5
59946.5-9838.39 23346.1 2208.28 -1.4636 -0.954912 3.55407 19052.4
59946.5-9925.77 23287.8 2421.42 -1.44923 -0.988823 3.55071 19052.3
59946.5-10012.3 23227.4 2634.36 -1.43473 -1.02265 3.54703 19052.2
59946.5-10097.9 23165.1 2847.06 -1.42011 -1.05638 3.54304 19052.1
59946.5-10182.7 23100.7 3059.51 -1.40536 -1.09003 3.53875 19052
59946.5-10266.6 23034.3 3271.7 -1.39049 -1.12358 3.53414 19051.9
