59945.32413.42 5918.62 2613.13 -6.35417 3.55894 -2.17929 527.164
59945.5-1220.83 6731.71 956.824 -6.73102 -0.724513 -3.45444 529.963
59946.5-429.304 6826.35 963.679 -6.77064 0.0662715 -3.45408 529.25
59946.85357.89 -3767.31 2186.5 3.31766 6.28791 2.69381 526.955
59947.5317.167 6834.68 944.673 -6.72077 0.793797 -3.46199 528.804
59948.25016.57 3711.02 2957.12 -3.80375 6.39235 -1.56646 527.096
59949.41799.41 6602.36 937.996 -6.38627 2.23349 -3.46518 529.025
59949.84238.66 -4885.94 2425.42 4.79419 5.36956 2.43552 529.921
59950.42587.03 6332.52 962.659 -6.06662 3.00292 -3.45613 529.844
59951.14871.97 4425.06 2102.39 -4.06279 5.79022 -2.77477 531.086
59951.95236.67 -3177.5 3198.41 3.55352 6.66491 0.80706 531.932
59952.43980.77 5564.67 973.95 -5.20764 4.32539 -3.4479 532.768
