59945.32413.42 5918.62 2613.13 -6.35417 3.55894 -2.17929 527.164
59945.5-1220.87 6731.7 956.803 -6.73102 -0.724561 -3.45445 529.96
59946.5-430.184 6826.34 963.227 -6.77059 0.0651939 -3.45424 529.235
59946.85358.55 -3766.03 2187.04 3.31635 6.28884 2.69328 526.946
59947.5314.387 6834.98 943.235 -6.72094 0.790368 -3.46248 528.78
59948.25013.95 3715.38 2956.03 -3.80791 6.38927 -1.56893 527.072
59949.41790.46 6605.44 933.134 -6.38934 2.22229 -3.46678 528.983
59949.84246.59 -4877 2429.46 4.78567 5.37937 2.43062 529.896
59950.42574.1 6338.84 955.287 -6.0733 2.9866 -3.45863 529.792
59951.14861 4440.58 2094.9 -4.07864 5.77581 -2.78164 531.037
59951.95248.84 -3154.52 3201.16 3.53172 6.67809 0.793693 531.904
59952.43959.8 5581.92 960.074 -5.22694 4.29834 -3.45263 532.697
