59945.32413.42 5918.62 2613.13 -6.35417 3.55894 -2.17929 527.164
59945.5-997.118 6734.84 1174.76 -6.79871 -0.410114 -3.36759 530.728
59946.5650.517 6598.91 1933.09 -6.84927 1.53637 -2.91388 528.788
59946.84661.44 -5001.95 1011.55 4.59016 4.98502 3.42981 533.581
59947.52204.75 6030.83 2540.41 -6.44531 3.32311 -2.281 527.33
59948.26125.06 689.788 3112.57 -1.41288 7.38321 1.13419 526.95
59949.44760.78 3820.5 3225.83 -4.47013 6.11644 -0.645939 526.008
59949.8967.132 -6745.39 -1191.75 6.79287 0.389385 3.35969 539.66
59950.45671.77 2199.54 3265.51 -2.91058 7.01637 0.324449 526.241
59951.16200.69 -1603.37 2585.78 0.931252 7.20952 2.21793 528.792
59951.9784.059 -6752.92 -1281.57 6.82122 0.170847 3.31965 539.895
59952.46231.71 -1316.05 2671.24 0.632996 7.27955 2.09181 528.511
59952.91849.1 -6623.84 -738.11 6.56899 1.45215 3.5131 538.458
59953.46085.32 -2249.19 2371.74 1.60676 6.9977 2.49051 529.481
59954-6059.36 -1062.81 -3172.6 1.77257 -7.31319 -0.944169 543.625
599544327.73 -5334.8 769.461 4.96894 4.54946 3.50486 534.278
599544650.77 -5013.51 1003.59 4.60321 4.97099 3.43264 533.604
59955.34187.02 -5459.27 671.279 5.11236 4.36764 3.52913 534.559
59955.9-5263.39 4232.31 -1489.8 -3.74132 -5.76867 -3.21438 538.162
59956.9-5261.63 4235.02 -1488.29 -3.7443 -5.76627 -3.21522 538.157
59956.9-1216.85 -6457.44 -2170.48 6.74447 -2.17377 2.707 542.141
59957.31189.19 -6728.26 -1080.85 6.7503 0.655394 3.40456 539.369
59957.9-2058.2 -6120.05 -2491.9 6.49418 -3.13498 2.35068 542.905
59958.3-1.0277 -6719.23 -1650.54 6.87525 -0.758644 3.11735 540.846
59958.6-4332.7 5332.68 -772.367 -4.97619 -4.53776 -3.50547 536.072
59959.6-3332.49 6054.91 -114.396 -5.83193 -3.26642 -3.60446 534.215
