59945.3-4391.71 -831.47 5110.67 -0.586392 -7.44522 -1.7162 411.368
59945.5-4253.88 -3553.25 3921.54 1.5073 -6.3125 -4.07887 411.528
59945.7-3918.04 -4665.37 2998.58 2.46883 -5.28057 -4.97889 412.169
59946-2652.34 3991.35 4811.34 -4.15136 -5.89557 2.59184 412.65
59946.2-4370.25 -60.3902 5193.57 -1.51106 -7.39027 -1.35836 409.785
59946.4-3837.64 1724.35 5327.11 -2.86848 -7.10319 0.228102 410.014
59946.6-4245.41 -4366.63 3001.21 2.07707 -5.44956 -4.97688 411.434
59946.93605.54 5587.05 -1425.91 -3.3981 3.6665 5.79875 422.469
59947-2092.36 4448.41 4683.79 -4.75839 -5.27569 2.87254 411.868
59947.2-1068.35 5351.97 4042.41 -5.21597 -4.01625 3.9221 413.478
59947.5-4798.79 -2274.37 4226.79 -0.0455269 -6.73312 -3.66763 409.121
59947.5-4103.95 1103.46 5291.25 -2.83361 -7.08608 -0.722504 408.422
59947.94451.25 4625.63 -2248.03 -2.29353 4.8526 5.45679 423.606
59948.3-4848.31 -1136.44 4610.51 -1.24852 -6.937 -3.01841 408.207
59948.4-4293.74 772.401 5197.82 -2.86099 -6.98804 -1.32602 407.886
59948.6-4651.73 -164.46 4938.05 -2.15492 -7.00199 -2.26149 407.877
59948.6-4088.93 1273.39 5264.01 -3.32892 -6.8426 -0.932866 407.926
59948.94286.11 5188.9 -977.371 -3.14867 3.70578 5.91343 422.648
59949.2-2386.41 3717.2 5153.84 -5.1731 -5.4465 1.52352 409.693
59949.2-4370.67 782.177 5131.8 -3.11651 -6.81575 -1.61606 407.869
59949.4-4022.22 1498.65 5256.25 -3.74203 -6.61891 -0.978859 408.049
59949.5-5234.21 -2881.76 3220.97 0.331578 -5.97564 -4.79429 409.8
59949.9-4561.59 -4977.94 730.626 3.07911 -3.70763 -5.9627 413.167
59950.1-3115.92 -5841.21 -1527.41 4.91995 -1.12532 -5.76643 416.099
59950.2-4734.62 282.079 4853.99 -2.93417 -6.63659 -2.4749 408.427
59950.4-5350.29 -1557.24 3875.54 -1.14275 -6.36113 -4.12594 409.378
59950.6-5177.04 -4129.44 1501.82 2.00828 -4.62906 -5.77311 412.261
59950.6-5488.6 -2578.05 3051.8 0.0101544 -5.87279 -4.93014 410.421
59950.94891.33 4692.56 -545.369 -2.95269 3.76374 5.97855 422.054
59951.3-3279.87 2660.94 5313.95 -5.16319 -5.65235 -0.360707 409.808
59951.4-2099.49 -5624.25 -3184.65 5.93012 0.509802 -4.82106 417.604
59951.5-5686.17 -2631.64 2615.72 0.174769 -5.59704 -5.23712 411.568
59951.9508.495 5160.11 4387.4 -6.48205 -2.26289 3.39974 414.113
59952.1-3379.16 -5427.14 -2301.25 5.31782 -1.01843 -5.42102 416.589
59952.2-4876.59 692.349 4671.93 -3.62463 -6.11041 -2.87598 410.629
59952.4-4619.47 -4883.58 -982.422 4.08187 -2.67946 -5.90731 415.539
59952.6-5873.34 -1818.55 2882.37 -0.711706 -5.72275 -5.05056 412.401
59952.9-631.799 4523.71 5025.8 -6.70928 -3.13122 1.96746 413.171
59953.14053.93 5048.56 2066.04 -5.00314 1.74486 5.53187 418.25
59953.2-4600.09 1376.27 4800.97 -4.40747 -5.71095 -2.58443 411.878
59953.4-5448.53 122.106 4051.27 -3.02735 -5.86812 -3.88994 412.602
59953.6-5920.5 -919.587 3198.2 -1.7057 -5.7286 -4.79704 413.513
59953.7-3365.07 2741.87 5222.07 -5.76596 -4.9152 -1.13563 412.416
59953.9793.535 4881.88 4655.91 -6.89607 -1.65021 2.89833 414.505
59954.2-3471.97 2705.77 5171.46 -5.81214 -4.79169 -1.39477 413.013
59954.2-2577.05 3370.15 5303.04 -6.38973 -4.20252 -0.435551 413.133
59954.4-5166.43 960.131 4303.07 -3.96575 -5.52797 -3.52381 413.795
59954.5-6195.82 -1196.79 2516 -1.10045 -5.43712 -5.28655 415.297
59954.6-5850.17 -117.174 3450.32 -2.58431 -5.58525 -4.56475 414.721
59954.91790.22 4869 4385.72 -6.84845 -0.539933 3.38915 414.989
59955.2-1711.77 3868.05 5314.24 -6.93274 -3.25314 0.134441 413.998
59955.445.5361 4492.61 5094.27 -7.22813 -1.86909 1.71095 414.303
59955.5-5547.89 839.797 3830.57 -3.67424 -5.28209 -4.15705 415.801
59955.86299.08 536.95 -2491.94 1.64585 5.28285 5.29824 417.188
59955.91057.47 4623.28 4862.85 -7.21211 -0.896725 2.41913 414.527
59956-1746.79 3855.62 5312.6 -7.06008 -2.96316 -0.169149 414.568
59956.2-2405.68 3564.19 5258.75 -6.83989 -3.33397 -0.866441 414.886
59956.4-5351.99 1387.93 3949.84 -4.24914 -4.95196 -4.01042 416.815
59956.5-5341.11 1442.43 3945.33 -4.29667 -4.90605 -4.01583 416.986
59956.91205.04 4506.83 4937.2 -7.31627 -0.472329 2.2176 414.476
59957.1-3645.06 2992.63 4891.19 -6.24299 -3.76464 -2.34294 416.427
59957.3-6638.73 -1307.45 659.048 0.355599 -4.81124 -5.94837 420.14
59957.5-1280.47 4036.98 5311.72 -7.36591 -2.08536 -0.186273 415.334
59957.86628.82 383.278 -1430.79 0.961141 4.94431 5.77797 414.162
59957.91053.69 4379.52 5084.31 -7.4543 -0.227627 1.74442 414.555
59958-113.26 4272.25 5280.43 -7.558 -1.03127 0.677032 415.083
59958.2-6611.64 -1546.9 -357.64 1.39455 -4.57504 -5.97995 421.462
59958.5-1978.65 3878.84 5216.08 -7.25865 -2.14809 -1.14878 416.565
59958.76106.64 -1263.6 -2688.77 3.23745 4.63658 5.17498 412.826
59958.92038.8 4222.36 4914.38 -7.2615 0.854958 2.28299 414.227
