59945.3-4391.71 -831.47 5110.67 -0.586392 -7.44522 -1.7162 411.368
59945.5-4253.88 -3553.25 3921.54 1.5073 -6.3125 -4.07887 411.527
59945.7-3918.04 -4665.37 2998.58 2.46883 -5.28057 -4.97889 412.168
59946-2652.34 3991.36 4811.34 -4.15136 -5.89557 2.59184 412.65
59946.2-4370.25 -60.3876 5193.57 -1.51106 -7.39027 -1.35836 409.784
59946.4-3837.64 1724.35 5327.11 -2.86848 -7.10319 0.228105 410.013
59946.6-4245.41 -4366.63 3001.21 2.07707 -5.44956 -4.97688 411.432
59946.93605.54 5587.05 -1425.91 -3.39809 3.66651 5.79875 422.471
59947-2092.36 4448.41 4683.79 -4.75839 -5.27569 2.87254 411.868
59947.2-1068.34 5351.97 4042.41 -5.21597 -4.01625 3.9221 413.478
59947.5-4798.79 -2274.36 4226.79 -0.0455303 -6.73313 -3.66762 409.118
59947.5-4103.95 1103.46 5291.25 -2.83361 -7.08608 -0.722499 408.42
59947.94451.25 4625.63 -2248.03 -2.29353 4.8526 5.45678 423.609
59948.3-4848.31 -1136.44 4610.51 -1.24853 -6.937 -3.01841 408.204
59948.4-4293.73 772.409 5197.82 -2.861 -6.98804 -1.32602 407.883
59948.6-4651.73 -164.452 4938.05 -2.15493 -7.00199 -2.26149 407.874
59948.6-4088.92 1273.4 5264.01 -3.32893 -6.8426 -0.93286 407.923
59948.94286.12 5188.89 -977.379 -3.14867 3.70578 5.91343 422.651
59949.2-2386.4 3717.21 5153.84 -5.17311 -5.4465 1.52353 409.691
59949.2-4370.66 782.185 5131.8 -3.11652 -6.81575 -1.61606 407.866
59949.4-4022.21 1498.66 5256.25 -3.74204 -6.61892 -0.978852 408.046
59949.5-5234.2 -2881.75 3220.97 0.331574 -5.97564 -4.79429 409.795
59949.9-4561.59 -4977.93 730.627 3.07911 -3.70763 -5.9627 413.163
59950.1-3115.92 -5841.2 -1527.41 4.91996 -1.12532 -5.76643 416.097
59950.2-4734.61 282.089 4853.99 -2.93418 -6.63659 -2.4749 408.423
59950.4-5350.28 -1557.23 3875.54 -1.14275 -6.36113 -4.12594 409.373
59950.6-5177.04 -4129.43 1501.82 2.00828 -4.62907 -5.77311 412.256
59950.6-5488.59 -2578.04 3051.8 0.0101485 -5.8728 -4.93014 410.416
59950.94891.34 4692.55 -545.379 -2.95268 3.76374 5.97854 422.059
59951.3-3279.86 2660.95 5313.94 -5.1632 -5.65234 -0.360698 409.804
59951.4-2099.48 -5624.25 -3184.65 5.93012 0.509801 -4.82106 417.602
59951.5-5686.17 -2631.63 2615.72 0.174763 -5.59705 -5.23712 411.562
59951.9508.512 5160.12 4387.4 -6.48205 -2.26288 3.39974 414.114
59952.1-3379.16 -5427.13 -2301.25 5.31783 -1.01843 -5.42102 416.585
59952.2-4876.58 692.36 4671.93 -3.62465 -6.11041 -2.87597 410.623
59952.4-4619.46 -4883.58 -982.423 4.08187 -2.67946 -5.90732 415.534
