-4.39171e+06 -831470 5.11067e+06 -586.392 -7445.22 -1716.2 411368
-4.41683e+06 -1.27594e+06 4.99606e+06 -250.565 -7364.88 -2102.63 411341
-4.42175e+06 -1.71458e+06 4.85854e+06 86.4725 -7250.84 -2479.49 411350
-4.40646e+06 -2.14538e+06 4.69874e+06 423.185 -7103.61 -2845.05 411395
-4.37101e+06 -2.56636e+06 4.51739e+06 758.035 -6923.86 -3197.65 411473
-4.31556e+06 -2.97561e+06 4.31532e+06 1089.49 -6712.39 -3535.66 411584
-4.24037e+06 -3.37123e+06 4.09344e+06 1416.04 -6470.15 -3857.51 411723
-4.14577e+06 -3.75143e+06 3.85277e+06 1736.18 -6198.24 -4161.73 411890
-4.03219e+06 -4.11445e+06 3.59441e+06 2048.43 -5897.89 -4446.91 412081
-3.90014e+06 -4.45864e+06 3.31955e+06 2351.37 -5570.47 -4711.73 412294
-3.75024e+06 -4.7824e+06 3.02944e+06 2643.6 -5217.47 -4954.95 412526
-3.58315e+06 -5.08425e+06 2.72541e+06 2923.77 -4840.51 -5175.45 412774
-3.39965e+06 -5.36282e+06 2.40886e+06 3190.58 -4441.31 -5372.2 413035
-3.20057e+06 -5.6168e+06 2.08124e+06 3442.81 -4021.72 -5544.29 413307
-2.98683e+06 -5.84505e+06 1.74405e+06 3679.28 -3583.66 -5690.91 413587
-2.7594e+06 -6.04651e+06 1.39885e+06 3898.9 -3129.14 -5811.39 413872
-2.51932e+06 -6.22026e+06 1.04722e+06 4100.66 -2660.27 -5905.16 414161
-2.26769e+06 -6.3655e+06 690775 4283.62 -2179.22 -5971.79 414450
-2.00568e+06 -6.48157e+06 331154 4446.94 -1688.2 -6010.97 414738
-1.73447e+06 -6.56793e+06 -29988.4 4589.88 -1189.49 -6022.52 415024
-1.45531e+06 -6.6242e+06 -390994 4711.76 -685.394 -6006.39 415305
-1.16949e+06 -6.65012e+06 -750203 4812.04 -178.241 -5962.67 415581
-878309 -6.64558e+06 -1.10597e+06 4890.25 329.624 -5891.57 415851
-583107 -6.6106e+06 -1.45665e+06 4946.06 835.859 -5793.43 416114
-285235 -6.54535e+06 -1.80065e+06 4979.21 1338.13 -5668.72 416370
13942.5 -6.45015e+06 -2.13638e+06 4989.56 1834.12 -5518.03 416619
313056 -6.32543e+06 -2.4623e+06 4977.09 2321.56 -5342.07 416861
610738 -6.17178e+06 -2.77694e+06 4941.85 2798.22 -5141.67 417097
905627 -5.9899e+06 -3.07884e+06 4884.04 3261.9 -4917.77 417326
1.19638e+06 -5.78065e+06 -3.36662e+06 4803.93 3710.5 -4671.42 417550
1.48166e+06 -5.54498e+06 -3.63898e+06 4701.91 4141.98 -4403.76 417769
1.76018e+06 -5.28399e+06 -3.89467e+06 4578.46 4554.38 -4116.04 417985
2.03066e+06 -4.99888e+06 -4.13253e+06 4434.16 4945.83 -3809.59 418197
2.29187e+06 -4.69095e+06 -4.35148e+06 4269.67 5314.56 -3485.83 418408
2.54263e+06 -4.36162e+06 -4.55051e+06 4085.78 5658.92 -3146.24 418616
2.78179e+06 -4.0124e+06 -4.72874e+06 3883.32 5977.35 -2792.38 418824
3.00828e+06 -3.64488e+06 -4.88535e+06 3663.23 6268.43 -2425.87 419032
3.22105e+06 -3.26076e+06 -5.01962e+06 3426.51 6530.85 -2048.39 419240
3.41915e+06 -2.86178e+06 -5.13097e+06 3174.25 6763.45 -1661.66 419449
3.60167e+06 -2.44976e+06 -5.21887e+06 2907.6 6965.19 -1267.44 419658
3.7678e+06 -2.02659e+06 -5.28295e+06 2627.76 7135.18 -867.511 419868
3.91676e+06 -1.59419e+06 -5.3229e+06 2336.01 7272.65 -463.693 420078
4.0479e+06 -1.15453e+06 -5.33855e+06 2033.66 7377 -57.8123 420288
4.16062e+06 -709622 -5.32983e+06 1722.09 7447.76 348.293 420496
4.2544e+06 -261481 -5.29679e+06 1402.69 7484.62 752.786 420703
4.32881e+06 187850 -5.23956e+06 1076.91 7487.41 1153.84 420905
4.38353e+06 636327 -5.15843e+06 746.23 7456.13 1549.63 421102
4.41829e+06 1.08191e+06 -5.05375e+06 412.127 7390.91 1938.38 421292
4.43295e+06 1.52256e+06 -4.926e+06 76.1145 7292.03 2318.32 421473
4.42742e+06 1.95629e+06 -4.77576e+06 -260.288 7159.94 2687.72 421644
4.40173e+06 2.3811e+06 -4.60372e+06 -595.56 6995.23 3044.9 421801
4.35601e+06 2.79508e+06 -4.41065e+06 -928.182 6798.62 3388.25 421943
4.29044e+06 3.19632e+06 -4.19744e+06 -1256.65 6571.01 3716.19 422067
4.20532e+06 3.583e+06 -3.96505e+06 -1579.46 6313.4 4027.22 422171
4.10104e+06 3.95335e+06 -3.71454e+06 -1895.15 6026.96 4319.92 422254
3.97807e+06 4.30568e+06 -3.44705e+06 -2202.29 5712.97 4592.95 422313
3.83697e+06 4.63838e+06 -3.1638e+06 -2499.47 5372.86 4845.06 422346
3.67836e+06 4.94993e+06 -2.86608e+06 -2785.33 5008.15 5075.07 422351
3.50298e+06 5.2389e+06 -2.55526e+06 -3058.56 4620.49 5281.93 422327
3.31162e+06 5.50397e+06 -2.23274e+06 -3317.91 4211.65 5464.67 422272
3.10513e+06 5.74391e+06 -1.89999e+06 -3562.19 3783.47 5622.45 422185
2.88448e+06 5.95764e+06 -1.55856e+06 -3790.26 3337.91 5754.53 422064
2.65065e+06 6.14416e+06 -1.20998e+06 -4001.08 2877 5860.29 421909
2.40471e+06 6.30261e+06 -855858 -4193.68 2402.85 5939.22 421720
2.14779e+06 6.43228e+06 -497816 -4367.14 1917.63 5990.95 421496
1.88105e+06 6.53255e+06 -137493 -4520.69 1423.56 6015.23 421237
1.60572e+06 6.60297e+06 223460 -4653.59 922.92 6011.94 420945
1.32305e+06 6.64322e+06 583389 -4765.23 418.003 5981.1 420622
1.03433e+06 6.65309e+06 940644 -4855.1 -88.8667 5922.83 420268
740879 6.63256e+06 1.29359e+06 -4922.78 -595.358 5837.4 419886
444044 6.5817e+06 1.6406e+06 -4967.96 -1099.14 5725.21 419478
145178 6.50076e+06 1.98009e+06 -4990.43 -1597.91 5586.77 419049
-154351 6.3901e+06 2.3105e+06 -4990.08 -2089.36 5422.72 418600
-453175 6.25023e+06 2.63031e+06 -4966.92 -2571.24 5233.82 418135
-749927 6.08179e+06 2.93807e+06 -4921.05 -3041.35 5020.93 417659
-1.04325e+06 5.88555e+06 3.23237e+06 -4852.7 -3497.52 4785.05 417174
-1.33181e+06 5.66241e+06 3.51184e+06 -4762.17 -3937.67 4527.25 416685
-1.61428e+06 5.41339e+06 3.77522e+06 -4649.88 -4359.8 4248.72 416196
-1.88937e+06 5.13963e+06 4.0213e+06 -4516.36 -4761.96 3950.75 415711
-2.15583e+06 4.84239e+06 4.24895e+06 -4362.21 -5142.33 3634.7 415235
-2.41244e+06 4.52302e+06 4.45713e+06 -4188.14 -5499.18 3302.02 414770
-2.65802e+06 4.18299e+06 4.64489e+06 -3994.95 -5830.88 2954.24 414322
-2.89146e+06 3.82385e+06 4.81137e+06 -3783.53 -6135.92 2592.95 413894
-3.1117e+06 3.44724e+06 4.95581e+06 -3554.84 -6412.91 2219.8 413489
-3.31772e+06 3.05489e+06 5.07754e+06 -3309.91 -6660.61 1836.49 413111
-3.50859e+06 2.64858e+06 5.17602e+06 -3049.87 -6877.88 1444.77 412762
-3.68343e+06 2.23017e+06 5.25078e+06 -2775.89 -7063.74 1046.43 412445
-3.84144e+06 1.80157e+06 5.30149e+06 -2489.22 -7217.33 643.279 412162
-3.9819e+06 1.36475e+06 5.32792e+06 -2191.17 -7337.96 237.161 411915
-4.10418e+06 921688 5.32993e+06 -1883.08 -7425.08 -170.077 411705
-4.2077e+06 474417 5.30752e+06 -1566.35 -7478.27 -576.575 411533
-4.292e+06 24978.5 5.26079e+06 -1242.43 -7497.3 -980.481 411400
-4.35668e+06 -424574 5.18995e+06 -912.788 -7482.07 -1379.95 411306
-4.40145e+06 -872185 5.09532e+06 -578.918 -7432.63 -1773.16 411251
-4.42609e+06 -1.31581e+06 4.97734e+06 -242.341 -7349.2 -2158.31 411233
-4.4305e+06 -1.75342e+06 4.83652e+06 95.4093 -7232.15 -2533.64 411252
-4.41465e+06 -2.183e+06 4.67353e+06 432.793 -7082 -2897.43 411308
-4.37861e+06 -2.60261e+06 4.4891e+06 768.271 -6899.41 -3248 411397
-4.32253e+06 -3.0103e+06 4.28407e+06 1100.31 -6685.22 -3583.75 411517
-4.24667e+06 -3.40422e+06 4.05937e+06 1427.38 -6440.38 -3903.13 411668
-4.15137e+06 -3.78256e+06 3.81605e+06 1748 -6166.01 -4204.66 411845
-4.03707e+06 -4.14358e+06 3.5552e+06 2060.67 -5863.34 -4486.95 412047
-3.90428e+06 -4.48562e+06 3.27802e+06 2363.98 -5533.75 -4748.69 412270
-3.75361e+06 -4.80712e+06 2.98579e+06 2656.51 -5178.76 -4988.66 412512
-3.58574e+06 -5.1066e+06 2.67984e+06 2936.91 -4799.99 -5205.75 412770
-3.40145e+06 -5.38268e+06 2.36158e+06 3203.9 -4399.17 -5398.95 413041
-3.20157e+06 -5.63409e+06 2.03246e+06 3456.24 -3978.14 -5567.36 413323
-2.98701e+06 -5.85969e+06 1.69401e+06 3692.76 -3538.85 -5710.2 413612
-2.75877e+06 -6.05843e+06 1.34776e+06 3912.37 -3083.31 -5826.81 413906
-2.51789e+06 -6.2294e+06 995327 4114.05 -2613.64 -5916.63 414203
-2.26546e+06 -6.37182e+06 638313 4296.87 -2132 -5979.26 414501
-2.00266e+06 -6.48505e+06 278365 4459.99 -1640.61 -6014.4 414797
-1.73067e+06 -6.56855e+06 -82862 4602.66 -1141.76 -6021.9 415091
-1.45076e+06 -6.62195e+06 -443709 4724.22 -637.74 -6001.73 415380
-1.1642e+06 -6.64502e+06 -802518 4824.12 -130.89 -5953.99 415663
-872309 -6.63765e+06 -1.15764e+06 4901.9 376.451 -5878.91 415939
-576422 -6.59988e+06 -1.50745e+06 4957.22 881.943 -5776.85 416209
-277897 -6.5319e+06 -1.85033e+06 4989.83 1383.26 -5648.3 416471
21900.3 -6.43402e+06 -2.18473e+06 4999.6 1878.08 -5493.87 416726
321597 -6.30671e+06 -2.50909e+06 4986.49 2364.15 -5314.28 416974
619824 -6.15054e+06 -2.82195e+06 4950.59 2839.24 -5110.39 417215
915216 -5.96626e+06 -3.12187e+06 4892.07 3301.17 -4883.15 417449
1.20643e+06 -5.75471e+06 -3.40749e+06 4811.22 3747.84 -4633.61 417678
1.49212e+06 -5.51687e+06 -3.67748e+06 4708.43 4177.22 -4362.95 417902
1.77101e+06 -5.25383e+06 -3.93064e+06 4584.18 4587.36 -4072.42 418122
2.04181e+06 -4.96681e+06 -4.1658e+06 4439.06 4976.39 -3763.36 418338
2.30329e+06 -4.65712e+06 -4.3819e+06 4273.73 5342.58 -3437.19 418551
2.55427e+06 -4.32619e+06 -4.57796e+06 4088.98 5684.26 -3095.43 418763
2.7936e+06 -3.97553e+06 -4.75307e+06 3885.65 5999.91 -2739.63 418974
3.02019e+06 -3.60675e+06 -4.90646e+06 3664.68 6288.11 -2371.43 419184
3.23303e+06 -3.22153e+06 -5.03743e+06 3427.08 6547.57 -1992.51 419393
3.43113e+06 -2.82163e+06 -5.14538e+06 3173.93 6777.14 -1604.58 419603
3.61361e+06 -2.40889e+06 -5.22984e+06 2906.39 6975.78 -1209.43 419813
3.77963e+06 -1.98518e+06 -5.29041e+06 2625.67 7142.63 -808.831 420023
3.92845e+06 -1.55243e+06 -5.32682e+06 2333.05 7276.93 -404.61 420232
4.05939e+06 -1.11261e+06 -5.33892e+06 2029.84 7378.09 1.40513 420440
4.17185e+06 -667726 -5.32666e+06 1717.43 7445.67 407.378 420646
4.26532e+06 -219805 -5.29008e+06 1397.21 7479.36 811.472 420850
4.33939e+06 229116 -5.22935e+06 1070.63 7479 1211.86 421048
4.3937e+06 676995 -5.14476e+06 739.176 7444.61 1606.73 421241
4.42802e+06 1.12179e+06 -5.03669e+06 404.33 7376.33 1994.29 421426
4.44218e+06 1.56148e+06 -4.90563e+06 67.6077 7274.47 2372.79 421601
4.43613e+06 1.99407e+06 -4.75217e+06 -269.469 7139.47 2740.51 421765
4.40987e+06 2.41757e+06 -4.57702e+06 -605.375 6971.94 3095.78 421915
4.36354e+06 2.83006e+06 -4.38096e+06 -938.589 6772.62 3436.97 422048
4.29732e+06 3.22967e+06 -4.16489e+06 -1267.6 6542.41 3762.54 422163
4.21154e+06 3.61455e+06 -3.9298e+06 -1590.91 6282.34 4070.99 422258
4.10656e+06 3.98297e+06 -3.67675e+06 -1907.05 5993.57 4360.91 422331
3.98286e+06 4.33323e+06 -3.40689e+06 -2214.58 5677.41 4630.97 422379
3.84101e+06 4.66374e+06 -3.12145e+06 -2512.1 5335.28 4879.93 422400
3.68164e+06 4.97298e+06 -2.82174e+06 -2798.24 4968.72 5106.64 422394
3.50547e+06 5.25953e+06 -2.50912e+06 -3071.7 4579.39 5310.05 422358
3.31331e+06 5.52209e+06 -2.18502e+06 -3331.22 4169.06 5489.22 422290
3.10603e+06 5.75944e+06 -1.85092e+06 -3575.6 3739.59 5643.31 422189
2.88457e+06 5.97049e+06 -1.50834e+06 -3803.72 3292.94 5771.6 422056
2.64993e+06 6.15429e+06 -1.15885e+06 -4014.53 2831.15 5873.48 421887
2.40319e+06 6.30997e+06 -804059 -4207.04 2356.31 5948.48 421684
2.14547e+06 6.43683e+06 -445580 -4380.37 1870.62 5996.24 421447
1.87795e+06 6.53427e+06 -85059.7 -4533.71 1376.3 6016.52 421175
1.60184e+06 6.60186e+06 275851 -4666.34 875.621 6009.23 420870
1.31841e+06 6.63927e+06 635497 -4777.67 370.882 5974.39 420534
1.02896e+06 6.64633e+06 992230 -4867.16 -135.594 5912.15 420168
734796 6.62301e+06 1.34441e+06 -4934.4 -641.477 5822.81 419774
437278 6.56941e+06 1.69043e+06 -4979.09 -1144.44 5706.76 419356
137760 6.48578e+06 2.0287e+06 -5001.02 -1642.18 5564.56 418916
-162387 6.3725e+06 2.35767e+06 -5000.08 -2132.4 5396.84 418458
-461792 6.23009e+06 2.67583e+06 -4976.29 -2612.86 5204.39 417985
-759086 6.05919e+06 2.98172e+06 -4929.74 -3081.35 4988.09 417501
-1.05291e+06 5.86061e+06 3.27394e+06 -4860.67 -3535.72 4748.94 417010
-1.34192e+06 5.63523e+06 3.55116e+06 -4769.38 -3973.91 4488.04 416515
-1.6248e+06 5.3841e+06 3.81209e+06 -4656.31 -4393.89 4206.59 416022
-1.90025e+06 5.10837e+06 4.05556e+06 -4521.96 -4793.76 3905.89 415533
-2.16702e+06 4.80929e+06 4.28044e+06 -4366.96 -5171.69 3587.32 415054
-2.42389e+06 4.48824e+06 4.48571e+06 -4192.03 -5525.97 3252.33 414588
-2.66968e+06 4.14668e+06 4.67042e+06 -3997.95 -5854.97 2902.47 414140
-2.90328e+06 3.78618e+06 4.83374e+06 -3785.62 -6157.21 2539.33 413713
-3.12361e+06 3.40838e+06 4.97491e+06 -3556.01 -6431.3 2164.58 413310
-3.32968e+06 3.01501e+06 5.09329e+06 -3310.16 -6676.01 1779.91 412934
-3.52053e+06 2.60786e+06 5.18834e+06 -3049.2 -6890.22 1387.1 412589
-3.6953e+06 2.18881e+06 5.25962e+06 -2774.3 -7072.96 987.927 412277
-3.85319e+06 1.75976e+06 5.3068e+06 -2486.71 -7223.4 584.213 412000
-3.99348e+06 1.32266e+06 5.32967e+06 -2187.75 -7340.84 177.798 411759
-4.11552e+06 879526 5.32812e+06 -1878.77 -7424.75 -229.464 411556
-4.21876e+06 432371 5.30215e+06 -1561.17 -7474.74 -635.716 411392
-4.30272e+06 -16760 5.25189e+06 -1236.39 -7490.57 -1039.11 411268
-4.36701e+06 -465814 5.17755e+06 -905.92 -7472.18 -1437.79 411182
-4.41134e+06 -912738 5.07949e+06 -571.254 -7419.62 -1829.95 411136
-4.43551e+06 -1.35549e+06 4.95813e+06 -233.915 -7333.12 -2213.79 411128
-4.43939e+06 -1.79204e+06 4.81403e+06 104.558 -7213.08 -2587.55 411158
-4.42297e+06 -2.2204e+06 4.64786e+06 442.624 -7060.01 -2949.52 411223
-4.38632e+06 -2.6386e+06 4.46036e+06 778.737 -6874.62 -3298.04 411322
-4.32959e+06 -3.04472e+06 4.25239e+06 1111.36 -6657.72 -3631.51 411454
-4.25305e+06 -3.43691e+06 4.02491e+06 1438.97 -6410.31 -3948.38 411615
-4.15704e+06 -3.81337e+06 3.77895e+06 1760.07 -6133.49 -4247.19 411802
-4.042e+06 -4.17237e+06 3.51564e+06 2073.17 -5828.52 -4526.55 412015
-3.90845e+06 -4.51226e+06 3.23618e+06 2376.84 -5496.81 -4785.19 412248
-3.757e+06 -4.83148e+06 2.94185e+06 2669.67 -5139.85 -5021.88 412500
-3.58834e+06 -5.12857e+06 2.63401e+06 2950.32 -4759.29 -5235.54 412768
-3.40323e+06 -5.40216e+06 2.31407e+06 3217.48 -4356.87 -5425.18 413049
-3.20253e+06 -5.65099e+06 1.98349e+06 3469.93 -3934.44 -5589.89 413340
-2.98716e+06 -5.87393e+06 1.64379e+06 3706.5 -3493.95 -5728.94 413638
-2.75809e+06 -6.06994e+06 1.29654e+06 3926.09 -3037.42 -5841.65 413941
-2.51639e+06 -6.23814e+06 943333 4127.69 -2566.97 -5927.52 414247
-2.26315e+06 -6.37775e+06 585786 4310.36 -2084.78 -5986.14 414553
-1.99954e+06 -6.48812e+06 225547 4473.27 -1593.06 -6017.24 414857
-1.72677e+06 -6.56877e+06 -135730 4615.67 -1094.09 -6020.69 415158
-1.44608e+06 -6.61931e+06 -496383 4736.9 -590.181 -5996.48 415454
-1.15877e+06 -6.63954e+06 -854756 4836.4 -83.6639 -5944.72 415744
-866157 -6.62935e+06 -1.2092e+06 4913.74 423.124 -5865.67 416028
-569575 -6.5888e+06 -1.5581e+06 4968.56 927.844 -5759.7 416304
-270385 -6.5181e+06 -1.89984e+06 5000.62 1428.17 -5627.33 416572
30041.4 -6.41756e+06 -2.23286e+06 5009.79 1921.81 -5469.17 416833
330331 -6.28766e+06 -2.55564e+06 4996.04 2406.48 -5285.98 417086
629110 -6.129e+06 -2.8667e+06 4959.46 2879.98 -5078.61 417332
925012 -5.94233e+06 -3.16461e+06 4900.22 3340.13 -4848.05 417572
1.21669e+06 -5.7285e+06 -3.44802e+06 4818.61 3784.85 -4595.36 417805
1.50281e+06 -5.48849e+06 -3.71563e+06 4715.03 4212.1 -4321.72 418033
1.78206e+06 -5.22343e+06 -3.96623e+06 4589.96 4619.96 -4028.4 418257
2.05318e+06 -4.93452e+06 -4.19867e+06 4444 5006.57 -3716.75 418477
2.31494e+06 -4.6231e+06 -4.4119e+06 4277.82 5370.2 -3388.22 418694
2.56613e+06 -4.29059e+06 -4.60495e+06 4092.19 5709.2 -3044.32 418908
2.80563e+06 -3.93852e+06 -4.77695e+06 3887.97 6022.06 -2686.62 419121
3.03234e+06 -3.5685e+06 -4.9271e+06 3666.11 6307.37 -2316.76 419333
3.24523e+06 -3.18221e+06 -5.05475e+06 3427.6 6563.86 -1936.43 419544
3.44334e+06 -2.78143e+06 -5.1593e+06 3173.55 6790.38 -1547.35 419755
3.62577e+06 -2.36799e+06 -5.24029e+06 2905.11 6985.93 -1151.3 419965
3.79169e+06 -1.94376e+06 -5.29735e+06 2623.49 7149.64 -750.071 420175
3.94035e+06 -1.51068e+06 -5.33023e+06 2329.98 7280.77 -345.487 420383
4.07107e+06 -1.07073e+06 -5.33878e+06 2025.9 7378.75 60.6251 420590
4.18327e+06 -625903 -5.32296e+06 1712.63 7443.15 466.426 420794
4.27643e+06 -178229 -5.28285e+06 1391.57 7473.67 870.083 420994
4.35013e+06 270257 -5.21863e+06 1064.18 7470.18 1269.77 421190
4.40404e+06 717512 -5.1306e+06 731.94 7432.69 1663.67 421378
4.4379e+06 1.1615e+06 -5.01914e+06 396.338 7361.36 2050.02 421558
4.45156e+06 1.60021e+06 -4.88478e+06 58.8932 7256.53 2427.04 421727
4.44496e+06 2.03162e+06 -4.72812e+06 -278.868 7118.63 2793.05 421884
4.41812e+06 2.45379e+06 -4.54987e+06 -615.418 6948.3 3146.36 422026
4.37117e+06 2.86479e+06 -4.35084e+06 -949.233 6746.29 3485.37 422151
4.3043e+06 3.26273e+06 -4.13194e+06 -1278.8 6513.51 3808.53 422258
4.21783e+06 3.64581e+06 -3.89416e+06 -1602.61 6250.99 4114.36 422343
4.11213e+06 4.01228e+06 -3.63859e+06 -1919.21 5959.92 4401.47 422405
3.98769e+06 4.36046e+06 -3.36639e+06 -2227.14 5641.6 4668.54 422443
3.84508e+06 4.68876e+06 -3.07879e+06 -2525 5297.48 4914.33 422453
3.68492e+06 4.99567e+06 -2.77712e+06 -2811.43 4929.1 5137.72 422434
3.50796e+06 5.2798e+06 -2.46274e+06 -3085.11 4538.13 5337.66 422386
3.31499e+06 5.53983e+06 -2.13708e+06 -3344.79 4126.34 5513.23 422305
3.10689e+06 5.77458e+06 -1.80165e+06 -3589.28 3695.61 5663.62 422192
2.8846e+06 5.98296e+06 -1.45797e+06 -3817.44 3247.9 5788.1 422045
2.64914e+06 6.16403e+06 -1.10761e+06 -4028.22 2785.24 5886.11 421863
2.40158e+06 6.31694e+06 -752174 -4220.65 2309.76 5957.17 421647
2.14305e+06 6.44099e+06 -393293 -4393.83 1823.63 6000.95 421396
1.87472e+06 6.5356e+06 -32609.8 -4546.96 1329.08 6017.23 421111
1.59783e+06 6.60035e+06 328223 -4679.32 828.395 6005.93 420794
1.31363e+06 6.63493e+06 687551 -4790.32 323.865 5967.1 420445
1.02343e+06 6.63919e+06 1.04373e+06 -4879.42 -182.188 5900.9 420067
728549 6.61309e+06 1.39512e+06 -4946.22 -687.434 5807.64 419662
430337 6.55676e+06 1.74011e+06 -4990.4 -1189.55 5687.76 419234
130157 6.47045e+06 2.07713e+06 -5011.77 -1686.24 5541.79 418784
-170618 6.35456e+06 2.40462e+06 -5010.23 -2175.2 5370.43 418316
-470613 6.20963e+06 2.72109e+06 -4985.79 -2654.21 5174.44 417835
-768456 6.0363e+06 3.02508e+06 -4938.55 -3121.06 4954.75 417344
-1.06279e+06 5.83538e+06 3.3152e+06 -4868.74 -3573.62 4712.36 416846
-1.35226e+06 5.60779e+06 3.59013e+06 -4776.68 -4009.8 4448.38 416346
-1.63555e+06 5.35457e+06 3.8486e+06 -4662.8 -4427.63 4164.04 415848
-1.91137e+06 5.07688e+06 4.08943e+06 -4527.61 -4825.19 3860.64 415356
-2.17845e+06 4.77599e+06 4.31152e+06 -4371.75 -5200.67 3539.57 414875
-2.43558e+06 4.45328e+06 4.51386e+06 -4195.93 -5552.35 3202.31 414408
-2.68158e+06 4.11022e+06 4.69551e+06 -4000.94 -5878.65 2850.4 413960
-2.91533e+06 3.74838e+06 4.85565e+06 -3787.7 -6178.07 2485.45 413533
-3.13576e+06 3.36942e+06 4.99354e+06 -3557.15 -6449.25 2109.13 413133
-3.34186e+06 2.97506e+06 5.10855e+06 -3310.36 -6690.97 1723.16 412760
-3.5327e+06 2.56711e+06 5.20016e+06 -3048.45 -6902.12 1329.29 412419
-3.7074e+06 2.14743e+06 5.26794e+06 -2772.61 -7081.74 929.32 412112
-3.86516e+06 1.71795e+06 5.31159e+06 -2484.09 -7229.01 525.08 411840
-4.00526e+06 1.28061e+06 5.3309e+06 -2184.21 -7343.27 118.409 411606
-4.12706e+06 837427 5.32579e+06 -1874.31 -7423.98 -288.838 411410
-4.23001e+06 390415 5.29627e+06 -1555.82 -7470.77 -694.805 411254
-4.31362e+06 -58381.7 5.24247e+06 -1230.18 -7483.42 -1097.64 411138
-4.37752e+06 -506911 5.16465e+06 -898.871 -7461.86 -1495.5 411061
-4.4214e+06 -953123 5.06315e+06 -563.396 -7406.19 -1886.57 411025
-4.44507e+06 -1.39498e+06 4.93843e+06 -225.284 -7316.65 -2269.06 411026
-4.44841e+06 -1.83045e+06 4.79107e+06 113.923 -7193.62 -2641.22 411066
-4.43141e+06 -2.25755e+06 4.62173e+06 452.68 -7037.67 -3001.34 411141
-4.39413e+06 -2.67433e+06 4.43118e+06 789.438 -6849.48 -3347.77 411251
-4.33675e+06 -3.07886e+06 4.2203e+06 1122.66 -6629.9 -3678.91 411393
-4.25951e+06 -3.46931e+06 3.99005e+06 1450.81 -6379.92 -3993.24 411564
-4.16278e+06 -3.84387e+06 3.74148e+06 1772.39 -6100.69 -4289.3 411762
-4.04699e+06 -4.20083e+06 3.47573e+06 2085.92 -5793.45 -4565.72 411985
-3.91266e+06 -4.53855e+06 3.19401e+06 2389.95 -5459.63 -4821.22 412228
-3.76041e+06 -4.85548e+06 2.89762e+06 2683.09 -5100.73 -5054.62 412491
-3.59093e+06 -5.15017e+06 2.58792e+06 2963.98 -4718.41 -5264.83 412768
-3.405e+06 -5.42126e+06 2.26633e+06 3231.32 -4314.42 -5450.87 413058
-3.20347e+06 -5.6675e+06 1.93432e+06 3483.89 -3890.62 -5611.88 413359
-2.98726e+06 -5.88778e+06 1.59342e+06 3720.5 -3448.96 -5747.11 413666
-2.75735e+06 -6.08106e+06 1.24519e+06 3940.06 -2991.48 -5855.92 413978
-2.51481e+06 -6.24648e+06 891245 4141.57 -2520.29 -5937.82 414292
-2.26074e+06 -6.38327e+06 533200 4324.1 -2037.56 -5992.43 414606
-1.99632e+06 -6.4908e+06 172704 4486.79 -1545.54 -6019.5 414918
-1.72274e+06 -6.56859e+06 -188587 4628.9 -1046.49 -6018.89 415226
-1.44127e+06 -6.61628e+06 -549011 4749.79 -542.722 -5990.64 415529
-1.1532e+06 -6.63367e+06 -906913 4848.89 -36.5682 -5934.87 415826
-859850 -6.62067e+06 -1.26065e+06 4925.77 469.637 -5851.85 416116
-562561 -6.57736e+06 -1.6086e+06 4980.08 973.557 -5741.99 416398
-262697 -6.50394e+06 -1.94916e+06 5011.57 1472.87 -5605.8 416673
38368.9 -6.40075e+06 -2.28078e+06 5020.13 1965.29 -5443.94 416939
339259 -6.26829e+06 -2.60194e+06 5005.73 2448.54 -5257.16 417198
638599 -6.10715e+06 -2.91116e+06 4968.44 2920.43 -5046.34 417449
935019 -5.9181e+06 -3.20704e+06 4908.47 3378.78 -4812.47 417693
1.22717e+06 -5.70201e+06 -3.48822e+06 4826.09 3821.52 -4556.65 417931
1.51371e+06 -5.45987e+06 -3.75342e+06 4721.7 4246.64 -4280.06 418164
1.79334e+06 -5.19281e+06 -4.00143e+06 4595.81 4652.2 -3983.98 418391
2.06479e+06 -4.90204e+06 -4.23113e+06 4448.99 5036.37 -3669.79 418614
2.32681e+06 -4.58891e+06 -4.44147e+06 4281.93 5397.42 -3338.93 418835
2.57823e+06 -4.25484e+06 -4.6315e+06 4095.41 5733.73 -2992.92 419052
2.81789e+06 -3.90138e+06 -4.80035e+06 3890.29 6043.78 -2633.35 419267
3.04471e+06 -3.53014e+06 -4.94726e+06 3667.5 6326.2 -2261.86 419481
3.25766e+06 -3.14282e+06 -5.07157e+06 3428.08 6579.71 -1880.16 419694
3.45577e+06 -2.74118e+06 -5.17271e+06 3173.11 6803.19 -1489.96 419905
3.63814e+06 -2.32706e+06 -5.25023e+06 2903.74 6995.64 -1093.06 420116
3.80396e+06 -1.90234e+06 -5.30378e+06 2621.22 7156.2 -691.237 420325
3.95245e+06 -1.46896e+06 -5.33312e+06 2326.8 7284.17 -286.327 420533
4.08296e+06 -1.0289e+06 -5.33812e+06 2021.83 7378.98 119.842 420738
4.19489e+06 -584159 -5.31875e+06 1707.69 7440.2 525.433 420940
4.28773e+06 -136757 -5.27511e+06 1385.78 7467.56 928.613 421137
4.36106e+06 311268 -5.2074e+06 1057.56 7460.93 1327.56 421328
4.41454e+06 757876 -5.11593e+06 724.516 7420.36 1720.46 421512
4.44793e+06 1.20104e+06 -5.0011e+06 388.145 7346 2105.55 421687
4.46108e+06 1.63873e+06 -4.86345e+06 49.9672 7238.2 2481.07 421850
4.45392e+06 2.06896e+06 -4.7036e+06 -288.489 7097.44 2845.32 422000
4.42649e+06 2.48977e+06 -4.52227e+06 -625.693 6924.32 3196.64 422135
4.37889e+06 2.89925e+06 -4.32029e+06 -960.116 6719.64 3533.43 422252
4.31136e+06 3.29552e+06 -4.09858e+06 -1290.24 6484.3 3854.16 422350
4.22418e+06 3.67677e+06 -3.85815e+06 -1614.57 6219.36 4157.35 422425
4.11775e+06 4.04127e+06 -3.60008e+06 -1931.62 5926.01 4441.62 422477
3.99256e+06 4.38735e+06 -3.32556e+06 -2239.95 5605.56 4705.67 422504
3.84916e+06 4.71343e+06 -3.03583e+06 -2538.16 5259.47 4948.27 422503
3.68821e+06 5.01801e+06 -2.73222e+06 -2824.88 4889.3 5168.3 422473
3.51043e+06 5.29969e+06 -2.4161e+06 -3098.79 4496.71 5364.76 422412
3.31664e+06 5.5572e+06 -2.08893e+06 -3358.63 4083.5 5536.72 422319
3.1077e+06 5.78934e+06 -1.7522e+06 -3603.22 3651.53 5683.38 422193
2.88458e+06 5.99505e+06 -1.40745e+06 -3831.42 3202.78 5804.05 422032
2.64828e+06 6.17338e+06 -1.05625e+06 -4042.17 2739.3 5898.17 421838
2.39989e+06 6.32351e+06 -700208 -4234.51 2263.19 5965.29 421608
2.14053e+06 6.44475e+06 -340959 -4407.53 1776.65 6005.08 421344
1.87139e+06 6.53654e+06 19851.5 -4560.44 1281.92 6017.36 421047
1.59369e+06 6.59846e+06 380572 -4692.53 781.249 6002.05 420717
1.30871e+06 6.63022e+06 739547 -4803.17 276.956 5959.22 420356
1.01775e+06 6.63167e+06 1.09513e+06 -4891.87 -228.644 5889.07 419966
722135 6.6028e+06 1.44569e+06 -4958.21 -733.225 5791.91 419550
423218 6.54375e+06 1.78963e+06 -5001.89 -1234.47 5668.2 419111
122366 6.45478e+06 2.12536e+06 -5022.69 -1730.07 5518.49 418651
-179046 6.3363e+06 2.45134e+06 -5020.53 -2217.76 5343.49 418175
-479639 6.18885e+06 2.76609e+06 -4995.42 -2695.29 5143.99 417686
-778039 6.01311e+06 3.06815e+06 -4947.47 -3160.48 4920.93 417187
-1.07288e+06 5.80989e+06 3.35615e+06 -4876.91 -3611.19 4675.31 416683
-1.36282e+06 5.5801e+06 3.62876e+06 -4784.06 -4045.36 4408.29 416178
-1.64653e+06 5.32481e+06 3.88474e+06 -4669.35 -4461.01 4121.08 415676
-1.92272e+06 5.04519e+06 4.12291e+06 -4533.31 -4856.24 3815.01 415181
-2.19012e+06 4.74251e+06 4.34219e+06 -4376.57 -5229.25 3491.48 414698
-2.44751e+06 4.41816e+06 4.54157e+06 -4199.84 -5578.34 3151.97 414230
-2.69371e+06 4.07362e+06 4.72014e+06 -4003.93 -5901.91 2798.05 413782
-2.92761e+06 3.71047e+06 4.87708e+06 -3789.74 -6198.51 2431.32 413357
-3.14813e+06 3.33036e+06 5.01168e+06 -3558.25 -6466.77 2053.47 412958
-3.35428e+06 2.93505e+06 5.12331e+06 -3310.5 -6705.49 1666.22 412589
-3.54509e+06 2.52632e+06 5.21147e+06 -3047.63 -6913.57 1271.33 412252
-3.71971e+06 2.10605e+06 5.27575e+06 -2770.83 -7090.07 870.613 411949
-3.87734e+06 1.67616e+06 5.31586e+06 -2481.36 -7234.18 465.886 411684
-4.01725e+06 1.23861e+06 5.33161e+06 -2180.54 -7345.25 58.999 411456
-4.1388e+06 795398 5.32294e+06 -1869.72 -7422.76 -348.194 411267
-4.24144e+06 348555 5.28986e+06 -1550.32 -7466.36 -753.834 411119
-4.3247e+06 -99882 5.23254e+06 -1223.8 -7475.83 -1156.07 411011
-4.38819e+06 -547862 5.15124e+06 -891.636 -7451.13 -1553.07 410944
-4.43161e+06 -993336 5.04632e+06 -555.34 -7392.36 -1943.01 410916
-4.45478e+06 -1.43427e+06 4.91825e+06 -216.444 -7299.78 -2324.11 410928
-4.45757e+06 -1.86864e+06 4.76763e+06 123.508 -7173.79 -2694.63 410977
-4.43997e+06 -2.29447e+06 4.59514e+06 462.965 -7014.96 -3052.87 411063
-4.40205e+06 -2.70979e+06 4.40157e+06 800.377 -6823.99 -3397.17 411183
-4.34399e+06 -3.11272e+06 4.18779e+06 1134.2 -6601.75 -3725.96 411335
-4.26605e+06 -3.5014e+06 3.9548e+06 1462.9 -6349.24 -4037.71 411516
-4.16858e+06 -3.87405e+06 3.70364e+06 1784.97 -6067.61 -4330.99 411725
-4.05202e+06 -4.22895e+06 3.43547e+06 2098.93 -5758.13 -4604.44 411957
-3.9169e+06 -4.56449e+06 3.15153e+06 2403.34 -5422.22 -4856.78 412211
-3.76383e+06 -4.87912e+06 2.85311e+06 2696.78 -5061.42 -5086.86 412483
-3.59353e+06 -5.1714e+06 2.54157e+06 2977.91 -4677.37 -5293.59 412770
-3.40676e+06 -5.43998e+06 2.21836e+06 3245.43 -4271.84 -5476.03 413070
-3.20437e+06 -5.68363e+06 1.88495e+06 3498.1 -3846.69 -5633.31 413379
-2.98731e+06 -5.90123e+06 1.54288e+06 3734.75 -3403.9 -5764.71 413695
-2.75655e+06 -6.09178e+06 1.19372e+06 3954.29 -2945.49 -5869.62 414015
-2.51315e+06 -6.25442e+06 839066 4155.7 -2473.58 -5947.55 414337
-2.25824e+06 -6.38839e+06 480558 4338.07 -1990.36 -5998.14 414659
-1.99298e+06 -6.49308e+06 119841 4500.53 -1498.06 -6021.16 414979
-1.71859e+06 -6.56802e+06 -241427 4642.35 -998.964 -6016.5 415294
-1.43633e+06 -6.61286e+06 -601586 4762.89 -495.37 -5984.21 415604
-1.14748e+06 -6.62742e+06 -958982 4861.58 10.3916 -5924.43 415908
-853384 -6.61162e+06 -1.31197e+06 4937.99 515.984 -5837.46 416204
-555377 -6.56555e+06 -1.65894e+06 4991.77 1019.08 -5723.71 416493
-254828 -6.48943e+06 -1.99829e+06 5022.69 1517.35 -5583.73 416773
46886.2 -6.38361e+06 -2.32848e+06 5030.63 2008.52 -5418.17 417045
348386 -6.24859e+06 -2.64798e+06 5015.55 2490.33 -5227.82 417309
648294 -6.085e+06 -2.95534e+06 4977.55 2960.58 -5013.57 417565
945238 -5.8936e+06 -3.24915e+06 4916.82 3417.11 -4776.43 417814
1.23786e+06 -5.67526e+06 -3.52807e+06 4833.65 3857.86 -4517.5 418056
1.52484e+06 -5.43101e+06 -3.79084e+06 4728.45 4280.81 -4237.98 418293
1.80485e+06 -5.16196e+06 -4.03625e+06 4601.7 4684.06 -3939.18 418524
2.07662e+06 -4.86935e+06 -4.26318e+06 4454.01 5065.77 -3622.46 418751
2.33892e+06 -4.55453e+06 -4.47061e+06 4286.06 5424.24 -3289.3 418974
2.59056e+06 -4.21894e+06 -4.6576e+06 4098.63 5757.84 -2941.22 419194
2.83039e+06 -3.86412e+06 -4.82329e+06 3892.58 6065.08 -2579.82 419411
3.05731e+06 -3.49169e+06 -4.96694e+06 3668.87 6344.59 -2206.75 419627
3.27032e+06 -3.10335e+06 -5.0879e+06 3428.5 6595.12 -1823.7 419841
3.46842e+06 -2.70088e+06 -5.18562e+06 3172.59 6815.55 -1432.43 420053
3.65074e+06 -2.28611e+06 -5.25966e+06 2902.29 7004.9 -1034.7 420264
3.81644e+06 -1.86093e+06 -5.30969e+06 2618.84 7162.33 -632.334 420473
3.96476e+06 -1.42728e+06 -5.33549e+06 2323.5 7287.13 -227.138 420680
4.09505e+06 -987135 -5.33693e+06 2017.63 7378.76 179.05 420883
4.20669e+06 -542499 -5.31402e+06 1702.59 7436.81 584.392 421083
4.2992e+06 -95394.3 -5.26686e+06 1379.82 7461.02 987.057 421277
4.37215e+06 352144 -5.19566e+06 1050.76 7451.28 1385.22 421465
4.4252e+06 798081 -5.10076e+06 716.9 7407.62 1777.09 421644
4.45811e+06 1.24038e+06 -4.98257e+06 379.748 7330.26 2160.88 421814
4.47073e+06 1.67704e+06 -4.84165e+06 40.826 7219.51 2534.85 421971
4.463e+06 2.10607e+06 -4.67862e+06 -298.336 7075.88 2897.32 422114
4.43496e+06 2.5255e+06 -4.49423e+06 -636.202 6900 3246.61 422242
4.38671e+06 2.93344e+06 -4.28932e+06 -971.242 6692.67 3581.16 422351
4.31849e+06 3.32801e+06 -4.06482e+06 -1301.93 6454.79 3899.42 422439
4.2306e+06 3.70743e+06 -3.82175e+06 -1626.78 6187.45 4199.94 422505
4.12343e+06 4.06994e+06 -3.56121e+06 -1944.29 5891.84 4481.34 422547
3.99746e+06 4.41391e+06 -3.28439e+06 -2253.03 5569.29 4742.34 422563
3.85327e+06 4.73775e+06 -2.99256e+06 -2551.59 5221.26 4981.73 422551
3.6915e+06 5.03998e+06 -2.68704e+06 -2838.59 4849.32 5198.39 422509
3.51289e+06 5.31922e+06 -2.36923e+06 -3112.73 4455.15 5391.34 422436
3.31826e+06 5.57419e+06 -2.04057e+06 -3372.73 4040.53 5559.67 422330
3.10847e+06 5.80371e+06 -1.70258e+06 -3617.42 3607.36 5702.59 422191
2.88449e+06 6.00674e+06 -1.35678e+06 -3845.65 3157.6 5819.44 422018
2.64734e+06 6.18234e+06 -1.00478e+06 -4056.37 2693.32 5909.66 421810
2.3981e+06 6.32969e+06 -648165 -4248.61 2216.62 5972.82 421568
2.1379e+06 6.44813e+06 -288584 -4421.47 1729.71 6008.63 421291
1.86793e+06 6.53709e+06 72319.2 -4574.15 1234.8 6016.89 420981
1.58942e+06 6.59619e+06 432891 -4705.95 734.188 5997.58 420638
1.30364e+06 6.62513e+06 791479 -4816.24 230.163 5950.77 420265
1.01191e+06 6.62379e+06 1.14644e+06 -4904.53 -274.956 5876.66 419864
715549 6.59216e+06 1.49614e+06 -4970.39 -778.844 5775.61 419437
415917 6.53039e+06 1.83898e+06 -5013.54 -1279.19 5648.08 418988
114383 6.43877e+06 2.17339e+06 -5033.76 -1773.68 5494.65 418519
-187674 6.31772e+06 2.49783e+06 -5030.97 -2260.06 5316.02 418034
-488873 6.16777e+06 2.81083e+06 -5005.17 -2736.09 5113.03 417537
-787837 5.98963e+06 3.11093e+06 -4956.5 -3199.6 4886.62 417031
-1.0832e+06 5.78411e+06 3.39677e+06 -4885.17 -3648.44 4637.81 416521
-1.37361e+06 5.55216e+06 3.66704e+06 -4791.51 -4080.58 4367.76 416011
-1.65774e+06 5.29482e+06 3.9205e+06 -4675.96 -4494.04 4077.71 415505
-1.9343e+06 5.01328e+06 4.15599e+06 -4539.05 -4886.92 3769 415008
-2.20201e+06 4.70884e+06 4.37244e+06 -4381.4 -5257.44 3443.04 414523
-2.45967e+06 4.38287e+06 4.56884e+06 -4203.75 -5603.91 3101.32 414054
-2.70608e+06 4.03688e+06 4.74431e+06 -4006.9 -5924.76 2745.42 413606
-2.94013e+06 3.67244e+06 4.89804e+06 -3791.75 -6218.51 2376.95 413182
-3.16074e+06 3.29123e+06 5.02933e+06 -3559.29 -6483.85 1997.6 412786
-3.36692e+06 2.89497e+06 5.13757e+06 -3310.57 -6719.56 1609.11 412420
-3.55771e+06 2.48549e+06 5.22228e+06 -3046.73 -6924.57 1213.25 412087
-3.73225e+06 2.06466e+06 5.28305e+06 -2768.95 -7097.95 811.811 411790
-3.88973e+06 1.63439e+06 5.31962e+06 -2478.52 -7238.9 406.638 411530
-4.02944e+06 1.19665e+06 5.33181e+06 -2176.73 -7346.79 -0.425921 411309
-4.15074e+06 753444 5.31957e+06 -1864.98 -7421.11 -407.524 411128
-4.25307e+06 306795 5.28294e+06 -1544.66 -7461.51 -812.799 410987
-4.33596e+06 -141256 5.2221e+06 -1217.24 -7467.82 -1214.4 410888
-4.39903e+06 -588661 5.13732e+06 -884.212 -7439.99 -1610.49 410829
-4.44198e+06 -1.03337e+06 5.02899e+06 -547.083 -7378.13 -1999.27 410811
-4.46462e+06 -1.47336e+06 4.89759e+06 -207.391 -7282.52 -2378.95 410832
-4.46685e+06 -1.90661e+06 4.74373e+06 133.316 -7153.58 -2747.79 410891
-4.44864e+06 -2.33114e+06 4.56811e+06 473.483 -6991.89 -3104.1 410987
-4.41007e+06 -2.745e+06 4.37152e+06 811.555 -6798.17 -3446.25 411117
-4.35132e+06 -3.14629e+06 4.15488e+06 1145.99 -6573.29 -3772.64 411279
-4.27266e+06 -3.53319e+06 3.91915e+06 1475.24 -6318.27 -4081.79 411471
-4.17443e+06 -3.90391e+06 3.66543e+06 1797.81 -6034.26 -4372.26 411689
-4.05708e+06 -4.25675e+06 3.39488e+06 2112.2 -5722.57 -4642.71 411932
-3.92116e+06 -4.59009e+06 3.10873e+06 2416.98 -5384.6 -4891.87 412195
-3.76727e+06 -4.9024e+06 2.80831e+06 2710.73 -5021.91 -5118.6 412477
-3.59612e+06 -5.19226e+06 2.49497e+06 2992.1 -4636.16 -5321.84 412774
-3.40849e+06 -5.45832e+06 2.17017e+06 3259.79 -4229.12 -5500.65 413082
-3.20524e+06 -5.69936e+06 1.8354e+06 3512.57 -3802.66 -5654.19 413400
-2.9873e+06 -5.91429e+06 1.49219e+06 3749.26 -3358.76 -5781.75 413725
-2.75567e+06 -6.1021e+06 1.14212e+06 3968.76 -2899.45 -5882.74 414054
-2.51141e+06 -6.26195e+06 786803 4170.08 -2426.86 -5956.68 414384
-2.25565e+06 -6.39311e+06 427868 4352.27 -1943.18 -6003.25 414713
-1.98954e+06 -6.49496e+06 66965.1 4514.5 -1450.64 -6022.22 415040
-1.71432e+06 -6.56705e+06 -294246 4656.03 -951.521 -6013.52 415363
-1.43124e+06 -6.60906e+06 -654105 4776.2 -448.129 -5977.19 415680
-1.14161e+06 -6.62079e+06 -1.01096e+06 4874.47 57.2098 -5913.41 415990
-846755 -6.6022e+06 -1.36317e+06 4950.4 562.161 -5822.5 416292
-548019 -6.55338e+06 -1.70912e+06 5003.64 1064.4 -5704.87 416586
-246776 -6.47457e+06 -2.04723e+06 5033.97 1561.61 -5561.1 416872
55596.4 -6.36614e+06 -2.37595e+06 5041.27 2051.5 -5391.87 417150
357715 -6.22858e+06 -2.69376e+06 5025.5 2531.84 -5197.97 417419
658197 -6.06255e+06 -2.99923e+06 4986.77 3000.43 -4980.31 417680
955672 -5.86881e+06 -3.29095e+06 4925.27 3455.12 -4739.92 417933
1.24878e+06 -5.64826e+06 -3.56759e+06 4841.3 3893.85 -4477.9 418180
1.53619e+06 -5.40191e+06 -3.82789e+06 4735.26 4314.63 -4195.49 418420
1.81658e+06 -5.1309e+06 -4.07066e+06 4607.65 4715.54 -3893.99 418655
2.08868e+06 -4.83647e+06 -4.29481e+06 4459.06 5094.78 -3574.79 418885
2.35126e+06 -4.51999e+06 -4.49931e+06 4290.2 5450.65 -3239.36 419111
2.60312e+06 -4.1829e+06 -4.68324e+06 4101.84 5781.53 -2889.24 419334
2.84311e+06 -3.82674e+06 -4.84576e+06 3894.85 6085.96 -2526.04 419554
3.07015e+06 -3.45314e+06 -4.98614e+06 3670.19 6362.55 -2151.42 419771
3.2832e+06 -3.06381e+06 -5.10374e+06 3428.87 6610.09 -1767.07 419986
3.4813e+06 -2.66053e+06 -5.19803e+06 3172 6827.47 -1374.76 420199
3.66355e+06 -2.24514e+06 -5.26858e+06 2900.75 7013.72 -976.253 420410
3.82913e+06 -1.81952e+06 -5.31509e+06 2616.35 7168.01 -573.367 420619
3.97728e+06 -1.38563e+06 -5.33734e+06 2320.08 7289.65 -167.924 420825
4.10733e+06 -945429 -5.33523e+06 2013.28 7378.11 238.243 421026
4.21869e+06 -500927 -5.30877e+06 1697.34 7433 643.298 421224
4.31085e+06 -54145.9 -5.25809e+06 1373.69 7454.06 1045.41 421415
4.38341e+06 392882 -5.18342e+06 1043.77 7441.21 1442.76 421599
4.43601e+06 838122 -5.08509e+06 709.088 7394.49 1833.55 421774
4.46843e+06 1.27955e+06 -4.96356e+06 371.144 7314.12 2216.01 421938
4.48051e+06 1.71515e+06 -4.81937e+06 31.4659 7200.44 2588.4 422089
4.4722e+06 2.14295e+06 -4.65318e+06 -308.411 7053.97 2949.04 422226
4.44353e+06 2.56098e+06 -4.46575e+06 -646.949 6875.35 3296.28 422346
4.39463e+06 2.96736e+06 -4.25793e+06 -982.614 6665.37 3628.54 422446
4.32571e+06 3.36022e+06 -4.03066e+06 -1313.88 6424.99 3944.31 422526
4.23708e+06 3.73777e+06 -3.78497e+06 -1639.25 6155.27 4242.13 422583
4.12914e+06 4.09829e+06 -3.52199e+06 -1957.23 5857.43 4520.64 422615
4.00239e+06 4.44013e+06 -3.24291e+06 -2266.38 5532.8 4778.56 422619
3.85738e+06 4.76172e+06 -2.949e+06 -2565.28 5182.85 5014.71 422596
3.69479e+06 5.06159e+06 -2.6416e+06 -2852.57 4809.17 5227.99 422542
3.51533e+06 5.33838e+06 -2.32212e+06 -3126.93 4413.43 5417.41 422457
3.31984e+06 5.5908e+06 -1.99201e+06 -3387.1 3997.45 5582.09 422339
3.10919e+06 5.8177e+06 -1.65278e+06 -3631.88 3563.1 5721.26 422188
2.88434e+06 6.01805e+06 -1.30598e+06 -3860.14 3112.37 5834.27 422002
2.64632e+06 6.1909e+06 -953198 -4070.82 2647.31 5920.58 421781
2.39621e+06 6.33548e+06 -596051 -4262.96 2170.05 5979.78 421526
2.13516e+06 6.45111e+06 -236173 -4435.64 1682.79 6011.59 421237
1.86434e+06 6.53726e+06 124788 -4588.09 1187.75 6015.85 420914
1.58501e+06 6.59353e+06 485177 -4719.58 687.218 5992.53 420559
1.29842e+06 6.61966e+06 843342 -4829.51 183.489 5941.73 420174
1.00591e+06 6.61553e+06 1.19764e+06 -4917.38 -321.12 5863.68 419762
708788 6.58115e+06 1.54645e+06 -4982.76 -824.286 5758.75 419324
408430 6.51669e+06 1.88816e+06 -5025.36 -1323.7 5627.41 418865
106205 6.42243e+06 2.22122e+06 -5044.99 -1817.06 5470.26 418386
-196507 6.29881e+06 2.54409e+06 -5041.54 -2302.11 5288.04 417893
-498319 6.14639e+06 2.8553e+06 -5015.05 -2776.62 5081.57 417388
-797854 5.96587e+06 3.15341e+06 -4965.63 -3238.41 4851.82 416876
-1.09374e+06 5.75808e+06 3.43707e+06 -4893.52 -3685.37 4599.84 416360
-1.38463e+06 5.52396e+06 3.70497e+06 -4799.03 -4115.46 4326.8 415845
-1.66919e+06 5.2646e+06 3.95589e+06 -4682.62 -4526.7 4033.94 415336
-1.94612e+06 4.98117e+06 4.18868e+06 -4544.82 -4917.22 3722.61 414836
-2.21415e+06 4.67498e+06 4.40226e+06 -4386.26 -5285.24 3394.25 414349
-2.47207e+06 4.34743e+06 4.59568e+06 -4207.66 -5629.08 3050.36 413880
-2.71869e+06 4.00001e+06 4.76803e+06 -4009.85 -5947.18 2692.5 413433
-2.95288e+06 3.63431e+06 4.91853e+06 -3793.73 -6238.09 2322.33 413010
-3.17359e+06 3.25201e+06 5.0465e+06 -3560.28 -6500.5 1941.53 412616
-3.37979e+06 2.85484e+06 5.15134e+06 -3310.57 -6733.19 1551.84 412254
-3.57055e+06 2.44464e+06 5.23257e+06 -3045.73 -6935.13 1155.03 411925
-3.745e+06 2.02326e+06 5.28983e+06 -2766.97 -7105.38 752.921 411633
-3.90234e+06 1.59264e+06 5.32286e+06 -2475.55 -7243.18 347.341 411379
-4.04184e+06 1.15474e+06 5.33148e+06 -2172.79 -7347.88 -59.8599 411165
-4.16287e+06 711568 5.31568e+06 -1860.08 -7419.01 -466.824 410991
-4.26488e+06 265141 5.27551e+06 -1538.83 -7456.24 -871.693 410858
-4.34739e+06 -182499 5.21115e+06 -1210.5 -7459.38 -1272.62 410767
-4.41003e+06 -629303 5.12291e+06 -876.594 -7428.43 -1667.77 410718
-4.4525e+06 -1.07323e+06 5.01117e+06 -538.62 -7363.49 -2055.34 410709
-4.47461e+06 -1.51225e+06 4.87645e+06 -198.121 -7264.88 -2433.56 410739
-4.47625e+06 -1.94435e+06 4.71937e+06 143.351 -7133 -2800.69 410808
-4.45742e+06 -2.36756e+06 4.54063e+06 484.236 -6968.47 -3155.04 410914
-4.41819e+06 -2.77993e+06 4.34105e+06 822.977 -6772.01 -3494.99 411054
-4.35874e+06 -3.17958e+06 4.12155e+06 1158.02 -6544.51 -3818.97 411226
-4.27933e+06 -3.56467e+06 3.88312e+06 1487.84 -6287 -4125.48 411428
-4.18033e+06 -3.93344e+06 3.62687e+06 1810.9 -6000.65 -4413.11 411657
-4.06219e+06 -4.2842e+06 3.35395e+06 2125.74 -5686.76 -4680.52 411909
-3.92544e+06 -4.61533e+06 3.06563e+06 2430.89 -5346.76 -4926.48 412182
-3.7707e+06 -4.92532e+06 2.76323e+06 2724.95 -4982.22 -5149.84 412473
-3.59869e+06 -5.21274e+06 2.44813e+06 3006.56 -4594.79 -5349.57 412779
-3.41019e+06 -5.47627e+06 2.12177e+06 3274.42 -4186.27 -5524.73 413097
-3.20606e+06 -5.71471e+06 1.78567e+06 3527.3 -3758.53 -5674.51 413423
-2.98724e+06 -5.92695e+06 1.44135e+06 3764.02 -3313.55 -5798.22 413757
-2.75472e+06 -6.11203e+06 1.09041e+06 3983.49 -2853.38 -5895.28 414093
-2.50958e+06 -6.26909e+06 734461 4184.7 -2380.14 -5965.24 414431
-2.25294e+06 -6.39743e+06 375133 4366.72 -1896.03 -6007.77 414768
-1.98598e+06 -6.49644e+06 14080.3 4528.7 -1403.28 -6022.7 415102
-1.70991e+06 -6.56569e+06 -347037 4669.92 -904.166 -6009.95 415432
-1.42602e+06 -6.60486e+06 -706561 4789.72 -401.005 -5969.58 415755
-1.13559e+06 -6.61378e+06 -1.06284e+06 4887.55 103.881 -5901.81 416071
-839959 -6.59241e+06 -1.41424e+06 4962.99 608.162 -5806.96 416380
-540485 -6.54086e+06 -1.75914e+06 5015.68 1109.51 -5685.47 416680
-238537 -6.45937e+06 -2.09597e+06 5045.41 1605.63 -5537.94 416971
64502.6 -6.34833e+06 -2.42319e+06 5052.05 2094.23 -5365.04 417254
367247 -6.20826e+06 -2.73929e+06 5035.58 2573.07 -5167.61 417528
668312 -6.0398e+06 -3.04283e+06 4996.11 3039.98 -4946.57 417793
966324 -5.84374e+06 -3.33242e+06 4933.82 3492.81 -4702.94 418051
1.25992e+06 -5.62099e+06 -3.60675e+06 4849.03 3929.5 -4437.87 418302
1.54776e+06 -5.37257e+06 -3.86456e+06 4742.13 4348.08 -4152.59 418547
1.82854e+06 -5.09962e+06 -4.10469e+06 4613.64 4746.65 -3848.42 418785
2.10098e+06 -4.8034e+06 -4.32603e+06 4464.14 5123.4 -3526.77 419018
2.36384e+06 -4.48528e+06 -4.52758e+06 4294.35 5476.65 -3189.1 419247
2.61591e+06 -4.14671e+06 -4.70843e+06 4105.05 5804.81 -2836.98 419473
2.85607e+06 -3.78924e+06 -4.86776e+06 3897.1 6106.41 -2472.02 419694
3.08321e+06 -3.4145e+06 -5.00485e+06 3671.47 6380.09 -2095.87 419913
3.29631e+06 -3.02421e+06 -5.11907e+06 3429.18 6624.63 -1710.27 420130
3.4944e+06 -2.62015e+06 -5.20992e+06 3171.34 6838.95 -1316.95 420343
3.67658e+06 -2.20416e+06 -5.27699e+06 2899.11 7022.09 -917.705 420555
3.84203e+06 -1.77814e+06 -5.31997e+06 2613.75 7173.25 -514.344 420763
3.99e+06 -1.34402e+06 -5.33866e+06 2316.52 7291.73 -108.691 420967
4.11981e+06 -903791 -5.333e+06 2008.79 7377.03 297.417 421167
4.23087e+06 -459449 -5.303e+06 1691.93 7428.76 702.145 421362
4.32268e+06 -13016.3 -5.24881e+06 1367.38 7446.69 1103.66 421550
4.39483e+06 433476 -5.17066e+06 1036.6 7430.73 1500.16 421730
4.44698e+06 877995 -5.06892e+06 701.076 7380.97 1889.83 421901
4.47889e+06 1.31852e+06 -4.94405e+06 362.328 7297.6 2270.93 422060
4.49043e+06 1.75304e+06 -4.79662e+06 21.8831 7181.01 2641.7 422205
4.48152e+06 2.17959e+06 -4.62729e+06 -318.719 7031.71 3000.49 422335
4.45221e+06 2.59621e+06 -4.43683e+06 -657.937 6850.36 3345.64 422447
4.40262e+06 3.00101e+06 -4.22612e+06 -994.234 6637.77 3675.58 422540
4.33299e+06 3.39213e+06 -3.9961e+06 -1326.08 6394.89 3988.82 422611
4.24361e+06 3.76781e+06 -3.74782e+06 -1651.98 6122.82 4283.91 422658
4.1349e+06 4.12631e+06 -3.48242e+06 -1970.43 5822.77 4559.5 422679
4.00734e+06 4.46601e+06 -3.2011e+06 -2279.99 5496.09 4814.32 422674
3.86151e+06 4.78534e+06 -2.90514e+06 -2579.25 5144.25 5047.21 422639
3.69806e+06 5.08285e+06 -2.59589e+06 -2866.82 4768.85 5257.07 422574
3.51775e+06 5.35716e+06 -2.27477e+06 -3141.41 4371.58 5442.95 422477
3.32138e+06 5.60703e+06 -1.94324e+06 -3401.73 3954.25 5603.96 422347
3.10985e+06 5.83131e+06 -1.60281e+06 -3646.6 3518.75 5739.37 422183
2.88412e+06 6.02896e+06 -1.25504e+06 -3874.89 3067.08 5848.53 421984
2.64522e+06 6.19908e+06 -901520 -4085.53 2601.28 5930.92 421751
2.39423e+06 6.34088e+06 -543871 -4277.55 2123.49 5986.15 421483
2.1323e+06 6.4537e+06 -183730 -4450.06 1635.91 6013.97 421181
1.86063e+06 6.53703e+06 177254 -4602.25 1140.77 6014.21 420845
1.58045e+06 6.59049e+06 537424 -4733.44 640.344 5986.89 420479
1.29305e+06 6.61381e+06 895131 -4842.99 136.941 5932.11 420082
999734 6.60691e+06 1.24873e+06 -4930.41 -367.129 5850.13 419659
701849 6.56979e+06 1.59661e+06 -4995.3 -869.546 5741.32 419211
400755 6.50264e+06 1.93717e+06 -5037.34 -1368 5606.18 418741
97828.2 6.40576e+06 2.26884e+06 -5056.36 -1860.21 5445.34 418254
-205546 6.27959e+06 2.59011e+06 -5052.25 -2343.9 5259.53 417752
-507980 6.1247e+06 2.8995e+06 -5025.05 -2816.86 5049.61 417240
-808092 5.94182e+06 3.1956e+06 -4974.87 -3276.92 4816.55 416721
-1.10451e+06 5.73177e+06 3.47704e+06 -4901.95 -3721.97 4561.43 416200
-1.39588e+06 5.49552e+06 3.74255e+06 -4806.63 -4149.98 4285.41 415681
-1.68087e+06 5.23416e+06 3.9909e+06 -4689.34 -4558.99 3989.76 415168
-1.95817e+06 4.94886e+06 4.22096e+06 -4550.63 -4947.13 3675.86 414665
-2.22652e+06 4.64095e+06 4.43167e+06 -4391.13 -5312.64 3345.12 414177
-2.4847e+06 4.31183e+06 4.62207e+06 -4211.57 -5653.84 2999.09 413708
-2.73153e+06 3.96301e+06 4.79128e+06 -4012.78 -5969.18 2639.32 413261
-2.96587e+06 3.59608e+06 4.93854e+06 -3795.67 -6257.24 2267.48 412840
-3.18666e+06 3.21271e+06 5.06317e+06 -3561.21 -6516.7 1885.26 412449
-3.39289e+06 2.81467e+06 5.1646e+06 -3310.49 -6746.38 1494.4 412090
-3.58362e+06 2.40376e+06 5.24236e+06 -3044.64 -6945.24 1096.7 411766
-3.75797e+06 1.98187e+06 5.2961e+06 -2764.87 -7112.37 693.949 411479
-3.91515e+06 1.55093e+06 5.32557e+06 -2472.45 -7247.01 288.001 411231
-4.05444e+06 1.1129e+06 5.33064e+06 -2168.71 -7348.53 -119.297 411024
-4.1752e+06 669777 5.31127e+06 -1855.03 -7416.48 -526.086 410857
-4.27687e+06 223597 5.26755e+06 -1532.83 -7450.53 -930.51 410733
-4.35899e+06 -223605 5.19969e+06 -1203.58 -7450.52 -1330.72 410650
-4.42119e+06 -669785 5.10799e+06 -868.777 -7416.45 -1724.89 410609
-4.46317e+06 -1.1129e+06 4.99286e+06 -529.946 -7348.46 -2111.22 410609
-4.48473e+06 -1.55093e+06 4.85483e+06 -188.63 -7246.85 -2487.94 410650
-4.48578e+06 -1.98186e+06 4.69454e+06 153.616 -7112.06 -2853.31 410728
-4.46631e+06 -2.40372e+06 4.5127e+06 495.228 -6944.7 -3205.67 410844
-4.4264e+06 -2.81459e+06 4.31015e+06 834.645 -6745.53 -3543.39 410994
-4.36623e+06 -3.21257e+06 4.08781e+06 1170.31 -6515.43 -3864.92 411176
-4.28607e+06 -3.59584e+06 3.84671e+06 1500.69 -6255.45 -4168.77 411388
-4.18628e+06 -3.96265e+06 3.58794e+06 1824.26 -5966.78 -4453.53 411626
-4.06732e+06 -4.31131e+06 3.3127e+06 2139.54 -5650.72 -4717.88 411888
-3.92973e+06 -4.64022e+06 3.02223e+06 2445.06 -5308.72 -4960.61 412171
-3.77414e+06 -4.94786e+06 2.71788e+06 2739.43 -4942.34 -5180.58 412471
-3.60125e+06 -5.23284e+06 2.40104e+06 3021.28 -4553.27 -5376.77 412786
-3.41186e+06 -5.49384e+06 2.07316e+06 3289.31 -4143.3 -5548.27 413112
-3.20684e+06 -5.72966e+06 1.73575e+06 3542.29 -3714.31 -5694.28 413448
-2.98711e+06 -5.93922e+06 1.39037e+06 3779.04 -3268.28 -5814.12 413789
-2.7537e+06 -6.12155e+06 1.03859e+06 3998.46 -2807.28 -5907.24 414134
-2.50766e+06 -6.27583e+06 682044 4199.56 -2333.42 -5973.2 414479
-2.25014e+06 -6.40135e+06 322359 4381.39 -1848.9 -6011.7 414824
-1.9823e+06 -6.49753e+06 -38807.6 4543.13 -1355.97 -6022.58 415165
-1.70538e+06 -6.56394e+06 -399797 4684.03 -856.903 -6005.78 415501
-1.42064e+06 -6.60028e+06 -758949 4803.44 -354.005 -5961.39 415831
-1.1294e+06 -6.60639e+06 -1.11462e+06 4900.83 150.4 -5889.63 416153
-832993 -6.58225e+06 -1.46516e+06 4975.76 653.982 -5790.85 416467
-532769 -6.52798e+06 -1.80899e+06 5027.89 1154.42 -5665.52 416773
-230107 -6.44383e+06 -2.14451e+06 5057 1649.42 -5514.23 417069
73607.9 -6.3302e+06 -2.47019e+06 5062.97 2136.69 -5337.69 417357
376986 -6.18763e+06 -2.78454e+06 5045.79 2614.02 -5136.75 417636
678641 -6.01676e+06 -3.08613e+06 5005.55 3079.22 -4912.34 417906
977195 -5.81841e+06 -3.37357e+06 4942.46 3530.16 -4665.51 418169
1.27129e+06 -5.59347e+06 -3.64557e+06 4856.83 3964.8 -4397.41 418424
1.55957e+06 -5.343e+06 -3.90086e+06 4749.06 4381.16 -4109.29 418672
1.84074e+06 -5.06813e+06 -4.13831e+06 4619.66 4777.37 -3802.48 418914
2.11351e+06 -4.77015e+06 -4.35682e+06 4469.25 5151.63 -3478.4 419150
2.37664e+06 -4.45041e+06 -4.5554e+06 4298.51 5502.25 -3138.53 419382
2.62894e+06 -4.11038e+06 -4.73316e+06 4108.24 5827.67 -2784.44 419609
2.86926e+06 -3.75162e+06 -4.88928e+06 3899.32 6126.43 -2417.75 419833
3.09651e+06 -3.37577e+06 -5.02307e+06 3672.7 6397.18 -2040.13 420054
3.30965e+06 -2.98455e+06 -5.13391e+06 3429.42 6638.73 -1653.3 420271
3.50772e+06 -2.57973e+06 -5.22131e+06 3170.59 6849.99 -1259.01 420485
3.68983e+06 -2.16317e+06 -5.28488e+06 2897.38 7030.03 -859.066 420697
3.85515e+06 -1.73677e+06 -5.32432e+06 2611.03 7178.05 -455.268 420904
4.00292e+06 -1.30246e+06 -5.33947e+06 2312.84 7293.38 -49.446 421107
4.13248e+06 -862226 -5.33025e+06 2004.15 7375.52 356.564 421306
4.24323e+06 -418069 -5.29672e+06 1686.36 7424.1 760.928 421498
4.33469e+06 27989.8 -5.23901e+06 1360.9 7438.9 1161.82 421683
4.40642e+06 473922 -5.1574e+06 1029.23 7419.85 1557.42 421860
4.4581e+06 917697 -5.05226e+06 692.86 7367.05 1945.94 422025
4.4895e+06 1.3573e+06 -4.92407e+06 353.296 7280.71 2325.63 422179
4.50046e+06 1.79072e+06 -4.7734e+06 12.0741 7161.21 2694.76 422318
4.49094e+06 2.21599e+06 -4.60094e+06 -329.263 7009.1 3051.65 422441
4.46098e+06 2.63117e+06 -4.40748e+06 -669.17 6825.04 3394.67 422546
4.4107e+06 3.03437e+06 -4.19389e+06 -1006.11 6609.86 3722.27 422631
4.34034e+06 3.42375e+06 -3.96115e+06 -1338.54 6364.51 4032.95 422693
4.2502e+06 3.79753e+06 -3.7103e+06 -1664.97 6090.11 4325.28 422730
4.14069e+06 4.15401e+06 -3.44251e+06 -1983.9 5787.87 4597.92 422742
4.01231e+06 4.49155e+06 -3.15897e+06 -2293.87 5459.16 4849.62 422726
3.86563e+06 4.80861e+06 -2.86099e+06 -2593.48 5105.46 5079.22 422680
3.70133e+06 5.10373e+06 -2.54993e+06 -2881.34 4728.37 5285.65 422603
3.52013e+06 5.37558e+06 -2.2272e+06 -3156.15 4329.6 5467.96 422494
3.32288e+06 5.62289e+06 -1.89427e+06 -3416.63 3910.95 5625.3 422352
3.11045e+06 5.84453e+06 -1.55267e+06 -3661.59 3474.34 5756.93 422176
2.88382e+06 6.03949e+06 -1.20397e+06 -3889.89 3021.74 5862.22 421965
2.64402e+06 6.20686e+06 -849745 -4100.48 2555.23 5940.69 421719
2.39213e+06 6.34588e+06 -491629 -4292.38 2076.94 5991.95 421438
2.12932e+06 6.4559e+06 -131260 -4464.7 1589.07 6015.76 421123
1.85678e+06 6.53642e+06 229710 -4616.64 1093.86 6011.99 420776
1.57575e+06 6.58706e+06 589627 -4747.5 593.573 5980.67 420397
1.28751e+06 6.6076e+06 946842 -4856.67 90.5233 5921.92 419990
993391 6.59792e+06 1.29971e+06 -4943.64 -412.979 5836.01 419555
694727 6.55808e+06 1.64663e+06 -5008.01 -914.619 5723.33 419097
392887 6.48825e+06 1.98599e+06 -5049.49 -1412.09 5584.41 418618
89250.2 6.38875e+06 2.31624e+06 -5067.88 -1903.11 5419.88 418122
-214795 6.26005e+06 2.63588e+06 -5063.09 -2385.42 5230.5 417612
-517858 6.10272e+06 2.94342e+06 -5035.16 -2856.81 5017.15 417093
-818553 5.91749e+06 3.23748e+06 -4984.2 -3315.12 4780.81 416568
-1.11551e+06 5.70521e+06 3.51668e+06 -4910.46 -3758.24 4522.56 416041
-1.40736e+06 5.46685e+06 3.77977e+06 -4814.28 -4184.16 4243.59 415518
-1.69278e+06 5.2035e+06 4.02553e+06 -4696.09 -4590.92 3945.19 415002
-1.97046e+06 4.91636e+06 4.25283e+06 -4556.46 -4976.66 3628.73 414497
-2.23914e+06 4.60675e+06 4.46064e+06 -4396 -5339.63 3295.66 414008
-2.49758e+06 4.27609e+06 4.64801e+06 -4215.47 -5678.18 2947.51 413538
-2.74461e+06 3.92589e+06 4.81407e+06 -4015.68 -5990.76 2585.88 413092
-2.9791e+06 3.55775e+06 4.95808e+06 -3797.56 -6275.96 2212.4 412673
-3.19997e+06 3.17335e+06 5.07936e+06 -3562.08 -6532.47 1828.8 412285
-3.40622e+06 2.77445e+06 5.17736e+06 -3310.33 -6759.13 1436.81 411930
-3.59691e+06 2.36287e+06 5.25164e+06 -3043.45 -6954.91 1038.24 411610
-3.77116e+06 1.94049e+06 5.30186e+06 -2762.66 -7118.91 634.899 411329
-3.92817e+06 1.50925e+06 5.32777e+06 -2469.22 -7250.39 228.623 411087
-4.06724e+06 1.07111e+06 5.32927e+06 -2164.48 -7348.74 -178.731 410886
-4.18771e+06 628074 5.30634e+06 -1849.81 -7413.5 -585.306 410727
-4.28904e+06 182168 5.25909e+06 -1526.65 -7444.39 -989.245 410610
-4.37077e+06 -264572 5.18772e+06 -1196.46 -7441.24 -1388.7 410536
-4.43251e+06 -710101 5.09257e+06 -860.758 -7404.07 -1781.85 410504
-4.47398e+06 -1.15238e+06 4.97406e+06 -521.06 -7333.03 -2166.9 410513
-4.49499e+06 -1.58939e+06 4.83274e+06 -178.915 -7228.44 -2542.08 410563
-4.49543e+06 -2.01913e+06 4.66924e+06 164.114 -7090.75 -2905.67 410652
-4.47531e+06 -2.43963e+06 4.48432e+06 506.462 -6920.59 -3256 410777
-4.4347e+06 -2.84897e+06 4.27882e+06 846.563 -6718.71 -3591.46 410937
-4.3738e+06 -3.24526e+06 4.05368e+06 1182.86 -6486.04 -3910.5 411129
-4.29286e+06 -3.6267e+06 3.80992e+06 1513.81 -6223.62 -4211.65 411350
-4.19228e+06 -3.99153e+06 3.54867e+06 1837.88 -5932.65 -4493.51 411598
-4.07249e+06 -4.33807e+06 3.27111e+06 2153.6 -5614.45 -4754.78 411870
-3.93404e+06 -4.66475e+06 2.97853e+06 2459.5 -5270.47 -4994.26 412162
-3.77757e+06 -4.97004e+06 2.67226e+06 2754.18 -4902.3 -5210.81 412471
-3.60379e+06 -5.25257e+06 2.35371e+06 3036.27 -4511.61 -5403.44 412795
-3.4135e+06 -5.51102e+06 2.02434e+06 3304.47 -4100.22 -5571.26 413130
-3.20756e+06 -5.74422e+06 1.68567e+06 3557.54 -3670.01 -5713.48 413474
-2.98692e+06 -5.95109e+06 1.33925e+06 3794.31 -3222.96 -5829.45 413823
-2.75259e+06 -6.13068e+06 986671 4013.69 -2761.15 -5918.61 414175
-2.50564e+06 -6.28217e+06 629559 4214.66 -2286.7 -5980.58 414528
-2.24722e+06 -6.40488e+06 269552 4396.31 -1801.82 -6015.04 414880
-1.97849e+06 -6.49823e+06 -91693.5 4557.78 -1308.74 -6021.87 415227
-1.7007e+06 -6.56181e+06 -452518 4698.35 -809.739 -6001.02 415570
-1.41512e+06 -6.59532e+06 -811265 4817.37 -307.133 -5952.61 415906
-1.12306e+06 -6.59864e+06 -1.16629e+06 4914.3 196.761 -5876.88 416234
-825853 -6.57173e+06 -1.51595e+06 4988.71 699.616 -5774.18 416554
-524869 -6.51475e+06 -1.85866e+06 5040.26 1199.12 -5645 416865
-221484 -6.42795e+06 -2.19283e+06 5068.74 1692.96 -5489.97 417167
82915.3 -6.31175e+06 -2.51695e+06 5074.02 2178.89 -5309.82 417460
386935 -6.16669e+06 -2.82953e+06 5056.11 2654.68 -5105.38 417743
689186 -5.99344e+06 -3.12913e+06 5015.09 3118.15 -4877.63 418018
988289 -5.7928e+06 -3.4144e+06 4951.19 3567.19 -4627.62 418285
1.28288e+06 -5.5657e+06 -3.68402e+06 4864.7 3999.75 -4356.52 418543
1.57161e+06 -5.3132e+06 -3.93678e+06 4756.04 4413.88 -4065.59 418795
1.85317e+06 -5.03644e+06 -4.17152e+06 4625.73 4807.71 -3756.17 419040
2.12628e+06 -4.73671e+06 -4.38718e+06 4474.37 5179.45 -3429.69 419280
2.38969e+06 -4.41538e+06 -4.58278e+06 4302.66 5527.44 -3087.66 419514
2.6422e+06 -4.07393e+06 -4.75742e+06 4111.41 5850.11 -2731.64 419744
2.88268e+06 -3.71391e+06 -4.91032e+06 3901.5 6146.02 -2363.25 419970
3.11003e+06 -3.33697e+06 -5.0408e+06 3673.87 6413.85 -1984.19 420192
3.32321e+06 -2.94483e+06 -5.14825e+06 3429.59 6652.39 -1596.17 420410
3.52127e+06 -2.53929e+06 -5.23219e+06 3169.75 6860.59 -1200.95 420625
3.7033e+06 -2.12218e+06 -5.29225e+06 2895.53 7037.53 -800.342 420836
3.86847e+06 -1.69542e+06 -5.32816e+06 2608.19 7182.41 -396.146 421043
4.01604e+06 -1.26095e+06 -5.33976e+06 2309.01 7294.59 9.8069 421245
4.14534e+06 -820738 -5.32699e+06 1999.36 7373.57 415.68 421442
4.25578e+06 -376792 -5.28991e+06 1680.62 7419.01 819.64 421632
4.34686e+06 68867.7 -5.22871e+06 1354.23 7430.69 1219.86 421814
4.41817e+06 514215 -5.14364e+06 1021.67 7408.57 1614.53 421986
4.46937e+06 957222 -5.03511e+06 684.435 7352.73 2001.87 422148
4.50024e+06 1.39587e+06 -4.9036e+06 344.044 7263.43 2380.11 422296
4.51062e+06 1.82817e+06 -4.74971e+06 2.03532 7141.06 2747.55 422429
4.50048e+06 2.25215e+06 -4.57414e+06 -340.045 6986.15 3102.52 422545
4.46985e+06 2.66587e+06 -4.37769e+06 -680.649 6799.4 3443.39 422643
4.41886e+06 3.06746e+06 -4.16125e+06 -1018.23 6581.65 3768.61 422719
4.34775e+06 3.45507e+06 -3.9258e+06 -1351.26 6333.85 4076.7 422772
4.25683e+06 3.82694e+06 -3.67242e+06 -1678.22 6057.13 4366.24 422800
4.14651e+06 4.18137e+06 -3.40225e+06 -1997.63 5752.73 4635.91 422802
4.0173e+06 4.51674e+06 -3.11653e+06 -2308.02 5422.02 4884.46 422775
3.86976e+06 4.83152e+06 -2.81656e+06 -2607.98 5066.48 5110.75 422719
3.70457e+06 5.12426e+06 -2.50371e+06 -2896.14 4687.73 5313.73 422630
3.52249e+06 5.39362e+06 -2.1794e+06 -3171.16 4287.49 5492.45 422510
3.32432e+06 5.63836e+06 -1.84511e+06 -3431.8 3867.55 5646.09 422355
3.11098e+06 5.85737e+06 -1.50238e+06 -3676.84 3429.85 5773.92 422167
2.88344e+06 6.04963e+06 -1.15277e+06 -3905.15 2976.36 5875.35 421943
2.64272e+06 6.21426e+06 -797879 -4115.68 2509.17 5949.88 421685
2.38993e+06 6.3505e+06 -439331 -4307.45 2030.41 5997.16 421392
2.12622e+06 6.45772e+06 -78770 -4479.58 1542.28 6016.96 421065
1.85279e+06 6.53543e+06 282152 -4631.25 1047.02 6009.19 420706
1.57089e+06 6.58326e+06 641781 -4761.78 546.908 5973.86 420315
1.28181e+06 6.601e+06 998468 -4870.55 44.2422 5911.14 419896
986872 6.58857e+06 1.35058e+06 -4957.06 -458.665 5821.31 419451
687420 6.54601e+06 1.69649e+06 -5020.9 -959.5 5704.78 418983
384823 6.47352e+06 2.03463e+06 -5061.79 -1455.96 5562.09 418495
80467.4 6.37142e+06 2.36343e+06 -5079.54 -1945.77 5393.89 417990
-224257 6.2402e+06 2.6814e+06 -5074.06 -2426.67 5200.96 417472
-527955 6.08045e+06 2.98707e+06 -5045.37 -2896.47 4984.2 416946
-829240 5.89289e+06 3.27905e+06 -4993.63 -3353 4744.59 416415
-1.12673e+06 5.67839e+06 3.55599e+06 -4919.05 -3794.17 4483.24 415884
-1.41908e+06 5.43794e+06 3.81662e+06 -4821.99 -4217.98 4201.35 415356
-1.70493e+06 5.17262e+06 4.05976e+06 -4702.89 -4622.47 3900.23 414837
-1.98299e+06 4.88366e+06 4.28429e+06 -4562.31 -5005.8 3581.25 414330
-2.25199e+06 4.57238e+06 4.48919e+06 -4400.88 -5366.23 3245.88 413840
-2.5107e+06 4.24021e+06 4.6735e+06 -4219.35 -5702.11 2895.65 413371
-2.75793e+06 3.88865e+06 4.8364e+06 -4018.55 -6011.92 2532.17 412926
-2.99256e+06 3.51933e+06 4.97713e+06 -3799.39 -6294.25 2157.09 412509
-3.21351e+06 3.13392e+06 5.09505e+06 -3562.88 -6547.8 1772.15 412123
-3.41978e+06 2.73419e+06 5.18962e+06 -3310.09 -6771.44 1379.08 411772
-3.61042e+06 2.32196e+06 5.26041e+06 -3042.16 -6964.13 979.68 411457
-3.78456e+06 1.89913e+06 5.3071e+06 -2760.33 -7125.01 575.779 411181
-3.9414e+06 1.46761e+06 5.32945e+06 -2465.86 -7253.33 169.215 410945
-4.08023e+06 1.02939e+06 5.32739e+06 -2160.09 -7348.5 -238.157 410751
-4.20042e+06 586466 5.3009e+06 -1844.43 -7410.1 -644.477 410599
-4.3014e+06 140859 5.25011e+06 -1520.29 -7437.83 -1047.89 410491
-4.38271e+06 -305393 5.17524e+06 -1189.16 -7431.55 -1446.56 410425
-4.44398e+06 -750247 5.07665e+06 -852.533 -7391.28 -1838.65 410402
-4.48493e+06 -1.19167e+06 4.95477e+06 -511.955 -7317.21 -2222.37 410421
-4.50537e+06 -1.62764e+06 4.81017e+06 -168.973 -7209.65 -2595.98 410480
-4.50519e+06 -2.05617e+06 4.64349e+06 174.849 -7069.08 -2957.74 410578
-4.4844e+06 -2.47528e+06 4.45551e+06 517.941 -6896.13 -3306.01 410713
-4.44309e+06 -2.88307e+06 4.24707e+06 858.732 -6691.58 -3639.17 410882
-4.38143e+06 -3.27766e+06 4.01914e+06 1195.66 -6456.36 -3955.7 411084
-4.29972e+06 -3.65724e+06 3.77275e+06 1527.18 -6191.52 -4254.12 411315
-4.19831e+06 -4.02007e+06 3.50904e+06 1851.77 -5898.27 -4533.06 411572
-4.07767e+06 -4.36449e+06 3.2292e+06 2167.93 -5577.95 -4791.22 411853
-3.93836e+06 -4.68892e+06 2.93453e+06 2474.21 -5232.03 -5027.41 412154
-3.78099e+06 -4.99186e+06 2.62637e+06 2769.2 -4862.08 -5240.53 412473
-3.6063e+06 -5.27192e+06 2.30615e+06 3051.52 -4469.81 -5429.59 412805
-3.41509e+06 -5.52782e+06 1.97532e+06 3319.89 -4057.02 -5593.71 413149
-3.20822e+06 -5.75839e+06 1.63542e+06 3573.05 -3625.62 -5732.13 413501
-2.98665e+06 -5.96256e+06 1.28799e+06 3809.84 -3177.59 -5844.2 413858
-2.75139e+06 -6.13941e+06 934650 4029.16 -2715 -5929.41 414218
-2.50352e+06 -6.28812e+06 577010 4230.01 -2240 -5987.36 414578
-2.24418e+06 -6.408e+06 216717 4411.45 -1754.78 -6017.79 414936
-1.97455e+06 -6.49853e+06 -144572 4572.65 -1261.58 -6020.56 415290
-1.69588e+06 -6.55928e+06 -505197 4712.88 -762.68 -5995.67 415639
-1.40944e+06 -6.58998e+06 -863502 4831.5 -260.395 -5943.25 415982
-1.11654e+06 -6.59051e+06 -1.21784e+06 4927.96 242.958 -5863.54 416316
-818536 -6.56085e+06 -1.56659e+06 5001.83 745.058 -5756.93 416641
-516782 -6.50117e+06 -1.90815e+06 5052.79 1243.59 -5623.94 416957
-212663 -6.41174e+06 -2.24095e+06 5080.62 1736.27 -5465.18 417264
92427.8 -6.29298e+06 -2.56347e+06 5085.21 2220.83 -5281.42 417562
397097 -6.14545e+06 -2.87423e+06 5066.55 2695.05 -5073.51 417850
699950 -5.96983e+06 -3.17183e+06 5024.74 3156.76 -4842.44 418129
999607 -5.76693e+06 -3.45488e+06 4960 3603.87 -4589.28 418399
1.2947e+06 -5.53769e+06 -3.72212e+06 4872.64 4034.35 -4315.2 418662
1.58388e+06 -5.28318e+06 -3.97232e+06 4763.07 4446.23 -4021.49 418917
1.86583e+06 -5.00455e+06 -4.20433e+06 4631.82 4837.66 -3709.49 419166
2.13928e+06 -4.7031e+06 -4.41712e+06 4479.5 5206.88 -3380.66 419408
2.40297e+06 -4.38021e+06 -4.60971e+06 4306.81 5552.22 -3036.49 419645
2.6557e+06 -4.03735e+06 -4.78122e+06 4114.56 5872.13 -2678.56 419877
2.89634e+06 -3.67609e+06 -4.93089e+06 3903.63 6165.19 -2308.52 420105
3.12378e+06 -3.29809e+06 -5.05804e+06 3674.99 6430.07 -1928.05 420328
3.337e+06 -2.90507e+06 -5.16208e+06 3429.68 6665.61 -1538.88 420548
3.53503e+06 -2.49882e+06 -5.24256e+06 3168.81 6870.75 -1142.78 420763
3.71697e+06 -2.0812e+06 -5.29911e+06 2893.58 7044.58 -741.539 420974
3.882e+06 -1.65411e+06 -5.33148e+06 2605.22 7186.33 -336.983 421180
4.02936e+06 -1.2195e+06 -5.33952e+06 2305.04 7295.36 69.0614 421381
4.1584e+06 -779333 -5.3232e+06 1994.41 7371.2 474.759 421576
4.26851e+06 -335623 -5.28259e+06 1674.7 7413.5 878.276 421763
4.35921e+06 109613 -5.21789e+06 1347.38 7422.08 1277.79 421942
4.43007e+06 554350 -5.12938e+06 1013.91 7396.89 1671.49 422110
4.48079e+06 996566 -5.01746e+06 675.799 7338.04 2057.6 422267
4.51111e+06 1.43425e+06 -4.88265e+06 334.57 7245.79 2434.37 422410
4.5209e+06 1.8654e+06 -4.72556e+06 -8.23672 7120.54 2800.09 422537
4.51012e+06 2.28806e+06 -4.54689e+06 -351.07 6962.86 3153.09 422647
4.4788e+06 2.70031e+06 -4.34747e+06 -692.379 6773.44 3491.77 422736
4.4271e+06 3.10026e+06 -4.1282e+06 -1030.62 6553.13 3814.58 422805
4.35522e+06 3.48609e+06 -3.89007e+06 -1364.24 6302.91 4120.05 422849
4.26351e+06 3.85603e+06 -3.63417e+06 -1691.75 6023.91 4406.78 422868
4.15237e+06 4.2084e+06 -3.36166e+06 -2011.63 5717.37 4673.45 422860
4.02229e+06 4.54159e+06 -3.07378e+06 -2322.44 5384.68 4918.82 422822
3.87388e+06 4.85407e+06 -2.77185e+06 -2622.76 5027.33 5141.78 422755
3.7078e+06 5.14441e+06 -2.45723e+06 -2911.2 4646.95 5341.29 422655
3.5248e+06 5.41128e+06 -2.13138e+06 -3186.44 4245.25 5516.41 422523
3.32572e+06 5.65345e+06 -1.79577e+06 -3447.23 3824.06 5666.34 422357
3.11145e+06 5.86982e+06 -1.45194e+06 -3692.34 3385.29 5790.36 422156
2.88297e+06 6.05938e+06 -1.10146e+06 -3920.66 2930.95 5887.9 421920
2.64133e+06 6.22126e+06 -745928 -4131.13 2463.1 5958.49 421649
2.38761e+06 6.35472e+06 -386982 -4322.77 1983.9 6001.79 421344
2.12299e+06 6.45915e+06 -26263.6 -4494.68 1495.55 6017.58 421005
1.84866e+06 6.53405e+06 334576 -4646.08 1000.27 6005.8 420634
1.56588e+06 6.57908e+06 693881 -4776.26 500.356 5966.47 420232
1.27595e+06 6.59404e+06 1.05e+06 -4884.62 -1.89727 5899.79 419802
980175 6.57886e+06 1.40131e+06 -4970.65 -504.181 5806.04 419347
679923 6.53359e+06 1.7462e+06 -5033.96 -1004.18 5685.67 418869
376561 6.45845e+06 2.08307e+06 -5074.25 -1499.61 5539.22 418371
71476.8 6.35377e+06 2.4104e+06 -5091.34 -1988.18 5367.37 417858
-233934 6.22005e+06 2.72666e+06 -5085.14 -2467.65 5170.91 417333
-538275 6.05788e+06 3.03043e+06 -5055.7 -2935.83 4950.75 416800
-840155 5.86802e+06 3.3203e+06 -5003.14 -3390.56 4707.9 416263
-1.13819e+06 5.65132e+06 3.59495e+06 -4927.71 -3829.77 4443.48 415727
-1.43103e+06 5.40879e+06 3.85311e+06 -4829.75 -4251.44 4158.7 415196
-1.71732e+06 5.14154e+06 4.09361e+06 -4709.72 -4653.65 3854.88 414674
-1.99577e+06 4.85078e+06 4.31534e+06 -4568.17 -5034.55 3533.41 414165
-2.26509e+06 4.53785e+06 4.5173e+06 -4405.76 -5392.42 3195.76 413674
-2.52405e+06 4.20419e+06 4.69854e+06 -4223.21 -5725.63 2843.49 413205
-2.77149e+06 3.8513e+06 4.85825e+06 -4021.38 -6032.65 2478.2 412761
-3.00625e+06 3.48082e+06 4.9957e+06 -3801.17 -6312.1 2101.57 412347
-3.22728e+06 3.09443e+06 5.11025e+06 -3563.6 -6562.69 1715.31 411964
-3.43356e+06 2.6939e+06 5.20138e+06 -3309.75 -6783.3 1321.19 411617
-3.62415e+06 2.28105e+06 5.26867e+06 -3040.76 -6972.91 921.012 411307
-3.79817e+06 1.85778e+06 5.31182e+06 -2757.87 -7130.65 516.593 411036
-3.95484e+06 1.42603e+06 5.33061e+06 -2462.35 -7255.82 109.781 410807
-4.09343e+06 987748 5.32498e+06 -2155.55 -7347.83 -297.568 410620
-4.21331e+06 544957 5.29493e+06 -1838.87 -7406.26 -703.594 410475
-4.31392e+06 99674.3 5.24061e+06 -1513.74 -7430.84 -1106.44 410375
-4.39482e+06 -346064 5.16226e+06 -1181.65 -7421.44 -1504.27 410318
-4.45561e+06 -790219 5.06024e+06 -844.098 -7378.09 -1895.27 410303
-4.49603e+06 -1.23076e+06 4.935e+06 -502.63 -7301 -2277.64 410331
-4.51588e+06 -1.66567e+06 4.78713e+06 -158.799 -7190.49 -2649.63 410399
-4.51507e+06 -2.09296e+06 4.61729e+06 185.825 -7047.05 -3009.54 410507
-4.4936e+06 -2.51067e+06 4.42626e+06 529.668 -6871.34 -3355.7 410651
-4.45156e+06 -2.91689e+06 4.21491e+06 871.155 -6664.14 -3686.54 410831
-4.38914e+06 -3.30976e+06 3.98421e+06 1208.72 -6426.38 -4000.51 411042
-4.30662e+06 -3.68747e+06 3.73521e+06 1540.82 -6159.14 -4296.18 411282
-4.20438e+06 -4.04829e+06 3.46906e+06 1865.93 -5863.65 -4572.16 411549
-4.08288e+06 -4.39057e+06 3.18697e+06 2182.54 -5541.24 -4827.19 411839
-3.94267e+06 -4.71273e+06 2.89024e+06 2489.19 -5193.39 -5060.07 412149
-3.7844e+06 -5.0133e+06 2.58023e+06 2784.48 -4821.7 -5269.74 412477
-3.60879e+06 -5.29089e+06 2.25836e+06 3067.04 -4427.87 -5455.2 412817
-3.41664e+06 -5.54423e+06 1.92611e+06 3335.57 -4013.72 -5615.61 413169
-3.20883e+06 -5.77217e+06 1.585e+06 3588.82 -3581.16 -5750.21 413529
-2.98631e+06 -5.97364e+06 1.23661e+06 3825.62 -3132.17 -5858.38 413894
-2.7501e+06 -6.14774e+06 882535 4044.88 -2668.85 -5939.62 414261
-2.5013e+06 -6.29366e+06 524402 4245.59 -2193.32 -5993.56 414628
-2.24102e+06 -6.41074e+06 163859 4426.82 -1707.78 -6019.95 414993
-1.97048e+06 -6.49844e+06 -197438 4587.75 -1214.49 -6018.67 415354
-1.69091e+06 -6.55637e+06 -557828 4727.63 -715.731 -5989.74 415709
-1.4036e+06 -6.58426e+06 -915656 4845.82 -213.797 -5933.3 416057
-1.10986e+06 -6.58201e+06 -1.26928e+06 4941.8 288.987 -5849.63 416397
-811038 -6.54962e+06 -1.61707e+06 5015.13 790.304 -5739.12 416728
-508504 -6.48725e+06 -1.95745e+06 5065.49 1287.84 -5602.32 417049
-203644 -6.3952e+06 -2.28884e+06 5092.65 1779.32 -5439.86 417361
102148 -6.27389e+06 -2.60973e+06 5096.52 2262.48 -5252.51 417663
407473 -6.12391e+06 -2.91866e+06 5077.1 2735.11 -5041.15 417955
710936 -5.94593e+06 -3.21421e+06 5034.48 3195.06 -4806.78 418238
1.01115e+06 -5.7408e+06 -3.49503e+06 4968.89 3640.22 -4550.49 418513
1.30675e+06 -5.50944e+06 -3.75985e+06 4880.63 4068.59 -4273.46 418779
1.59638e+06 -5.25294e+06 -4.00746e+06 4770.14 4478.2 -3977 419038
1.87873e+06 -4.97247e+06 -4.23673e+06 4637.94 4867.23 -3662.45 419289
2.15251e+06 -4.66932e+06 -4.44662e+06 4484.64 5233.9 -3331.29 419535
2.41648e+06 -4.34488e+06 -4.63618e+06 4310.95 5576.58 -2985.02 419774
2.66944e+06 -4.00064e+06 -4.80456e+06 4117.69 5893.73 -2625.23 420008
2.91023e+06 -3.63817e+06 -4.95097e+06 3905.73 6183.92 -2253.57 420238
3.13777e+06 -3.25914e+06 -5.07478e+06 3676.04 6445.87 -1871.72 420462
3.35102e+06 -2.86526e+06 -5.17541e+06 3429.69 6678.4 -1481.44 420683
3.54902e+06 -2.45834e+06 -5.25242e+06 3167.78 6880.47 -1084.49 420898
3.73087e+06 -2.04023e+06 -5.30545e+06 2891.51 7051.2 -682.663 421109
3.89574e+06 -1.61284e+06 -5.33428e+06 2602.12 7189.82 -277.786 421315
4.04289e+06 -1.17811e+06 -5.33876e+06 2300.93 7295.71 128.312 421514
4.17164e+06 -738015 -5.31889e+06 1989.29 7368.4 533.795 421707
4.28142e+06 -294567 -5.27476e+06 1668.61 7407.58 936.831 421892
4.37172e+06 150220 -5.20656e+06 1340.34 7413.05 1335.6 422067
4.44214e+06 594325 -5.11461e+06 1005.95 7384.81 1728.3 422232
4.49234e+06 1.03572e+06 -4.99932e+06 666.947 7322.95 2113.14 422384
4.52211e+06 1.47241e+06 -4.86122e+06 324.868 7227.77 2488.4 422521
4.5313e+06 1.9024e+06 -4.70094e+06 -18.7454 7099.68 2852.36 422643
4.51986e+06 2.32373e+06 -4.5192e+06 -362.341 6939.24 3203.36 422745
4.48785e+06 2.73448e+06 -4.31682e+06 -704.362 6747.17 3539.82 422828
4.4354e+06 3.13277e+06 -4.09474e+06 -1043.26 6524.33 3860.19 422888
4.36275e+06 3.5168e+06 -3.85395e+06 -1377.49 6271.7 4163.02 422923
4.27022e+06 3.8848e+06 -3.59556e+06 -1705.54 5990.43 4446.9 422933
4.15824e+06 4.2351e+06 -3.32073e+06 -2025.91 5681.78 4710.54 422915
4.0273e+06 4.5661e+06 -3.03072e+06 -2337.14 5347.14 4952.72 422867
3.87799e+06 4.87627e+06 -2.72686e+06 -2637.81 4988.01 5172.32 422789
3.711e+06 5.1642e+06 -2.41052e+06 -2926.53 4606.02 5368.33 422678
3.52708e+06 5.42857e+06 -2.08315e+06 -3201.99 4202.9 5539.84 422534
3.32705e+06 5.66816e+06 -1.74624e+06 -3462.92 3780.48 5686.04 422356
3.11184e+06 5.88188e+06 -1.40134e+06 -3708.11 3340.68 5806.24 422143
2.88242e+06 6.06874e+06 -1.05002e+06 -3936.43 2885.51 5899.89 421895
2.63983e+06 6.22787e+06 -693895 -4146.83 2417.04 5966.52 421613
2.38518e+06 6.35856e+06 -334587 -4338.32 1937.43 6005.83 421295
2.11962e+06 6.46019e+06 26253.9 -4510.02 1448.87 6017.62 420944
1.84438e+06 6.53229e+06 386975 -4661.13 953.609 6001.82 420562
1.56071e+06 6.57453e+06 745921 -4790.95 453.923 5958.5 420149
1.26991e+06 6.58672e+06 1.10145e+06 -4898.89 -47.8898 5887.85 419708
973296 6.56879e+06 1.45192e+06 -4984.43 -549.522 5790.2 419242
672233 6.52082e+06 1.79574e+06 -5047.18 -1048.67 5666 418754
