-4.39171e+06 -831470 5.11067e+06 -586.392 -7445.22 -1716.2 411368
-4.41683e+06 -1.27594e+06 4.99606e+06 -250.565 -7364.88 -2102.63 411341
-4.42175e+06 -1.71458e+06 4.85854e+06 86.4725 -7250.84 -2479.49 411350
-4.40646e+06 -2.14538e+06 4.69874e+06 423.185 -7103.61 -2845.05 411395
-4.37101e+06 -2.56636e+06 4.51739e+06 758.035 -6923.86 -3197.65 411473
-4.31556e+06 -2.97561e+06 4.31532e+06 1089.49 -6712.39 -3535.66 411584
-4.24037e+06 -3.37123e+06 4.09344e+06 1416.04 -6470.15 -3857.51 411723
-4.14577e+06 -3.75143e+06 3.85277e+06 1736.18 -6198.24 -4161.73 411890
-4.03219e+06 -4.11445e+06 3.59441e+06 2048.43 -5897.89 -4446.91 412081
-3.90014e+06 -4.45864e+06 3.31955e+06 2351.37 -5570.47 -4711.73 412294
-3.75024e+06 -4.7824e+06 3.02944e+06 2643.6 -5217.47 -4954.95 412526
-3.58315e+06 -5.08425e+06 2.72541e+06 2923.77 -4840.51 -5175.45 412774
-3.39965e+06 -5.36282e+06 2.40886e+06 3190.58 -4441.31 -5372.2 413035
-3.20057e+06 -5.6168e+06 2.08124e+06 3442.81 -4021.72 -5544.29 413307
-2.98683e+06 -5.84505e+06 1.74405e+06 3679.28 -3583.66 -5690.91 413587
-2.7594e+06 -6.04651e+06 1.39885e+06 3898.9 -3129.14 -5811.39 413872
-2.51932e+06 -6.22026e+06 1.04722e+06 4100.66 -2660.27 -5905.16 414161
-2.26769e+06 -6.3655e+06 690775 4283.62 -2179.22 -5971.79 414450
-2.00568e+06 -6.48157e+06 331155 4446.95 -1688.2 -6010.97 414738
-1.73447e+06 -6.56793e+06 -29988 4589.88 -1189.49 -6022.51 415024
-1.45531e+06 -6.6242e+06 -390993 4711.76 -685.394 -6006.39 415305
-1.16949e+06 -6.65012e+06 -750203 4812.04 -178.241 -5962.67 415581
-878309 -6.64558e+06 -1.10597e+06 4890.25 329.624 -5891.57 415851
-583106 -6.6106e+06 -1.45665e+06 4946.06 835.859 -5793.43 416114
-285235 -6.54535e+06 -1.80065e+06 4979.21 1338.13 -5668.72 416370
13942.7 -6.45015e+06 -2.13638e+06 4989.56 1834.12 -5518.03 416619
313056 -6.32543e+06 -2.4623e+06 4977.09 2321.56 -5342.07 416861
610738 -6.17178e+06 -2.77694e+06 4941.85 2798.22 -5141.67 417096
905627 -5.9899e+06 -3.07883e+06 4884.04 3261.9 -4917.77 417326
1.19638e+06 -5.78065e+06 -3.36662e+06 4803.93 3710.51 -4671.42 417550
1.48166e+06 -5.54498e+06 -3.63898e+06 4701.91 4141.98 -4403.76 417769
1.76018e+06 -5.28399e+06 -3.89467e+06 4578.46 4554.38 -4116.04 417984
2.03066e+06 -4.99888e+06 -4.13253e+06 4434.16 4945.83 -3809.59 418197
2.29187e+06 -4.69095e+06 -4.35147e+06 4269.68 5314.56 -3485.83 418407
2.54263e+06 -4.36162e+06 -4.55051e+06 4085.78 5658.92 -3146.24 418616
2.7818e+06 -4.0124e+06 -4.72874e+06 3883.32 5977.35 -2792.38 418824
3.00828e+06 -3.64488e+06 -4.88534e+06 3663.23 6268.43 -2425.87 419031
3.22105e+06 -3.26076e+06 -5.01962e+06 3426.51 6530.85 -2048.39 419240
3.41915e+06 -2.86178e+06 -5.13097e+06 3174.25 6763.46 -1661.66 419448
3.60167e+06 -2.44976e+06 -5.21887e+06 2907.6 6965.2 -1267.44 419658
3.7678e+06 -2.02659e+06 -5.28295e+06 2627.76 7135.18 -867.51 419867
3.91677e+06 -1.59419e+06 -5.3229e+06 2336.01 7272.65 -463.692 420077
4.0479e+06 -1.15453e+06 -5.33855e+06 2033.66 7377 -57.8115 420287
4.16062e+06 -709621 -5.32983e+06 1722.08 7447.76 348.294 420496
4.2544e+06 -261480 -5.29678e+06 1402.69 7484.62 752.787 420702
4.32881e+06 187852 -5.23956e+06 1076.91 7487.41 1153.84 420904
4.38353e+06 636328 -5.15843e+06 746.229 7456.13 1549.63 421101
4.41829e+06 1.08191e+06 -5.05375e+06 412.125 7390.91 1938.38 421291
4.43295e+06 1.52256e+06 -4.926e+06 76.1131 7292.03 2318.32 421473
4.42742e+06 1.95629e+06 -4.77576e+06 -260.29 7159.94 2687.72 421643
4.40173e+06 2.3811e+06 -4.60372e+06 -595.562 6995.23 3044.9 421800
4.35601e+06 2.79508e+06 -4.41065e+06 -928.184 6798.62 3388.25 421942
4.29044e+06 3.19632e+06 -4.19744e+06 -1256.65 6571.01 3716.19 422066
4.20532e+06 3.583e+06 -3.96504e+06 -1579.46 6313.4 4027.22 422171
4.10104e+06 3.95335e+06 -3.71454e+06 -1895.15 6026.96 4319.92 422254
3.97807e+06 4.30568e+06 -3.44705e+06 -2202.29 5712.97 4592.95 422312
3.83697e+06 4.63838e+06 -3.1638e+06 -2499.47 5372.86 4845.06 422346
3.67836e+06 4.94993e+06 -2.86608e+06 -2785.33 5008.15 5075.07 422351
3.50298e+06 5.2389e+06 -2.55525e+06 -3058.56 4620.49 5281.93 422327
3.31161e+06 5.50397e+06 -2.23273e+06 -3317.91 4211.65 5464.67 422272
3.10513e+06 5.74391e+06 -1.89999e+06 -3562.19 3783.47 5622.45 422185
2.88448e+06 5.95764e+06 -1.55855e+06 -3790.26 3337.91 5754.53 422064
2.65065e+06 6.14416e+06 -1.20998e+06 -4001.09 2877 5860.28 421909
2.40471e+06 6.30261e+06 -855856 -4193.68 2402.85 5939.21 421720
2.14779e+06 6.43228e+06 -497814 -4367.15 1917.63 5990.95 421496
1.88105e+06 6.53255e+06 -137492 -4520.69 1423.56 6015.23 421237
1.60572e+06 6.60297e+06 223462 -4653.59 922.919 6011.94 420946
1.32305e+06 6.64322e+06 583390 -4765.23 418.001 5981.1 420622
1.03433e+06 6.65309e+06 940645 -4855.1 -88.8685 5922.83 420268
740877 6.63256e+06 1.29359e+06 -4922.78 -595.36 5837.4 419886
444042 6.5817e+06 1.6406e+06 -4967.96 -1099.14 5725.21 419479
145176 6.50076e+06 1.98009e+06 -4990.43 -1597.91 5586.77 419049
-154353 6.3901e+06 2.3105e+06 -4990.08 -2089.36 5422.72 418600
-453177 6.25023e+06 2.63032e+06 -4966.92 -2571.24 5233.81 418136
-749929 6.08179e+06 2.93808e+06 -4921.05 -3041.35 5020.93 417659
-1.04325e+06 5.88555e+06 3.23237e+06 -4852.7 -3497.52 4785.04 417174
-1.33181e+06 5.66241e+06 3.51184e+06 -4762.17 -3937.68 4527.24 416685
-1.61428e+06 5.41339e+06 3.77522e+06 -4649.88 -4359.8 4248.72 416196
-1.88937e+06 5.13963e+06 4.0213e+06 -4516.36 -4761.96 3950.75 415711
-2.15583e+06 4.84239e+06 4.24895e+06 -4362.21 -5142.33 3634.7 415235
-2.41244e+06 4.52302e+06 4.45713e+06 -4188.14 -5499.18 3302.02 414770
-2.65802e+06 4.18299e+06 4.64489e+06 -3994.95 -5830.88 2954.24 414322
-2.89147e+06 3.82385e+06 4.81137e+06 -3783.53 -6135.92 2592.95 413894
-3.1117e+06 3.44724e+06 4.95581e+06 -3554.83 -6412.92 2219.8 413489
-3.31772e+06 3.05488e+06 5.07754e+06 -3309.91 -6660.61 1836.49 413110
-3.50859e+06 2.64857e+06 5.17602e+06 -3049.86 -6877.88 1444.77 412762
-3.68343e+06 2.23017e+06 5.25078e+06 -2775.89 -7063.74 1046.43 412445
-3.84144e+06 1.80157e+06 5.30149e+06 -2489.22 -7217.33 643.277 412162
-3.98191e+06 1.36475e+06 5.32792e+06 -2191.16 -7337.96 237.158 411915
-4.10418e+06 921686 5.32993e+06 -1883.08 -7425.08 -170.079 411705
-4.2077e+06 474415 5.30752e+06 -1566.35 -7478.27 -576.577 411533
-4.292e+06 24976.7 5.26079e+06 -1242.43 -7497.3 -980.483 411400
-4.35668e+06 -424576 5.18995e+06 -912.785 -7482.07 -1379.95 411305
-4.40145e+06 -872187 5.09532e+06 -578.915 -7432.63 -1773.16 411250
-4.4261e+06 -1.31581e+06 4.97733e+06 -242.338 -7349.2 -2158.31 411232
-4.4305e+06 -1.75342e+06 4.83652e+06 95.4124 -7232.15 -2533.64 411252
-4.41465e+06 -2.18301e+06 4.67353e+06 432.797 -7082 -2897.43 411307
-4.37861e+06 -2.60261e+06 4.48909e+06 768.274 -6899.41 -3248 411396
-4.32253e+06 -3.0103e+06 4.28406e+06 1100.31 -6685.22 -3583.76 411517
-4.24667e+06 -3.40422e+06 4.05937e+06 1427.39 -6440.38 -3903.13 411667
-4.15137e+06 -3.78256e+06 3.81604e+06 1748 -6166 -4204.66 411844
-4.03707e+06 -4.14358e+06 3.5552e+06 2060.68 -5863.34 -4486.95 412046
-3.90428e+06 -4.48562e+06 3.27802e+06 2363.98 -5533.75 -4748.69 412269
-3.75361e+06 -4.80712e+06 2.98579e+06 2656.51 -5178.76 -4988.66 412511
-3.58574e+06 -5.1066e+06 2.67984e+06 2936.92 -4799.99 -5205.75 412769
-3.40144e+06 -5.38268e+06 2.36158e+06 3203.91 -4399.16 -5398.95 413041
-3.20156e+06 -5.63409e+06 2.03246e+06 3456.24 -3978.14 -5567.36 413322
-2.98701e+06 -5.85969e+06 1.694e+06 3692.77 -3538.84 -5710.2 413611
-2.75877e+06 -6.05843e+06 1.34776e+06 3912.37 -3083.31 -5826.81 413906
-2.51789e+06 -6.2294e+06 995324 4114.05 -2613.64 -5916.63 414203
-2.26546e+06 -6.37183e+06 638310 4296.88 -2131.99 -5979.26 414501
-2.00265e+06 -6.48505e+06 278363 4460 -1640.61 -6014.4 414797
-1.73067e+06 -6.56855e+06 -82864.5 4602.66 -1141.75 -6021.9 415090
-1.45076e+06 -6.62195e+06 -443712 4724.22 -637.737 -6001.73 415379
-1.1642e+06 -6.64502e+06 -802520 4824.12 -130.887 -5953.98 415662
-872305 -6.63765e+06 -1.15764e+06 4901.9 376.455 -5878.9 415939
-576418 -6.59988e+06 -1.50745e+06 4957.22 881.947 -5776.85 416209
-277893 -6.5319e+06 -1.85033e+06 4989.83 1383.26 -5648.3 416471
21904.4 -6.43402e+06 -2.18473e+06 4999.6 1878.09 -5493.87 416726
321601 -6.30671e+06 -2.5091e+06 4986.5 2364.16 -5314.28 416974
619828 -6.15054e+06 -2.82195e+06 4950.59 2839.24 -5110.39 417215
915220 -5.96626e+06 -3.12187e+06 4892.07 3301.18 -4883.15 417449
1.20643e+06 -5.75471e+06 -3.40749e+06 4811.23 3747.85 -4633.61 417678
1.49213e+06 -5.51686e+06 -3.67749e+06 4708.43 4177.22 -4362.95 417902
1.77101e+06 -5.25383e+06 -3.93064e+06 4584.18 4587.36 -4072.41 418121
2.04181e+06 -4.9668e+06 -4.1658e+06 4439.06 4976.4 -3763.35 418337
2.3033e+06 -4.65711e+06 -4.3819e+06 4273.73 5342.58 -3437.19 418551
2.55427e+06 -4.32618e+06 -4.57796e+06 4088.98 5684.27 -3095.43 418763
2.7936e+06 -3.97552e+06 -4.75307e+06 3885.65 5999.92 -2739.63 418973
3.0202e+06 -3.60674e+06 -4.90646e+06 3664.68 6288.12 -2371.43 419183
3.23303e+06 -3.22152e+06 -5.03743e+06 3427.08 6547.58 -1992.5 419393
3.43113e+06 -2.82163e+06 -5.14538e+06 3173.93 6777.14 -1604.58 419603
3.61361e+06 -2.40889e+06 -5.22983e+06 2906.39 6975.79 -1209.42 419812
3.77964e+06 -1.98517e+06 -5.29041e+06 2625.67 7142.63 -808.828 420022
3.92846e+06 -1.55242e+06 -5.32682e+06 2333.05 7276.93 -404.607 420232
4.05939e+06 -1.1126e+06 -5.33892e+06 2029.84 7378.1 1.40869 420440
4.17185e+06 -667721 -5.32665e+06 1717.42 7445.67 407.381 420646
4.26533e+06 -219801 -5.29007e+06 1397.21 7479.36 811.475 420849
4.33939e+06 229121 -5.22935e+06 1070.63 7479 1211.86 421048
4.3937e+06 676999 -5.14476e+06 739.172 7444.61 1606.73 421241
4.42802e+06 1.1218e+06 -5.03669e+06 404.326 7376.33 1994.29 421426
4.44219e+06 1.56149e+06 -4.90563e+06 67.603 7274.47 2372.8 421601
4.43613e+06 1.99407e+06 -4.75217e+06 -269.474 7139.47 2740.51 421765
4.40987e+06 2.41757e+06 -4.57701e+06 -605.38 6971.94 3095.78 421915
4.36354e+06 2.83007e+06 -4.38096e+06 -938.594 6772.62 3436.97 422048
4.29733e+06 3.22967e+06 -4.16489e+06 -1267.6 6542.41 3762.54 422164
4.21154e+06 3.61456e+06 -3.9298e+06 -1590.92 6282.34 4070.99 422259
4.10656e+06 3.98298e+06 -3.67674e+06 -1907.06 5993.57 4360.91 422331
3.98286e+06 4.33324e+06 -3.40688e+06 -2214.59 5677.41 4630.97 422379
3.84101e+06 4.66375e+06 -3.12145e+06 -2512.11 5335.27 4879.93 422401
3.68164e+06 4.97298e+06 -2.82174e+06 -2798.25 4968.71 5106.64 422394
3.50547e+06 5.25954e+06 -2.50912e+06 -3071.71 4579.39 5310.05 422358
3.31331e+06 5.52209e+06 -2.18502e+06 -3331.22 4169.06 5489.22 422290
3.10603e+06 5.75944e+06 -1.85091e+06 -3575.61 3739.59 5643.31 422190
2.88456e+06 5.9705e+06 -1.50834e+06 -3803.73 3292.94 5771.59 422056
2.64993e+06 6.15429e+06 -1.15885e+06 -4014.53 2831.14 5873.48 421888
2.40319e+06 6.30997e+06 -804056 -4207.04 2356.31 5948.48 421685
2.14547e+06 6.43683e+06 -445578 -4380.37 1870.62 5996.24 421447
1.87794e+06 6.53427e+06 -85057 -4533.71 1376.3 6016.52 421176
1.60184e+06 6.60186e+06 275853 -4666.35 875.617 6009.23 420871
1.31841e+06 6.63927e+06 635499 -4777.67 370.878 5974.38 420534
1.02895e+06 6.64633e+06 992232 -4867.16 -135.598 5912.15 420168
734792 6.62301e+06 1.34441e+06 -4934.41 -641.481 5822.8 419775
437274 6.56941e+06 1.69043e+06 -4979.1 -1144.45 5706.76 419357
137756 6.48578e+06 2.0287e+06 -5001.02 -1642.18 5564.55 418917
-162391 6.3725e+06 2.35767e+06 -5000.08 -2132.4 5396.83 418458
-461796 6.23009e+06 2.67583e+06 -4976.29 -2612.86 5204.38 417985
-759091 6.05919e+06 2.98172e+06 -4929.74 -3081.35 4988.08 417501
-1.05292e+06 5.86061e+06 3.27394e+06 -4860.67 -3535.73 4748.93 417010
-1.34193e+06 5.63523e+06 3.55116e+06 -4769.38 -3973.91 4488.03 416515
-1.62481e+06 5.3841e+06 3.81209e+06 -4656.31 -4393.9 4206.59 416021
-1.90026e+06 5.10836e+06 4.05556e+06 -4521.96 -4793.77 3905.88 415533
-2.16703e+06 4.80929e+06 4.28044e+06 -4366.96 -5171.7 3587.31 415054
-2.4239e+06 4.48823e+06 4.48571e+06 -4192.03 -5525.97 3252.33 414588
-2.66969e+06 4.14668e+06 4.67042e+06 -3997.95 -5854.97 2902.47 414139
-2.90328e+06 3.78617e+06 4.83374e+06 -3785.62 -6157.21 2539.33 413712
-3.12362e+06 3.40837e+06 4.97491e+06 -3556.01 -6431.3 2164.57 413309
-3.32968e+06 3.015e+06 5.09329e+06 -3310.16 -6676.01 1779.91 412933
-3.52053e+06 2.60786e+06 5.18834e+06 -3049.19 -6890.23 1387.1 412588
-3.69531e+06 2.18881e+06 5.25961e+06 -2774.29 -7072.97 987.923 412276
-3.8532e+06 1.75975e+06 5.3068e+06 -2486.71 -7223.4 584.209 411999
-3.99348e+06 1.32266e+06 5.32967e+06 -2187.74 -7340.84 177.794 411758
-4.11552e+06 879522 5.32811e+06 -1878.76 -7424.75 -229.468 411555
-4.21876e+06 432367 5.30215e+06 -1561.16 -7474.74 -635.72 411391
-4.30272e+06 -16763.7 5.25189e+06 -1236.39 -7490.58 -1039.11 411266
-4.36701e+06 -465817 5.17755e+06 -905.915 -7472.18 -1437.79 411181
-4.41135e+06 -912742 5.07948e+06 -571.248 -7419.62 -1829.95 411135
-4.43551e+06 -1.35549e+06 4.95812e+06 -233.909 -7333.12 -2213.79 411127
-4.43939e+06 -1.79205e+06 4.81403e+06 104.565 -7213.08 -2587.55 411156
-4.42297e+06 -2.2204e+06 4.64785e+06 442.631 -7060.01 -2949.53 411222
-4.38632e+06 -2.6386e+06 4.46035e+06 778.744 -6874.62 -3298.05 411321
-4.32959e+06 -3.04473e+06 4.25239e+06 1111.37 -6657.72 -3631.51 411452
-4.25305e+06 -3.43692e+06 4.0249e+06 1438.98 -6410.3 -3948.38 411613
-4.15704e+06 -3.81337e+06 3.77894e+06 1760.07 -6133.48 -4247.19 411801
-4.042e+06 -4.17237e+06 3.51563e+06 2073.18 -5828.52 -4526.56 412013
-3.90845e+06 -4.51226e+06 3.23617e+06 2376.84 -5496.8 -4785.19 412247
-3.757e+06 -4.83148e+06 2.94185e+06 2669.68 -5139.85 -5021.89 412499
-3.58833e+06 -5.12857e+06 2.63401e+06 2950.32 -4759.28 -5235.55 412767
-3.40323e+06 -5.40216e+06 2.31406e+06 3217.49 -4356.86 -5425.18 413048
-3.20253e+06 -5.65099e+06 1.98348e+06 3469.94 -3934.43 -5589.89 413339
-2.98715e+06 -5.87393e+06 1.64379e+06 3706.51 -3493.94 -5728.94 413637
-2.75809e+06 -6.06995e+06 1.29654e+06 3926.1 -3037.42 -5841.65 413940
-2.51638e+06 -6.23814e+06 943327 4127.7 -2566.97 -5927.52 414246
-2.26314e+06 -6.37775e+06 585780 4310.37 -2084.77 -5986.14 414552
-1.99953e+06 -6.48812e+06 225541 4473.28 -1593.05 -6017.24 414856
-1.72676e+06 -6.56877e+06 -135735 4615.67 -1094.08 -6020.69 415157
-1.44608e+06 -6.61931e+06 -496389 4736.9 -590.174 -5996.47 415454
-1.15877e+06 -6.63954e+06 -854761 4836.41 -83.6566 -5944.72 415744
-866150 -6.62935e+06 -1.20921e+06 4913.74 423.131 -5865.66 416027
-569567 -6.5888e+06 -1.5581e+06 4968.56 927.852 -5759.7 416303
-270378 -6.51809e+06 -1.89984e+06 5000.62 1428.18 -5627.32 416572
30049.3 -6.41755e+06 -2.23287e+06 5009.79 1921.81 -5469.17 416832
330339 -6.28766e+06 -2.55564e+06 4996.05 2406.49 -5285.97 417086
629118 -6.129e+06 -2.8667e+06 4959.46 2879.99 -5078.61 417332
925021 -5.94232e+06 -3.16461e+06 4900.22 3340.14 -4848.04 417571
1.2167e+06 -5.72849e+06 -3.44802e+06 4818.61 3784.86 -4595.35 417805
1.50281e+06 -5.48849e+06 -3.71563e+06 4715.03 4212.11 -4321.71 418033
1.78207e+06 -5.22343e+06 -3.96623e+06 4589.96 4619.97 -4028.39 418257
2.05319e+06 -4.93452e+06 -4.19867e+06 4444 5006.58 -3716.75 418477
2.31495e+06 -4.6231e+06 -4.4119e+06 4277.82 5370.21 -3388.22 418694
2.56614e+06 -4.29059e+06 -4.60495e+06 4092.19 5709.21 -3044.31 418908
2.80564e+06 -3.93851e+06 -4.77695e+06 3887.97 6022.06 -2686.61 419121
3.03235e+06 -3.56849e+06 -4.9271e+06 3666.1 6307.37 -2316.75 419333
3.24524e+06 -3.18221e+06 -5.05475e+06 3427.6 6563.86 -1936.42 419544
3.44335e+06 -2.78143e+06 -5.1593e+06 3173.55 6790.39 -1547.34 419755
3.62577e+06 -2.36798e+06 -5.24029e+06 2905.1 6985.94 -1151.29 419965
3.79169e+06 -1.94375e+06 -5.29735e+06 2623.49 7149.64 -750.064 420175
3.94035e+06 -1.51067e+06 -5.33023e+06 2329.98 7280.77 -345.48 420383
4.07108e+06 -1.07072e+06 -5.33878e+06 2025.9 7378.76 60.6315 420590
4.18328e+06 -625895 -5.32296e+06 1712.62 7443.15 466.433 420794
4.27644e+06 -178221 -5.28285e+06 1391.57 7473.67 870.088 420995
4.35014e+06 270265 -5.21863e+06 1064.18 7470.18 1269.77 421190
4.40404e+06 717520 -5.13059e+06 731.932 7432.69 1663.68 421378
4.4379e+06 1.16151e+06 -5.01914e+06 396.33 7361.36 2050.02 421558
4.45157e+06 1.60021e+06 -4.88477e+06 58.885 7256.52 2427.05 421728
4.44496e+06 2.03163e+06 -4.72811e+06 -278.877 7118.63 2793.05 421885
4.41813e+06 2.4538e+06 -4.54986e+06 -615.427 6948.3 3146.36 422027
4.37117e+06 2.86479e+06 -4.35084e+06 -949.241 6746.29 3485.37 422152
4.3043e+06 3.26274e+06 -4.13194e+06 -1278.8 6513.5 3808.53 422259
4.21783e+06 3.64582e+06 -3.89416e+06 -1602.62 6250.99 4114.37 422344
4.11213e+06 4.01229e+06 -3.63859e+06 -1919.22 5959.91 4401.48 422406
3.98769e+06 4.36046e+06 -3.36638e+06 -2227.15 5641.6 4668.54 422444
3.84508e+06 4.68876e+06 -3.07879e+06 -2525.01 5297.47 4914.33 422454
3.68492e+06 4.99568e+06 -2.77711e+06 -2811.43 4929.09 5137.72 422435
3.50796e+06 5.2798e+06 -2.46273e+06 -3085.12 4538.12 5337.66 422387
3.31499e+06 5.53984e+06 -2.13708e+06 -3344.8 4126.34 5513.23 422306
3.10689e+06 5.77458e+06 -1.80165e+06 -3589.29 3695.61 5663.61 422193
2.8846e+06 5.98297e+06 -1.45796e+06 -3817.45 3247.89 5788.1 422046
2.64914e+06 6.16403e+06 -1.1076e+06 -4028.23 2785.23 5886.11 421864
2.40158e+06 6.31694e+06 -752170 -4220.66 2309.75 5957.17 421648
2.14305e+06 6.44099e+06 -393289 -4393.83 1823.62 6000.95 421397
1.87472e+06 6.53561e+06 -32605.9 -4546.96 1329.08 6017.23 421113
1.59783e+06 6.60035e+06 328227 -4679.33 828.389 6005.93 420795
1.31363e+06 6.63494e+06 687555 -4790.32 323.858 5967.09 420446
1.02343e+06 6.63919e+06 1.04373e+06 -4879.42 -182.194 5900.89 420068
728544 6.61309e+06 1.39512e+06 -4946.22 -687.441 5807.64 419663
430331 6.55676e+06 1.74011e+06 -4990.41 -1189.56 5687.75 419234
130151 6.47045e+06 2.07713e+06 -5011.78 -1686.24 5541.79 418784
-170624 6.35456e+06 2.40462e+06 -5010.24 -2175.21 5370.42 418317
-470619 6.20962e+06 2.72109e+06 -4985.79 -2654.22 5174.44 417835
-768463 6.0363e+06 3.02508e+06 -4938.55 -3121.07 4954.74 417344
-1.06279e+06 5.83538e+06 3.3152e+06 -4868.74 -3573.62 4712.35 416846
-1.35227e+06 5.60779e+06 3.59013e+06 -4776.68 -4009.81 4448.38 416346
-1.63556e+06 5.35457e+06 3.8486e+06 -4662.8 -4427.64 4164.04 415848
-1.91138e+06 5.07688e+06 4.08943e+06 -4527.61 -4825.2 3860.63 415356
-2.17846e+06 4.77599e+06 4.31152e+06 -4371.75 -5200.67 3539.57 414875
-2.43559e+06 4.45328e+06 4.51386e+06 -4195.93 -5552.36 3202.31 414408
-2.68159e+06 4.11022e+06 4.69551e+06 -4000.94 -5878.65 2850.4 413959
-2.91533e+06 3.74838e+06 4.85564e+06 -3787.69 -6178.07 2485.45 413532
-3.13576e+06 3.36941e+06 4.99353e+06 -3557.15 -6449.26 2109.12 413131
-3.34187e+06 2.97505e+06 5.10854e+06 -3310.36 -6690.97 1723.15 412759
-3.5327e+06 2.56711e+06 5.20015e+06 -3048.45 -6902.12 1329.28 412418
-3.7074e+06 2.14743e+06 5.26794e+06 -2772.61 -7081.74 929.314 412110
-3.86516e+06 1.71794e+06 5.31158e+06 -2484.09 -7229.02 525.074 411839
-4.00527e+06 1.28061e+06 5.3309e+06 -2184.2 -7343.27 118.403 411604
-4.12707e+06 837422 5.32578e+06 -1874.31 -7423.98 -288.845 411408
-4.23001e+06 390409 5.29626e+06 -1555.82 -7470.77 -694.811 411252
-4.31362e+06 -58387.6 5.24247e+06 -1230.18 -7483.42 -1097.64 411136
-4.37752e+06 -506917 5.16464e+06 -898.863 -7461.87 -1495.5 411059
-4.4214e+06 -953129 5.06314e+06 -563.387 -7406.2 -1886.57 411022
-4.44507e+06 -1.39498e+06 4.93843e+06 -225.275 -7316.65 -2269.06 411024
-4.44841e+06 -1.83046e+06 4.79106e+06 113.933 -7193.62 -2641.22 411064
-4.43141e+06 -2.25756e+06 4.62172e+06 452.69 -7037.67 -3001.34 411139
-4.39413e+06 -2.67433e+06 4.43117e+06 789.449 -6849.48 -3347.77 411249
-4.33675e+06 -3.07887e+06 4.22029e+06 1122.67 -6629.9 -3678.91 411391
-4.25951e+06 -3.46931e+06 3.99004e+06 1450.82 -6379.92 -3993.24 411562
-4.16278e+06 -3.84387e+06 3.74147e+06 1772.4 -6100.68 -4289.3 411760
-4.04699e+06 -4.20083e+06 3.47572e+06 2085.93 -5793.45 -4565.72 411982
-3.91266e+06 -4.53856e+06 3.194e+06 2389.97 -5459.62 -4821.22 412226
-3.76041e+06 -4.85549e+06 2.89761e+06 2683.1 -5100.73 -5054.62 412488
-3.59093e+06 -5.15017e+06 2.58791e+06 2963.99 -4718.4 -5264.83 412766
-3.405e+06 -5.42126e+06 2.26632e+06 3231.34 -4314.41 -5450.87 413057
-3.20347e+06 -5.66751e+06 1.93431e+06 3483.9 -3890.61 -5611.88 413357
-2.98725e+06 -5.88778e+06 1.59341e+06 3720.51 -3448.95 -5747.1 413664
-2.75735e+06 -6.08107e+06 1.24518e+06 3940.08 -2991.47 -5855.92 413976
-2.5148e+06 -6.24648e+06 891235 4141.59 -2520.28 -5937.82 414290
-2.26074e+06 -6.38327e+06 533190 4324.11 -2037.55 -5992.43 414604
-1.99631e+06 -6.4908e+06 172694 4486.8 -1545.53 -6019.49 414916
-1.72273e+06 -6.56859e+06 -188595 4628.91 -1046.48 -6018.89 415225
-1.44126e+06 -6.61628e+06 -549019 4749.79 -542.711 -5990.63 415528
-1.15319e+06 -6.63367e+06 -906921 4848.9 -36.5569 -5934.86 415825
-859839 -6.62067e+06 -1.26066e+06 4925.78 469.648 -5851.84 416115
-562550 -6.57736e+06 -1.60861e+06 4980.08 973.569 -5741.98 416397
-262685 -6.50393e+06 -1.94917e+06 5011.58 1472.88 -5605.79 416672
38380.9 -6.40075e+06 -2.28079e+06 5020.14 1965.3 -5443.93 416938
339272 -6.26828e+06 -2.60194e+06 5005.73 2448.55 -5257.15 417197
638611 -6.10715e+06 -2.91116e+06 4968.45 2920.44 -5046.33 417449
935031 -5.9181e+06 -3.20704e+06 4908.47 3378.79 -4812.46 417693
1.22718e+06 -5.70201e+06 -3.48822e+06 4826.09 3821.53 -4556.64 417931
1.51372e+06 -5.45987e+06 -3.75342e+06 4721.7 4246.65 -4280.05 418163
1.79335e+06 -5.1928e+06 -4.00144e+06 4595.81 4652.21 -3983.97 418391
2.0648e+06 -4.90203e+06 -4.23114e+06 4448.99 5036.38 -3669.78 418614
2.32683e+06 -4.5889e+06 -4.44148e+06 4281.93 5397.43 -3338.92 418835
2.57824e+06 -4.25484e+06 -4.6315e+06 4095.41 5733.73 -2992.91 419052
2.8179e+06 -3.90137e+06 -4.80035e+06 3890.28 6043.79 -2633.34 419267
3.04472e+06 -3.53013e+06 -4.94726e+06 3667.5 6326.2 -2261.85 419481
3.25767e+06 -3.14281e+06 -5.07157e+06 3428.07 6579.71 -1880.14 419694
3.45578e+06 -2.74117e+06 -5.17271e+06 3173.1 6803.19 -1489.95 419906
3.63815e+06 -2.32705e+06 -5.25023e+06 2903.74 6995.64 -1093.04 420116
3.80397e+06 -1.90233e+06 -5.30378e+06 2621.21 7156.21 -691.227 420326
3.95246e+06 -1.46895e+06 -5.33312e+06 2326.79 7284.17 -286.317 420533
4.08297e+06 -1.02889e+06 -5.33811e+06 2021.82 7378.98 119.851 420739
4.1949e+06 -584148 -5.31875e+06 1707.68 7440.2 525.442 420940
4.28773e+06 -136745 -5.27511e+06 1385.77 7467.55 928.621 421138
4.36106e+06 311279 -5.2074e+06 1057.55 7460.93 1327.57 421329
4.41454e+06 757887 -5.11592e+06 724.504 7420.35 1720.47 421514
4.44794e+06 1.20105e+06 -5.0011e+06 388.133 7346 2105.55 421688
4.46108e+06 1.63874e+06 -4.86345e+06 49.9555 7238.2 2481.07 421852
4.45393e+06 2.06897e+06 -4.70359e+06 -288.501 7097.43 2845.32 422002
4.42649e+06 2.48978e+06 -4.52227e+06 -625.705 6924.32 3196.64 422137
4.3789e+06 2.89926e+06 -4.32029e+06 -960.128 6719.63 3533.43 422254
4.31136e+06 3.29553e+06 -4.09857e+06 -1290.25 6484.29 3854.16 422351
4.22418e+06 3.67678e+06 -3.85814e+06 -1614.58 6219.35 4157.35 422427
4.11776e+06 4.04128e+06 -3.60007e+06 -1931.63 5926 4441.62 422479
3.99256e+06 4.38736e+06 -3.32555e+06 -2239.97 5605.56 4705.67 422506
3.84916e+06 4.71343e+06 -3.03582e+06 -2538.17 5259.46 4948.27 422505
3.68821e+06 5.01801e+06 -2.73221e+06 -2824.89 4889.29 5168.3 422474
3.51043e+06 5.2997e+06 -2.4161e+06 -3098.8 4496.7 5364.76 422413
3.31664e+06 5.5572e+06 -2.08893e+06 -3358.64 4083.49 5536.72 422321
3.1077e+06 5.78934e+06 -1.7522e+06 -3603.23 3651.52 5683.38 422194
2.88458e+06 5.99505e+06 -1.40744e+06 -3831.43 3202.77 5804.05 422034
2.64828e+06 6.17338e+06 -1.05624e+06 -4042.18 2739.29 5898.17 421839
2.39988e+06 6.32351e+06 -700202 -4234.52 2263.18 5965.28 421610
2.14052e+06 6.44476e+06 -340954 -4407.54 1776.65 6005.07 421346
1.87138e+06 6.53655e+06 19856.9 -4560.45 1281.91 6017.35 421048
1.59369e+06 6.59847e+06 380577 -4692.53 781.24 6002.04 420718
1.30871e+06 6.63022e+06 739551 -4803.18 276.947 5959.21 420357
1.01774e+06 6.63167e+06 1.09514e+06 -4891.88 -228.652 5889.06 419967
722127 6.60281e+06 1.4457e+06 -4958.22 -733.234 5791.9 419551
423210 6.54375e+06 1.78963e+06 -5001.89 -1234.48 5668.19 419112
122358 6.45478e+06 2.12536e+06 -5022.69 -1730.08 5518.48 418652
-179054 6.3363e+06 2.45134e+06 -5020.53 -2217.77 5343.48 418176
-479647 6.18885e+06 2.76609e+06 -4995.42 -2695.3 5143.98 417686
-778048 6.01311e+06 3.06815e+06 -4947.47 -3160.49 4920.92 417187
-1.07289e+06 5.80988e+06 3.35615e+06 -4876.91 -3611.2 4675.3 416683
-1.36283e+06 5.5801e+06 3.62876e+06 -4784.06 -4045.37 4408.28 416178
-1.64654e+06 5.32481e+06 3.88474e+06 -4669.35 -4461.02 4121.07 415676
-1.92273e+06 5.04518e+06 4.12291e+06 -4533.31 -4856.25 3815 415181
-2.19012e+06 4.7425e+06 4.34219e+06 -4376.57 -5229.26 3491.47 414697
-2.44751e+06 4.41815e+06 4.54157e+06 -4199.83 -5578.34 3151.97 414229
-2.69372e+06 4.07361e+06 4.72014e+06 -4003.93 -5901.92 2798.04 413781
-2.92762e+06 3.71046e+06 4.87708e+06 -3789.74 -6198.51 2431.31 413355
-3.14814e+06 3.33036e+06 5.01167e+06 -3558.24 -6466.78 2053.46 412956
-3.35428e+06 2.93504e+06 5.1233e+06 -3310.5 -6705.49 1666.21 412587
-3.5451e+06 2.52631e+06 5.21146e+06 -3047.63 -6913.57 1271.32 412250
-3.71972e+06 2.10604e+06 5.27575e+06 -2770.83 -7090.08 870.604 411947
-3.87735e+06 1.67615e+06 5.31586e+06 -2481.36 -7234.19 465.878 411681
-4.01726e+06 1.2386e+06 5.33161e+06 -2180.53 -7345.26 58.9904 411453
-4.13881e+06 795391 5.32293e+06 -1869.71 -7422.77 -348.202 411265
-4.24145e+06 348547 5.28986e+06 -1550.31 -7466.36 -753.843 411116
-4.32471e+06 -99890.1 5.23254e+06 -1223.79 -7475.84 -1156.08 411008
-4.38819e+06 -547870 5.15123e+06 -891.625 -7451.14 -1553.08 410941
-4.43162e+06 -993345 5.04631e+06 -555.329 -7392.37 -1943.02 410913
-4.45478e+06 -1.43428e+06 4.91825e+06 -216.432 -7299.78 -2324.12 410925
-4.45757e+06 -1.86865e+06 4.76763e+06 123.521 -7173.79 -2694.64 410974
-4.43997e+06 -2.29448e+06 4.59513e+06 462.979 -7014.96 -3052.87 411060
-4.40205e+06 -2.7098e+06 4.40156e+06 800.391 -6823.99 -3397.18 411180
-4.34399e+06 -3.11273e+06 4.18778e+06 1134.21 -6601.75 -3725.96 411332
-4.26605e+06 -3.50141e+06 3.95478e+06 1462.91 -6349.24 -4037.72 411513
-4.16857e+06 -3.87406e+06 3.70363e+06 1784.99 -6067.61 -4330.99 411722
-4.05201e+06 -4.22896e+06 3.43546e+06 2098.95 -5758.13 -4604.44 411954
-3.91689e+06 -4.5645e+06 3.15152e+06 2403.35 -5422.22 -4856.79 412208
-3.76383e+06 -4.87913e+06 2.85309e+06 2696.8 -5061.41 -5086.86 412480
-3.59352e+06 -5.17141e+06 2.54156e+06 2977.93 -4677.36 -5293.6 412767
-3.40675e+06 -5.43998e+06 2.21835e+06 3245.44 -4271.83 -5476.03 413067
-3.20437e+06 -5.68363e+06 1.88494e+06 3498.11 -3846.68 -5633.31 413376
-2.9873e+06 -5.90123e+06 1.54287e+06 3734.76 -3403.88 -5764.71 413693
-2.75654e+06 -6.09179e+06 1.1937e+06 3954.3 -2945.47 -5869.62 414013
-2.51314e+06 -6.25442e+06 839053 4155.72 -2473.57 -5947.54 414335
-2.25823e+06 -6.38839e+06 480545 4338.08 -1990.35 -5998.13 414657
-1.99297e+06 -6.49308e+06 119829 4500.54 -1498.05 -6021.15 414977
-1.71858e+06 -6.56802e+06 -241439 4642.37 -998.949 -6016.5 415293
-1.43631e+06 -6.61286e+06 -601598 4762.9 -495.354 -5984.2 415603
-1.14747e+06 -6.62742e+06 -958994 4861.59 10.407 -5924.42 415907
-853369 -6.61162e+06 -1.31199e+06 4938 516 -5837.45 416203
-555362 -6.56555e+06 -1.65895e+06 4991.78 1019.09 -5723.7 416491
-254813 -6.48942e+06 -1.9983e+06 5022.7 1517.37 -5583.72 416772
46902.3 -6.38361e+06 -2.32849e+06 5030.63 2008.54 -5418.16 417044
348403 -6.24859e+06 -2.64799e+06 5015.56 2490.35 -5227.81 417308
648310 -6.085e+06 -2.95535e+06 4977.56 2960.59 -5013.56 417564
945255 -5.89359e+06 -3.24916e+06 4916.82 3417.13 -4776.42 417813
1.23788e+06 -5.67526e+06 -3.52808e+06 4833.65 3857.87 -4517.48 418056
1.52485e+06 -5.431e+06 -3.79084e+06 4728.45 4280.82 -4237.97 418292
1.80486e+06 -5.16195e+06 -4.03625e+06 4601.7 4684.07 -3939.16 418524
2.07664e+06 -4.86934e+06 -4.26318e+06 4454.01 5065.78 -3622.45 418751
2.33894e+06 -4.55452e+06 -4.47062e+06 4286.05 5424.25 -3289.29 418974
2.59057e+06 -4.21893e+06 -4.6576e+06 4098.62 5757.85 -2941.21 419194
2.8304e+06 -3.86411e+06 -4.82329e+06 3892.57 6065.09 -2579.81 419412
3.05733e+06 -3.49168e+06 -4.96694e+06 3668.86 6344.6 -2206.73 419628
3.27033e+06 -3.10334e+06 -5.0879e+06 3428.49 6595.13 -1823.69 419842
3.46844e+06 -2.70086e+06 -5.18562e+06 3172.58 6815.55 -1432.41 420054
3.65075e+06 -2.28609e+06 -5.25966e+06 2902.28 7004.9 -1034.69 420265
3.81645e+06 -1.86091e+06 -5.30969e+06 2618.82 7162.33 -632.32 420474
3.96477e+06 -1.42726e+06 -5.33548e+06 2323.49 7287.13 -227.125 420681
4.09506e+06 -987120 -5.33693e+06 2017.61 7378.76 179.063 420885
4.2067e+06 -542484 -5.31401e+06 1702.58 7436.81 584.404 421084
4.29921e+06 -95379.3 -5.26685e+06 1379.8 7461.02 987.068 421279
4.37216e+06 352159 -5.19566e+06 1050.74 7451.27 1385.23 421467
4.4252e+06 798095 -5.10075e+06 716.885 7407.62 1777.1 421646
4.45812e+06 1.2404e+06 -4.98257e+06 379.733 7330.25 2160.89 421816
4.47074e+06 1.67706e+06 -4.84164e+06 40.8106 7219.51 2534.86 421973
4.46301e+06 2.10608e+06 -4.67861e+06 -298.351 7075.87 2897.32 422117
4.43496e+06 2.52552e+06 -4.49422e+06 -636.218 6900 3246.62 422244
4.38672e+06 2.93345e+06 -4.28931e+06 -971.257 6692.66 3581.16 422353
4.3185e+06 3.32803e+06 -4.06481e+06 -1301.95 6454.78 3899.42 422442
4.2306e+06 3.70744e+06 -3.82174e+06 -1626.79 6187.44 4199.94 422508
4.12343e+06 4.06995e+06 -3.5612e+06 -1944.31 5891.83 4481.35 422550
3.99746e+06 4.41392e+06 -3.28438e+06 -2253.05 5569.28 4742.34 422565
3.85327e+06 4.73776e+06 -2.99255e+06 -2551.6 5221.25 4981.73 422553
3.6915e+06 5.03999e+06 -2.68703e+06 -2838.6 4849.31 5198.39 422511
3.51289e+06 5.31923e+06 -2.36922e+06 -3112.74 4455.13 5391.34 422438
3.31825e+06 5.5742e+06 -2.04056e+06 -3372.75 4040.52 5559.67 422333
3.10847e+06 5.80372e+06 -1.70257e+06 -3617.43 3607.35 5702.59 422194
2.88449e+06 6.00675e+06 -1.35677e+06 -3845.66 3157.59 5819.44 422020
2.64734e+06 6.18234e+06 -1.00477e+06 -4056.38 2693.3 5909.65 421813
2.39809e+06 6.3297e+06 -648157 -4248.62 2216.61 5972.82 421570
2.13789e+06 6.44813e+06 -288577 -4421.48 1729.69 6008.62 421293
1.86792e+06 6.5371e+06 72326.3 -4574.16 1234.79 6016.89 420983
1.58941e+06 6.59619e+06 432898 -4705.95 734.177 5997.57 420640
1.30364e+06 6.62513e+06 791485 -4816.25 230.151 5950.76 420267
1.0119e+06 6.62379e+06 1.14644e+06 -4904.54 -274.967 5876.65 419866
715539 6.59216e+06 1.49614e+06 -4970.4 -778.856 5775.6 419439
415907 6.5304e+06 1.83899e+06 -5013.55 -1279.2 5648.07 418989
114372 6.43877e+06 2.17339e+06 -5033.77 -1773.69 5494.64 418520
-187685 6.31771e+06 2.49784e+06 -5030.97 -2260.07 5316.01 418034
-488884 6.16777e+06 2.81083e+06 -5005.18 -2736.11 5113.02 417537
-787849 5.98963e+06 3.11093e+06 -4956.5 -3199.61 4886.6 417031
-1.08321e+06 5.78411e+06 3.39677e+06 -4885.17 -3648.45 4637.8 416521
-1.37362e+06 5.55215e+06 3.66704e+06 -4791.51 -4080.59 4367.75 416011
-1.65775e+06 5.29481e+06 3.9205e+06 -4675.96 -4494.05 4077.7 415505
-1.93431e+06 5.01328e+06 4.15599e+06 -4539.05 -4886.93 3768.99 415007
-2.20203e+06 4.70883e+06 4.37244e+06 -4381.4 -5257.45 3443.03 414522
-2.45968e+06 4.38286e+06 4.56884e+06 -4203.75 -5603.92 3101.31 414053
-2.70609e+06 4.03687e+06 4.74431e+06 -4006.9 -5924.77 2745.4 413605
-2.94014e+06 3.67243e+06 4.89804e+06 -3791.75 -6218.52 2376.94 413180
-3.16076e+06 3.29122e+06 5.02932e+06 -3559.29 -6483.86 1997.59 412784
-3.36693e+06 2.89496e+06 5.13757e+06 -3310.57 -6719.57 1609.1 412418
-3.55772e+06 2.48548e+06 5.22227e+06 -3046.72 -6924.58 1213.23 412085
-3.73226e+06 2.06465e+06 5.28304e+06 -2768.95 -7097.96 811.8 411787
-3.88974e+06 1.63438e+06 5.31961e+06 -2478.51 -7238.91 406.627 411527
-4.02945e+06 1.19664e+06 5.3318e+06 -2176.72 -7346.79 -0.437172 411306
-4.15075e+06 753434 5.31956e+06 -1864.96 -7421.11 -407.535 411124
-4.25308e+06 306785 5.28293e+06 -1544.65 -7461.52 -812.81 410984
-4.33596e+06 -141266 5.22209e+06 -1217.23 -7467.82 -1214.41 410884
-4.39903e+06 -588671 5.13731e+06 -884.198 -7439.99 -1610.5 410825
-4.44199e+06 -1.03338e+06 5.02898e+06 -547.068 -7378.13 -1999.28 410807
-4.46463e+06 -1.47337e+06 4.89758e+06 -207.375 -7282.52 -2378.96 410828
-4.46685e+06 -1.90662e+06 4.74372e+06 133.333 -7153.58 -2747.8 410887
-4.44864e+06 -2.33115e+06 4.5681e+06 473.501 -6991.89 -3104.11 410983
-4.41007e+06 -2.74501e+06 4.37151e+06 811.573 -6798.17 -3446.25 411113
-4.35132e+06 -3.1463e+06 4.15486e+06 1146 -6573.29 -3772.65 411275
-4.27266e+06 -3.5332e+06 3.91914e+06 1475.26 -6318.26 -4081.8 411467
-4.17443e+06 -3.90392e+06 3.66542e+06 1797.83 -6034.26 -4372.27 411686
-4.05708e+06 -4.25676e+06 3.39487e+06 2112.22 -5722.56 -4642.71 411928
-3.92115e+06 -4.5901e+06 3.10872e+06 2417 -5384.59 -4891.88 412192
-3.76726e+06 -4.90241e+06 2.80829e+06 2710.75 -5021.9 -5118.61 412473
-3.59611e+06 -5.19226e+06 2.49496e+06 2992.12 -4636.15 -5321.84 412770
-3.40848e+06 -5.45832e+06 2.17016e+06 3259.81 -4229.11 -5500.65 413079
-3.20523e+06 -5.69937e+06 1.83538e+06 3512.59 -3802.65 -5654.19 413397
-2.98729e+06 -5.91429e+06 1.49217e+06 3749.28 -3358.74 -5781.75 413722
-2.75566e+06 -6.10211e+06 1.14211e+06 3968.78 -2899.44 -5882.74 414051
-2.5114e+06 -6.26196e+06 786787 4170.1 -2426.85 -5956.68 414381
-2.25563e+06 -6.39311e+06 427851 4352.29 -1943.16 -6003.25 414711
-1.98952e+06 -6.49496e+06 66948.9 4514.52 -1450.62 -6022.22 415038
-1.7143e+06 -6.56705e+06 -294261 4656.04 -951.503 -6013.51 415361
-1.43123e+06 -6.60906e+06 -654120 4776.21 -448.109 -5977.18 415678
-1.1416e+06 -6.62079e+06 -1.01097e+06 4874.48 57.2295 -5913.4 415988
-846736 -6.6022e+06 -1.36319e+06 4950.41 562.181 -5822.49 416291
-548000 -6.55338e+06 -1.70914e+06 5003.65 1064.42 -5704.86 416585
-246756 -6.47457e+06 -2.04725e+06 5033.98 1561.63 -5561.09 416871
55616.8 -6.36613e+06 -2.37596e+06 5041.27 2051.52 -5391.86 417149
357735 -6.22858e+06 -2.69378e+06 5025.51 2531.86 -5197.96 417418
658218 -6.06254e+06 -2.99924e+06 4986.78 3000.45 -4980.3 417679
955693 -5.8688e+06 -3.29096e+06 4925.28 3455.14 -4739.9 417933
1.2488e+06 -5.64824e+06 -3.5676e+06 4841.3 3893.87 -4477.89 418180
1.53621e+06 -5.40189e+06 -3.8279e+06 4735.26 4314.64 -4195.47 418420
1.8166e+06 -5.13088e+06 -4.07067e+06 4607.64 4715.56 -3893.97 418655
2.08871e+06 -4.83646e+06 -4.29482e+06 4459.06 5094.8 -3574.77 418886
2.35128e+06 -4.51998e+06 -4.49932e+06 4290.2 5450.66 -3239.34 419112
2.60314e+06 -4.18288e+06 -4.68324e+06 4101.84 5781.55 -2889.22 419335
2.84313e+06 -3.82672e+06 -4.84576e+06 3894.85 6085.97 -2526.02 419555
3.07017e+06 -3.45312e+06 -4.98614e+06 3670.18 6362.57 -2151.4 419772
3.28322e+06 -3.06379e+06 -5.10374e+06 3428.86 6610.1 -1767.05 419988
3.48132e+06 -2.66051e+06 -5.19803e+06 3171.99 6827.48 -1374.74 420201
3.66357e+06 -2.24512e+06 -5.26858e+06 2900.74 7013.72 -976.235 420412
3.82915e+06 -1.81951e+06 -5.31509e+06 2616.33 7168.01 -573.35 420621
3.97729e+06 -1.38561e+06 -5.33733e+06 2320.06 7289.65 -167.907 420826
4.10734e+06 -945411 -5.33522e+06 2013.26 7378.12 238.259 421028
4.2187e+06 -500908 -5.30876e+06 1697.32 7433 643.313 421226
4.31087e+06 -54127.1 -5.25808e+06 1373.67 7454.06 1045.42 421417
4.38342e+06 392901 -5.18341e+06 1043.75 7441.21 1442.77 421601
4.43602e+06 838140 -5.08508e+06 709.069 7394.49 1833.56 421776
4.46844e+06 1.27957e+06 -4.96355e+06 371.125 7314.11 2216.02 421941
4.48052e+06 1.71517e+06 -4.81936e+06 31.4466 7200.44 2588.41 422092
4.47221e+06 2.14296e+06 -4.65317e+06 -308.431 7053.96 2949.05 422229
4.44354e+06 2.561e+06 -4.46574e+06 -646.969 6875.34 3296.29 422349
4.39463e+06 2.96738e+06 -4.25792e+06 -982.633 6665.36 3628.55 422449
4.32571e+06 3.36024e+06 -4.03065e+06 -1313.9 6424.98 3944.31 422529
4.23708e+06 3.73779e+06 -3.78496e+06 -1639.27 6155.26 4242.13 422586
4.12914e+06 4.0983e+06 -3.52198e+06 -1957.25 5857.41 4520.64 422618
4.00239e+06 4.44014e+06 -3.24289e+06 -2266.4 5532.79 4778.56 422623
3.85738e+06 4.76173e+06 -2.94899e+06 -2565.3 5182.84 5014.71 422599
3.69478e+06 5.06161e+06 -2.64159e+06 -2852.59 4809.15 5227.98 422546
3.51533e+06 5.33839e+06 -2.3221e+06 -3126.95 4413.42 5417.4 422460
3.31983e+06 5.59081e+06 -1.99199e+06 -3387.12 3997.43 5582.08 422343
3.10918e+06 5.81771e+06 -1.65276e+06 -3631.9 3563.08 5721.25 422191
2.88434e+06 6.01805e+06 -1.30597e+06 -3860.16 3112.35 5834.26 422005
2.64632e+06 6.19091e+06 -953188 -4070.84 2647.29 5920.57 421784
2.39621e+06 6.33549e+06 -596041 -4262.97 2170.04 5979.77 421529
2.13515e+06 6.45111e+06 -236163 -4435.66 1682.77 6011.58 421239
1.86433e+06 6.53726e+06 124797 -4588.1 1187.74 6015.84 420916
1.585e+06 6.59353e+06 485185 -4719.59 687.204 5992.52 420561
1.29841e+06 6.61966e+06 843349 -4829.53 183.474 5941.72 420176
1.00589e+06 6.61553e+06 1.19765e+06 -4917.38 -321.134 5863.67 419763
708777 6.58116e+06 1.54645e+06 -4982.77 -824.301 5758.74 419326
408418 6.51669e+06 1.88817e+06 -5025.37 -1323.71 5627.39 418866
106192 6.42243e+06 2.22122e+06 -5044.99 -1817.08 5470.25 418387
-196520 6.29881e+06 2.54409e+06 -5041.55 -2302.12 5288.02 417894
-498333 6.14639e+06 2.8553e+06 -5015.06 -2776.63 5081.56 417388
-797868 5.96587e+06 3.15342e+06 -4965.64 -3238.42 4851.81 416876
-1.09376e+06 5.75807e+06 3.43707e+06 -4893.52 -3685.39 4599.83 416360
-1.38464e+06 5.52396e+06 3.70497e+06 -4799.04 -4115.47 4326.78 415845
-1.6692e+06 5.26459e+06 3.95589e+06 -4682.63 -4526.71 4033.92 415335
-1.94613e+06 4.98117e+06 4.18868e+06 -4544.82 -4917.23 3722.6 414835
-2.21416e+06 4.67498e+06 4.40226e+06 -4386.26 -5285.25 3394.24 414348
-2.47208e+06 4.34742e+06 4.59567e+06 -4207.66 -5629.09 3050.34 413878
-2.7187e+06 4e+06 4.76802e+06 -4009.85 -5947.19 2692.49 413431
-2.9529e+06 3.6343e+06 4.91853e+06 -3793.73 -6238.1 2322.32 413008
-3.1736e+06 3.252e+06 5.04649e+06 -3560.28 -6500.51 1941.52 412614
-3.3798e+06 2.85484e+06 5.15133e+06 -3310.56 -6733.2 1551.82 412251
-3.57056e+06 2.44463e+06 5.23257e+06 -3045.72 -6935.14 1155.02 411922
-3.74501e+06 2.02325e+06 5.28983e+06 -2766.96 -7105.39 752.907 411630
-3.90235e+06 1.59263e+06 5.32285e+06 -2475.54 -7243.19 347.327 411376
-4.04185e+06 1.15473e+06 5.33147e+06 -2172.78 -7347.89 -59.8739 411161
-4.16288e+06 711556 5.31567e+06 -1860.07 -7419.02 -466.837 410987
-4.26489e+06 265128 5.27549e+06 -1538.81 -7456.24 -871.706 410854
-4.3474e+06 -182512 5.21114e+06 -1210.49 -7459.39 -1272.63 410763
-4.41003e+06 -629317 5.12289e+06 -876.576 -7428.43 -1667.78 410713
-4.45251e+06 -1.07324e+06 5.01116e+06 -538.601 -7363.5 -2055.36 410704
-4.47462e+06 -1.51226e+06 4.87644e+06 -198.101 -7264.88 -2433.57 410735
-4.47626e+06 -1.94436e+06 4.71935e+06 143.371 -7133 -2800.7 410804
-4.45742e+06 -2.36757e+06 4.54061e+06 484.258 -6968.47 -3155.05 410909
-4.41819e+06 -2.77994e+06 4.34103e+06 822.999 -6772.01 -3495 411049
-4.35874e+06 -3.17959e+06 4.12153e+06 1158.05 -6544.51 -3818.98 411222
-4.27933e+06 -3.56468e+06 3.8831e+06 1487.86 -6287 -4125.49 411423
-4.18033e+06 -3.93345e+06 3.62685e+06 1810.93 -6000.64 -4413.12 411652
-4.06218e+06 -4.28421e+06 3.35394e+06 2125.76 -5686.75 -4680.53 411904
-3.92543e+06 -4.61534e+06 3.06561e+06 2430.91 -5346.75 -4926.49 412178
-3.77069e+06 -4.92533e+06 2.76321e+06 2724.97 -4982.2 -5149.85 412469
-3.59868e+06 -5.21275e+06 2.44811e+06 3006.58 -4594.78 -5349.57 412775
-3.41018e+06 -5.47628e+06 2.12175e+06 3274.45 -4186.26 -5524.73 413093
-3.20605e+06 -5.71471e+06 1.78565e+06 3527.32 -3758.52 -5674.51 413420
-2.98722e+06 -5.92696e+06 1.44133e+06 3764.04 -3313.53 -5798.22 413753
-2.75471e+06 -6.11203e+06 1.09039e+06 3983.51 -2853.36 -5895.27 414090
-2.50957e+06 -6.2691e+06 734440 4184.72 -2380.12 -5965.23 414428
-2.25293e+06 -6.39743e+06 375113 4366.74 -1896.01 -6007.77 414765
-1.98596e+06 -6.49645e+06 14060.4 4528.72 -1403.25 -6022.69 415099
-1.7099e+06 -6.56569e+06 -347057 4669.94 -904.143 -6009.94 415429
-1.426e+06 -6.60486e+06 -706580 4789.73 -400.981 -5969.58 415753
-1.13557e+06 -6.61378e+06 -1.06286e+06 4887.57 103.905 -5901.8 416069
-839936 -6.59241e+06 -1.41425e+06 4963 608.187 -5806.95 416378
-540461 -6.54085e+06 -1.75916e+06 5015.69 1109.54 -5685.46 416678
-238512 -6.45937e+06 -2.09599e+06 5045.42 1605.65 -5537.92 416970
64527.4 -6.34833e+06 -2.4232e+06 5052.06 2094.25 -5365.03 417253
367272 -6.20825e+06 -2.7393e+06 5035.59 2573.1 -5167.59 417527
668338 -6.03979e+06 -3.04284e+06 4996.11 3040 -4946.55 417793
966349 -5.84373e+06 -3.33244e+06 4933.83 3492.83 -4702.92 418051
1.25995e+06 -5.62098e+06 -3.60676e+06 4849.03 3929.52 -4437.85 418302
1.54779e+06 -5.37255e+06 -3.86457e+06 4742.13 4348.1 -4152.57 418547
1.82857e+06 -5.0996e+06 -4.10469e+06 4613.63 4746.67 -3848.4 418785
2.10101e+06 -4.80339e+06 -4.32603e+06 4464.14 5123.42 -3526.74 419019
2.36386e+06 -4.48526e+06 -4.52758e+06 4294.35 5476.67 -3189.08 419248
2.61594e+06 -4.14669e+06 -4.70843e+06 4105.04 5804.83 -2836.96 419474
2.85609e+06 -3.78922e+06 -4.86776e+06 3897.09 6106.42 -2471.99 419696
3.08323e+06 -3.41448e+06 -5.00485e+06 3671.46 6380.1 -2095.85 419915
3.29633e+06 -3.02419e+06 -5.11907e+06 3429.16 6624.64 -1710.24 420131
3.49442e+06 -2.62013e+06 -5.20992e+06 3171.32 6838.96 -1316.93 420345
3.67661e+06 -2.20414e+06 -5.27699e+06 2899.1 7022.1 -917.683 420557
3.84205e+06 -1.77811e+06 -5.31996e+06 2613.73 7173.25 -514.322 420765
3.99002e+06 -1.344e+06 -5.33866e+06 2316.51 7291.74 -108.671 420970
4.11982e+06 -903769 -5.33299e+06 2008.77 7377.03 297.436 421170
4.23089e+06 -459426 -5.30299e+06 1691.91 7428.76 702.164 421365
4.3227e+06 -12993.5 -5.2488e+06 1367.36 7446.69 1103.68 421553
4.39484e+06 433498 -5.17065e+06 1036.58 7430.73 1500.17 421734
4.44699e+06 878018 -5.06891e+06 701.053 7380.96 1889.85 421904
4.47891e+06 1.31854e+06 -4.94404e+06 362.305 7297.6 2270.94 422063
4.49044e+06 1.75306e+06 -4.79661e+06 21.8599 7181 2641.72 422209
4.48153e+06 2.17961e+06 -4.62728e+06 -318.742 7031.7 3000.5 422339
4.45221e+06 2.59623e+06 -4.43682e+06 -657.961 6850.35 3345.65 422451
4.40263e+06 3.00102e+06 -4.2261e+06 -994.257 6637.76 3675.59 422544
4.33299e+06 3.39215e+06 -3.99608e+06 -1326.11 6394.88 3988.82 422614
4.24362e+06 3.76783e+06 -3.74781e+06 -1652 6122.81 4283.91 422662
4.1349e+06 4.12633e+06 -3.48241e+06 -1970.45 5822.75 4559.5 422683
4.00734e+06 4.46602e+06 -3.20108e+06 -2280.01 5496.07 4814.32 422678
3.86151e+06 4.78535e+06 -2.90513e+06 -2579.27 5144.23 5047.21 422643
3.69806e+06 5.08286e+06 -2.59588e+06 -2866.85 4768.83 5257.07 422578
3.51774e+06 5.35718e+06 -2.27476e+06 -3141.43 4371.57 5442.94 422481
3.32137e+06 5.60705e+06 -1.94322e+06 -3401.75 3954.23 5603.96 422351
3.10984e+06 5.83132e+06 -1.60279e+06 -3646.62 3518.74 5739.36 422186
2.88411e+06 6.02897e+06 -1.25502e+06 -3874.9 3067.06 5848.52 421988
2.64521e+06 6.19909e+06 -901507 -4085.54 2601.26 5930.91 421754
2.39422e+06 6.34088e+06 -543859 -4277.56 2123.47 5986.14 421486
2.13229e+06 6.45371e+06 -183718 -4450.07 1635.89 6013.95 421184
1.86062e+06 6.53704e+06 177264 -4602.27 1140.75 6014.2 420848
1.58044e+06 6.59049e+06 537434 -4733.45 640.327 5986.88 420481
1.29304e+06 6.61382e+06 895140 -4843 136.923 5932.1 420085
999720 6.60691e+06 1.24874e+06 -4930.43 -367.146 5850.12 419661
701835 6.56979e+06 1.59662e+06 -4995.31 -869.564 5741.31 419212
400740 6.50264e+06 1.93717e+06 -5037.35 -1368.02 5606.17 418743
97813.2 6.40576e+06 2.26884e+06 -5056.37 -1860.22 5445.32 418255
-205561 6.27958e+06 2.59011e+06 -5052.26 -2343.91 5259.51 417753
-507996 6.1247e+06 2.8995e+06 -5025.05 -2816.87 5049.6 417240
-808108 5.94182e+06 3.1956e+06 -4974.87 -3276.94 4816.54 416721
-1.10453e+06 5.73177e+06 3.47705e+06 -4901.95 -3721.99 4561.41 416200
-1.39589e+06 5.49552e+06 3.74255e+06 -4806.63 -4150 4285.39 415681
-1.68088e+06 5.23415e+06 3.9909e+06 -4689.34 -4559.01 3989.75 415167
-1.95819e+06 4.94886e+06 4.22096e+06 -4550.62 -4947.15 3675.84 414664
-2.22654e+06 4.64094e+06 4.43166e+06 -4391.12 -5312.65 3345.11 414176
-2.48472e+06 4.31182e+06 4.62206e+06 -4211.57 -5653.85 2999.07 413706
-2.73154e+06 3.963e+06 4.79128e+06 -4012.78 -5969.2 2639.31 413259
-2.96589e+06 3.59607e+06 4.93854e+06 -3795.66 -6257.26 2267.46 412838
-3.18668e+06 3.2127e+06 5.06317e+06 -3561.21 -6516.72 1885.24 412446
-3.39291e+06 2.81466e+06 5.16459e+06 -3310.48 -6746.4 1494.39 412087
-3.58363e+06 2.40375e+06 5.24236e+06 -3044.63 -6945.25 1096.68 411763
-3.75798e+06 1.98186e+06 5.29609e+06 -2764.86 -7112.38 693.932 411476
-3.91516e+06 1.55091e+06 5.32556e+06 -2472.44 -7247.02 287.984 411227
-4.05445e+06 1.11288e+06 5.33063e+06 -2168.69 -7348.54 -119.314 411019
-4.17521e+06 669762 5.31126e+06 -1855.01 -7416.48 -526.103 410853
-4.27688e+06 223581 5.26754e+06 -1532.81 -7450.53 -930.527 410728
-4.359e+06 -223621 5.19968e+06 -1203.56 -7450.53 -1330.74 410645
-4.4212e+06 -669801 5.10797e+06 -868.756 -7416.46 -1724.91 410604
-4.46317e+06 -1.11292e+06 4.99284e+06 -529.924 -7348.46 -2111.24 410604
-4.48474e+06 -1.55094e+06 4.85482e+06 -188.607 -7246.85 -2487.95 410644
-4.48579e+06 -1.98188e+06 4.69452e+06 153.64 -7112.06 -2853.33 410723
-4.46631e+06 -2.40374e+06 4.51268e+06 495.254 -6944.7 -3205.69 410839
-4.4264e+06 -2.8146e+06 4.31013e+06 834.672 -6745.52 -3543.41 410989
-4.36623e+06 -3.21258e+06 4.08779e+06 1170.34 -6515.42 -3864.93 411171
-4.28607e+06 -3.59586e+06 3.84669e+06 1500.72 -6255.45 -4168.78 411382
-4.18628e+06 -3.96266e+06 3.58792e+06 1824.29 -5966.77 -4453.54 411621
-4.06732e+06 -4.31132e+06 3.31267e+06 2139.57 -5650.71 -4717.89 411883
-3.92973e+06 -4.64023e+06 3.02221e+06 2445.09 -5308.71 -4960.62 412166
-3.77413e+06 -4.94788e+06 2.71785e+06 2739.46 -4942.33 -5180.59 412466
-3.60124e+06 -5.23285e+06 2.40101e+06 3021.31 -4553.26 -5376.78 412781
-3.41185e+06 -5.49385e+06 2.07313e+06 3289.34 -4143.28 -5548.27 413108
-3.20682e+06 -5.72967e+06 1.73573e+06 3542.32 -3714.29 -5694.28 413443
-2.9871e+06 -5.93923e+06 1.39034e+06 3779.06 -3268.26 -5814.12 413785
-2.75368e+06 -6.12156e+06 1.03857e+06 3998.49 -2807.25 -5907.23 414130
-2.50764e+06 -6.27584e+06 682020 4199.58 -2333.4 -5973.2 414476
-2.25011e+06 -6.40135e+06 322335 4381.42 -1848.88 -6011.7 414820
-1.98227e+06 -6.49754e+06 -38831.4 4543.15 -1355.95 -6022.57 415161
-1.70535e+06 -6.56395e+06 -399820 4684.05 -856.876 -6005.77 415498
-1.42062e+06 -6.60028e+06 -758972 4803.46 -353.976 -5961.38 415828
-1.12938e+06 -6.60639e+06 -1.11464e+06 4900.85 150.428 -5889.62 416151
-832966 -6.58225e+06 -1.46519e+06 4975.77 654.011 -5790.84 416465
-532741 -6.52797e+06 -1.80901e+06 5027.9 1154.45 -5665.5 416771
-230078 -6.44382e+06 -2.14453e+06 5057.01 1649.45 -5514.21 417068
73637.2 -6.33019e+06 -2.47021e+06 5062.98 2136.72 -5337.67 417356
377016 -6.18762e+06 -2.78456e+06 5045.79 2614.05 -5136.73 417635
678671 -6.01675e+06 -3.08615e+06 5005.55 3079.25 -4912.32 417906
977225 -5.81839e+06 -3.37359e+06 4942.46 3530.19 -4665.49 418168
1.27132e+06 -5.59345e+06 -3.64558e+06 4856.83 3964.83 -4397.39 418423
1.5596e+06 -5.34298e+06 -3.90087e+06 4749.06 4381.19 -4109.27 418672
1.84077e+06 -5.06812e+06 -4.13832e+06 4619.66 4777.39 -3802.46 418914
2.11354e+06 -4.77013e+06 -4.35682e+06 4469.24 5151.65 -3478.37 419151
2.37667e+06 -4.45039e+06 -4.55541e+06 4298.5 5502.27 -3138.51 419383
2.62897e+06 -4.11036e+06 -4.73316e+06 4108.23 5827.69 -2784.42 419611
2.86929e+06 -3.7516e+06 -4.88928e+06 3899.3 6126.44 -2417.72 419835
3.09653e+06 -3.37575e+06 -5.02307e+06 3672.68 6397.2 -2040.1 420056
3.30968e+06 -2.98452e+06 -5.13391e+06 3429.4 6638.74 -1653.27 420273
3.50775e+06 -2.57971e+06 -5.22131e+06 3170.57 6850 -1258.99 420488
3.68986e+06 -2.16315e+06 -5.28488e+06 2897.36 7030.04 -859.04 420699
3.85517e+06 -1.73674e+06 -5.32432e+06 2611.01 7178.05 -455.243 420907
4.00294e+06 -1.30243e+06 -5.33947e+06 2312.82 7293.38 -49.4219 421111
4.1325e+06 -862199 -5.33025e+06 2004.13 7375.52 356.587 421309
4.24325e+06 -418042 -5.29671e+06 1686.34 7424.1 760.949 421502
4.3347e+06 28016.7 -5.239e+06 1360.87 7438.9 1161.84 421687
4.40643e+06 473948 -5.15739e+06 1029.21 7419.85 1557.44 421863
4.45812e+06 917723 -5.05225e+06 692.833 7367.04 1945.96 422029
4.48951e+06 1.35732e+06 -4.92405e+06 353.269 7280.7 2325.65 422183
4.50047e+06 1.79074e+06 -4.77339e+06 12.0468 7161.2 2694.77 422323
4.49095e+06 2.21601e+06 -4.60093e+06 -329.29 7009.09 3051.66 422446
4.46099e+06 2.6312e+06 -4.40746e+06 -669.197 6825.03 3394.68 422551
4.41071e+06 3.0344e+06 -4.19387e+06 -1006.13 6609.85 3722.28 422635
4.34034e+06 3.42377e+06 -3.96113e+06 -1338.57 6364.5 4032.96 422697
4.2502e+06 3.79755e+06 -3.71029e+06 -1664.99 6090.09 4325.28 422735
4.14069e+06 4.15403e+06 -3.44249e+06 -1983.92 5787.85 4597.93 422747
4.01231e+06 4.49157e+06 -3.15895e+06 -2293.9 5459.14 4849.62 422730
3.86563e+06 4.80862e+06 -2.86098e+06 -2593.5 5105.44 5079.22 422685
3.70132e+06 5.10375e+06 -2.54991e+06 -2881.37 4728.35 5285.65 422608
3.52013e+06 5.37559e+06 -2.22718e+06 -3156.17 4329.58 5467.96 422499
3.32287e+06 5.6229e+06 -1.89426e+06 -3416.66 3910.93 5625.29 422356
3.11044e+06 5.84454e+06 -1.55266e+06 -3661.61 3474.31 5756.92 422180
2.88381e+06 6.0395e+06 -1.20395e+06 -3889.91 3021.72 5862.21 421969
2.64401e+06 6.20687e+06 -849730 -4100.5 2555.21 5940.68 421723
2.39212e+06 6.34589e+06 -491615 -4292.4 2076.92 5991.94 421442
2.12931e+06 6.45591e+06 -131247 -4464.72 1589.05 6015.74 421127
1.85677e+06 6.53643e+06 229723 -4616.66 1093.83 6011.98 420779
1.57573e+06 6.58707e+06 589639 -4747.52 593.552 5980.65 420400
1.2875e+06 6.6076e+06 946852 -4856.68 90.5025 5921.9 419992
993375 6.59792e+06 1.29972e+06 -4943.65 -413 5835.99 419558
694711 6.55808e+06 1.64664e+06 -5008.03 -914.64 5723.31 419099
392870 6.48825e+06 1.986e+06 -5049.5 -1412.11 5584.39 418620
89232.6 6.38875e+06 2.31625e+06 -5067.89 -1903.13 5419.86 418123
-214813 6.26005e+06 2.63588e+06 -5063.1 -2385.44 5230.49 417613
-517876 6.10272e+06 2.94343e+06 -5035.16 -2856.83 5017.13 417093
-818572 5.91749e+06 3.23748e+06 -4984.21 -3315.14 4780.79 416568
-1.11553e+06 5.70521e+06 3.51669e+06 -4910.46 -3758.26 4522.54 416041
-1.40738e+06 5.46684e+06 3.77977e+06 -4814.28 -4184.17 4243.57 415517
-1.6928e+06 5.20349e+06 4.02553e+06 -4696.1 -4590.93 3945.17 415001
-1.97048e+06 4.91635e+06 4.25283e+06 -4556.45 -4976.68 3628.71 414495
-2.23916e+06 4.60674e+06 4.46064e+06 -4396 -5339.65 3295.64 414006
-2.4976e+06 4.27608e+06 4.648e+06 -4215.47 -5678.2 2947.49 413536
-2.74463e+06 3.92588e+06 4.81407e+06 -4015.68 -5990.78 2585.85 413090
-2.97911e+06 3.55773e+06 4.95807e+06 -3797.55 -6275.98 2212.38 412670
-3.19999e+06 3.17333e+06 5.07935e+06 -3562.07 -6532.49 1828.78 412281
-3.40624e+06 2.77443e+06 5.17736e+06 -3310.32 -6759.15 1436.79 411926
-3.59692e+06 2.36285e+06 5.25163e+06 -3043.44 -6954.92 1038.22 411606
-3.77117e+06 1.94048e+06 5.30185e+06 -2762.64 -7118.92 634.879 411324
-3.92819e+06 1.50923e+06 5.32776e+06 -2469.21 -7250.4 228.603 411082
-4.06725e+06 1.07109e+06 5.32926e+06 -2164.46 -7348.75 -178.751 410881
-4.18772e+06 628056 5.30633e+06 -1849.79 -7413.51 -585.326 410722
-4.28906e+06 182149 5.25907e+06 -1526.63 -7444.4 -989.264 410605
-4.37078e+06 -264591 5.1877e+06 -1196.44 -7441.25 -1388.72 410530
-4.43252e+06 -710120 5.09255e+06 -860.734 -7404.08 -1781.87 410498
-4.47399e+06 -1.1524e+06 4.97404e+06 -521.034 -7333.03 -2166.92 410507
-4.49499e+06 -1.58941e+06 4.83272e+06 -178.888 -7228.44 -2542.1 410557
-4.49544e+06 -2.01915e+06 4.66922e+06 164.142 -7090.75 -2905.69 410645
-4.47531e+06 -2.43965e+06 4.4843e+06 506.492 -6920.59 -3256.01 410771
-4.4347e+06 -2.84899e+06 4.2788e+06 846.593 -6718.71 -3591.47 410931
-4.37379e+06 -3.24528e+06 4.05365e+06 1182.89 -6486.04 -3910.51 411123
-4.29286e+06 -3.62672e+06 3.80989e+06 1513.84 -6223.61 -4211.66 411344
-4.19227e+06 -3.99155e+06 3.54864e+06 1837.92 -5932.64 -4493.52 411592
-4.07248e+06 -4.33809e+06 3.27108e+06 2153.63 -5614.43 -4754.8 411864
-3.93403e+06 -4.66476e+06 2.9785e+06 2459.54 -5270.46 -4994.26 412156
-3.77756e+06 -4.97006e+06 2.67223e+06 2754.21 -4902.28 -5210.82 412465
-3.60378e+06 -5.25258e+06 2.35368e+06 3036.3 -4511.59 -5403.45 412789
-3.41348e+06 -5.51104e+06 2.02431e+06 3304.5 -4100.2 -5571.27 413125
-3.20754e+06 -5.74423e+06 1.68564e+06 3557.57 -3669.98 -5713.49 413468
-2.9869e+06 -5.9511e+06 1.33922e+06 3794.34 -3222.94 -5829.45 413818
-2.75257e+06 -6.13069e+06 986643 4013.72 -2761.12 -5918.61 414171
-2.50562e+06 -6.28218e+06 629530 4214.69 -2286.68 -5980.57 414524
-2.24719e+06 -6.40488e+06 269524 4396.33 -1801.79 -6015.04 414876
-1.97846e+06 -6.49823e+06 -91721.4 4557.81 -1308.71 -6021.86 415224
-1.70067e+06 -6.56181e+06 -452546 4698.37 -809.707 -6001.01 415567
-1.41509e+06 -6.59532e+06 -811291 4817.39 -307.1 -5952.6 415903
-1.12303e+06 -6.59863e+06 -1.16631e+06 4914.32 196.794 -5876.86 416232
-825822 -6.57173e+06 -1.51598e+06 4988.73 699.65 -5774.16 416552
-524837 -6.51474e+06 -1.85868e+06 5040.28 1199.15 -5644.99 416863
-221450 -6.42794e+06 -2.19286e+06 5068.75 1693 -5489.95 417166
82949.2 -6.31174e+06 -2.51697e+06 5074.03 2178.93 -5309.79 417458
386970 -6.16668e+06 -2.82955e+06 5056.12 2654.71 -5105.36 417742
689221 -5.99342e+06 -3.12915e+06 5015.1 3118.18 -4877.6 418017
988324 -5.79278e+06 -3.41441e+06 4951.19 3567.22 -4627.59 418284
1.28291e+06 -5.56569e+06 -3.68404e+06 4864.7 3999.78 -4356.49 418543
1.57164e+06 -5.31318e+06 -3.9368e+06 4756.04 4413.91 -4065.56 418796
1.8532e+06 -5.03642e+06 -4.17154e+06 4625.72 4807.74 -3756.14 419041
2.12631e+06 -4.73669e+06 -4.38719e+06 4474.36 5179.48 -3429.66 419281
2.38972e+06 -4.41536e+06 -4.58278e+06 4302.65 5527.46 -3087.63 419516
2.64224e+06 -4.0739e+06 -4.75743e+06 4111.4 5850.13 -2731.6 419746
2.88271e+06 -3.71388e+06 -4.91033e+06 3901.48 6146.04 -2363.22 419972
3.11006e+06 -3.33694e+06 -5.0408e+06 3673.86 6413.86 -1984.15 420194
3.32324e+06 -2.9448e+06 -5.14825e+06 3429.57 6652.4 -1596.13 420413
3.5213e+06 -2.53926e+06 -5.23219e+06 3169.73 6860.6 -1200.92 420628
3.70332e+06 -2.12215e+06 -5.29225e+06 2895.51 7037.54 -800.312 420839
3.8685e+06 -1.69539e+06 -5.32816e+06 2608.16 7182.41 -396.117 421047
4.01607e+06 -1.26092e+06 -5.33975e+06 2308.99 7294.59 9.83489 421249
4.14537e+06 -820707 -5.32698e+06 1999.33 7373.58 415.707 421446
4.2558e+06 -376761 -5.2899e+06 1680.59 7419.01 819.665 421636
4.34688e+06 68898.9 -5.22869e+06 1354.2 7430.69 1219.88 421818
4.41819e+06 514245 -5.14363e+06 1021.64 7408.56 1614.55 421991
4.46939e+06 957252 -5.03509e+06 684.405 7352.73 2001.89 422152
4.50025e+06 1.3959e+06 -4.90358e+06 344.013 7263.42 2380.13 422301
4.51064e+06 1.8282e+06 -4.74969e+06 2.0039 7141.05 2747.57 422434
4.50049e+06 2.25218e+06 -4.57413e+06 -340.077 6986.14 3102.53 422550
4.46986e+06 2.6659e+06 -4.37767e+06 -680.681 6799.39 3443.4 422648
4.41887e+06 3.06748e+06 -4.16123e+06 -1018.26 6581.63 3768.62 422724
4.34776e+06 3.4551e+06 -3.92578e+06 -1351.29 6333.83 4076.7 422777
4.25684e+06 3.82697e+06 -3.6724e+06 -1678.25 6057.11 4366.24 422806
4.14652e+06 4.1814e+06 -3.40223e+06 -1997.66 5752.71 4635.91 422807
4.0173e+06 4.51676e+06 -3.11651e+06 -2308.05 5422 4884.46 422781
3.86976e+06 4.83154e+06 -2.81654e+06 -2608.01 5066.46 5110.75 422724
3.70457e+06 5.12428e+06 -2.50369e+06 -2896.16 4687.71 5313.72 422636
3.52248e+06 5.39363e+06 -2.17938e+06 -3171.19 4287.46 5492.45 422515
3.32432e+06 5.63838e+06 -1.84509e+06 -3431.82 3867.53 5646.09 422360
3.11098e+06 5.85738e+06 -1.50236e+06 -3676.86 3429.82 5773.92 422172
2.88343e+06 6.04964e+06 -1.15275e+06 -3905.17 2976.34 5875.34 421948
2.64271e+06 6.21427e+06 -797862 -4115.7 2509.14 5949.86 421689
2.38992e+06 6.35051e+06 -439315 -4307.47 2030.39 5997.15 421396
2.12621e+06 6.45773e+06 -78754.2 -4479.6 1542.26 6016.95 421069
1.85278e+06 6.53543e+06 282167 -4631.27 1047 6009.17 420709
1.57088e+06 6.58327e+06 641795 -4761.8 546.884 5973.84 420319
1.2818e+06 6.60101e+06 998481 -4870.56 44.2181 5911.12 419899
986854 6.58857e+06 1.35059e+06 -4957.07 -458.689 5821.29 419454
687401 6.54601e+06 1.6965e+06 -5020.92 -959.524 5704.76 418985
384804 6.47352e+06 2.03464e+06 -5061.8 -1455.99 5562.07 418496
80447.2 6.37142e+06 2.36344e+06 -5079.55 -1945.79 5393.87 417991
-224277 6.2402e+06 2.68141e+06 -5074.07 -2426.7 5200.94 417473
-527976 6.08044e+06 2.98708e+06 -5045.38 -2896.49 4984.18 416947
-829262 5.89288e+06 3.27905e+06 -4993.63 -3353.02 4744.56 416415
-1.12676e+06 5.67839e+06 3.55599e+06 -4919.05 -3794.2 4483.22 415883
-1.4191e+06 5.43793e+06 3.81662e+06 -4821.99 -4218 4201.33 415355
-1.70495e+06 5.17261e+06 4.05976e+06 -4702.89 -4622.49 3900.21 414836
-1.98302e+06 4.88365e+06 4.28429e+06 -4562.31 -5005.82 3581.23 414328
-2.25201e+06 4.57237e+06 4.48918e+06 -4400.88 -5366.25 3245.85 413838
-2.51072e+06 4.24019e+06 4.6735e+06 -4219.35 -5702.13 2895.62 413368
-2.75795e+06 3.88864e+06 4.83639e+06 -4018.54 -6011.94 2532.14 412923
-2.99258e+06 3.51931e+06 4.97712e+06 -3799.39 -6294.26 2157.07 412505
-3.21353e+06 3.1339e+06 5.09504e+06 -3562.87 -6547.82 1772.12 412119
-3.4198e+06 2.73417e+06 5.18961e+06 -3310.07 -6771.45 1379.05 411767
-3.61043e+06 2.32195e+06 5.2604e+06 -3042.15 -6964.15 979.656 411452
-3.78457e+06 1.89911e+06 5.30708e+06 -2760.31 -7125.02 575.755 411176
-3.94142e+06 1.4676e+06 5.32944e+06 -2465.84 -7253.34 169.191 410940
-4.08025e+06 1.02937e+06 5.32737e+06 -2160.07 -7348.52 -238.18 410745
-4.20043e+06 586445 5.30088e+06 -1844.4 -7410.11 -644.5 410594
-4.30141e+06 140837 5.25009e+06 -1520.26 -7437.83 -1047.91 410485
-4.38272e+06 -305415 5.17522e+06 -1189.13 -7431.55 -1446.58 410419
-4.44399e+06 -750270 5.07663e+06 -852.506 -7391.29 -1838.67 410395
-4.48494e+06 -1.19169e+06 4.95475e+06 -511.926 -7317.21 -2222.4 410414
-4.50538e+06 -1.62767e+06 4.81015e+06 -168.942 -7209.65 -2596 410473
-4.5052e+06 -2.05619e+06 4.64347e+06 174.882 -7069.08 -2957.76 410571
-4.48441e+06 -2.47531e+06 4.45548e+06 517.975 -6896.13 -3306.03 410706
-4.44309e+06 -2.88309e+06 4.24705e+06 858.767 -6691.58 -3639.19 410875
-4.38143e+06 -3.27768e+06 4.01911e+06 1195.7 -6456.35 -3955.71 411077
-4.29971e+06 -3.65726e+06 3.77272e+06 1527.22 -6191.51 -4254.13 411308
-4.1983e+06 -4.0201e+06 3.50901e+06 1851.81 -5898.26 -4533.07 411566
-4.07766e+06 -4.36451e+06 3.22917e+06 2167.97 -5577.94 -4791.23 411847
-3.93834e+06 -4.68894e+06 2.9345e+06 2474.25 -5232.01 -5027.42 412148
-3.78098e+06 -4.99187e+06 2.62634e+06 2769.24 -4862.06 -5240.54 412466
-3.60629e+06 -5.27194e+06 2.30612e+06 3051.56 -4469.79 -5429.6 412799
-3.41507e+06 -5.52784e+06 1.97529e+06 3319.92 -4057 -5593.71 413143
-3.2082e+06 -5.7584e+06 1.63538e+06 3573.08 -3625.59 -5732.13 413495
-2.98663e+06 -5.96258e+06 1.28796e+06 3809.87 -3177.56 -5844.2 413852
-2.75137e+06 -6.13942e+06 934617 4029.19 -2714.97 -5929.41 414212
-2.5035e+06 -6.28812e+06 576977 4230.04 -2239.97 -5987.36 414573
-2.24415e+06 -6.40801e+06 216685 4411.48 -1754.74 -6017.78 414932
-1.97452e+06 -6.49853e+06 -144604 4572.68 -1261.54 -6020.55 415286
-1.69585e+06 -6.55928e+06 -505229 4712.91 -762.643 -5995.66 415636
-1.40941e+06 -6.58998e+06 -863533 4831.52 -260.357 -5943.23 415978
-1.11651e+06 -6.5905e+06 -1.21787e+06 4927.98 242.997 -5863.52 416313
-818500 -6.56085e+06 -1.56662e+06 5001.85 745.097 -5756.91 416639
-516745 -6.50116e+06 -1.90817e+06 5052.81 1243.63 -5623.91 416955
-212626 -6.41173e+06 -2.24097e+06 5080.64 1736.31 -5465.16 417262
92466.5 -6.29297e+06 -2.56349e+06 5085.22 2220.86 -5281.39 417560
397136 -6.14543e+06 -2.87426e+06 5066.56 2695.08 -5073.49 417849
699990 -5.96981e+06 -3.17185e+06 5024.75 3156.8 -4842.41 418128
999647 -5.76691e+06 -3.4549e+06 4960 3603.91 -4589.25 418399
1.29474e+06 -5.53767e+06 -3.72214e+06 4872.64 4034.38 -4315.17 418662
1.58392e+06 -5.28316e+06 -3.97233e+06 4763.07 4446.26 -4021.46 418918
1.86587e+06 -5.00453e+06 -4.20435e+06 4631.81 4837.69 -3709.46 419167
2.13932e+06 -4.70308e+06 -4.41713e+06 4479.49 5206.91 -3380.62 419410
2.403e+06 -4.38018e+06 -4.60971e+06 4306.8 5552.25 -3036.45 419647
2.65574e+06 -4.03732e+06 -4.78123e+06 4114.55 5872.16 -2678.53 419879
2.89638e+06 -3.67606e+06 -4.9309e+06 3903.62 6165.21 -2308.48 420107
3.12382e+06 -3.29805e+06 -5.05804e+06 3674.97 6430.09 -1928.01 420331
3.33704e+06 -2.90503e+06 -5.16208e+06 3429.66 6665.63 -1538.84 420551
3.53507e+06 -2.49879e+06 -5.24256e+06 3168.79 6870.77 -1142.74 420766
3.71701e+06 -2.08117e+06 -5.29911e+06 2893.55 7044.59 -741.505 420978
3.88203e+06 -1.65408e+06 -5.33147e+06 2605.19 7186.34 -336.95 421184
4.02939e+06 -1.21946e+06 -5.33951e+06 2305.02 7295.37 69.0934 421385
4.15842e+06 -779297 -5.32319e+06 1994.37 7371.2 474.79 421580
4.26854e+06 -335588 -5.28258e+06 1674.67 7413.5 878.305 421768
4.35923e+06 109648 -5.21787e+06 1347.35 7422.07 1277.82 421947
4.4301e+06 554386 -5.12936e+06 1013.88 7396.88 1671.52 422116
4.4808e+06 996601 -5.01744e+06 675.764 7338.03 2057.63 422272
4.51112e+06 1.43428e+06 -4.88263e+06 334.534 7245.78 2434.39 422415
4.52092e+06 1.86543e+06 -4.72554e+06 -8.27241 7120.53 2800.11 422543
4.51013e+06 2.2881e+06 -4.54687e+06 -351.106 6962.85 3153.11 422652
4.47881e+06 2.70034e+06 -4.34745e+06 -692.415 6773.43 3491.78 422742
4.4271e+06 3.10029e+06 -4.12818e+06 -1030.65 6553.11 3814.59 422811
4.35523e+06 3.48612e+06 -3.89005e+06 -1364.28 6302.89 4120.06 422855
4.26351e+06 3.85606e+06 -3.63414e+06 -1691.78 6023.88 4406.79 422874
4.15237e+06 4.20843e+06 -3.36163e+06 -2011.67 5717.35 4673.45 422866
4.02229e+06 4.54162e+06 -3.07376e+06 -2322.48 5384.65 4918.83 422828
3.87388e+06 4.8541e+06 -2.77182e+06 -2622.79 5027.31 5141.78 422761
3.7078e+06 5.14443e+06 -2.45721e+06 -2911.23 4646.92 5341.28 422661
3.5248e+06 5.4113e+06 -2.13136e+06 -3186.47 4245.22 5516.41 422529
3.32571e+06 5.65347e+06 -1.79575e+06 -3447.25 3824.03 5666.33 422362
3.11144e+06 5.86983e+06 -1.45192e+06 -3692.37 3385.26 5790.35 422161
2.88296e+06 6.05939e+06 -1.10143e+06 -3920.69 2930.92 5887.89 421925
2.64131e+06 6.22127e+06 -745908 -4131.15 2463.08 5958.47 421654
2.3876e+06 6.35473e+06 -386963 -4322.79 1983.88 6001.77 421349
2.12297e+06 6.45915e+06 -26245.4 -4494.71 1495.52 6017.57 421010
1.84864e+06 6.53406e+06 334593 -4646.1 1000.24 6005.78 420638
1.56586e+06 6.57909e+06 693897 -4776.28 500.328 5966.45 420236
1.27593e+06 6.59405e+06 1.05002e+06 -4884.64 -1.9249 5899.77 419806
980155 6.57886e+06 1.40133e+06 -4970.67 -504.208 5806.02 419350
679901 6.53359e+06 1.74621e+06 -5033.97 -1004.21 5685.65 418871
376539 6.45845e+06 2.08308e+06 -5074.26 -1499.64 5539.2 418373
71453.9 6.35377e+06 2.41041e+06 -5091.35 -1988.21 5367.35 417860
-233958 6.22004e+06 2.72667e+06 -5085.15 -2467.68 5170.89 417334
-538299 6.05788e+06 3.03044e+06 -5055.71 -2935.86 4950.73 416801
-840180 5.86801e+06 3.32031e+06 -5003.14 -3390.59 4707.87 416264
-1.13822e+06 5.65132e+06 3.59495e+06 -4927.71 -3829.79 4443.45 415727
-1.43105e+06 5.40878e+06 3.85311e+06 -4829.75 -4251.46 4158.67 415195
-1.71735e+06 5.14153e+06 4.09361e+06 -4709.72 -4653.67 3854.85 414672
-1.99579e+06 4.85077e+06 4.31534e+06 -4568.17 -5034.58 3533.38 414163
-2.26511e+06 4.53784e+06 4.51729e+06 -4405.75 -5392.45 3195.73 413672
-2.52408e+06 4.20417e+06 4.69854e+06 -4223.21 -5725.65 2843.46 413202
-2.77151e+06 3.85129e+06 4.85825e+06 -4021.37 -6032.67 2478.17 412758
-3.00628e+06 3.4808e+06 4.99569e+06 -3801.16 -6312.12 2101.54 412343
-3.2273e+06 3.09441e+06 5.11024e+06 -3563.59 -6562.71 1715.29 411960
-3.43358e+06 2.69388e+06 5.20137e+06 -3309.73 -6783.31 1321.17 411612
-3.62417e+06 2.28103e+06 5.26866e+06 -3040.75 -6972.92 920.985 411302
-3.79819e+06 1.85776e+06 5.3118e+06 -2757.85 -7130.67 516.566 411031
-3.95486e+06 1.426e+06 5.3306e+06 -2462.33 -7255.84 109.754 410801
-4.09345e+06 987725 5.32496e+06 -2155.53 -7347.85 -297.595 410613
-4.21332e+06 544933 5.29491e+06 -1838.85 -7406.27 -703.62 410469
-4.31394e+06 99649.6 5.24059e+06 -1513.72 -7430.85 -1106.47 410368
-4.39483e+06 -346089 5.16224e+06 -1181.62 -7421.44 -1504.3 410310
-4.45562e+06 -790245 5.06021e+06 -844.067 -7378.1 -1895.29 410296
-4.49604e+06 -1.23079e+06 4.93498e+06 -502.596 -7301 -2277.66 410323
-4.51589e+06 -1.6657e+06 4.7871e+06 -158.764 -7190.49 -2649.65 410392
-4.51508e+06 -2.09299e+06 4.61726e+06 185.862 -7047.05 -3009.56 410499
-4.4936e+06 -2.5107e+06 4.42623e+06 529.706 -6871.34 -3355.72 410644
-4.45156e+06 -2.91692e+06 4.21488e+06 871.195 -6664.13 -3686.56 410823
-4.38914e+06 -3.30978e+06 3.98418e+06 1208.76 -6426.37 -4000.53 411034
-4.30662e+06 -3.68749e+06 3.73518e+06 1540.86 -6159.13 -4296.19 411275
-4.20437e+06 -4.04831e+06 3.46903e+06 1865.97 -5863.63 -4572.18 411542
-4.08287e+06 -4.39059e+06 3.18694e+06 2182.58 -5541.22 -4827.2 411832
-3.94266e+06 -4.71275e+06 2.89021e+06 2489.24 -5193.37 -5060.09 412142
-3.78439e+06 -5.01332e+06 2.58019e+06 2784.53 -4821.67 -5269.75 412469
-3.60877e+06 -5.29091e+06 2.25832e+06 3067.09 -4427.85 -5455.21 412811
-3.41662e+06 -5.54425e+06 1.92607e+06 3335.61 -4013.69 -5615.61 413163
-3.20881e+06 -5.77218e+06 1.58496e+06 3588.86 -3581.13 -5750.21 413523
-2.98628e+06 -5.97366e+06 1.23657e+06 3825.66 -3132.14 -5858.38 413888
-2.75008e+06 -6.14775e+06 882498 4044.92 -2668.81 -5939.62 414255
-2.50127e+06 -6.29367e+06 524365 4245.63 -2193.28 -5993.55 414623
-2.24099e+06 -6.41075e+06 163822 4426.86 -1707.74 -6019.94 414988
-1.97045e+06 -6.49844e+06 -197474 4587.78 -1214.45 -6018.66 415349
-1.69088e+06 -6.55637e+06 -557863 4727.66 -715.689 -5989.72 415705
-1.40356e+06 -6.58426e+06 -915690 4845.85 -213.754 -5933.28 416053
-1.10982e+06 -6.582e+06 -1.26931e+06 4941.83 289.031 -5849.61 416393
-810998 -6.54961e+06 -1.61711e+06 5015.15 790.348 -5739.1 416725
-508462 -6.48724e+06 -1.95748e+06 5065.51 1287.89 -5602.29 417047
-203601 -6.39518e+06 -2.28887e+06 5092.67 1779.37 -5439.83 417359
102192 -6.27388e+06 -2.60976e+06 5096.54 2262.53 -5252.48 417661
407517 -6.12389e+06 -2.91869e+06 5077.11 2735.16 -5041.12 417954
710981 -5.94592e+06 -3.21423e+06 5034.49 3195.1 -4806.75 418238
1.0112e+06 -5.74078e+06 -3.49506e+06 4968.89 3640.26 -4550.45 418513
1.30679e+06 -5.50942e+06 -3.75987e+06 4880.63 4068.62 -4273.43 418779
1.59643e+06 -5.25292e+06 -4.00748e+06 4770.14 4478.24 -3976.96 419039
1.87878e+06 -4.97244e+06 -4.23675e+06 4637.93 4867.26 -3662.42 419291
2.15256e+06 -4.66929e+06 -4.44664e+06 4484.63 5233.94 -3331.25 419536
2.41652e+06 -4.34485e+06 -4.63619e+06 4310.94 5576.61 -2984.98 419776
2.66948e+06 -4.00061e+06 -4.80456e+06 4117.67 5893.76 -2625.19 420011
2.91027e+06 -3.63814e+06 -4.95098e+06 3905.71 6183.95 -2253.52 420240
3.13781e+06 -3.2591e+06 -5.07478e+06 3676.02 6445.89 -1871.68 420466
3.35106e+06 -2.86522e+06 -5.17541e+06 3429.66 6678.41 -1481.4 420686
3.54906e+06 -2.4583e+06 -5.25242e+06 3167.75 6880.49 -1084.45 420902
3.7309e+06 -2.04019e+06 -5.30545e+06 2891.48 7051.21 -682.624 421113
3.89577e+06 -1.6128e+06 -5.33427e+06 2602.09 7189.82 -277.748 421319
4.04292e+06 -1.17806e+06 -5.33875e+06 2300.9 7295.71 128.348 421519
4.17167e+06 -737975 -5.31888e+06 1989.26 7368.4 533.829 421712
4.28145e+06 -294527 -5.27474e+06 1668.58 7407.57 936.864 421897
4.37175e+06 150260 -5.20654e+06 1340.3 7413.05 1335.63 422073
4.44216e+06 594364 -5.11459e+06 1005.91 7384.8 1728.32 422238
4.49236e+06 1.03576e+06 -4.9993e+06 666.908 7322.94 2113.17 422390
4.52213e+06 1.47245e+06 -4.8612e+06 324.829 7227.76 2488.42 422528
4.53131e+06 1.90244e+06 -4.70092e+06 -18.7855 7099.66 2852.38 422649
4.51987e+06 2.32376e+06 -4.51917e+06 -362.381 6939.22 3203.38 422752
4.48786e+06 2.73451e+06 -4.3168e+06 -704.402 6747.15 3539.84 422834
4.43541e+06 3.13281e+06 -4.09472e+06 -1043.3 6524.3 3860.21 422894
4.36276e+06 3.51683e+06 -3.85393e+06 -1377.53 6271.68 4163.03 422930
4.27023e+06 3.88483e+06 -3.59553e+06 -1705.58 5990.41 4446.9 422940
4.15824e+06 4.23513e+06 -3.3207e+06 -2025.95 5681.75 4710.54 422922
4.0273e+06 4.56612e+06 -3.0307e+06 -2337.18 5347.11 4952.72 422874
3.87799e+06 4.8763e+06 -2.72683e+06 -2637.84 4987.98 5172.32 422795
3.711e+06 5.16422e+06 -2.41049e+06 -2926.57 4605.99 5368.33 422685
3.52707e+06 5.42859e+06 -2.08312e+06 -3202.03 4202.87 5539.83 422541
3.32704e+06 5.66818e+06 -1.74622e+06 -3462.95 3780.45 5686.03 422362
3.11183e+06 5.8819e+06 -1.40132e+06 -3708.14 3340.65 5806.23 422149
2.8824e+06 6.06875e+06 -1.05e+06 -3936.46 2885.47 5899.87 421901
2.63981e+06 6.22789e+06 -693872 -4146.85 2417.01 5966.51 421618
2.38516e+06 6.35857e+06 -334566 -4338.34 1937.4 6005.81 421300
2.11961e+06 6.4602e+06 26274.6 -4510.04 1448.84 6017.6 420949
1.84437e+06 6.5323e+06 386994 -4661.15 953.577 6001.8 420566
1.56069e+06 6.57454e+06 745940 -4790.98 453.891 5958.48 420153
1.26989e+06 6.58672e+06 1.10146e+06 -4898.91 -47.9211 5887.83 419712
973273 6.56879e+06 1.45194e+06 -4984.45 -549.552 5790.18 419245
672209 6.52082e+06 1.79576e+06 -5047.2 -1048.7 5665.97 418757
