59945.4-17432.7 18604.5 7254.07 -2.2402 -0.910979 -3.0363 20129.3
59945.9-21159.3 15958.6 831.291 -1.39226 -1.67017 -3.21411 20137.6
59946.4-18784.2 17948.5 5269.27 -1.99111 -1.16163 -3.12271 20131.5
59947.4-20003.8 17107.5 3175.21 -1.71635 -1.40946 -3.18274 20134.1
59948.4-19571.6 17445.6 3930.7 -1.818 -1.32029 -3.16466 20133.1
59948.9-18366.4 18193.8 5863.68 -2.06886 -1.08435 -3.1 20130.8
59949.4-20554.4 16620.8 2060.73 -1.56684 -1.53316 -3.20233 20135.7
59950.4-19895.1 17207.6 3312.46 -1.73749 -1.39013 -3.17981 20133.9
59951.4-23081.7 11326.1 -6539.98 -0.291113 -2.35064 -3.07119 20151.4
59952.4-20482.6 16699.1 2139.55 -1.58063 -1.52121 -3.20129 20135.5
59953.211429.9 9879.08 21807.2 -2.94628 2.48876 0.40838 20151
59953.621215 -16038.3 -676.256 1.366 1.68014 3.20469 20225.6
59954.4-21918.6 14865.8 -1361.44 -1.08784 -1.88792 -3.21041 20141.1
59954.621958.1 -14958.6 1291.45 1.08633 1.88094 3.2007 20222.4
59955.4-20687.2 16502.5 1647.75 -1.51608 -1.57258 -3.20756 20136.2
59955.9-20926.2 16245 1117.63 -1.44312 -1.62991 -3.21245 20137
59956.9-22331.8 14034 -2782.82 -0.881052 -2.02339 -3.19078 20143.6
59957.4-23042.3 11369.8 -6602.76 -0.290321 -2.35433 -3.06843 20151.5
59957.8-16657 18974.2 8070.11 -2.34573 -0.782957 -2.99215 20128.5
59958.3-16923.3 18885.2 7718.11 -2.30385 -0.829693 -3.01197 20128.8
59959.3-16994.3 18866 7608.7 -2.29122 -0.842828 -3.01794 20128.9
59960.3-19821.3 17306.4 3238.94 -1.73668 -1.38704 -3.1816 20133.9
