59945.6-40114.4 12771 3823.66 -0.96764 -2.82454 -0.701135 35893.4
59945.7-42249.1 1100.44 899.327 -0.0926374 -2.97191 -0.751311 35894.9
59946.6-35057.6 22751.9 6277.18 -1.7155 -2.47113 -0.600641 35884
59946.7-42248.7 1114.08 902.775 -0.0936606 -2.97188 -0.751289 35894.9
59947.327744.1 30798.5 7392.53 -2.31137 1.96351 0.531236 35728
59948.241499.4 6775.04 1106.25 -0.498863 2.94661 0.753593 35685.2
59948.7-42243.1 1280.11 944.742 -0.106115 -2.97153 -0.751017 35894.9
59949.241170 8490.53 1545.55 -0.628267 2.92272 0.749442 35686.6
59949.7-41205.5 -9250.91 -1737.61 0.6843 -2.89603 -0.743505 35888.8
59950.7-42191.6 -2598.95 -38.4329 0.184914 -2.96699 -0.75414 35893.5
59951.141514.1 -6371.13 -2223.39 0.492342 2.95143 0.740252 35680.8
59951.7-42245.7 -1473.66 247.354 0.100476 -2.97106 -0.753931 35894
59952.7-42252.3 -1262.16 301.017 0.0846069 -2.97157 -0.753828 35894.1
59953.6-37760.6 18270.8 5181.98 -1.37977 -2.66026 -0.653475 35889.3
59953.7-42266.3 -541.873 483.643 0.0305659 -2.97273 -0.753327 35894.4
59954.133505.3 -24546.4 -6708.86 1.86007 2.38782 0.577418 35694.9
59954.241044.4 9054.73 1690.29 -0.670828 2.91364 0.747767 35687.1
59954.7-40086.8 -13105 -2730.14 0.973867 -2.81639 -0.72759 35884.7
59955.242029.2 -1283.78 -942.528 0.108878 2.98656 0.754783 35681.2
59955.4-5525.14 40530.5 10346 -3.04681 -0.393456 -0.0548907 35815.3
59955.7-41498.3 -7908.35 -1393.28 0.583472 -2.91695 -0.747322 35890
59956.242054.4 456.256 -502.214 -0.0223167 2.98786 0.757037 35681.7
59956.7-42027.9 -4493.36 -520.619 0.327089 -2.95501 -0.753197 35892.4
59957.239705.9 13606.8 2862.81 -1.01425 2.81726 0.728403 35692.1
59957.7-37626.7 -18763.2 -4199.28 1.39937 -2.6419 -0.689649 35876.5
59958.49367.35 39876.3 9961.53 -2.99641 0.659408 0.211019 35777.5
59959.6-39391.5 14715.9 4305.62 -1.1134 -2.77415 -0.686231 35892.2
59959.7-41993.5 -4793.16 -597.053 0.349593 -2.95253 -0.752897 35892.3
