59945.6-40114.4 12771 3823.66 -0.96764 -2.82454 -0.701135 35893.4
59945.7-42249 1100.44 899.319 -0.092599 -2.97191 -0.751314 35894.8
59946.6-35065.4 22741 6272.85 -1.71469 -2.47165 -0.600866 35883.9
59946.7-42249.1 1100.98 897.413 -0.0926052 -2.97191 -0.751321 35894.8
59947.327723.9 30814.1 7398.81 -2.31266 1.96222 0.530749 35727.3
59948.241491.9 6810.84 1120.46 -0.501613 2.94626 0.753492 35684
59948.7-42244.6 1240.8 928.685 -0.103025 -2.97162 -0.751109 35894.9
59949.241158 8538.96 1564.98 -0.632014 2.92205 0.749231 35685.4
59949.7-41192.8 -9301.98 -1758.71 0.688349 -2.89515 -0.74322 35888.5
59950.7-42187.4 -2664.39 -65.2402 0.190049 -2.96667 -0.754103 35893.4
59951.141525.3 -6296.67 -2193.74 0.486659 2.95238 0.740717 35679.1
59951.7-42243 -1552.32 215.199 0.106632 -2.97084 -0.753948 35893.9
59952.7-42249.6 -1353.97 263.526 0.0917818 -2.97135 -0.753859 35894
59953.6-37811.1 18176.7 5144.46 -1.3725 -2.66366 -0.654971 35889.4
59953.7-42265.2 -646.874 440.834 0.0387608 -2.97261 -0.753412 35894.3
59954.133576.2 -24455 -6673.12 1.85322 2.39287 0.57955 35692.5
59954.241016.2 9167.26 1735.91 -0.679589 2.91184 0.747172 35685.9
59954.7-40046.5 -13216.9 -2776.34 0.982661 -2.81361 -0.726597 35884.3
59955.242032.4 -1155.57 -890.968 0.0989626 2.98695 0.75508 35679.6
59955.4-5663.75 40512.5 10340.6 -3.04554 -0.402882 -0.0587254 35815.1
59955.7-41471.5 -8037.11 -1446.22 0.593551 -2.91508 -0.746717 35889.7
59956.242051.7 597.745 -445.122 -0.0332834 2.98783 0.757182 35680.1
59956.7-42011.4 -4636.89 -579.449 0.338298 -2.95383 -0.752889 35892.3
59957.239650 13753 2922.62 -1.02567 2.81355 0.727064 35691
59957.7-37549.4 -18903 -4257.53 1.41038 -2.6366 -0.68765 35876
59958.49190.07 39913 9978.75 -2.9994 0.647335 0.206167 35777.3
59959.6-39462.8 14544.1 4236.5 -1.10008 -2.77893 -0.688372 35892.3
59959.7-41971 -4975.79 -671.949 0.36384 -2.95092 -0.75245 35892.1
