-4.22476e+07 -399636 -1.86021e+06 3.59123e+07
-4.22464e+07 -399624 -1.86016e+06 3.59111e+07
-4.22444e+07 -399605 -1.86007e+06 3.59091e+07
-4.22416e+07 -399579 -1.85995e+06 3.59063e+07
-4.2238e+07 -399545 -1.85979e+06 3.59027e+07
-4.22336e+07 -399503 -1.85959e+06 3.58983e+07
-4.22284e+07 -399454 -1.85936e+06 3.58931e+07
-4.22224e+07 -399397 -1.8591e+06 3.5887e+07
-4.22156e+07 -399332 -1.8588e+06 3.58802e+07
-4.22079e+07 -399260 -1.85846e+06 3.58726e+07
-4.21995e+07 -399181 -1.85809e+06 3.58642e+07
-4.21903e+07 -399093 -1.85769e+06 3.58549e+07
-4.21803e+07 -398999 -1.85725e+06 3.58449e+07
-4.21694e+07 -398896 -1.85677e+06 3.5834e+07
-4.21578e+07 -398786 -1.85626e+06 3.58224e+07
-4.21454e+07 -398668 -1.85571e+06 3.58099e+07
-4.21321e+07 -398543 -1.85512e+06 3.57967e+07
-4.21181e+07 -398410 -1.85451e+06 3.57826e+07
-4.21032e+07 -398269 -1.85385e+06 3.57677e+07
-4.20875e+07 -398121 -1.85316e+06 3.5752e+07
-4.20711e+07 -397965 -1.85244e+06 3.57356e+07
-4.20538e+07 -397802 -1.85168e+06 3.57183e+07
-4.20357e+07 -397631 -1.85088e+06 3.57001e+07
-4.20168e+07 -397452 -1.85005e+06 3.56812e+07
-4.19971e+07 -397266 -1.84918e+06 3.56615e+07
-4.19765e+07 -397071 -1.84827e+06 3.5641e+07
-4.19552e+07 -396870 -1.84734e+06 3.56196e+07
-4.19331e+07 -396660 -1.84636e+06 3.55974e+07
-4.19101e+07 -396443 -1.84535e+06 3.55744e+07
-4.18863e+07 -396218 -1.8443e+06 3.55506e+07
-4.18617e+07 -395985 -1.84322e+06 3.5526e+07
-4.18363e+07 -395745 -1.8421e+06 3.55006e+07
-4.18101e+07 -395497 -1.84095e+06 3.54743e+07
-4.17831e+07 -395241 -1.83976e+06 3.54473e+07
-4.17552e+07 -394978 -1.83853e+06 3.54194e+07
-4.17265e+07 -394706 -1.83727e+06 3.53907e+07
-4.1697e+07 -394427 -1.83597e+06 3.53611e+07
-4.16667e+07 -394140 -1.83463e+06 3.53308e+07
-4.16355e+07 -393846 -1.83326e+06 3.52996e+07
-4.16035e+07 -393543 -1.83185e+06 3.52676e+07
-4.15707e+07 -393233 -1.83041e+06 3.52347e+07
-4.15371e+07 -392915 -1.82893e+06 3.52011e+07
-4.15026e+07 -392589 -1.82741e+06 3.51666e+07
-4.14674e+07 -392255 -1.82586e+06 3.51313e+07
-4.14312e+07 -391913 -1.82426e+06 3.50951e+07
-4.13943e+07 -391564 -1.82264e+06 3.50581e+07
-4.13565e+07 -391206 -1.82097e+06 3.50203e+07
-4.13179e+07 -390841 -1.81927e+06 3.49816e+07
-4.12784e+07 -390467 -1.81753e+06 3.49421e+07
-4.12381e+07 -390086 -1.81576e+06 3.49017e+07
-4.11969e+07 -389697 -1.81395e+06 3.48606e+07
-4.11549e+07 -389300 -1.8121e+06 3.48185e+07
-4.11121e+07 -388895 -1.81021e+06 3.47757e+07
-4.10684e+07 -388481 -1.80829e+06 3.47319e+07
-4.10239e+07 -388060 -1.80633e+06 3.46874e+07
-4.09785e+07 -387631 -1.80433e+06 3.46419e+07
-4.09323e+07 -387194 -1.8023e+06 3.45956e+07
-4.08852e+07 -386748 -1.80022e+06 3.45485e+07
-4.08373e+07 -386295 -1.79811e+06 3.45005e+07
-4.07885e+07 -385833 -1.79596e+06 3.44517e+07
-4.07388e+07 -385363 -1.79378e+06 3.4402e+07
-4.06883e+07 -384885 -1.79155e+06 3.43514e+07
-4.06369e+07 -384399 -1.78929e+06 3.43e+07
-4.05847e+07 -383905 -1.78699e+06 3.42477e+07
-4.05315e+07 -383403 -1.78465e+06 3.41945e+07
-4.04775e+07 -382892 -1.78227e+06 3.41404e+07
-4.04227e+07 -382373 -1.77986e+06 3.40855e+07
-4.03669e+07 -381846 -1.7774e+06 3.40297e+07
-4.03103e+07 -381310 -1.77491e+06 3.3973e+07
-4.02528e+07 -380766 -1.77238e+06 3.39155e+07
-4.01944e+07 -380214 -1.76981e+06 3.38571e+07
-4.01352e+07 -379653 -1.7672e+06 3.37977e+07
-4.0075e+07 -379084 -1.76455e+06 3.37375e+07
-4.0014e+07 -378507 -1.76186e+06 3.36764e+07
-3.9952e+07 -377921 -1.75913e+06 3.36144e+07
-3.98892e+07 -377327 -1.75637e+06 3.35515e+07
-3.98255e+07 -376724 -1.75356e+06 3.34877e+07
-3.97608e+07 -376112 -1.75072e+06 3.3423e+07
-3.96953e+07 -375492 -1.74783e+06 3.33574e+07
-3.96289e+07 -374864 -1.7449e+06 3.32909e+07
-3.95615e+07 -374227 -1.74194e+06 3.32235e+07
-3.94932e+07 -373581 -1.73893e+06 3.31551e+07
-3.9424e+07 -372926 -1.73588e+06 3.30859e+07
-3.93539e+07 -372263 -1.7328e+06 3.30157e+07
-3.92829e+07 -371591 -1.72967e+06 3.29446e+07
-3.92109e+07 -370910 -1.7265e+06 3.28725e+07
-3.9138e+07 -370221 -1.72329e+06 3.27996e+07
-3.90642e+07 -369523 -1.72004e+06 3.27257e+07
-3.89894e+07 -368815 -1.71675e+06 3.26508e+07
-3.89137e+07 -368099 -1.71342e+06 3.2575e+07
-3.88371e+07 -367374 -1.71004e+06 3.24983e+07
-3.87595e+07 -366640 -1.70662e+06 3.24206e+07
-3.86809e+07 -365897 -1.70317e+06 3.2342e+07
-3.86014e+07 -365145 -1.69966e+06 3.22624e+07
-3.8521e+07 -364384 -1.69612e+06 3.21819e+07
-3.84395e+07 -363614 -1.69254e+06 3.21004e+07
-3.83571e+07 -362834 -1.68891e+06 3.20179e+07
-3.82738e+07 -362045 -1.68524e+06 3.19344e+07
-3.81894e+07 -361248 -1.68152e+06 3.185e+07
-3.81041e+07 -360440 -1.67777e+06 3.17646e+07
