59945.6-40114.4 12771 3823.66 -0.96764 -2.82454 -0.701135 35893.4
59945.7-42249.1 1100.42 899.308 -0.0926105 -2.97192 -0.751318 35894.8
59946.6-35070.6 22733.7 6270.52 -1.71413 -2.47198 -0.600994 35884
59946.7-42249.5 1092.31 894.458 -0.0919552 -2.97193 -0.751349 35894.9
59947.327709.9 30822.2 7402.02 -2.31349 1.96159 0.530548 35724.6
59948.241485.2 6829.74 1127.32 -0.503208 2.94625 0.753522 35680.6
59948.7-42245.9 1214.86 919.821 -0.101054 -2.97165 -0.75119 35895.2
59949.241148.4 8566.12 1574.79 -0.634264 2.92185 0.749217 35682
59949.7-41185.2 -9335.54 -1770.54 0.690887 -2.89455 -0.743107 35889
59950.7-42185.2 -2707.43 -80.1718 0.193324 -2.96642 -0.754139 35893.9
59951.141529.4 -6253.69 -2178.79 0.483254 2.95309 0.741073 35676
59951.7-42241.8 -1604.03 197.271 0.110572 -2.97064 -0.754029 35894.6
59952.7-42248.5 -1414.27 242.576 0.09638 -2.97113 -0.753963 35894.8
59953.6-37844.6 18114.4 5124.11 -1.36774 -2.6658 -0.655899 35890.1
59953.7-42265.2 -715.787 416.876 0.0440196 -2.97244 -0.753565 35895.2
59954.133616.7 -24401 -6655.62 1.84902 2.39594 0.580795 35690.7
59954.240995.9 9235.36 1760.58 -0.685053 2.91092 0.747039 35682
59954.7-40021.5 -13289.8 -2802.76 0.988212 -2.81172 -0.726165 35885.3
59955.242031.4 -1078.13 -863.777 0.092844 2.98734 0.755438 35676
59955.4-5755.31 40499 10339.5 -3.0447 -0.409004 -0.0608725 35814.2
59955.7-41455.2 -8121.28 -1476.07 0.599966 -2.91375 -0.74652 35890.8
59956.242046.9 683.745 -414.913 -0.0400802 2.98797 0.75748 35676.4
59956.7-42001.6 -4730.83 -612.336 0.345462 -2.95293 -0.752875 35893.5
59957.239611.8 13842.8 2955.33 -1.03287 2.81139 0.726584 35686.7
59957.7-37501.2 -18993.9 -4290.94 1.41729 -2.63305 -0.686715 35877.3
59958.49073.55 39934.2 9990.79 -3.00139 0.639552 0.203567 35775
59959.6-39509.8 14430.6 4199.4 -1.09143 -2.78187 -0.689758 35893.6
59959.7-41957.5 -5095.06 -713.676 0.372937 -2.94969 -0.752424 35893.6
