time error errTLE
0 0 0
0.00694444 0.00806476 0.00235372
0.0138889 0.015118 0.00470745
0.0208333 0.0210973 0.00706117
0.0277778 0.0259865 0.0094149
0.0347222 0.0298356 0.0117686
0.0416667 0.0327813 0.0141223
0.0486111 0.0350833 0.0164761
0.0555556 0.0371721 0.0188298
0.0625 0.0396799 0.0211835
0.0694444 0.0434137 0.0235372
0.0763889 0.0492206 0.025891
0.0833333 0.0577959 0.0282447
0.0902778 0.0695811 0.0305984
0.0972222 0.0848119 0.0329521
0.104167 0.103624 0.0353059
0.111111 0.126129 0.0376596
0.118056 0.152445 0.0400133
0.125 0.182698 0.042367
0.131944 0.217006 0.0447208
0.138889 0.255467 0.0470745
0.145833 0.298138 0.0494282
0.152778 0.34503 0.0517819
0.159722 0.39609 0.0541356
0.166667 0.451198 0.0564894
0.173611 0.510155 0.0588431
0.180556 0.572684 0.0611968
0.1875 0.638429 0.0635505
0.194444 0.706956 0.0659043
0.201389 0.777759 0.068258
0.208333 0.850259 0.0706117
0.215278 0.923821 0.0729654
0.222222 0.99776 0.0753192
0.229167 1.07135 0.0776729
0.236111 1.14384 0.0800266
0.243056 1.21447 0.0823803
0.25 1.28247 0.0847341
0.256944 1.3471 0.0870878
0.263889 1.40763 0.0894415
0.270833 1.46339 0.0917952
0.277778 1.51374 0.094149
0.284722 1.55814 0.0965027
0.291667 1.5961 0.0988564
0.298611 1.62721 0.10121
0.305556 1.65118 0.103564
0.3125 1.66779 0.105918
0.319444 1.67692 0.108271
0.326389 1.67857 0.110625
0.333333 1.67281 0.112979
0.340278 1.65984 0.115332
0.347222 1.63992 0.117686
0.354167 1.61341 0.12004
0.361111 1.58076 0.122394
0.368056 1.54246 0.124747
0.375 1.49907 0.127101
0.381944 1.45122 0.129455
0.388889 1.39956 0.131809
0.395833 1.34475 0.134162
0.402778 1.28751 0.136516
0.409722 1.22853 0.13887
0.416667 1.16853 0.141223
0.423611 1.10819 0.143577
0.430556 1.04821 0.145931
0.4375 0.989252 0.148285
0.444444 0.93197 0.150638
0.451389 0.876995 0.152992
0.458333 0.824941 0.155346
0.465278 0.7764 0.157699
0.472222 0.731946 0.160053
0.479167 0.69212 0.162407
0.486111 0.657413 0.164761
0.493056 0.628244 0.167114
0.5 0.604925 0.169468
0.506944 0.587615 0.171822
0.513889 0.576295 0.174176
0.520833 0.57074 0.176529
0.527778 0.57053 0.178883
0.534722 0.575083 0.181237
0.541667 0.583698 0.18359
0.548611 0.595611 0.185944
0.555556 0.610048 0.188298
0.5625 0.626267 0.190652
0.569444 0.643578 0.193005
0.576389 0.661366 0.195359
0.583333 0.679097 0.197713
0.590278 0.696319 0.200067
0.597222 0.712671 0.20242
0.604167 0.727878 0.204774
0.611111 0.741772 0.207128
0.618056 0.754203 0.209481
0.625 0.76518 0.211835
0.631944 0.774779 0.214189
0.638889 0.783161 0.216543
0.645833 0.79058 0.218896
0.652778 0.797375 0.22125
0.659722 0.803978 0.223604
0.666667 0.810899 0.225957
0.673611 0.81872 0.228311
0.680556 0.828088 0.230665
0.6875 0.839687 0.233019
0.694444 0.854221 0.235372
0.701389 0.87238 0.237726
0.708333 0.894803 0.24008
0.715278 0.92205 0.242434
0.722222 0.954572 0.244787
0.729167 0.992685 0.247141
0.736111 1.03656 0.249495
0.743056 1.0862 0.251848
0.75 1.14149 0.254202
0.756944 1.20216 0.256556
0.763889 1.26782 0.25891
0.770833 1.33799 0.261263
0.777778 1.41207 0.263617
0.784722 1.48941 0.265971
0.791667 1.56929 0.268325
0.798611 1.65092 0.270678
0.805556 1.73349 0.273032
0.8125 1.81614 0.275386
0.819444 1.89801 0.277739
0.826389 1.97822 0.280093
0.833333 2.05589 0.282447
0.840278 2.13017 0.284801
0.847222 2.20023 0.287154
0.854167 2.26528 0.289508
0.861111 2.32459 0.291862
0.868056 2.37749 0.294215
0.875 2.4234 0.296569
0.881944 2.46181 0.298923
0.888889 2.49232 0.301277
0.895833 2.5146 0.30363
0.902778 2.52847 0.305984
0.909722 2.53383 0.308338
0.916667 2.53069 0.310692
0.923611 2.51917 0.313045
0.930556 2.49951 0.315399
0.9375 2.47203 0.317753
0.944444 2.43716 0.320106
0.951389 2.39541 0.32246
0.958333 2.34736 0.324814
0.965278 2.29367 0.327168
0.972222 2.23505 0.329521
0.979167 2.17228 0.331875
0.986111 2.10615 0.334229
0.993056 2.03749 0.336583
1 1.96715 0.338936
1.00694 1.896 0.34129
1.01389 1.8249 0.343644
1.02083 1.75471 0.345997
1.02778 1.68627 0.348351
1.03472 1.6204 0.350705
1.04167 1.55792 0.353059
1.04861 1.49957 0.355412
1.05556 1.44607 0.357766
1.0625 1.39805 0.36012
1.06944 1.35607 0.362473
1.07639 1.32058 0.364827
1.08333 1.29188 0.367181
1.09028 1.27014 0.369535
1.09722 1.25534 0.371888
1.10417 1.24732 0.374242
1.11111 1.24574 0.376596
1.11806 1.2501 0.37895
1.125 1.25981 0.381303
1.13194 1.27418 0.383657
1.13889 1.29247 0.386011
1.14583 1.31392 0.388364
1.15278 1.33779 0.390718
1.15972 1.36337 0.393072
1.16667 1.38998 0.395426
1.17361 1.41704 0.397779
1.18056 1.44402 0.400133
1.1875 1.47048 0.402487
1.19444 1.49606 0.404841
1.20139 1.52049 0.407194
1.20833 1.54362 0.409548
1.21528 1.56534 0.411902
1.22222 1.58569 0.414255
1.22917 1.60476 0.416609
1.23611 1.62275 0.418963
1.24306 1.63996 0.421317
1.25 1.65674 0.42367
1.25694 1.67354 0.426024
1.26389 1.69088 0.428378
1.27083 1.7093 0.430731
1.27778 1.72942 0.433085
1.28472 1.75185 0.435439
1.29167 1.77721 0.437793
1.29861 1.80608 0.440146
1.30556 1.83902 0.4425
1.3125 1.87649 0.444854
1.31944 1.91887 0.447208
1.32639 1.96641 0.449561
1.33333 2.01926 0.451915
1.34028 2.07741 0.454269
1.34722 2.14072 0.456622
1.35417 2.20891 0.458976
1.36111 2.28157 0.46133
1.36806 2.35817 0.463684
1.375 2.43808 0.466037
1.38194 2.52055 0.468391
1.38889 2.60479 0.470745
1.39583 2.68992 0.473098
1.40278 2.77501 0.475452
1.40972 2.85913 0.477806
1.41667 2.94131 0.48016
1.42361 3.0206 0.482513
1.43056 3.09605 0.484867
1.4375 3.16677 0.487221
1.44444 3.23189 0.489575
1.45139 3.29063 0.491928
1.45833 3.34226 0.494282
1.46528 3.38615 0.496636
1.47222 3.42176 0.498989
1.47917 3.44867 0.501343
1.48611 3.46654 0.503697
1.49306 3.47519 0.506051
1.5 3.47451 0.508404
1.50694 3.46454 0.510758
1.51389 3.44543 0.513112
1.52083 3.41745 0.515466
1.52778 3.38097 0.517819
1.53472 3.33648 0.520173
1.54167 3.28455 0.522527
1.54861 3.22583 0.52488
1.55556 3.16108 0.527234
1.5625 3.09109 0.529588
1.56944 3.01674 0.531942
1.57639 2.93893 0.534295
1.58333 2.85862 0.536649
1.59028 2.77676 0.539003
1.59722 2.69435 0.541356
1.60417 2.61238 0.54371
1.61111 2.53186 0.546064
1.61806 2.4537 0.548418
1.625 2.37887 0.550771
1.63194 2.30828 0.553125
1.63889 2.24276 0.555479
1.64583 2.18308 0.557833
1.65278 2.12993 0.560186
1.65972 2.08388 0.56254
1.66667 2.04536 0.564894
1.67361 2.01468 0.567247
1.68056 1.99196 0.569601
1.6875 1.97716 0.571955
1.69444 1.97009 0.574309
1.70139 1.97039 0.576662
1.70833 1.97756 0.579016
1.71528 1.99098 0.58137
1.72222 2.00996 0.583724
1.72917 2.03375 0.586077
1.73611 2.06155 0.588431
1.74306 2.09258 0.590785
1.75 2.12608 0.593138
1.75694 2.16132 0.595492
1.76389 2.19765 0.597846
1.77083 2.23446 0.6002
1.77778 2.27123 0.602553
1.78472 2.30755 0.604907
1.79167 2.34306 0.607261
1.79861 2.37752 0.609614
1.80556 2.41078 0.611968
1.8125 2.44278 0.614322
1.81944 2.47357 0.616676
1.82639 2.50329 0.619029
1.83333 2.53214 0.621383
1.84028 2.56045 0.623737
1.84722 2.58859 0.626091
1.85417 2.617 0.628444
1.86111 2.64617 0.630798
1.86806 2.67665 0.633152
1.875 2.70898 0.635505
1.88194 2.74371 0.637859
1.88889 2.78138 0.640213
1.89583 2.82249 0.642567
1.90278 2.86747 0.64492
1.90972 2.91668 0.647274
1.91667 2.97038 0.649628
1.92361 3.02871 0.651982
1.93056 3.09171 0.654335
1.9375 3.15927 0.656689
1.94444 3.23116 0.659043
1.95139 3.30702 0.661396
1.95833 3.38635 0.66375
1.96528 3.46855 0.666104
1.97222 3.55292 0.668458
1.97917 3.63865 0.670811
1.98611 3.7249 0.673165
1.99306 3.81072 0.675519
2 3.89515 0.677872
2.00694 3.97723 0.680226
2.01389 4.05595 0.68258
2.02083 4.13036 0.684934
2.02778 4.19951 0.687287
2.03472 4.26252 0.689641
2.04167 4.31857 0.691995
2.04861 4.36691 0.694349
2.05556 4.40688 0.696702
2.0625 4.43794 0.699056
2.06944 4.45964 0.70141
2.07639 4.47165 0.703763
2.08333 4.47379 0.706117
2.09028 4.46596 0.708471
2.09722 4.44822 0.710825
2.10417 4.42075 0.713178
2.11111 4.38384 0.715532
2.11806 4.33792 0.717886
2.125 4.28351 0.72024
2.13194 4.22124 0.722593
2.13889 4.15184 0.724947
2.14583 4.07613 0.727301
2.15278 3.99498 0.729654
2.15972 3.90935 0.732008
2.16667 3.82023 0.734362
2.17361 3.72868 0.736716
2.18056 3.63576 0.739069
2.1875 3.54255 0.741423
2.19444 3.45015 0.743777
2.20139 3.35964 0.74613
2.20833 3.27208 0.748484
2.21528 3.1885 0.750838
2.22222 3.10987 0.753192
2.22917 3.0371 0.755545
2.23611 2.97102 0.757899
2.24306 2.91234 0.760253
2.25 2.86165 0.762607
2.25694 2.81941 0.76496
2.26389 2.78592 0.767314
2.27083 2.76131 0.769668
2.27778 2.74555 0.772021
2.28472 2.73844 0.774375
2.29167 2.73961 0.776729
2.29861 2.74857 0.779083
2.30556 2.7647 0.781436
2.3125 2.7873 0.78379
2.31944 2.8156 0.786144
2.32639 2.84879 0.788497
2.33333 2.88606 0.790851
2.34028 2.92659 0.793205
2.34722 2.96962 0.795559
2.35417 3.01443 0.797912
2.36111 3.06036 0.800266
2.36806 3.10682 0.80262
2.375 3.15332 0.804974
2.38194 3.19944 0.807327
2.38889 3.24488 0.809681
2.39583 3.2894 0.812035
2.40278 3.33288 0.814388
2.40972 3.3753 0.816742
2.41667 3.41672 0.819096
2.42361 3.45729 0.82145
2.43056 3.49726 0.823803
2.4375 3.53692 0.826157
2.44444 3.57664 0.828511
2.45139 3.61686 0.830865
2.45833 3.65803 0.833218
2.46528 3.70063 0.835572
2.47222 3.74516 0.837926
2.47917 3.79207 0.840279
2.48611 3.84181 0.842633
2.49306 3.89478 0.844987
2.5 3.95128 0.847341
2.50694 4.01155 0.849694
2.51389 4.07574 0.852048
2.52083 4.14385 0.854402
2.52778 4.2158 0.856755
2.53472 4.29138 0.859109
2.54167 4.37023 0.861463
2.54861 4.4519 0.863817
2.55556 4.53583 0.86617
2.5625 4.62133 0.868524
2.56944 4.70763 0.870878
2.57639 4.7939 0.873232
2.58333 4.87922 0.875585
2.59028 4.96266 0.877939
2.59722 5.04325 0.880293
2.60417 5.12 0.882646
2.61111 5.19198 0.885
2.61806 5.25819 0.887354
2.625 5.31779 0.889708
2.63194 5.36994 0.892061
2.63889 5.41389 0.894415
2.64583 5.449 0.896769
2.65278 5.47472 0.899123
2.65972 5.49059 0.901476
2.66667 5.49631 0.90383
2.67361 5.49169 0.906184
2.68056 5.47666 0.908537
2.6875 5.45129 0.910891
2.69444 5.41579 0.913245
2.70139 5.37047 0.915599
2.70833 5.31579 0.917952
2.71528 5.25232 0.920306
2.72222 5.18073 0.92266
2.72917 5.10181 0.925013
2.73611 5.0164 0.927367
2.74306 4.92547 0.929721
2.75 4.83003 0.932075
2.75694 4.73114 0.934428
2.76389 4.62992 0.936782
2.77083 4.52751 0.939136
2.77778 4.42507 0.94149
2.78472 4.32377 0.943843
2.79167 4.22476 0.946197
2.79861 4.12917 0.948551
2.80556 4.03809 0.950904
2.8125 3.95254 0.953258
2.81944 3.87347 0.955612
2.82639 3.80174 0.957966
2.83333 3.73811 0.960319
2.84028 3.68317 0.962673
2.84722 3.6374 0.965027
2.85417 3.60111 0.967381
2.86111 3.57445 0.969734
2.86806 3.55737 0.972088
2.875 3.54971 0.974442
2.88194 3.5511 0.976795
2.88889 3.56106 0.979149
2.89583 3.57899 0.981503
2.90278 3.60418 0.983857
2.90972 3.63587 0.98621
2.91667 3.67324 0.988564
2.92361 3.71547 0.990918
2.93056 3.76171 0.993271
2.9375 3.81118 0.989275
2.94444 3.8631 0.981931
2.95139 3.91678 0.974586
2.95833 3.97158 0.967241
2.96528 4.02693 0.959896
2.97222 4.08238 0.952551
2.97917 4.13753 0.945206
2.98611 4.19211 0.937861
2.99306 4.24592 0.930516
3 4.29886 0.923171
3.00694 4.35093 0.915827
3.01389 4.40221 0.908482
3.02083 4.45285 0.901137
3.02778 4.50308 0.893792
3.03472 4.55322 0.886447
3.04167 4.60359 0.879102
3.04861 4.65459 0.871757
3.05556 4.70662 0.864412
3.0625 4.7601 0.857067
3.06944 4.81543 0.849722
3.07639 4.873 0.842378
3.08333 4.93313 0.835033
3.09028 4.99611 0.827688
3.09722 5.06212 0.820343
3.10417 5.1313 0.812998
3.11111 5.20364 0.805653
3.11806 5.27905 0.798308
3.125 5.35733 0.790963
3.13194 5.43815 0.783618
3.13889 5.52109 0.776274
3.14583 5.6056 0.768929
3.15278 5.69104 0.761584
3.15972 5.77669 0.754239
3.16667 5.86174 0.746894
3.17361 5.94532 0.739549
3.18056 6.02653 0.732204
3.1875 6.10444 0.724859
3.19444 6.17809 0.717514
3.20139 6.24656 0.710169
3.20833 6.30892 0.702825
3.21528 6.36432 0.69548
3.22222 6.41195 0.688135
3.22917 6.45109 0.68079
3.23611 6.4811 0.673445
3.24306 6.50144 0.6661
3.25 6.51168 0.658755
3.25694 6.51152 0.65141
3.26389 6.50079 0.644065
3.27083 6.47944 0.636721
3.27778 6.44754 0.629376
3.28472 6.40533 0.622031
3.29167 6.35314 0.614686
3.29861 6.29145 0.607341
3.30556 6.22085 0.599996
3.3125 6.14204 0.592651
3.31944 6.05583 0.585306
3.32639 5.96312 0.577961
3.33333 5.86489 0.570616
3.34028 5.7622 0.563272
3.34722 5.65615 0.555927
3.35417 5.54791 0.548582
3.36111 5.43866 0.541237
3.36806 5.32961 0.533892
3.375 5.22197 0.526547
3.38194 5.11692 0.519202
3.38889 5.01564 0.511857
3.39583 4.91924 0.504512
3.40278 4.82877 0.497168
3.40972 4.74522 0.489823
3.41667 4.66945 0.482478
3.42361 4.60222 0.475133
3.43056 4.54415 0.467788
3.4375 4.49572 0.460443
3.44444 4.45724 0.453098
3.45139 4.42887 0.445753
3.45833 4.4106 0.438408
3.46528 4.40225 0.431063
3.47222 4.4035 0.423719
3.47917 4.41387 0.416374
3.48611 4.4328 0.409029
3.49306 4.45959 0.401684
3.5 4.49351 0.394339
3.50694 4.53373 0.386994
3.51389 4.57945 0.379649
3.52083 4.62981 0.373717
3.52778 4.68402 0.373967
3.53472 4.74128 0.374218
3.54167 4.80086 0.374469
3.54861 4.8621 0.37472
3.55556 4.92439 0.37497
3.5625 4.98721 0.375221
3.56944 5.05014 0.375472
3.57639 5.11282 0.375722
3.58333 5.175 0.375973
3.59028 5.23652 0.376224
3.59722 5.29729 0.376474
3.60417 5.35734 0.376725
3.61111 5.41677 0.376976
3.61806 5.47569 0.377226
3.625 5.53434 0.377477
3.63194 5.59299 0.377728
3.63889 5.65196 0.377979
3.64583 5.71157 0.378229
3.65278 5.77217 0.37848
3.65972 5.83409 0.378731
3.66667 5.89766 0.378981
3.67361 5.96317 0.379232
3.68056 6.03083 0.379483
3.6875 6.10082 0.379733
3.69444 6.17323 0.379984
3.70139 6.24807 0.380235
3.70833 6.32523 0.380485
3.71528 6.40451 0.380736
3.72222 6.48564 0.380987
3.72917 6.5682 0.381238
3.73611 6.65168 0.381488
3.74306 6.73551 0.381739
3.75 6.819 0.38199
3.75694 6.9014 0.38224
3.76389 6.9819 0.382491
3.77083 7.05965 0.382742
3.77778 7.13377 0.382992
3.78472 7.20336 0.383243
3.79167 7.26753 0.383494
3.79861 7.32542 0.383744
3.80556 7.37621 0.383995
3.8125 7.41913 0.384246
3.81944 7.45349 0.384497
3.82639 7.47868 0.384747
3.83333 7.49417 0.384998
3.84028 7.49958 0.385249
3.84722 7.49461 0.385499
3.85417 7.4791 0.38575
3.86111 7.45302 0.386001
3.86806 7.41645 0.386251
3.875 7.36962 0.386502
3.88194 7.31289 0.386753
3.88889 7.24674 0.387003
3.89583 7.17176 0.387254
3.90278 7.08866 0.387505
3.90972 6.99825 0.387756
3.91667 6.90146 0.388006
3.92361 6.79926 0.388257
3.93056 6.69273 0.388508
3.9375 6.58298 0.388758
3.94444 6.4712 0.389009
3.95139 6.35857 0.38926
3.95833 6.24631 0.38951
3.96528 6.13564 0.389761
3.97222 6.02777 0.390012
3.97917 5.92386 0.390262
3.98611 5.82504 0.390513
3.99306 5.73235 0.390764
4 5.64677 0.391015
4.00694 5.56917 0.391265
4.01389 5.50029 0.391516
4.02083 5.44077 0.391767
4.02778 5.39105 0.392017
4.03472 5.35148 0.392268
4.04167 5.32221 0.392519
4.04861 5.30324 0.392769
4.05556 5.29442 0.39302
4.0625 5.29544 0.393271
4.06944 5.30589 0.393521
4.07639 5.3252 0.393772
4.08333 5.35274 0.394023
4.09028 5.38778 0.394274
4.09722 5.42955 0.394524
4.10417 5.47724 0.394775
4.11111 5.53004 0.395026
4.11806 5.58714 0.395276
4.125 5.64775 0.395527
4.13194 5.71113 0.395778
4.13889 5.7766 0.396028
4.14583 5.84352 0.396279
4.15278 5.91135 0.39653
4.15972 5.97961 0.39678
4.16667 6.04791 0.397031
4.17361 6.11594 0.397282
4.18056 6.18348 0.397533
4.1875 6.2504 0.397783
4.19444 6.31663 0.398034
4.20139 6.3822 0.398285
4.20833 6.4472 0.398535
4.21528 6.51175 0.398786
4.22222 6.57608 0.399037
4.22917 6.64041 0.399287
4.23611 6.705 0.399538
4.24306 6.77014 0.399789
4.25 6.83611 0.400039
4.25694 6.90316 0.40029
4.26389 6.97153 0.400541
4.27083 7.04143 0.400792
4.27778 7.11298 0.401042
4.28472 7.18626 0.401293
4.29167 7.26127 0.401544
4.29861 7.33792 0.401794
4.30556 7.41604 0.402045
4.3125 7.49535 0.402296
4.31944 7.57551 0.402546
4.32639 7.65605 0.402797
4.33333 7.73645 0.403048
4.34028 7.81608 0.403298
4.34722 7.89426 0.403549
4.35417 7.97026 0.4038
4.36111 8.04329 0.404051
4.36806 8.11254 0.404301
4.375 8.17718 0.404552
4.38194 8.2364 0.404803
4.38889 8.28938 0.405053
4.39583 8.33537 0.405304
4.40278 8.37364 0.405555
4.40972 8.40355 0.405805
4.41667 8.42451 0.406056
4.42361 8.43606 0.406307
4.43056 8.4378 0.406557
4.4375 8.42948 0.406808
4.44444 8.41093 0.407059
4.45139 8.38214 0.40731
4.45833 8.34318 0.40756
4.46528 8.29429 0.407811
4.47222 8.23582 0.408062
4.47917 8.16822 0.408312
4.48611 8.09209 0.408563
4.49306 8.00811 0.408814
4.5 7.91709 0.409064
4.50694 7.81992 0.409315
4.51389 7.71757 0.409566
4.52083 7.61109 0.409816
4.52778 7.50158 0.410067
4.53472 7.39019 0.410318
4.54167 7.27809 0.410569
4.54861 7.16649 0.410819
4.55556 7.05657 0.41107
4.5625 6.94952 0.411321
4.56944 6.84647 0.411571
4.57639 6.74852 0.411822
4.58333 6.65671 0.412073
4.59028 6.57196 0.412323
4.59722 6.49513 0.412574
4.60417 6.42694 0.412825
4.61111 6.36801 0.413075
4.61806 6.31877 0.413326
4.625 6.27954 0.413577
4.63194 6.2505 0.413828
4.63889 6.23166 0.414078
4.64583 6.22289 0.414329
4.65278 6.22392 0.41458
4.65972 6.23436 0.41483
4.66667 6.25369 0.415081
4.67361 6.28133 0.415332
4.68056 6.3166 0.415582
4.6875 6.35876 0.415833
4.69444 6.40704 0.416084
4.70139 6.46067 0.416334
4.70833 6.51885 0.416585
4.71528 6.58083 0.416836
4.72222 6.64586 0.417087
4.72917 6.71326 0.417337
4.73611 6.7824 0.417588
4.74306 6.85269 0.417839
4.75 6.92365 0.418089
4.75694 6.99485 0.41834
4.76389 7.06594 0.418591
4.77083 7.13665 0.418841
4.77778 7.2068 0.419092
4.78472 7.27628 0.419343
4.79167 7.34503 0.419593
4.79861 7.4131 0.419844
4.80556 7.48055 0.420095
4.8125 7.54752 0.420346
4.81944 7.61419 0.420596
4.82639 7.68076 0.420847
4.83333 7.74745 0.421098
4.84028 7.81449 0.421348
4.84722 7.88208 0.421599
4.85417 7.95044 0.42185
4.86111 8.01972 0.4221
4.86806 8.09005 0.422351
4.875 8.16149 0.422602
4.88194 8.23405 0.422852
4.88889 8.30765 0.423103
4.89583 8.38215 0.423354
4.90278 8.45732 0.423605
4.90972 8.53286 0.423855
4.91667 8.60836 0.424106
4.92361 8.68337 0.424357
4.93056 8.75733 0.424607
4.9375 8.82966 0.424858
4.94444 8.89969 0.425109
4.95139 8.96673 0.425359
4.95833 9.03004 0.42561
4.96528 9.08889 0.425861
4.97222 9.14253 0.426111
4.97917 9.19023 0.426362
4.98611 9.23129 0.426613
4.99306 9.26506 0.426864
5 9.29093 0.427114
5.00694 9.30838 0.427365
5.01389 9.31695 0.427616
5.02083 9.31631 0.427866
5.02778 9.30618 0.428117
5.03472 9.28644 0.428368
5.04167 9.25705 0.428618
5.04861 9.2181 0.428869
5.05556 9.16979 0.42912
5.0625 9.11245 0.42937
5.06944 9.04652 0.429621
5.07639 8.97255 0.429872
5.08333 8.89119 0.430123
5.09028 8.80321 0.430373
5.09722 8.70945 0.430624
5.10417 8.61084 0.430875
5.11111 8.50837 0.431125
5.11806 8.40309 0.431376
5.125 8.29611 0.431627
5.13194 8.18854 0.431877
5.13889 8.08153 0.432128
5.14583 7.97621 0.432379
5.15278 7.87371 0.432629
5.15972 7.77511 0.43288
5.16667 7.68146 0.433131
5.17361 7.59372 0.433382
5.18056 7.51281 0.433632
5.1875 7.4395 0.433883
5.19444 7.37449 0.434134
5.20139 7.31836 0.434384
5.20833 7.27153 0.434635
5.21528 7.23432 0.434886
5.22222 7.20689 0.435136
5.22917 7.18927 0.435387
5.23611 7.18134 0.435638
5.24306 7.18288 0.435888
5.25 7.19353 0.436139
5.25694 7.21283 0.43639
5.26389 7.24022 0.436641
5.27083 7.2751 0.436891
5.27778 7.31678 0.437142
5.28472 7.36454 0.437769
5.29167 7.41764 0.438502
5.29861 7.47535 0.439235
5.30556 7.53692 0.439968
5.3125 7.60164 0.440701
5.31944 7.66885 0.441434
5.32639 7.7379 0.442168
5.33333 7.80824 0.442901
5.34028 7.87935 0.443634
5.34722 7.95079 0.444367
5.35417 8.02218 0.4451
5.36111 8.09323 0.445833
5.36806 8.1637 0.446566
5.375 8.23345 0.4473
5.38194 8.30237 0.448033
5.38889 8.37045 0.448766
5.39583 8.43772 0.449499
5.40278 8.50425 0.450232
5.40972 8.57017 0.450965
5.41667 8.63562 0.451699
5.42361 8.70078 0.452432
5.43056 8.76583 0.453165
5.4375 8.83096 0.453898
5.44444 8.89633 0.454631
5.45139 8.96209 0.455364
5.45833 9.02836 0.456097
5.46528 9.09519 0.456831
5.47222 9.16262 0.457564
5.47917 9.23058 0.458297
5.48611 9.29898 0.45903
5.49306 9.36764 0.459763
5.5 9.4363 0.460496
5.50694 9.50465 0.461229
5.51389 9.5723 0.461963
5.52083 9.63878 0.462696
5.52778 9.7036 0.463429
5.53472 9.76618 0.464162
5.54167 9.82594 0.464895
5.54861 9.88222 0.465628
5.55556 9.93438 0.466362
5.5625 9.98178 0.467095
5.56944 10.0238 0.467828
5.57639 10.0597 0.468561
5.58333 10.089 0.469294
5.59028 10.1111 0.470027
5.59722 10.1256 0.47076
5.60417 10.1321 0.471494
5.61111 10.1301 0.472227
5.61806 10.1196 0.47296
5.625 10.1003 0.473693
5.63194 10.0722 0.474426
5.63889 10.0353 0.475159
5.64583 9.98997 0.475892
5.65278 9.93636 0.476626
5.65972 9.87491 0.477359
5.66667 9.8061 0.478092
5.67361 9.73054 0.478825
5.68056 9.64893 0.479558
5.6875 9.56204 0.480291
5.69444 9.47072 0.481024
5.70139 9.3759 0.481758
5.70833 9.27855 0.482491
5.71528 9.17968 0.483224
5.72222 9.08034 0.483957
5.72917 8.98158 0.48469
5.73611 8.88445 0.485423
5.74306 8.79 0.486157
5.75 8.69924 0.48689
5.75694 8.61312 0.487623
5.76389 8.53255 0.488356
5.77083 8.45835 0.489089
5.77778 8.39126 0.489822
5.78472 8.33192 0.490555
5.79167 8.28086 0.491289
5.79861 8.23848 0.492022
5.80556 8.20506 0.492755
5.8125 8.18078 0.493488
5.81944 8.16565 0.494221
5.82639 8.1596 0.494954
5.83333 8.16242 0.495687
5.84028 8.17379 0.496421
5.84722 8.1933 0.497154
5.85417 8.22046 0.497887
5.86111 8.25471 0.49862
5.86806 8.29542 0.499353
5.875 8.34193 0.500086
5.88194 8.39357 0.500819
5.88889 8.44963 0.501553
5.89583 8.50943 0.502286
5.90278 8.57228 0.503019
5.90972 8.63756 0.503752
5.91667 8.70464 0.504485
5.92361 8.77297 0.505218
5.93056 8.84204 0.505952
5.9375 8.91141 0.506685
5.94444 8.98068 0.507418
5.95139 9.04955 0.508151
5.95833 9.11775 0.508884
5.96528 9.1851 0.509617
5.97222 9.25147 0.51035
5.97917 9.3168 0.511084
5.98611 9.38107 0.511817
5.99306 9.44433 0.51255
6 9.50665 0.513283
6.00694 9.56815 0.514016
6.01389 9.62895 0.514749
6.02083 9.68921 0.515482
6.02778 9.74909 0.516216
6.03472 9.80874 0.516949
6.04167 9.86829 0.517682
6.04861 9.92786 0.518415
6.05556 9.98752 0.519148
6.0625 10.0473 0.519881
6.06944 10.1072 0.520615
6.07639 10.1672 0.521348
6.08333 10.2271 0.522081
6.09028 10.2868 0.522814
6.09722 10.346 0.523547
6.10417 10.4044 0.52428
6.11111 10.4617 0.525013
6.11806 10.5174 0.525747
6.125 10.571 0.52648
6.13194 10.6222 0.527213
6.13889 10.6703 0.527946
6.14583 10.7148 0.528679
6.15278 10.7551 0.529412
6.15972 10.7908 0.530145
6.16667 10.8212 0.530879
6.17361 10.8458 0.531612
6.18056 10.8642 0.532345
6.1875 10.8759 0.533078
6.19444 10.8807 0.533811
6.20139 10.8781 0.534544
6.20833 10.868 0.535277
6.21528 10.8502 0.536011
6.22222 10.8247 0.536744
6.22917 10.7916 0.537477
6.23611 10.751 0.53821
6.24306 10.7031 0.538943
6.25 10.6483 0.539676
6.25694 10.587 0.54041
6.26389 10.5197 0.541143
6.27083 10.4471 0.541876
6.27778 10.3699 0.542609
6.28472 10.2888 0.543342
6.29167 10.2046 0.544075
6.29861 10.1182 0.544808
6.30556 10.0305 0.545542
6.3125 9.9425 0.546275
6.31944 9.85508 0.547008
6.32639 9.7692 0.547741
6.33333 9.68581 0.548474
6.34028 9.60581 0.549207
6.34722 9.53007 0.54994
6.35417 9.45939 0.550674
6.36111 9.39451 0.551407
6.36806 9.3361 0.55214
6.375 9.28474 0.552873
6.38194 9.24089 0.553606
6.38889 9.20492 0.554339
6.39583 9.17709 0.555073
6.40278 9.15756 0.555806
6.40972 9.14634 0.556539
6.41667 9.14337 0.557272
6.42361 9.14848 0.558005
6.43056 9.16137 0.558738
6.4375 9.18169 0.559471
6.44444 9.209 0.560205
6.45139 9.2428 0.560938
6.45833 9.28251 0.561671
6.46528 9.32754 0.562404
6.47222 9.37727 0.563137
6.47917 9.43106 0.56387
6.48611 9.48827 0.564603
6.49306 9.54827 0.565337
6.5 9.61045 0.56607
6.50694 9.67424 0.566803
6.51389 9.7391 0.567536
6.52083 9.80454 0.568269
6.52778 9.87011 0.569002
6.53472 9.93544 0.569735
6.54167 10.0002 0.570469
6.54861 10.0641 0.571202
6.55556 10.127 0.571935
6.5625 10.1886 0.572668
6.56944 10.249 0.573401
6.57639 10.3081 0.574134
6.58333 10.3658 0.574868
6.59028 10.4222 0.575601
6.59722 10.4774 0.576334
6.60417 10.5316 0.577067
6.61111 10.5848 0.5778
6.61806 10.6371 0.578533
6.625 10.6888 0.579266
6.63194 10.7399 0.58
6.63889 10.7906 0.580733
6.64583 10.8409 0.581466
6.65278 10.891 0.582199
6.65972 10.9408 0.582932
6.66667 10.9904 0.583665
6.67361 11.0397 0.584398
6.68056 11.0885 0.585132
6.6875 11.1368 0.585865
6.69444 11.1842 0.586598
6.70139 11.2307 0.587331
6.70833 11.2757 0.588064
6.71528 11.319 0.588797
6.72222 11.3602 0.589531
6.72917 11.3989 0.590264
6.73611 11.4346 0.590997
6.74306 11.4669 0.59173
6.75 11.4953 0.592463
6.75694 11.5195 0.593196
6.76389 11.5388 0.593929
6.77083 11.5531 0.594663
6.77778 11.5618 0.595396
6.78472 11.5648 0.596129
6.79167 11.5616 0.596862
6.79861 11.5522 0.597595
6.80556 11.5364 0.598328
6.8125 11.5141 0.599061
6.81944 11.4854 0.599795
6.82639 11.4504 0.600528
6.83333 11.4094 0.601261
6.84028 11.3625 0.601994
6.84722 11.3102 0.602727
6.85417 11.2528 0.60346
6.86111 11.191 0.604193
6.86806 11.1253 0.604927
6.875 11.0563 0.60566
6.88194 10.9849 0.606393
6.88889 10.9116 0.607126
6.89583 10.8374 0.607859
6.90278 10.763 0.608592
6.90972 10.6892 0.609326
6.91667 10.6169 0.610059
6.92361 10.5469 0.610792
6.93056 10.48 0.611525
6.9375 10.4169 0.612258
6.94444 10.3583 0.612991
6.95139 10.305 0.613724
6.95833 10.2573 0.614458
6.96528 10.216 0.615191
6.97222 10.1813 0.615924
6.97917 10.1535 0.616657
6.98611 10.133 0.61739
6.99306 10.1198 0.618123
7 10.114 0.618856
7.00694 10.1155 0.61959
7.01389 10.1241 0.620323
7.02083 10.1396 0.621056
7.02778 10.1616 0.621789
7.03472 10.1898 0.622522
7.04167 10.2238 0.620576
7.04861 10.2629 0.614152
7.05556 10.3068 0.607728
7.0625 10.3547 0.601304
7.06944 10.4062 0.59488
7.07639 10.4607 0.588456
7.08333 10.5175 0.582032
7.09028 10.5761 0.575608
7.09722 10.636 0.569184
7.10417 10.6966 0.56276
7.11111 10.7576 0.556336
7.11806 10.8184 0.549912
7.125 10.8787 0.543488
7.13194 10.9382 0.537064
7.13889 10.9966 0.53064
7.14583 11.0536 0.524216
7.15278 11.1092 0.517792
7.15972 11.1632 0.511368
7.16667 11.2155 0.504944
7.17361 11.2662 0.49852
7.18056 11.3152 0.492096
7.1875 11.3626 0.485672
7.19444 11.4085 0.479248
7.20139 11.453 0.472824
7.20833 11.4962 0.4664
7.21528 11.5383 0.459976
7.22222 11.5794 0.453552
7.22917 11.6196 0.447128
7.23611 11.6591 0.440704
7.24306 11.6979 0.43428
7.25 11.7361 0.427856
7.25694 11.7737 0.421432
7.26389 11.8109 0.415008
7.27083 11.8474 0.408584
7.27778 11.8833 0.40216
7.28472 11.9183 0.395735
7.29167 11.9525 0.389311
7.29861 11.9855 0.382887
7.30556 12.0171 0.376463
7.3125 12.047 0.370039
7.31944 12.0749 0.363615
7.32639 12.1006 0.357191
7.33333 12.1237 0.350767
7.34028 12.1438 0.344343
7.34722 12.1605 0.337919
7.35417 12.1736 0.331495
7.36111 12.1828 0.325071
7.36806 12.1876 0.318647
7.375 12.188 0.312223
7.38194 12.1836 0.305799
7.38889 12.1743 0.299375
7.39583 12.1601 0.292951
7.40278 12.1408 0.286527
7.40972 12.1164 0.280103
7.41667 12.0871 0.273679
7.42361 12.053 0.267255
7.43056 12.0143 0.260831
7.4375 11.9714 0.254407
7.44444 11.9245 0.247983
7.45139 11.8742 0.241559
7.45833 11.8208 0.235135
7.46528 11.765 0.228711
7.47222 11.7074 0.222287
7.47917 11.6484 0.215863
7.48611 11.5889 0.209439
7.49306 11.5295 0.203015
7.5 11.4708 0.196591
7.50694 11.4137 0.190167
7.51389 11.3586 0.183743
7.52083 11.3064 0.177319
7.52778 11.2576 0.170895
7.53472 11.2128 0.164471
7.54167 11.1726 0.158047
7.54861 11.1375 0.151623
7.55556 11.1078 0.145199
7.5625 11.0839 0.138775
7.56944 11.066 0.132351
7.57639 11.0544 0.125927
7.58333 11.0491 0.119503
7.59028 11.0502 0.113078
7.59722 11.0575 0.106654
7.60417 11.071 0.10023
7.61111 11.0904 0.0938064
7.61806 11.1154 0.0873824
7.625 11.1456 0.0809584
7.63194 11.1807 0.082032
7.63889 11.2202 0.083879
7.64583 11.2637 0.0857259
7.65278 11.3105 0.0875728
7.65972 11.3603 0.0894197
7.66667 11.4124 0.0912667
7.67361 11.4664 0.0931136
7.68056 11.5217 0.0949605
7.6875 11.5778 0.0968075
7.69444 11.6343 0.0986544
7.70139 11.6907 0.100501
7.70833 11.7466 0.102348
7.71528 11.8017 0.104195
7.72222 11.8556 0.106042
7.72917 11.908 0.107889
7.73611 11.9588 0.109736
7.74306 12.0078 0.111583
7.75 12.0549 0.11343
7.75694 12.0999 0.115277
7.76389 12.1428 0.117124
7.77083 12.1837 0.118971
7.77778 12.2225 0.120818
7.78472 12.2594 0.122664
7.79167 12.2944 0.124511
7.79861 12.3277 0.126358
7.80556 12.3594 0.128205
7.8125 12.3896 0.130052
7.81944 12.4185 0.131899
7.82639 12.4462 0.133746
7.83333 12.4728 0.135593
7.84028 12.4985 0.13744
7.84722 12.5232 0.139287
7.85417 12.5472 0.141134
7.86111 12.5704 0.142981
7.86806 12.5928 0.144828
7.875 12.6143 0.146674
7.88194 12.635 0.148521
7.88889 12.6548 0.150368
7.89583 12.6734 0.152215
7.90278 12.6907 0.154062
7.90972 12.7067 0.155909
7.91667 12.7209 0.157756
7.92361 12.7333 0.159603
7.93056 12.7436 0.16145
7.9375 12.7516 0.163297
7.94444 12.757 0.165144
7.95139 12.7596 0.166991
7.95833 12.7592 0.168838
7.96528 12.7556 0.170685
7.97222 12.7487 0.172531
7.97917 12.7383 0.174378
7.98611 12.7244 0.176225
7.99306 12.7069 0.178072
8 12.6858 0.179919
8.00694 12.6613 0.181766
8.01389 12.6333 0.183613
8.02083 12.6022 0.18546
8.02778 12.5681 0.187307
8.03472 12.5312 0.189154
8.04167 12.4921 0.191001
8.04861 12.4509 0.192848
8.05556 12.4082 0.194695
8.0625 12.3645 0.196542
8.06944 12.3201 0.198388
8.07639 12.2757 0.200235
8.08333 12.2317 0.202082
8.09028 12.1888 0.203929
8.09722 12.1474 0.205776
8.10417 12.1082 0.207623
8.11111 12.0716 0.20947
8.11806 12.0381 0.211317
8.125 12.0082 0.213164
8.13194 11.9824 0.215011
8.13889 11.9609 0.216858
8.14583 11.9442 0.218705
8.15278 11.9324 0.220552
8.15972 11.9258 0.222399
8.16667 11.9245 0.224245
8.17361 11.9286 0.226092
8.18056 11.938 0.227939
8.1875 11.9526 0.229786
8.19444 11.9724 0.231633
8.20139 11.9971 0.23348
8.20833 12.0264 0.235327
8.21528 12.0601 0.23704
8.22222 12.0977 0.23858
8.22917 12.1389 0.24012
8.23611 12.1831 0.241661
8.24306 12.2301 0.243201
8.25 12.2792 0.244742
8.25694 12.3301 0.246282
8.26389 12.3822 0.247823
8.27083 12.4351 0.249363
8.27778 12.4883 0.250904
8.28472 12.5413 0.252444
8.29167 12.5939 0.253984
8.29861 12.6455 0.255525
8.30556 12.6959 0.257065
8.3125 12.7447 0.258606
8.31944 12.7916 0.260146
8.32639 12.8366 0.261687
8.33333 12.8793 0.263227
8.34028 12.9197 0.264768
8.34722 12.9576 0.266308
8.35417 12.993 0.267848
8.36111 13.0259 0.269389
8.36806 13.0563 0.270929
8.375 13.0843 0.27247
8.38194 13.1099 0.27401
8.38889 13.1333 0.275551
8.39583 13.1545 0.277091
8.40278 13.1738 0.278632
8.40972 13.1912 0.280172
8.41667 13.2069 0.281712
8.42361 13.221 0.283253
8.43056 13.2338 0.284793
8.4375 13.2452 0.286334
8.44444 13.2555 0.287874
8.45139 13.2647 0.289415
8.45833 13.273 0.290955
8.46528 13.2803 0.292496
8.47222 13.2866 0.294036
8.47917 13.2921 0.295577
8.48611 13.2967 0.297117
8.49306 13.3003 0.298657
8.5 13.3029 0.300198
8.50694 13.3043 0.301738
8.51389 13.3046 0.303279
8.52083 13.3035 0.304819
8.52778 13.301 0.30636
8.53472 13.297 0.3079
8.54167 13.2912 0.309441
8.54861 13.2837 0.310981
8.55556 13.2744 0.312521
8.5625 13.263 0.314062
8.56944 13.2496 0.315602
8.57639 13.2342 0.317143
8.58333 13.2166 0.318683
8.59028 13.1971 0.320224
8.59722 13.1755 0.321764
8.60417 13.1521 0.323305
8.61111 13.127 0.324845
8.61806 13.1003 0.326385
8.625 13.0722 0.327926
8.63194 13.043 0.329466
8.63889 13.013 0.331007
8.64583 12.9826 0.332547
8.65278 12.952 0.334088
8.65972 12.9216 0.335628
8.66667 12.8918 0.337169
8.67361 12.863 0.338709
8.68056 12.8357 0.340249
8.6875 12.8102 0.34179
8.69444 12.7869 0.34333
8.70139 12.7662 0.344871
8.70833 12.7485 0.346411
8.71528 12.734 0.347952
8.72222 12.7232 0.349492
8.72917 12.7163 0.351033
8.73611 12.7134 0.352573
8.74306 12.7148 0.354114
8.75 12.7206 0.355654
8.75694 12.7309 0.357194
8.76389 12.7455 0.358735
8.77083 12.7646 0.360275
8.77778 12.788 0.361816
8.78472 12.8156 0.363356
8.79167 12.8471 0.364897
8.79861 12.8822 0.366437
8.80556 12.9208 0.367978
8.8125 12.9625 0.369518
8.81944 13.0068 0.371058
8.82639 13.0535 0.372599
8.83333 13.102 0.374139
8.84028 13.152 0.37568
8.84722 13.2031 0.37722
8.85417 13.2548 0.378761
8.86111 13.3066 0.380301
8.86806 13.3583 0.381842
8.875 13.4093 0.383382
8.88194 13.4592 0.384922
8.88889 13.5078 0.386463
8.89583 13.5547 0.388003
8.90278 13.5996 0.389544
8.90972 13.6423 0.391084
8.91667 13.6825 0.392625
8.92361 13.72 0.394165
8.93056 13.7547 0.395706
8.9375 13.7866 0.397246
8.94444 13.8154 0.398786
8.95139 13.8413 0.400327
8.95833 13.8641 0.401867
8.96528 13.884 0.403408
8.97222 13.9009 0.404948
8.97917 13.9151 0.406489
8.98611 13.9265 0.408029
8.99306 13.9354 0.40957
9 13.9418 0.41111
9.00694 13.9459 0.412651
9.01389 13.948 0.414191
9.02083 13.948 0.415731
9.02778 13.9463 0.417272
9.03472 13.9429 0.418812
9.04167 13.9381 0.420353
9.04861 13.9319 0.421893
9.05556 13.9245 0.423434
9.0625 13.9161 0.424974
9.06944 13.9066 0.426515
9.07639 13.8963 0.428055
9.08333 13.8851 0.429595
9.09028 13.8732 0.431136
9.09722 13.8605 0.432676
9.10417 13.8471 0.434217
9.11111 13.8331 0.435757
9.11806 13.8184 0.437298
9.125 13.803 0.438838
9.13194 13.787 0.440379
9.13889 13.7702 0.441919
9.14583 13.7529 0.443459
9.15278 13.7348 0.445
9.15972 13.7162 0.44654
9.16667 13.6969 0.448081
9.17361 13.6771 0.449621
9.18056 13.6567 0.451162
9.1875 13.636 0.452702
9.19444 13.6149 0.454243
9.20139 13.5936 0.455783
9.20833 13.5722 0.457323
9.21528 13.5509 0.458864
9.22222 13.5299 0.460404
9.22917 13.5095 0.461945
9.23611 13.4897 0.463485
9.24306 13.4708 0.465026
9.25 13.4532 0.466566
9.25694 13.437 0.468107
9.26389 13.4225 0.469647
9.27083 13.4101 0.471188
9.27778 13.3998 0.472728
9.28472 13.3921 0.474268
9.29167 13.3871 0.475809
9.29861 13.3851 0.477349
9.30556 13.3862 0.47889
9.3125 13.3908 0.48043
9.31944 13.3987 0.481971
9.32639 13.4103 0.483511
9.33333 13.4256 0.485052
9.34028 13.4446 0.486592
9.34722 13.4673 0.488132
9.35417 13.4937 0.489673
9.36111 13.5236 0.491213
9.36806 13.557 0.492754
9.375 13.5937 0.494294
9.38194 13.6334 0.495835
9.38889 13.6759 0.497375
9.39583 13.7209 0.498916
9.40278 13.7682 0.500456
9.40972 13.8174 0.501996
9.41667 13.868 0.503537
9.42361 13.9199 0.505077
9.43056 13.9725 0.506618
9.4375 14.0254 0.508158
9.44444 14.0784 0.509699
9.45139 14.131 0.511239
9.45833 14.1827 0.51278
9.46528 14.2333 0.51432
9.47222 14.2824 0.51586
9.47917 14.3297 0.517401
9.48611 14.3748 0.518941
9.49306 14.4174 0.520482
9.5 14.4574 0.522022
9.50694 14.4945 0.523563
9.51389 14.5284 0.525103
9.52083 14.5591 0.526644
9.52778 14.5864 0.528184
9.53472 14.6102 0.529725
9.54167 14.6304 0.531265
9.54861 14.6472 0.532805
9.55556 14.6603 0.534346
9.5625 14.67 0.535886
9.56944 14.6762 0.537427
9.57639 14.679 0.538967
9.58333 14.6786 0.540508
9.59028 14.6751 0.542048
9.59722 14.6686 0.543589
9.60417 14.6593 0.545129
9.61111 14.6475 0.546669
9.61806 14.6332 0.54821
9.625 14.6167 0.54975
9.63194 14.5981 0.551291
9.63889 14.5777 0.552831
9.64583 14.5556 0.554372
9.65278 14.5322 0.555912
9.65972 14.5074 0.557453
9.66667 14.4817 0.558993
9.67361 14.455 0.560533
9.68056 14.4277 0.562074
9.6875 14.3998 0.563614
9.69444 14.3715 0.565155
9.70139 14.343 0.566695
9.70833 14.3145 0.568236
9.71528 14.286 0.569776
9.72222 14.2577 0.571317
9.72917 14.2297 0.572857
9.73611 14.2021 0.574397
9.74306 14.1751 0.575938
9.75 14.1488 0.577478
9.75694 14.1232 0.579019
9.76389 14.0986 0.580559
9.77083 14.075 0.5821
9.77778 14.0525 0.58364
9.78472 14.0312 0.585181
9.79167 14.0114 0.586721
9.79861 13.993 0.588262
9.80556 13.9763 0.589802
9.8125 13.9613 0.591342
9.81944 13.9483 0.592883
9.82639 13.9373 0.594423
9.83333 13.9284 0.595964
9.84028 13.9219 0.597504
9.84722 13.9178 0.599045
9.85417 13.9164 0.600585
9.86111 13.9177 0.602126
9.86806 13.9218 0.603666
9.875 13.9288 0.605206
9.88194 13.9389 0.606747
9.88889 13.9522 0.608287
9.89583 13.9687 0.609828
9.90278 13.9884 0.611368
9.90972 14.0114 0.612909
9.91667 14.0377 0.614449
9.92361 14.0672 0.61599
9.93056 14.0999 0.61753
9.9375 14.1357 0.61907
9.94444 14.1746 0.620611
9.95139 14.2162 0.622151
9.95833 14.2606 0.623692
9.96528 14.3075 0.625232
9.97222 14.3566 0.626773
9.97917 14.4078 0.628313
9.98611 14.4607 0.629854
9.99306 14.515 0.631394
10 14.5705 0.632934
10.0069 14.6267 0.634475
10.0139 14.6835 0.636015
10.0208 14.7403 0.637556
10.0278 14.7969 0.639096
10.0347 14.8529 0.640637
10.0417 14.9079 0.642177
10.0486 14.9616 0.643718
10.0556 15.0136 0.645258
10.0625 15.0637 0.646799
10.0694 15.1114 0.648339
10.0764 15.1566 0.649879
10.0833 15.1988 0.65142
10.0903 15.2379 0.65296
10.0972 15.2737 0.654501
10.1042 15.3059 0.656041
10.1111 15.3344 0.657582
10.1181 15.359 0.659122
10.125 15.3795 0.660663
10.1319 15.396 0.662203
10.1389 15.4084 0.663743
10.1458 15.4165 0.665284
10.1528 15.4206 0.666824
10.1597 15.4205 0.668365
10.1667 15.4163 0.669905
10.1736 15.4081 0.671446
10.1806 15.3961 0.672986
10.1875 15.3804 0.674527
10.1944 15.3611 0.676067
10.2014 15.3384 0.677607
10.2083 15.3126 0.679148
10.2153 15.2838 0.680688
10.2222 15.2522 0.682229
10.2292 15.2182 0.683769
10.2361 15.1819 0.68531
10.2431 15.1437 0.68685
10.25 15.1038 0.688391
10.2569 15.0625 0.689931
10.2639 15.0201 0.691471
10.2708 14.9768 0.693012
10.2778 14.933 0.694552
10.2847 14.889 0.696093
10.2917 14.845 0.697633
10.2986 14.8013 0.699174
10.3056 14.7582 0.700714
10.3125 14.716 0.702255
10.3194 14.6749 0.703795
10.3264 14.6352 0.705336
10.3333 14.5972 0.706876
10.3403 14.561 0.708416
10.3472 14.527 0.709957
10.3542 14.4952 0.711497
10.3611 14.4659 0.713038
10.3681 14.4393 0.714578
10.375 14.4155 0.716119
10.3819 14.3947 0.717659
10.3889 14.377 0.7192
10.3958 14.3625 0.72074
10.4028 14.3513 0.72228
10.4097 14.3436 0.723821
10.4167 14.3393 0.725361
10.4236 14.3386 0.726902
10.4306 14.3414 0.728442
10.4375 14.3479 0.729983
10.4444 14.3579 0.731523
10.4514 14.3716 0.733064
10.4583 14.3888 0.734604
10.4653 14.4097 0.736144
10.4722 14.434 0.737685
10.4792 14.4618 0.739225
10.4861 14.4931 0.740766
10.4931 14.5276 0.742306
10.5 14.5653 0.743847
10.5069 14.6062 0.745387
10.5139 14.65 0.746928
10.5208 14.6966 0.748468
10.5278 14.7458 0.750008
10.5347 14.7975 0.751549
10.5417 14.8515 0.753089
10.5486 14.9075 0.75463
10.5556 14.9653 0.75617
10.5625 15.0247 0.756286
10.5694 15.0855 0.755316
10.5764 15.1472 0.754346
10.5833 15.2097 0.753376
10.5903 15.2727 0.752407
10.5972 15.3358 0.751437
10.6042 15.3987 0.750467
10.6111 15.4612 0.749498
10.6181 15.5228 0.748528
10.625 15.5832 0.747558
10.6319 15.6422 0.746589
10.6389 15.6994 0.745619
10.6458 15.7545 0.744649
10.6528 15.8071 0.74368
10.6597 15.857 0.74271
10.6667 15.9039 0.74174
10.6736 15.9475 0.740771
10.6806 15.9876 0.739801
10.6875 16.0239 0.738831
10.6944 16.0561 0.737862
10.7014 16.0842 0.736892
10.7083 16.1079 0.735922
10.7153 16.1271 0.734952
10.7222 16.1416 0.733983
10.7292 16.1515 0.733013
10.7361 16.1565 0.732043
10.7431 16.1567 0.731074
10.75 16.1521 0.730104
10.7569 16.1427 0.729134
10.7639 16.1285 0.728165
10.7708 16.1097 0.727195
10.7778 16.0863 0.726225
10.7847 16.0585 0.725256
10.7917 16.0265 0.724286
10.7986 15.9905 0.723316
10.8056 15.9507 0.722347
10.8125 15.9073 0.721377
10.8194 15.8606 0.720407
10.8264 15.811 0.719438
10.8333 15.7588 0.718468
10.8403 15.7043 0.717498
10.8472 15.6479 0.716528
10.8542 15.5899 0.715559
10.8611 15.5308 0.714589
10.8681 15.471 0.713619
10.875 15.4109 0.71265
10.8819 15.3508 0.71168
10.8889 15.2913 0.71071
10.8958 15.2328 0.709741
10.9028 15.1757 0.708771
10.9097 15.1203 0.707801
10.9167 15.0672 0.706832
10.9236 15.0166 0.705862
10.9306 14.9689 0.704892
10.9375 14.9246 0.703923
10.9444 14.8838 0.702953
10.9514 14.8469 0.701983
10.9583 14.8142 0.701014
10.9653 14.7858 0.700044
10.9722 14.762 0.699074
10.9792 14.7429 0.698104
10.9861 14.7286 0.697135
10.9931 14.7192 0.696165
11 14.7148 0.695195
11.0069 14.7154 0.694226
11.0139 14.7209 0.693256
11.0208 14.7314 0.692286
11.0278 14.7467 0.691317
11.0347 14.7668 0.690347
11.0417 14.7914 0.689377
11.0486 14.8206 0.688408
11.0556 14.854 0.687438
11.0625 14.8915 0.686468
11.0694 14.933 0.685499
11.0764 14.9782 0.684529
11.0833 15.0268 0.683559
11.0903 15.0788 0.68259
11.0972 15.1337 0.68162
11.1042 15.1914 0.68065
11.1111 15.2517 0.67968
11.1181 15.3143 0.678711
11.125 15.3788 0.677741
11.1319 15.4452 0.676771
11.1389 15.513 0.675802
11.1458 15.582 0.674832
11.1528 15.6521 0.673862
11.1597 15.7228 0.672893
11.1667 15.7939 0.671923
11.1736 15.8651 0.670953
11.1806 15.9362 0.669984
11.1875 16.0068 0.669014
11.1944 16.0766 0.668044
11.2014 16.1455 0.667075
11.2083 16.213 0.666105
11.2153 16.2788 0.665135
11.2222 16.3427 0.664165
11.2292 16.4045 0.663196
11.2361 16.4636 0.662226
11.2431 16.52 0.661256
11.25 16.5733 0.660287
11.2569 16.6232 0.659317
11.2639 16.6694 0.658347
11.2708 16.7118 0.657378
11.2778 16.7499 0.656408
11.2847 16.7837 0.655438
11.2917 16.8129 0.654469
11.2986 16.8373 0.653499
11.3056 16.8567 0.652529
11.3125 16.8709 0.65156
11.3194 16.8798 0.65059
11.3264 16.8834 0.64962
11.3333 16.8815 0.648651
11.3403 16.8741 0.647681
11.3472 16.8612 0.646711
11.3542 16.8428 0.645741
11.3611 16.8189 0.644772
11.3681 16.7896 0.643802
11.375 16.7551 0.642832
11.3819 16.7154 0.641863
11.3889 16.6708 0.640893
11.3958 16.6216 0.639923
11.4028 16.5679 0.638954
11.4097 16.5101 0.637984
11.4167 16.4485 0.637014
11.4236 16.3836 0.636045
11.4306 16.3156 0.635075
11.4375 16.2451 0.634105
11.4444 16.1725 0.633136
11.4514 16.0983 0.632166
11.4583 16.0231 0.631196
11.4653 15.9473 0.630227
11.4722 15.8715 0.629257
11.4792 15.7964 0.628287
11.4861 15.7224 0.627317
11.4931 15.6501 0.626348
11.5 15.58 0.625378
11.5069 15.5129 0.624408
11.5139 15.449 0.623439
11.5208 15.389 0.622469
11.5278 15.3334 0.621499
11.5347 15.2825 0.62053
11.5417 15.2368 0.61956
11.5486 15.1966 0.61859
11.5556 15.1623 0.617621
11.5625 15.134 0.616651
11.5694 15.1119 0.615681
11.5764 15.0963 0.614712
11.5833 15.0872 0.613742
11.5903 15.0846 0.612772
11.5972 15.0884 0.611803
11.6042 15.0988 0.610833
11.6111 15.1154 0.609863
11.6181 15.1381 0.608893
11.625 15.1667 0.607924
11.6319 15.2011 0.606954
11.6389 15.2408 0.605984
11.6458 15.2856 0.605015
11.6528 15.3352 0.604045
11.6597 15.3893 0.603075
11.6667 15.4474 0.602106
11.6736 15.5093 0.601136
11.6806 15.5745 0.600166
11.6875 15.6428 0.599197
11.6944 15.7138 0.598227
11.7014 15.7871 0.597257
11.7083 15.8623 0.596288
11.7153 15.9392 0.595318
11.7222 16.0174 0.594348
11.7292 16.0967 0.593379
11.7361 16.1766 0.592409
11.7431 16.2569 0.591439
11.75 16.3373 0.590469
11.7569 16.4175 0.5895
11.7639 16.4973 0.58853
11.7708 16.5763 0.58756
11.7778 16.6543 0.586591
11.7847 16.7311 0.585621
11.7917 16.8063 0.584651
11.7986 16.8797 0.583682
11.8056 16.9511 0.582712
11.8125 17.0202 0.581742
11.8194 17.0866 0.580773
11.8264 17.1502 0.579803
11.8333 17.2106 0.578833
11.8403 17.2677 0.577864
11.8472 17.3211 0.576894
11.8542 17.3705 0.575924
11.8611 17.4158 0.574955
11.8681 17.4566 0.573985
11.875 17.4927 0.573015
11.8819 17.5238 0.572045
11.8889 17.5499 0.571076
11.8958 17.5705 0.570106
11.9028 17.5856 0.569136
11.9097 17.5949 0.568167
11.9167 17.5983 0.567197
11.9236 17.5958 0.566227
11.9306 17.5871 0.565258
11.9375 17.5722 0.564288
11.9444 17.5511 0.563318
11.9514 17.5238 0.562349
11.9583 17.4904 0.561379
11.9653 17.4509 0.560409
11.9722 17.4054 0.55944
11.9792 17.3542 0.55847
11.9861 17.2974 0.5575
11.9931 17.2353 0.556531
12 17.1682 0.555561
12.0069 17.0965 0.554591
12.0139 17.0207 0.553621
12.0208 16.941 0.552652
12.0278 16.8582 0.551682
12.0347 16.7726 0.550712
12.0417 16.6849 0.549743
12.0486 16.5957 0.548773
12.0556 16.5056 0.547803
12.0625 16.4154 0.546834
12.0694 16.3256 0.545864
12.0764 16.237 0.544894
12.0833 16.1503 0.543925
12.0903 16.0663 0.542955
12.0972 15.9855 0.541985
12.1042 15.9088 0.541016
12.1111 15.8366 0.540046
12.1181 15.7697 0.539076
12.125 15.7085 0.538107
12.1319 15.6537 0.537137
12.1389 15.6056 0.536167
12.1458 15.5647 0.535197
12.1528 15.5313 0.534228
12.1597 15.5055 0.533258
12.1667 15.4877 0.532288
12.1736 15.4779 0.531319
12.1806 15.476 0.530349
12.1875 15.4822 0.529379
12.1944 15.4961 0.52841
12.2014 15.5177 0.52744
12.2083 15.5467 0.52647
12.2153 15.5828 0.525501
12.2222 15.6256 0.524531
12.2292 15.6747 0.523561
12.2361 15.7298 0.522592
12.2431 15.7903 0.521622
12.25 15.8557 0.520652
12.2569 15.9257 0.519682
12.2639 15.9996 0.518713
12.2708 16.0771 0.517743
12.2778 16.1576 0.516773
12.2847 16.2407 0.515804
12.2917 16.3259 0.514834
12.2986 16.4127 0.513864
12.3056 16.5009 0.512895
12.3125 16.5899 0.511925
12.3194 16.6794 0.510955
12.3264 16.769 0.509986
12.3333 16.8585 0.509016
12.3403 16.9475 0.508046
12.3472 17.0358 0.507077
12.3542 17.123 0.506107
12.3611 17.2089 0.505137
12.3681 17.2933 0.504168
12.375 17.376 0.503198
12.3819 17.4566 0.502228
12.3889 17.535 0.501258
12.3958 17.6109 0.500289
12.4028 17.6842 0.499319
12.4097 17.7546 0.498349
12.4167 17.8218 0.49738
12.4236 17.8856 0.49641
12.4306 17.9458 0.49544
12.4375 18.0022 0.494471
12.4444 18.0544 0.493501
12.4514 18.1023 0.492531
12.4583 18.1455 0.491562
12.4653 18.1839 0.490592
12.4722 18.2171 0.489622
12.4792 18.245 0.488653
12.4861 18.2672 0.487683
12.4931 18.2836 0.486713
12.5 18.2939 0.485744
12.5069 18.298 0.484774
12.5139 18.2957 0.483804
12.5208 18.2868 0.482834
12.5278 18.2712 0.481865
12.5347 18.2489 0.480895
12.5417 18.2197 0.479925
12.5486 18.1838 0.478956
12.5556 18.1411 0.477986
12.5625 18.0917 0.477016
12.5694 18.0359 0.476047
12.5764 17.9736 0.475077
12.5833 17.9054 0.474107
12.5903 17.8313 0.473138
12.5972 17.7519 0.472168
12.6042 17.6675 0.471198
12.6111 17.5787 0.470229
12.6181 17.4859 0.469259
12.625 17.3898 0.468289
12.6319 17.291 0.46732
12.6389 17.1902 0.46635
12.6458 17.0881 0.46538
12.6528 16.9856 0.46441
12.6597 16.8833 0.463441
12.6667 16.7822 0.462471
12.6736 16.6831 0.461501
12.6806 16.5867 0.460532
12.6875 16.494 0.459562
12.6944 16.4057 0.458592
12.7014 16.3226 0.457623
12.7083 16.2455 0.456653
12.7153 16.175 0.455683
12.7222 16.1118 0.454714
12.7292 16.0564 0.453744
12.7361 16.0094 0.452774
12.7431 15.971 0.451805
12.75 15.9417 0.450835
12.7569 15.9216 0.449865
12.7639 15.9108 0.448896
12.7708 15.9094 0.447926
12.7778 15.9173 0.446956
12.7847 15.9343 0.445986
12.7917 15.9603 0.445017
12.7986 15.9947 0.444047
12.8056 16.0374 0.443077
12.8125 16.0877 0.442108
12.8194 16.1453 0.441138
12.8264 16.2095 0.440168
12.8333 16.2797 0.439199
12.8403 16.3554 0.438229
12.8472 16.4359 0.437259
12.8542 16.5206 0.43629
12.8611 16.6088 0.43532
12.8681 16.7001 0.43435
12.875 16.7938 0.433381
12.8819 16.8893 0.432411
12.8889 16.9861 0.431441
12.8958 17.0838 0.430472
12.9028 17.1818 0.429502
12.9097 17.2798 0.430855
12.9167 17.3773 0.433223
12.9236 17.4741 0.43559
12.9306 17.5697 0.437957
12.9375 17.664 0.440324
12.9444 17.7566 0.442692
12.9514 17.8474 0.445059
12.9583 17.936 0.447426
12.9653 18.0224 0.449794
12.9722 18.1063 0.452161
12.9792 18.1876 0.454528
12.9861 18.266 0.456895
12.9931 18.3414 0.459263
13 18.4137 0.46163
13.0069 18.4826 0.463997
13.0139 18.548 0.466364
13.0208 18.6096 0.468732
13.0278 18.6673 0.471099
13.0347 18.7207 0.473466
13.0417 18.7698 0.475833
13.0486 18.8143 0.478201
13.0556 18.8538 0.480568
13.0625 18.8882 0.482935
13.0694 18.9171 0.485302
13.0764 18.9405 0.48767
13.0833 18.9579 0.490037
13.0903 18.9691 0.492404
13.0972 18.974 0.494771
13.1042 18.9723 0.497139
13.1111 18.9637 0.499506
13.1181 18.9483 0.501873
13.125 18.9257 0.50424
13.1319 18.896 0.506608
13.1389 18.8591 0.508975
13.1458 18.8149 0.511342
13.1528 18.7636 0.513709
13.1597 18.7052 0.516077
13.1667 18.64 0.518444
13.1736 18.568 0.520811
13.1806 18.4897 0.523178
13.1875 18.4053 0.525546
13.1944 18.3154 0.527913
13.2014 18.2203 0.53028
13.2083 18.1207 0.532647
13.2153 18.0173 0.535015
13.2222 17.9106 0.537382
13.2292 17.8014 0.539749
13.2361 17.6906 0.542116
13.2431 17.579 0.544484
13.25 17.4674 0.546851
13.2569 17.3568 0.549218
13.2639 17.2482 0.551586
13.2708 17.1424 0.553953
13.2778 17.0405 0.55632
13.2847 16.9432 0.558687
13.2917 16.8517 0.561055
13.2986 16.7666 0.563422
13.3056 16.6888 0.565789
13.3125 16.619 0.568156
13.3194 16.5579 0.570524
13.3264 16.5061 0.572891
13.3333 16.4641 0.575258
13.3403 16.4321 0.577625
13.3472 16.4105 0.579993
13.3542 16.3993 0.58236
13.3611 16.3987 0.584727
13.3681 16.4086 0.587094
13.375 16.4287 0.589462
13.3819 16.4588 0.591829
13.3889 16.4984 0.594196
13.3958 16.5471 0.596563
13.4028 16.6043 0.598931
13.4097 16.6694 0.601298
13.4167 16.7418 0.603665
13.4236 16.8206 0.606032
13.4306 16.9053 0.6084
13.4375 16.9949 0.610767
13.4444 17.0889 0.613134
13.4514 17.1863 0.615501
13.4583 17.2866 0.617869
13.4653 17.3889 0.620236
13.4722 17.4928 0.622603
13.4792 17.5974 0.62497
13.4861 17.7023 0.627338
13.4931 17.807 0.629705
13.5 17.9109 0.632072
13.5069 18.0137 0.634439
13.5139 18.115 0.636807
13.5208 18.2145 0.639174
13.5278 18.3118 0.641541
13.5347 18.4069 0.643908
13.5417 18.4993 0.646276
13.5486 18.5891 0.648643
13.5556 18.6761 0.65101
13.5625 18.7601 0.653378
13.5694 18.841 0.655745
13.5764 18.9187 0.658112
13.5833 18.9931 0.660479
13.5903 19.0641 0.662847
13.5972 19.1317 0.665214
13.6042 19.1956 0.667581
13.6111 19.2557 0.669948
13.6181 19.3119 0.672316
13.625 19.364 0.674683
13.6319 19.4118 0.67705
13.6389 19.4551 0.679417
13.6458 19.4937 0.681785
13.6528 19.5274 0.684152
13.6597 19.5558 0.686519
13.6667 19.5788 0.688886
13.6736 19.5961 0.691254
13.6806 19.6074 0.693621
13.6875 19.6125 0.695988
13.6944 19.6111 0.698355
13.7014 19.6029 0.700723
13.7083 19.5879 0.70309
13.7153 19.5658 0.705457
13.7222 19.5365 0.707824
13.7292 19.4998 0.710192
13.7361 19.4558 0.712559
13.7431 19.4044 0.714926
13.75 19.3457 0.717293
13.7569 19.2797 0.719661
13.7639 19.2068 0.722028
13.7708 19.127 0.724395
13.7778 19.0409 0.726762
13.7847 18.9487 0.72913
13.7917 18.851 0.731497
13.7986 18.7484 0.733864
13.8056 18.6414 0.736231
13.8125 18.5307 0.738599
13.8194 18.4172 0.740966
13.8264 18.3017 0.743333
13.8333 18.1851 0.7457
13.8403 18.0683 0.748068
13.8472 17.9523 0.750435
13.8542 17.8382 0.752802
13.8611 17.7269 0.75517
13.8681 17.6194 0.757537
13.875 17.5169 0.759904
13.8819 17.4203 0.762271
13.8889 17.3305 0.764639
13.8958 17.2484 0.767006
13.9028 17.1749 0.769373
13.9097 17.1108 0.77174
13.9167 17.0565 0.774108
13.9236 17.0128 0.776475
13.9306 16.98 0.778842
13.9375 16.9585 0.781209
13.9444 16.9483 0.783577
13.9514 16.9496 0.785944
13.9583 16.9621 0.788311
13.9653 16.9859 0.790678
13.9722 17.0203 0.793046
13.9792 17.0651 0.795413
13.9861 17.1197 0.79778
13.9931 17.1834 0.800147
14 17.2554 0.802515
14.0069 17.3351 0.804882
14.0139 17.4215 0.807249
14.0208 17.5139 0.809616
14.0278 17.6112 0.811984
14.0347 17.7127 0.814351
14.0417 17.8175 0.816718
14.0486 17.9247 0.819085
14.0556 18.0336 0.821453
14.0625 18.1433 0.82382
14.0694 18.2532 0.826187
14.0764 18.3627 0.828554
14.0833 18.4711 0.830922
14.0903 18.5779 0.833289
14.0972 18.6828 0.835656
14.1042 18.7852 0.838023
14.1111 18.885 0.840391
14.1181 18.9819 0.842758
14.125 19.0756 0.845125
14.1319 19.166 0.847492
14.1389 19.253 0.84986
14.1458 19.3365 0.852227
14.1528 19.4165 0.854594
14.1597 19.493 0.856962
14.1667 19.5659 0.859329
14.1736 19.6352 0.861696
14.1806 19.7009 0.864063
14.1875 19.763 0.866431
14.1944 19.8215 0.868798
14.2014 19.8762 0.871165
14.2083 19.9272 0.873532
14.2153 19.9743 0.8759
14.2222 20.0175 0.878267
14.2292 20.0565 0.880634
14.2361 20.0912 0.883001
14.2431 20.1213 0.885369
14.25 20.1468 0.887736
14.2569 20.1673 0.890103
14.2639 20.1825 0.89247
14.2708 20.1923 0.894838
14.2778 20.1963 0.897205
14.2847 20.1944 0.899572
14.2917 20.1861 0.901939
14.2986 20.1714 0.904307
14.3056 20.1499 0.906674
14.3125 20.1215 0.909041
14.3194 20.0861 0.911408
14.3264 20.0435 0.913776
14.3333 19.9936 0.916143
14.3403 19.9366 0.91851
14.3472 19.8723 0.920877
14.3542 19.8011 0.923245
14.3611 19.723 0.925612
14.3681 19.6384 0.927979
14.375 19.5476 0.930346
14.3819 19.4511 0.932714
14.3889 19.3493 0.935081
14.3958 19.2431 0.937448
14.4028 19.1329 0.939815
14.4097 19.0196 0.942183
14.4167 18.9041 0.94455
14.4236 18.7872 0.946917
14.4306 18.6699 0.949284
14.4375 18.5533 0.951652
14.4444 18.4383 0.954019
14.4514 18.3261 0.956386
14.4583 18.2178 0.958754
14.4653 18.1144 0.961121
14.4722 18.0169 0.963488
14.4792 17.9265 0.965855
14.4861 17.844 0.968223
14.4931 17.7705 0.97059
14.5 17.7065 0.972957
14.5069 17.653 0.975324
14.5139 17.6105 0.977692
14.5208 17.5794 0.980059
14.5278 17.5601 0.982426
14.5347 17.5527 0.984793
14.5417 17.5574 0.987161
14.5486 17.574 0.989528
14.5556 17.6022 0.991895
14.5625 17.6417 0.994262
14.5694 17.6921 0.99663
14.5764 17.7525 0.998997
14.5833 17.8224 1.00136
14.5903 17.9009 1.00373
14.5972 17.9871 1.0061
14.6042 18.0801 1.00847
14.6111 18.1789 1.01083
14.6181 18.2824 1.0132
14.625 18.3897 1.01557
14.6319 18.4999 1.01793
14.6389 18.6119 1.0203
14.6458 18.7249 1.02267
14.6528 18.8379 1.02504
14.6597 18.9503 1.0274
14.6667 19.0613 1.02977
14.6736 19.1703 1.03214
14.6806 19.2767 1.03451
14.6875 19.3802 1.03687
