time error errTLE
0 0 0
0.00694444 0.00800092 0.00235372
0.0138889 0.0148778 0.00470745
0.0208333 0.0205943 0.00706117
0.0277778 0.0251648 0.0094149
0.0347222 0.0286811 0.0117686
0.0416667 0.0313401 0.0141223
0.0486111 0.0334931 0.0164761
0.0555556 0.0356979 0.0188298
0.0625 0.0387244 0.0211835
0.0694444 0.0434513 0.0235372
0.0763889 0.0506515 0.025891
0.0833333 0.0608148 0.0282447
0.0902778 0.0741506 0.0305984
0.0972222 0.0907079 0.0329521
0.104167 0.110476 0.0353059
0.111111 0.133433 0.0376596
0.118056 0.15956 0.0400133
0.125 0.188832 0.042367
0.131944 0.221208 0.0447208
0.138889 0.25662 0.0470745
0.145833 0.294961 0.0494282
0.152778 0.336081 0.0517819
0.159722 0.37978 0.0541356
0.166667 0.425804 0.0564894
0.173611 0.473844 0.0588431
0.180556 0.523536 0.0611968
0.1875 0.574463 0.0635505
0.194444 0.626161 0.0659043
0.201389 0.678122 0.068258
0.208333 0.729805 0.0706117
0.215278 0.780637 0.0729654
0.222222 0.830034 0.0753192
0.229167 0.877402 0.0776729
0.236111 0.922153 0.0800266
0.243056 0.963714 0.0823803
0.25 1.00154 0.0847341
0.256944 1.03512 0.0870878
0.263889 1.064 0.0894415
0.270833 1.08779 0.0917952
0.277778 1.10614 0.094149
0.284722 1.11881 0.0965027
0.291667 1.12561 0.0988564
0.298611 1.12646 0.10121
0.305556 1.12136 0.103564
0.3125 1.11039 0.105918
0.319444 1.09373 0.108271
0.326389 1.07164 0.110625
0.333333 1.04448 0.112979
0.340278 1.01264 0.115332
0.347222 0.976645 0.117686
0.354167 0.937034 0.12004
0.361111 0.894421 0.122394
0.368056 0.84946 0.124747
0.375 0.802839 0.127101
0.381944 0.755271 0.129455
0.388889 0.707479 0.131809
0.395833 0.660179 0.134162
0.402778 0.614074 0.136516
0.409722 0.569826 0.13887
0.416667 0.528041 0.141223
0.423611 0.489237 0.143577
0.430556 0.45382 0.145931
0.4375 0.422046 0.148285
0.444444 0.393998 0.150638
0.451389 0.369567 0.152992
0.458333 0.348452 0.155346
0.465278 0.330184 0.157699
0.472222 0.314175 0.160053
0.479167 0.299775 0.162407
0.486111 0.286338 0.164761
0.493056 0.27327 0.167114
0.5 0.260071 0.169468
0.506944 0.246351 0.171822
0.513889 0.231837 0.174176
0.520833 0.216372 0.176529
0.527778 0.199903 0.178883
0.534722 0.182468 0.181237
0.541667 0.16419 0.18359
0.548611 0.145274 0.185944
0.555556 0.126015 0.188298
0.5625 0.10683 0.190652
0.569444 0.0883516 0.193005
0.576389 0.0716305 0.195359
0.583333 0.0585277 0.197713
0.590278 0.0519213 0.200067
0.597222 0.0540327 0.20242
0.604167 0.0636544 0.204774
0.611111 0.077695 0.207128
0.618056 0.0937976 0.209481
0.625 0.110768 0.211835
0.631944 0.128021 0.214189
0.638889 0.145293 0.216543
0.645833 0.162502 0.218896
0.652778 0.179675 0.22125
0.659722 0.196923 0.223604
0.666667 0.214418 0.225957
0.673611 0.232381 0.228311
0.680556 0.251078 0.230665
0.6875 0.270803 0.233019
0.694444 0.291869 0.235372
0.701389 0.314588 0.237726
0.708333 0.339262 0.24008
0.715278 0.366155 0.242434
0.722222 0.395489 0.244787
0.729167 0.427421 0.247141
0.736111 0.462032 0.249495
0.743056 0.499328 0.251848
0.75 0.539227 0.254202
0.756944 0.581564 0.256556
0.763889 0.626095 0.25891
0.770833 0.672495 0.261263
0.777778 0.720371 0.263617
0.784722 0.769267 0.265971
0.791667 0.818676 0.268325
0.798611 0.868041 0.270678
0.805556 0.916779 0.273032
0.8125 0.964281 0.275386
0.819444 1.00993 0.277739
0.826389 1.05312 0.280093
0.833333 1.09324 0.282447
0.840278 1.12973 0.284801
0.847222 1.16205 0.287154
0.854167 1.18974 0.289508
0.861111 1.21237 0.291862
0.868056 1.22961 0.294215
0.875 1.24118 0.296569
0.881944 1.24693 0.298923
0.888889 1.24677 0.301277
0.895833 1.24071 0.30363
0.902778 1.22888 0.305984
0.909722 1.21147 0.308338
0.916667 1.18881 0.310692
0.923611 1.1613 0.313045
0.930556 1.12941 0.315399
0.9375 1.09373 0.317753
0.944444 1.05488 0.320106
0.951389 1.01357 0.32246
0.958333 0.970534 0.324814
0.965278 0.926541 0.327168
0.972222 0.882371 0.329521
0.979167 0.838792 0.331875
0.986111 0.796526 0.334229
0.993056 0.75623 0.336583
1 0.718454 0.338936
1.00694 0.683609 0.34129
1.01389 0.65194 0.343644
1.02083 0.6235 0.345997
1.02778 0.598145 0.348351
1.03472 0.575549 0.350705
1.04167 0.555226 0.353059
1.04861 0.536579 0.355412
1.05556 0.518951 0.357766
1.0625 0.501678 0.36012
1.06944 0.484131 0.362473
1.07639 0.465754 0.364827
1.08333 0.446085 0.367181
1.09028 0.424771 0.369535
1.09722 0.401571 0.371888
1.10417 0.376353 0.374242
1.11111 0.349099 0.376596
1.11806 0.319894 0.37895
1.125 0.288933 0.381303
1.13194 0.256533 0.383657
1.13889 0.223174 0.386011
1.14583 0.18959 0.388364
1.15278 0.156991 0.390718
1.15972 0.12754 0.393072
1.16667 0.105274 0.395426
1.17361 0.0963502 0.397779
1.18056 0.104724 0.400133
1.1875 0.12706 0.402487
1.19444 0.157303 0.404841
1.20139 0.191374 0.407194
1.20833 0.227118 0.409548
1.21528 0.263388 0.411902
1.22222 0.299535 0.414255
1.22917 0.335169 0.416609
1.23611 0.370054 0.418963
1.24306 0.404057 0.421317
1.25 0.437118 0.42367
1.25694 0.469245 0.426024
1.26389 0.500496 0.428378
1.27083 0.530982 0.430731
1.27778 0.560856 0.433085
1.28472 0.590316 0.435439
1.29167 0.619592 0.437793
1.29861 0.648939 0.440146
1.30556 0.67863 0.4425
1.3125 0.708942 0.444854
1.31944 0.74014 0.447208
1.32639 0.772464 0.449561
1.33333 0.806109 0.451915
1.34028 0.84121 0.454269
1.34722 0.877835 0.456622
1.35417 0.915967 0.458976
1.36111 0.955499 0.46133
1.36806 0.996238 0.463684
1.375 1.0379 0.466037
1.38194 1.08012 0.468391
1.38889 1.12246 0.470745
1.39583 1.16442 0.473098
1.40278 1.20546 0.475452
1.40972 1.24502 0.477806
1.41667 1.28251 0.48016
1.42361 1.31734 0.482513
1.43056 1.34896 0.484867
1.4375 1.37684 0.487221
1.44444 1.4005 0.489575
1.45139 1.41951 0.491928
1.45833 1.43355 0.494282
1.46528 1.44234 0.496636
1.47222 1.44572 0.498989
1.47917 1.44362 0.501343
1.48611 1.43607 0.503697
1.49306 1.4232 0.506051
1.5 1.40525 0.508404
1.50694 1.38257 0.510758
1.51389 1.35558 0.513112
1.52083 1.3248 0.515466
1.52778 1.29082 0.517819
1.53472 1.25431 0.520173
1.54167 1.21595 0.522527
1.54861 1.17647 0.52488
1.55556 1.13659 0.527234
1.5625 1.097 0.529588
1.56944 1.05833 0.531942
1.57639 1.02112 0.534295
1.58333 0.985803 0.536649
1.59028 0.952652 0.539003
1.59722 0.921782 0.541356
1.60417 0.89314 0.54371
1.61111 0.866531 0.546064
1.61806 0.841529 0.548418
1.625 0.817676 0.550771
1.63194 0.794402 0.553125
1.63889 0.771095 0.555479
1.64583 0.747138 0.557833
1.65278 0.721949 0.560186
1.65972 0.695 0.56254
1.66667 0.665848 0.564894
1.67361 0.634142 0.567247
1.68056 0.599635 0.569601
1.6875 0.562189 0.571955
1.69444 0.521777 0.574309
1.70139 0.47849 0.576662
1.70833 0.432544 0.579016
1.71528 0.384309 0.58137
1.72222 0.33436 0.583724
1.72917 0.283609 0.586077
1.73611 0.23361 0.588431
1.74306 0.187293 0.590785
1.75 0.150587 0.593138
1.75694 0.133898 0.595492
1.76389 0.145662 0.597846
1.77083 0.180923 0.6002
1.77778 0.229074 0.602553
1.78472 0.283298 0.604907
1.79167 0.340184 0.607261
1.79861 0.397956 0.609614
1.80556 0.455582 0.611968
1.8125 0.512394 0.614322
1.81944 0.567928 0.616676
1.82639 0.621851 0.619029
1.83333 0.67392 0.621383
1.84028 0.723967 0.623737
1.84722 0.771887 0.626091
1.85417 0.817636 0.628444
1.86111 0.861221 0.630798
1.86806 0.902703 0.633152
1.875 0.942193 0.635505
1.88194 0.979847 0.637859
1.88889 1.01586 0.640213
1.89583 1.05047 0.642567
1.90278 1.08392 0.64492
1.90972 1.11651 0.647274
1.91667 1.14849 0.649628
1.92361 1.18015 0.651982
1.93056 1.21174 0.654335
1.9375 1.24345 0.656689
1.94444 1.27545 0.659043
1.95139 1.30783 0.661396
1.95833 1.34061 0.66375
1.96528 1.3737 0.666104
1.97222 1.40697 0.668458
1.97917 1.44018 0.670811
1.98611 1.47302 0.673165
1.99306 1.50511 0.675519
2 1.53604 0.677872
2.00694 1.56533 0.680226
2.01389 1.5925 0.68258
2.02083 1.61707 0.684934
2.02778 1.63858 0.687287
2.03472 1.65658 0.689641
2.04167 1.6707 0.691995
2.04861 1.68062 0.694349
2.05556 1.68608 0.696702
2.0625 1.68693 0.699056
2.06944 1.68311 0.70141
2.07639 1.67465 0.703763
2.08333 1.66167 0.706117
2.09028 1.64441 0.708471
2.09722 1.62317 0.710825
2.10417 1.59837 0.713178
2.11111 1.57048 0.715532
2.11806 1.54002 0.717886
2.125 1.50757 0.72024
2.13194 1.47371 0.722593
2.13889 1.43904 0.724947
2.14583 1.40408 0.727301
2.15278 1.36933 0.729654
2.15972 1.33519 0.732008
2.16667 1.30196 0.734362
2.17361 1.26979 0.736716
2.18056 1.23873 0.739069
2.1875 1.20867 0.741423
2.19444 1.17936 0.743777
2.20139 1.15046 0.74613
2.20833 1.12151 0.748484
2.21528 1.092 0.750838
2.22222 1.06138 0.753192
2.22917 1.0291 0.755545
2.23611 0.994628 0.757899
2.24306 0.957467 0.760253
2.25 0.917199 0.762607
2.25694 0.873483 0.76496
2.26389 0.826072 0.767314
2.27083 0.77482 0.769668
2.27778 0.719692 0.772021
2.28472 0.66077 0.774375
2.29167 0.598272 0.776729
2.29861 0.532577 0.779083
2.30556 0.464285 0.781436
2.3125 0.394356 0.78379
2.31944 0.324433 0.786144
2.32639 0.257663 0.788497
2.33333 0.200815 0.790851
2.34028 0.167997 0.793205
2.34722 0.175901 0.795559
2.35417 0.221402 0.797912
2.36111 0.287494 0.800266
2.36806 0.362899 0.80262
2.375 0.442336 0.804974
2.38194 0.523209 0.807327
2.38889 0.604042 0.809681
2.39583 0.683869 0.812035
2.40278 0.761996 0.814388
2.40972 0.837887 0.816742
2.41667 0.911116 0.819096
2.42361 0.981345 0.82145
2.43056 1.04831 0.823803
2.4375 1.1118 0.826157
2.44444 1.17169 0.828511
2.45139 1.2279 0.830865
2.45833 1.28042 0.833218
2.46528 1.32929 0.835572
2.47222 1.37461 0.837926
2.47917 1.41654 0.840279
2.48611 1.45528 0.842633
2.49306 1.49107 0.844987
2.5 1.52421 0.847341
2.50694 1.555 0.849694
2.51389 1.58378 0.852048
2.52083 1.61088 0.854402
2.52778 1.63662 0.856755
2.53472 1.66131 0.859109
2.54167 1.68522 0.861463
2.54861 1.70855 0.863817
2.55556 1.73146 0.86617
2.5625 1.75403 0.868524
2.56944 1.77627 0.870878
2.57639 1.79809 0.873232
2.58333 1.81936 0.875585
2.59028 1.83984 0.877939
2.59722 1.85927 0.880293
2.60417 1.87732 0.882646
2.61111 1.89369 0.885
2.61806 1.90797 0.887354
2.625 1.91983 0.889708
2.63194 1.92895 0.892061
2.63889 1.93507 0.894415
2.64583 1.93795 0.896769
2.65278 1.93744 0.899123
2.65972 1.93345 0.901476
2.66667 1.92598 0.90383
2.67361 1.9151 0.906184
2.68056 1.90097 0.908537
2.6875 1.88381 0.910891
2.69444 1.86391 0.913245
2.70139 1.84161 0.915599
2.70833 1.81726 0.917952
2.71528 1.79124 0.920306
2.72222 1.76394 0.92266
2.72917 1.73569 0.925013
2.73611 1.70679 0.927367
2.74306 1.67746 0.929721
2.75 1.64785 0.932075
2.75694 1.618 0.934428
2.76389 1.58786 0.936782
2.77083 1.55726 0.939136
2.77778 1.52595 0.94149
2.78472 1.49359 0.943843
2.79167 1.45977 0.946197
2.79861 1.42404 0.948551
2.80556 1.38591 0.950904
2.8125 1.3449 0.953258
2.81944 1.30054 0.955612
2.82639 1.2524 0.957966
2.83333 1.20012 0.960319
2.84028 1.14337 0.962673
2.84722 1.08195 0.965027
2.85417 1.01572 0.967381
2.86111 0.944655 0.969734
2.86806 0.86885 0.972088
2.875 0.788521 0.974442
2.88194 0.704045 0.976795
2.88889 0.616013 0.979149
2.89583 0.525353 0.981503
2.90278 0.433615 0.983857
2.90972 0.343724 0.98621
2.91667 0.262087 0.988564
2.92361 0.204012 0.990918
2.93056 0.196167 0.993271
2.9375 0.245618 0.989275
2.94444 0.328168 0.981931
2.95139 0.424931 0.974586
2.95833 0.527619 0.967241
2.96528 0.632486 0.959896
2.97222 0.737517 0.952551
2.97917 0.841423 0.945206
2.98611 0.943267 0.937861
2.99306 1.04231 0.930516
3 1.13795 0.923171
3.00694 1.22967 0.915827
3.01389 1.31704 0.908482
3.02083 1.3997 0.901137
3.02778 1.47737 0.893792
3.03472 1.54983 0.886447
3.04167 1.61694 0.879102
3.04861 1.67861 0.871757
3.05556 1.73485 0.864412
3.0625 1.7857 0.857067
3.06944 1.83131 0.849722
3.07639 1.87186 0.842378
3.08333 1.9076 0.835033
3.09028 1.93885 0.827688
3.09722 1.96596 0.820343
3.10417 1.98935 0.812998
3.11111 2.00944 0.805653
3.11806 2.02668 0.798308
3.125 2.04153 0.790963
3.13194 2.05445 0.783618
3.13889 2.06587 0.776274
3.14583 2.07617 0.768929
3.15278 2.08569 0.761584
3.15972 2.09472 0.754239
3.16667 2.10345 0.746894
3.17361 2.11201 0.739549
3.18056 2.12045 0.732204
3.1875 2.12875 0.724859
3.19444 2.1368 0.717514
3.20139 2.14445 0.710169
3.20833 2.15151 0.702825
3.21528 2.15773 0.69548
3.22222 2.1629 0.688135
3.22917 2.16676 0.68079
3.23611 2.16909 0.673445
3.24306 2.1697 0.6661
3.25 2.16845 0.658755
3.25694 2.16522 0.65141
3.26389 2.15996 0.644065
3.27083 2.15265 0.636721
3.27778 2.14333 0.629376
3.28472 2.13205 0.622031
3.29167 2.1189 0.614686
3.29861 2.10399 0.607341
3.30556 2.08739 0.599996
3.3125 2.0692 0.592651
3.31944 2.04946 0.585306
3.32639 2.02816 0.577961
3.33333 2.00525 0.570616
3.34028 1.98062 0.563272
3.34722 1.9541 0.555927
3.35417 1.92544 0.548582
3.36111 1.89435 0.541237
3.36806 1.86048 0.533892
3.375 1.82345 0.526547
3.38194 1.78285 0.519202
3.38889 1.73826 0.511857
3.39583 1.68928 0.504512
3.40278 1.6355 0.497168
3.40972 1.57659 0.489823
3.41667 1.51224 0.482478
3.42361 1.44221 0.475133
3.43056 1.36633 0.467788
3.4375 1.28454 0.460443
3.44444 1.19685 0.453098
3.45139 1.10338 0.445753
3.45833 1.00438 0.438408
3.46528 0.900241 0.431063
3.47222 0.791553 0.423719
3.47917 0.679197 0.416374
3.48611 0.564583 0.409029
3.49306 0.450242 0.401684
3.5 0.341568 0.394339
3.50694 0.252177 0.386994
3.51389 0.214237 0.379649
3.52083 0.255569 0.373717
3.52778 0.350488 0.373967
3.53472 0.46764 0.374218
3.54167 0.593512 0.374469
3.54861 0.7226 0.37472
3.55556 0.85217 0.37497
3.5625 0.980554 0.375221
3.56944 1.10656 0.375472
3.57639 1.22924 0.375722
3.58333 1.3478 0.375973
3.59028 1.46156 0.376224
3.59722 1.56993 0.376474
3.60417 1.67239 0.376725
3.61111 1.76855 0.376976
3.61806 1.85797 0.377226
3.625 1.94039 0.377477
3.63194 2.01562 0.377728
3.63889 2.08353 0.377979
3.64583 2.14408 0.378229
3.65278 2.19729 0.37848
3.65972 2.2433 0.378731
3.66667 2.28229 0.378981
3.67361 2.31455 0.379232
3.68056 2.34042 0.379483
3.6875 2.36035 0.379733
3.69444 2.37482 0.379984
3.70139 2.38438 0.380235
3.70833 2.38964 0.380485
3.71528 2.39124 0.380736
3.72222 2.38985 0.380987
3.72917 2.38614 0.381238
3.73611 2.38077 0.381488
3.74306 2.3744 0.381739
3.75 2.36762 0.38199
3.75694 2.36098 0.38224
3.76389 2.35494 0.382491
3.77083 2.34988 0.382742
3.77778 2.34609 0.382992
3.78472 2.34374 0.383243
3.79167 2.34293 0.383494
3.79861 2.34363 0.383744
3.80556 2.34575 0.383995
3.8125 2.34912 0.384246
3.81944 2.3535 0.384497
3.82639 2.35863 0.384747
3.83333 2.36421 0.384998
3.84028 2.36991 0.385249
3.84722 2.37543 0.385499
3.85417 2.38045 0.38575
3.86111 2.38466 0.386001
3.86806 2.38778 0.386251
3.875 2.38954 0.386502
3.88194 2.38965 0.386753
3.88889 2.38787 0.387003
3.89583 2.38393 0.387254
3.90278 2.37755 0.387505
3.90972 2.36846 0.387756
3.91667 2.35636 0.388006
3.92361 2.34092 0.388257
3.93056 2.32182 0.388508
3.9375 2.2987 0.388758
3.94444 2.27119 0.389009
3.95139 2.2389 0.38926
3.95833 2.20146 0.38951
3.96528 2.15849 0.389761
3.97222 2.10961 0.390012
3.97917 2.05449 0.390262
3.98611 1.99281 0.390513
3.99306 1.92433 0.390764
4 1.84882 0.391015
4.00694 1.76614 0.391265
4.01389 1.67621 0.391516
4.02083 1.57905 0.391767
4.02778 1.47475 0.392017
4.03472 1.3635 0.392268
4.04167 1.24563 0.392519
4.04861 1.12156 0.392769
4.05556 0.991944 0.39302
4.0625 0.857651 0.393271
4.06944 0.720015 0.393521
4.07639 0.581275 0.393772
4.08333 0.44588 0.394023
4.09028 0.324717 0.394274
4.09722 0.247453 0.394524
4.10417 0.262195 0.394775
4.11111 0.359931 0.395026
4.11806 0.494116 0.395276
4.125 0.641834 0.395527
4.13194 0.794507 0.395778
4.13889 0.948272 0.396028
4.14583 1.10093 0.396279
4.15278 1.25096 0.39653
4.15972 1.3972 0.39678
4.16667 1.53865 0.397031
4.17361 1.67446 0.397282
4.18056 1.80387 0.397533
4.1875 1.9262 0.397783
4.19444 2.04088 0.398034
4.20139 2.14738 0.398285
4.20833 2.24529 0.398535
4.21528 2.33427 0.398786
4.22222 2.41406 0.399037
4.22917 2.48451 0.399287
4.23611 2.54555 0.399538
4.24306 2.59721 0.399789
4.25 2.63961 0.400039
4.25694 2.67298 0.40029
4.26389 2.69763 0.400541
4.27083 2.71398 0.400792
4.27778 2.72255 0.401042
4.28472 2.72395 0.401293
4.29167 2.71887 0.401544
4.29861 2.7081 0.401794
4.30556 2.69248 0.402045
4.3125 2.67294 0.402296
4.31944 2.65043 0.402546
4.32639 2.62596 0.402797
4.33333 2.60053 0.403048
4.34028 2.57515 0.403298
4.34722 2.55076 0.403549
4.35417 2.52827 0.4038
4.36111 2.50846 0.404051
4.36806 2.49202 0.404301
4.375 2.47947 0.404552
4.38194 2.4712 0.404803
4.38889 2.46738 0.405053
4.39583 2.46805 0.405304
4.40278 2.47305 0.405555
4.40972 2.48208 0.405805
4.41667 2.4947 0.406056
4.42361 2.51036 0.406307
4.43056 2.52844 0.406557
4.4375 2.54824 0.406808
4.44444 2.56904 0.407059
4.45139 2.59011 0.40731
4.45833 2.61069 0.40756
4.46528 2.63006 0.407811
4.47222 2.64752 0.408062
4.47917 2.66239 0.408312
4.48611 2.67402 0.408563
4.49306 2.68178 0.408814
4.5 2.68508 0.409064
4.50694 2.68336 0.409315
4.51389 2.67608 0.409566
4.52083 2.66273 0.409816
4.52778 2.64285 0.410067
4.53472 2.61598 0.410318
4.54167 2.58171 0.410569
4.54861 2.53967 0.410819
4.55556 2.48953 0.41107
4.5625 2.431 0.411321
4.56944 2.36386 0.411571
4.57639 2.28792 0.411822
4.58333 2.20308 0.412073
4.59028 2.1093 0.412323
4.59722 2.00661 0.412574
4.60417 1.89514 0.412825
4.61111 1.77509 0.413075
4.61806 1.64675 0.413326
4.625 1.51054 0.413577
4.63194 1.36703 0.413828
4.63889 1.21694 0.414078
4.64583 1.06122 0.414329
4.65278 0.901264 0.41458
4.65972 0.739215 0.41483
4.66667 0.579039 0.415081
4.67361 0.42962 0.415332
4.68056 0.3147 0.415582
4.6875 0.286773 0.415833
4.69444 0.369393 0.416084
4.70139 0.512399 0.416334
4.70833 0.678215 0.416585
4.71528 0.852453 0.416836
4.72222 1.02916 0.417087
4.72917 1.20521 0.417337
4.73611 1.37863 0.417588
4.74306 1.5479 0.417839
4.75 1.7118 0.418089
4.75694 1.86929 0.41834
4.76389 2.01942 0.418591
4.77083 2.16135 0.418841
4.77778 2.29435 0.419092
4.78472 2.41775 0.419343
4.79167 2.53099 0.419593
4.79861 2.63359 0.419844
4.80556 2.72518 0.420095
4.8125 2.80547 0.420346
4.81944 2.87428 0.420596
4.82639 2.93155 0.420847
4.83333 2.9773 0.421098
4.84028 3.01168 0.421348
4.84722 3.03496 0.421599
4.85417 3.04751 0.42185
4.86111 3.04984 0.4221
4.86806 3.04257 0.422351
4.875 3.02643 0.422602
4.88194 3.00229 0.422852
4.88889 2.97113 0.423103
4.89583 2.93405 0.423354
4.90278 2.89226 0.423605
4.90972 2.84705 0.423855
4.91667 2.79983 0.424106
4.92361 2.75203 0.424357
4.93056 2.70515 0.424607
4.9375 2.66067 0.424858
4.94444 2.62003 0.425109
4.95139 2.58456 0.425359
4.95833 2.55546 0.42561
4.96528 2.53369 0.425861
4.97222 2.51996 0.426111
4.97917 2.51467 0.426362
4.98611 2.51792 0.426613
4.99306 2.52945 0.426864
5 2.54873 0.427114
5.00694 2.57494 0.427365
5.01389 2.60706 0.427616
5.02083 2.64392 0.427866
5.02778 2.68424 0.428117
5.03472 2.7267 0.428368
5.04167 2.76999 0.428618
5.04861 2.81281 0.428869
5.05556 2.85391 0.42912
5.0625 2.89212 0.42937
5.06944 2.92635 0.429621
5.07639 2.95558 0.429872
5.08333 2.97889 0.430123
5.09028 2.99544 0.430373
5.09722 3.00446 0.430624
5.10417 3.00526 0.430875
5.11111 2.99725 0.431125
5.11806 2.97988 0.431376
5.125 2.9527 0.431627
5.13194 2.91532 0.431877
5.13889 2.86742 0.432128
5.14583 2.80876 0.432379
5.15278 2.73917 0.432629
5.15972 2.65856 0.43288
5.16667 2.56692 0.433131
5.17361 2.46431 0.433382
5.18056 2.35089 0.433632
5.1875 2.22689 0.433883
5.19444 2.09266 0.434134
5.20139 1.94864 0.434384
5.20833 1.79538 0.434635
5.21528 1.63358 0.434886
5.22222 1.46412 0.435136
5.22917 1.28812 0.435387
5.23611 1.1071 0.435638
5.24306 0.923334 0.435888
5.25 0.74071 0.436139
5.25694 0.567117 0.43639
5.26389 0.421634 0.436641
5.27083 0.349175 0.436891
5.27778 0.396502 0.437142
5.28472 0.533873 0.437769
5.29167 0.710537 0.438502
5.29861 0.902426 0.439235
5.30556 1.09969 0.439968
5.3125 1.29755 0.440701
5.31944 1.49319 0.441434
5.32639 1.68461 0.442168
5.33333 1.87027 0.442901
5.34028 2.04884 0.443634
5.34722 2.2192 0.444367
5.35417 2.38031 0.4451
5.36111 2.53127 0.445833
5.36806 2.67127 0.446566
5.375 2.79959 0.4473
5.38194 2.91561 0.448033
5.38889 3.01883 0.448766
5.39583 3.10884 0.449499
5.40278 3.18534 0.450232
5.40972 3.24815 0.450965
5.41667 3.29721 0.451699
5.42361 3.33257 0.452432
5.43056 3.35441 0.453165
5.4375 3.36306 0.453898
5.44444 3.35896 0.454631
5.45139 3.34272 0.455364
5.45833 3.31506 0.456097
5.46528 3.27689 0.456831
5.47222 3.22923 0.457564
5.47917 3.17332 0.458297
5.48611 3.1105 0.45903
5.49306 3.04231 0.459763
5.5 2.97045 0.460496
5.50694 2.89677 0.461229
5.51389 2.82327 0.461963
5.52083 2.75204 0.462696
5.52778 2.68525 0.463429
5.53472 2.62504 0.464162
5.54167 2.5735 0.464895
5.54861 2.53248 0.465628
5.55556 2.50353 0.466362
5.5625 2.48773 0.467095
5.56944 2.48566 0.467828
5.57639 2.49731 0.468561
5.58333 2.52209 0.469294
5.59028 2.55889 0.470027
5.59722 2.60618 0.47076
5.60417 2.66214 0.471494
5.61111 2.72479 0.472227
5.61806 2.79197 0.47296
5.625 2.86166 0.473693
5.63194 2.93185 0.474426
5.63889 3.00067 0.475159
5.64583 3.06638 0.475892
5.65278 3.1274 0.476626
5.65972 3.1823 0.477359
5.66667 3.22979 0.478092
5.67361 3.26873 0.478825
5.68056 3.29813 0.479558
5.6875 3.31711 0.480291
5.69444 3.32493 0.481024
5.70139 3.32094 0.481758
5.70833 3.30462 0.482491
5.71528 3.27556 0.483224
5.72222 3.23344 0.483957
5.72917 3.17803 0.48469
5.73611 3.10923 0.485423
5.74306 3.027 0.486157
5.75 2.93141 0.48689
5.75694 2.82264 0.487623
5.76389 2.70095 0.488356
5.77083 2.56671 0.489089
5.77778 2.4204 0.489822
5.78472 2.2626 0.490555
5.79167 2.09403 0.491289
5.79861 1.91556 0.492022
5.80556 1.72824 0.492755
5.8125 1.53338 0.493488
5.81944 1.33274 0.494221
5.82639 1.12881 0.494954
5.83333 0.925574 0.495687
5.84028 0.730504 0.496421
5.84722 0.559781 0.497154
5.85417 0.449703 0.497887
5.86111 0.452287 0.49862
5.86806 0.567812 0.499353
5.875 0.745324 0.500086
5.88194 0.949329 0.500819
5.88889 1.16387 0.501553
5.89583 1.38142 0.502286
5.90278 1.59783 0.503019
5.90972 1.81034 0.503752
5.91667 2.01695 0.504485
5.92361 2.21601 0.505218
5.93056 2.40612 0.505952
5.9375 2.58603 0.506685
5.94444 2.75467 0.507418
5.95139 2.91104 0.508151
5.95833 3.05428 0.508884
5.96528 3.18364 0.509617
5.97222 3.29846 0.51035
5.97917 3.3982 0.511084
5.98611 3.48246 0.511817
5.99306 3.55094 0.51255
6 3.60345 0.513283
6.00694 3.63997 0.514016
6.01389 3.66058 0.514749
6.02083 3.66552 0.515482
6.02778 3.65518 0.516216
6.03472 3.63008 0.516949
6.04167 3.59093 0.517682
6.04861 3.53858 0.518415
6.05556 3.4741 0.519148
6.0625 3.3987 0.519881
6.06944 3.31383 0.520615
6.07639 3.22116 0.521348
6.08333 3.12257 0.522081
6.09028 3.02019 0.522814
6.09722 2.91643 0.523547
6.10417 2.81394 0.52428
6.11111 2.7156 0.525013
6.11806 2.62448 0.525747
6.125 2.54373 0.52648
6.13194 2.47643 0.527213
6.13889 2.42541 0.527946
6.14583 2.39293 0.528679
6.15278 2.3805 0.529412
6.15972 2.38868 0.530145
6.16667 2.41698 0.530879
6.17361 2.46394 0.531612
6.18056 2.52734 0.532345
6.1875 2.60439 0.533078
6.19444 2.69205 0.533811
6.20139 2.78719 0.534544
6.20833 2.88678 0.535277
6.21528 2.98796 0.536011
6.22222 3.08813 0.536744
6.22917 3.18493 0.537477
6.23611 3.27625 0.53821
6.24306 3.36025 0.538943
6.25 3.43529 0.539676
6.25694 3.49996 0.54041
6.26389 3.55304 0.541143
6.27083 3.59346 0.541876
6.27778 3.62035 0.542609
6.28472 3.63296 0.543342
6.29167 3.63071 0.544075
6.29861 3.61314 0.544808
6.30556 3.57991 0.545542
6.3125 3.53081 0.546275
6.31944 3.46576 0.547008
6.32639 3.38479 0.547741
6.33333 3.28804 0.548474
6.34028 3.17576 0.549207
6.34722 3.04832 0.54994
6.35417 2.9062 0.550674
6.36111 2.75002 0.551407
6.36806 2.58049 0.55214
6.375 2.3985 0.552873
6.38194 2.20506 0.553606
6.38889 2.00143 0.554339
6.39583 1.78911 0.555073
6.40278 1.57007 0.555806
6.40972 1.34701 0.556539
6.41667 1.12406 0.557272
6.42361 0.90841 0.558005
6.43056 0.714335 0.558738
6.4375 0.571936 0.559471
6.44444 0.53058 0.560205
6.45139 0.613621 0.560938
6.45833 0.782515 0.561671
6.46528 0.993058 0.562404
6.47222 1.22164 0.563137
6.47917 1.4569 0.56387
6.48611 1.69279 0.564603
6.49306 1.92555 0.565337
6.5 2.15253 0.56607
6.50694 2.37168 0.566803
6.51389 2.58128 0.567536
6.52083 2.77987 0.568269
6.52778 2.96614 0.569002
6.53472 3.13893 0.569735
6.54167 3.29721 0.570469
6.54861 3.44008 0.571202
6.55556 3.56675 0.571935
6.5625 3.67655 0.572668
6.56944 3.76895 0.573401
6.57639 3.84353 0.574134
6.58333 3.90001 0.574868
6.59028 3.93825 0.575601
6.59722 3.95824 0.576334
6.60417 3.96012 0.577067
6.61111 3.94423 0.5778
6.61806 3.91095 0.578533
6.625 3.86093 0.579266
6.63194 3.79499 0.58
6.63889 3.71412 0.580733
6.64583 3.6195 0.581466
6.65278 3.51256 0.582199
6.65972 3.39498 0.582932
6.66667 3.2687 0.583665
6.67361 3.13599 0.584398
6.68056 2.99947 0.585132
6.6875 2.86217 0.585865
6.69444 2.72753 0.586598
6.70139 2.59947 0.587331
6.70833 2.48231 0.588064
6.71528 2.38064 0.588797
6.72222 2.29908 0.589531
6.72917 2.24181 0.590264
6.73611 2.2121 0.590997
6.74306 2.21172 0.59173
6.75 2.24063 0.592463
6.75694 2.29701 0.593196
6.76389 2.37755 0.593929
6.77083 2.47803 0.594663
6.77778 2.59384 0.595396
6.78472 2.72037 0.596129
6.79167 2.85334 0.596862
6.79861 2.98886 0.597595
6.80556 3.1235 0.598328
6.8125 3.25427 0.599061
6.81944 3.37857 0.599795
6.82639 3.49417 0.600528
6.83333 3.59915 0.601261
6.84028 3.69184 0.601994
6.84722 3.77083 0.602727
6.85417 3.83493 0.60346
6.86111 3.88313 0.604193
6.86806 3.91462 0.604927
6.875 3.92872 0.60566
6.88194 3.92495 0.606393
6.88889 3.90296 0.607126
6.89583 3.86253 0.607859
6.90278 3.80359 0.608592
6.90972 3.72621 0.609326
6.91667 3.63058 0.610059
6.92361 3.51702 0.610792
6.93056 3.38599 0.611525
6.9375 3.23806 0.612258
6.94444 3.07394 0.612991
6.95139 2.89449 0.613724
6.95833 2.70071 0.614458
6.96528 2.49377 0.615191
6.97222 2.27506 0.615924
6.97917 2.04627 0.616657
6.98611 1.80951 0.61739
6.99306 1.56762 0.618123
7 1.32474 0.618856
7.00694 1.08773 0.61959
7.01389 0.869387 0.620323
7.02083 0.695589 0.621056
7.02778 0.612312 0.621789
7.03472 0.65839 0.622522
7.04167 0.812662 0.620576
7.04861 1.02622 0.614152
7.05556 1.26708 0.607728
7.0625 1.51919 0.601304
7.06944 1.77415 0.59488
7.07639 2.02701 0.588456
7.08333 2.2744 0.582032
7.09028 2.51378 0.575608
7.09722 2.74313 0.569184
7.10417 2.96071 0.56276
7.11111 3.165 0.556336
7.11806 3.35466 0.549912
7.125 3.52851 0.543488
7.13194 3.68548 0.537064
7.13889 3.82466 0.53064
7.14583 3.94525 0.524216
7.15278 4.04659 0.517792
7.15972 4.12814 0.511368
7.16667 4.18954 0.504944
7.17361 4.23051 0.49852
7.18056 4.25096 0.492096
7.1875 4.25095 0.485672
7.19444 4.23067 0.479248
7.20139 4.19048 0.472824
7.20833 4.13093 0.4664
7.21528 4.05272 0.459976
7.22222 3.95677 0.453552
7.22917 3.84417 0.447128
7.23611 3.71627 0.440704
7.24306 3.57465 0.43428
7.25 3.4212 0.427856
7.25694 3.25812 0.421432
7.26389 3.08806 0.415008
7.27083 2.91413 0.408584
7.27778 2.74006 0.40216
7.28472 2.57029 0.395735
7.29167 2.41009 0.389311
7.29861 2.26559 0.382887
7.30556 2.14362 0.376463
7.3125 2.05123 0.370039
7.31944 1.99479 0.363615
7.32639 1.97866 0.357191
7.33333 2.00415 0.350767
7.34028 2.0691 0.344343
7.34722 2.16849 0.337919
7.35417 2.29568 0.331495
7.36111 2.44357 0.325071
7.36806 2.60546 0.318647
7.375 2.77541 0.312223
7.38194 2.94837 0.305799
7.38889 3.12006 0.299375
7.39583 3.28693 0.292951
7.40278 3.44597 0.286527
7.40972 3.59466 0.280103
7.41667 3.73085 0.273679
7.42361 3.85274 0.267255
7.43056 3.95878 0.260831
7.4375 4.04768 0.254407
7.44444 4.11835 0.247983
7.45139 4.1699 0.241559
7.45833 4.20164 0.235135
7.46528 4.21302 0.228711
7.47222 4.20367 0.222287
7.47917 4.17339 0.215863
7.48611 4.1221 0.209439
7.49306 4.04988 0.203015
7.5 3.95697 0.196591
7.50694 3.84373 0.190167
7.51389 3.71067 0.183743
7.52083 3.55843 0.177319
7.52778 3.38781 0.170895
7.53472 3.19975 0.164471
7.54167 2.99535 0.158047
7.54861 2.77588 0.151623
7.55556 2.54284 0.145199
7.5625 2.29801 0.138775
7.56944 2.04355 0.132351
7.57639 1.78232 0.125927
7.58333 1.5183 0.119503
7.59028 1.25781 0.113078
7.59722 1.01216 0.106654
7.60417 0.803901 0.10023
7.61111 0.676496 0.0938064
7.61806 0.681751 0.0873824
7.625 0.818384 0.0809584
7.63194 1.0346 0.082032
7.63889 1.28855 0.083879
7.64583 1.55858 0.0857259
7.65278 1.8337 0.0875728
7.65972 2.10766 0.0894197
7.66667 2.37639 0.0912667
7.67361 2.63694 0.0931136
7.68056 2.88693 0.0949605
7.6875 3.12441 0.0968075
7.69444 3.34766 0.0986544
7.70139 3.55517 0.100501
7.70833 3.7456 0.102348
7.71528 3.91774 0.104195
7.72222 4.07055 0.106042
7.72917 4.20311 0.107889
7.73611 4.31465 0.109736
7.74306 4.40452 0.111583
7.75 4.47224 0.11343
7.75694 4.51745 0.115277
7.76389 4.53997 0.117124
7.77083 4.53975 0.118971
7.77778 4.51689 0.120818
7.78472 4.47168 0.122664
7.79167 4.40457 0.124511
7.79861 4.31615 0.126358
7.80556 4.20725 0.128205
7.8125 4.07886 0.130052
7.81944 3.93219 0.131899
7.82639 3.76869 0.133746
7.83333 3.59008 0.135593
7.84028 3.3984 0.13744
7.84722 3.1961 0.139287
7.85417 2.98612 0.141134
7.86111 2.77204 0.142981
7.86806 2.55834 0.144828
7.875 2.35064 0.146674
7.88194 2.15606 0.148521
7.88889 1.9835 0.150368
7.89583 1.84357 0.152215
7.90278 1.74761 0.154062
7.90972 1.70531 0.155909
7.91667 1.72157 0.157756
7.92361 1.79439 0.159603
7.93056 1.91574 0.16145
7.9375 2.07462 0.163297
7.94444 2.25986 0.165144
7.95139 2.46175 0.166991
7.95833 2.67239 0.168838
7.96528 2.88551 0.170685
7.97222 3.09617 0.172531
7.97917 3.30039 0.174378
7.98611 3.49496 0.176225
7.99306 3.6772 0.178072
8 3.84489 0.179919
8.00694 3.99614 0.181766
8.01389 4.12935 0.183613
8.02083 4.24319 0.18546
8.02778 4.33652 0.187307
8.03472 4.40843 0.189154
8.04167 4.45816 0.191001
8.04861 4.48517 0.192848
8.05556 4.48906 0.194695
8.0625 4.46961 0.196542
8.06944 4.42673 0.198388
8.07639 4.36053 0.200235
8.08333 4.27124 0.202082
8.09028 4.15926 0.203929
8.09722 4.02512 0.205776
8.10417 3.86952 0.207623
8.11111 3.6933 0.20947
8.11806 3.49746 0.211317
8.125 3.28314 0.213164
8.13194 3.05169 0.215011
8.13889 2.80462 0.216858
8.14583 2.54375 0.218705
8.15278 2.27119 0.220552
8.15972 1.98965 0.222399
8.16667 1.70276 0.224245
8.17361 1.41599 0.226092
8.18056 1.13882 0.227939
8.1875 0.890211 0.229786
8.19444 0.710484 0.231633
8.20139 0.665084 0.23348
8.20833 0.780243 0.235327
8.21528 1.00141 0.23704
8.22222 1.27211 0.23858
8.22917 1.56334 0.24012
8.23611 1.86129 0.241661
8.24306 2.15856 0.243201
8.25 2.45053 0.244742
8.25694 2.73389 0.246282
8.26389 3.00608 0.247823
8.27083 3.26493 0.249363
8.27778 3.50857 0.250904
8.28472 3.73536 0.252444
8.29167 3.94382 0.253984
8.29861 4.13263 0.255525
8.30556 4.30062 0.257065
8.3125 4.44676 0.258606
8.31944 4.57017 0.260146
8.32639 4.67012 0.261687
8.33333 4.74602 0.263227
8.34028 4.79743 0.264768
8.34722 4.82406 0.266308
8.35417 4.82579 0.267848
8.36111 4.80265 0.269389
8.36806 4.75482 0.270929
8.375 4.68267 0.27247
8.38194 4.58673 0.27401
8.38889 4.46771 0.275551
8.39583 4.32649 0.277091
8.40278 4.16415 0.278632
8.40972 3.98201 0.280172
8.41667 3.78159 0.281712
8.42361 3.5647 0.283253
8.43056 3.33348 0.284793
8.4375 3.09051 0.286334
8.44444 2.83894 0.287874
8.45139 2.58273 0.289415
8.45833 2.32705 0.290955
8.46528 2.07888 0.292496
8.47222 1.84792 0.294036
8.47917 1.64762 0.295577
8.48611 1.49563 0.297117
8.49306 1.41147 0.298657
8.5 1.40927 0.300198
8.50694 1.48939 0.301738
8.51389 1.63815 0.303279
8.52083 1.83606 0.304819
8.52778 2.06525 0.30636
8.53472 2.31204 0.3079
8.54167 2.56656 0.309441
8.54861 2.82169 0.310981
8.55556 3.07218 0.312521
8.5625 3.31397 0.314062
8.56944 3.54385 0.315602
8.57639 3.75919 0.317143
8.58333 3.9578 0.318683
8.59028 4.1378 0.320224
8.59722 4.29762 0.321764
8.60417 4.4359 0.323305
8.61111 4.55154 0.324845
8.61806 4.64352 0.326385
8.625 4.71111 0.327926
8.63194 4.75372 0.329466
8.63889 4.77095 0.331007
8.64583 4.76255 0.332547
8.65278 4.72844 0.334088
8.65972 4.6687 0.335628
8.66667 4.58356 0.337169
8.67361 4.47344 0.338709
8.68056 4.33888 0.340249
8.6875 4.18059 0.34179
8.69444 3.99945 0.34333
8.70139 3.79646 0.344871
8.70833 3.57281 0.346411
8.71528 3.32985 0.347952
8.72222 3.06909 0.349492
8.72917 2.79228 0.351033
8.73611 2.50145 0.352573
8.74306 2.19902 0.354114
8.75 1.88809 0.355654
8.75694 1.57306 0.357194
8.76389 1.26112 0.358735
8.77083 0.96644 0.360275
8.77778 0.722414 0.361816
8.78472 0.604446 0.363356
8.79167 0.685712 0.364897
8.79861 0.914605 0.366437
8.80556 1.20773 0.367978
8.8125 1.52489 0.369518
8.81944 1.84928 0.371058
8.82639 2.17268 0.372599
8.83333 2.49018 0.374139
8.84028 2.79836 0.37568
8.84722 3.09453 0.37722
8.85417 3.37645 0.378761
8.86111 3.64215 0.380301
8.86806 3.88987 0.381842
8.875 4.11805 0.383382
8.88194 4.32525 0.384922
8.88889 4.5102 0.386463
8.89583 4.6718 0.388003
8.90278 4.80904 0.389544
8.90972 4.92112 0.391084
8.91667 5.00736 0.392625
8.92361 5.06722 0.394165
8.93056 5.10036 0.395706
8.9375 5.10655 0.397246
8.94444 5.08576 0.398786
8.95139 5.0381 0.400327
8.95833 4.96387 0.401867
8.96528 4.86352 0.403408
8.97222 4.73767 0.404948
8.97917 4.58713 0.406489
8.98611 4.41287 0.408029
8.99306 4.21606 0.40957
9 3.99807 0.41111
9.00694 3.76051 0.412651
9.01389 3.50521 0.414191
9.02083 3.23435 0.415731
9.02778 2.95053 0.417272
9.03472 2.65695 0.418812
9.04167 2.35776 0.420353
9.04861 2.05864 0.421893
9.05556 1.76801 0.423434
9.0625 1.49915 0.424974
9.06944 1.27374 0.426515
9.07639 1.12462 0.428055
9.08333 1.08745 0.429595
9.09028 1.1737 0.431136
9.09722 1.35848 0.432676
9.10417 1.60491 0.434217
9.11111 1.88466 0.435757
9.11806 2.17993 0.437298
9.125 2.47975 0.438838
9.13194 2.77698 0.440379
9.13889 3.06663 0.441919
9.14583 3.34495 0.443459
9.15278 3.60897 0.445
9.15972 3.85623 0.44654
9.16667 4.08465 0.448081
9.17361 4.29244 0.449621
9.18056 4.47803 0.451162
9.1875 4.64009 0.452702
9.19444 4.77746 0.454243
9.20139 4.88918 0.455783
9.20833 4.97446 0.457323
9.21528 5.03268 0.458864
9.22222 5.06341 0.460404
9.22917 5.06636 0.461945
9.23611 5.04144 0.463485
9.24306 4.98871 0.465026
9.25 4.90839 0.466566
9.25694 4.80089 0.468107
9.26389 4.66675 0.469647
9.27083 4.5067 0.471188
9.27778 4.3216 0.472728
9.28472 4.11248 0.474268
9.29167 3.88053 0.475809
9.29861 3.6271 0.477349
9.30556 3.35369 0.47889
9.3125 3.06198 0.48043
9.31944 2.75388 0.481971
9.32639 2.43155 0.483511
9.33333 2.09761 0.485052
9.34028 1.7554 0.486592
9.34722 1.40987 0.488132
9.35417 1.07006 0.489673
9.36111 0.757577 0.491213
9.36806 0.537774 0.492754
9.375 0.547146 0.494294
9.38194 0.778768 0.495835
9.38889 1.09821 0.497375
9.39583 1.4447 0.498916
9.40278 1.79795 0.500456
9.40972 2.14927 0.501996
9.41667 2.49379 0.503537
9.42361 2.8281 0.505077
9.43056 3.14953 0.506618
9.4375 3.4558 0.508158
9.44444 3.74489 0.509699
9.45139 4.01495 0.511239
9.45833 4.26434 0.51278
9.46528 4.49155 0.51432
9.47222 4.6952 0.51586
9.47917 4.87409 0.517401
9.48611 5.02715 0.518941
9.49306 5.15346 0.520482
9.5 5.25227 0.522022
9.50694 5.32297 0.523563
9.51389 5.36512 0.525103
9.52083 5.37845 0.526644
9.52778 5.36284 0.528184
9.53472 5.31834 0.529725
9.54167 5.24519 0.531265
9.54861 5.14377 0.532805
9.55556 5.01465 0.534346
9.5625 4.85856 0.535886
9.56944 4.67641 0.537427
9.57639 4.46928 0.538967
9.58333 4.23842 0.540508
9.59028 3.98528 0.542048
9.59722 3.71149 0.543589
9.60417 3.41893 0.545129
9.61111 3.10977 0.546669
9.61806 2.78651 0.54821
9.625 2.45227 0.54975
9.63194 2.11111 0.551291
9.63889 1.76893 0.552831
9.64583 1.43542 0.554372
9.65278 1.12912 0.555912
9.65972 0.889097 0.557453
9.66667 0.786358 0.558993
9.67361 0.873369 0.560533
9.68056 1.10496 0.562074
9.6875 1.40819 0.563614
9.69444 1.74137 0.565155
9.70139 2.08469 0.566695
9.70833 2.42788 0.568236
9.71528 2.76479 0.569776
9.72222 3.09118 0.571317
9.72917 3.40382 0.572857
9.73611 3.70007 0.574397
9.74306 3.97767 0.575938
9.75 4.23466 0.577478
9.75694 4.46928 0.579019
9.76389 4.68 0.580559
9.77083 4.86546 0.5821
9.77778 5.02448 0.58364
9.78472 5.15606 0.585181
9.79167 5.25935 0.586721
9.79861 5.33371 0.588262
9.80556 5.37863 0.589802
9.8125 5.39382 0.591342
9.81944 5.37913 0.592883
9.82639 5.33458 0.594423
9.83333 5.2604 0.595964
9.84028 5.15696 0.597504
9.84722 5.0248 0.599045
9.85417 4.86465 0.600585
9.86111 4.67738 0.602126
9.86806 4.46403 0.603666
9.875 4.22582 0.605206
9.88194 3.96409 0.606747
9.88889 3.68038 0.608287
9.89583 3.37637 0.609828
9.90278 3.05393 0.611368
9.90972 2.71514 0.612909
9.91667 2.3624 0.614449
9.92361 1.99857 0.61599
9.93056 1.62748 0.61753
9.9375 1.25519 0.61907
9.94444 0.894512 0.620611
9.95139 0.584458 0.622151
9.95833 0.460209 0.623692
9.96528 0.644599 0.625232
9.97222 0.97475 0.626773
9.97917 1.34379 0.628313
9.98611 1.72203 0.629854
9.99306 2.09885 0.631394
10 2.46882 0.632934
10.0069 2.82834 0.634475
10.0139 3.17457 0.636015
10.0208 3.50511 0.637556
10.0278 3.81783 0.639096
10.0347 4.11078 0.640637
10.0417 4.38218 0.642177
10.0486 4.63043 0.643718
10.0556 4.85404 0.645258
10.0625 5.05169 0.646799
10.0694 5.22224 0.648339
10.0764 5.36465 0.649879
10.0833 5.47809 0.65142
10.0903 5.56186 0.65296
10.0972 5.61545 0.654501
10.1042 5.63851 0.656041
10.1111 5.63085 0.657582
10.1181 5.59248 0.659122
10.125 5.52355 0.660663
10.1319 5.42441 0.662203
10.1389 5.29557 0.663743
10.1458 5.13771 0.665284
10.1528 4.95171 0.666824
10.1597 4.73857 0.668365
10.1667 4.4995 0.669905
10.1736 4.23587 0.671446
10.1806 3.94921 0.672986
10.1875 3.64124 0.674527
10.1944 3.31389 0.676067
10.2014 2.96931 0.677607
10.2083 2.60999 0.679148
10.2153 2.23895 0.680688
10.2222 1.86011 0.682229
10.2292 1.47948 0.683769
10.2361 1.10848 0.68531
10.2431 0.775902 0.68685
10.25 0.569098 0.688391
10.2569 0.633757 0.689931
10.2639 0.913694 0.691471
10.2708 1.27083 0.693012
10.2778 1.65106 0.694552
10.2847 2.03572 0.696093
10.2917 2.41641 0.697633
10.2986 2.78817 0.699174
10.3056 3.14746 0.700714
10.3125 3.49145 0.702255
10.3194 3.81769 0.703795
10.3264 4.12404 0.705336
10.3333 4.40854 0.706876
10.3403 4.66943 0.708416
10.3472 4.90512 0.709957
10.3542 5.1142 0.711497
10.3611 5.29542 0.713038
10.3681 5.44769 0.714578
10.375 5.5701 0.716119
10.3819 5.66193 0.717659
10.3889 5.72262 0.7192
10.3958 5.75179 0.72074
10.4028 5.74926 0.72228
10.4097 5.71501 0.723821
10.4167 5.64922 0.725361
10.4236 5.55225 0.726902
10.4306 5.42462 0.728442
10.4375 5.26707 0.729983
10.4444 5.08048 0.731523
10.4514 4.86593 0.733064
10.4583 4.62467 0.734604
10.4653 4.35811 0.736144
10.4722 4.06785 0.737685
10.4792 3.75568 0.739225
10.4861 3.42358 0.740766
10.4931 3.07381 0.742306
10.5 2.70895 0.743847
10.5069 2.3321 0.745387
10.5139 1.94733 0.746928
10.5208 1.56081 0.748468
10.5278 1.18394 0.750008
10.5347 0.844316 0.751549
10.5417 0.6212 0.753089
10.5486 0.655081 0.75463
10.5556 0.918019 0.75617
10.5625 1.2723 0.756286
10.5694 1.6556 0.755316
10.5764 2.04594 0.754346
10.5833 2.43358 0.753376
10.5903 2.81301 0.752407
10.5972 3.18038 0.751437
10.6042 3.53269 0.750467
10.6111 3.86742 0.749498
10.6181 4.18226 0.748528
10.625 4.47524 0.747558
10.6319 4.74454 0.746589
10.6389 4.98851 0.745619
10.6458 5.2057 0.744649
10.6528 5.39479 0.74368
10.6597 5.55466 0.74271
10.6667 5.68434 0.74174
10.6736 5.78305 0.740771
10.6806 5.85017 0.739801
10.6875 5.88527 0.738831
10.6944 5.88809 0.737862
10.7014 5.85855 0.736892
10.7083 5.79677 0.735922
10.7153 5.70303 0.734952
10.7222 5.57779 0.733983
10.7292 5.42172 0.733013
10.7361 5.23563 0.732043
10.7431 5.02052 0.731074
10.75 4.77757 0.730104
10.7569 4.50812 0.729134
10.7639 4.2137 0.728165
10.7708 3.896 0.727195
10.7778 3.5569 0.726225
10.7847 3.19848 0.725256
10.7917 2.82312 0.724286
10.7986 2.43354 0.723316
10.8056 2.03313 0.722347
10.8125 1.62666 0.721377
10.8194 1.22242 0.720407
10.8264 0.840346 0.719438
10.8333 0.549006 0.718468
10.8403 0.539762 0.717498
10.8472 0.8238 0.716528
10.8542 1.20714 0.715559
10.8611 1.6162 0.714589
10.8681 2.02983 0.713619
10.875 2.43932 0.71265
10.8819 2.8397 0.71168
10.8889 3.22742 0.71071
10.8958 3.59959 0.709741
10.9028 3.95367 0.708771
10.9097 4.28741 0.707801
10.9167 4.59875 0.706832
10.9236 4.88581 0.705862
10.9306 5.14687 0.704892
10.9375 5.38039 0.703923
10.9444 5.585 0.702953
10.9514 5.7595 0.701983
10.9583 5.90288 0.701014
10.9653 6.0143 0.700044
10.9722 6.09311 0.699074
10.9792 6.13885 0.698104
10.9861 6.15126 0.697135
10.9931 6.13026 0.696165
11 6.07599 0.695195
11.0069 5.98877 0.694226
11.0139 5.86912 0.693256
11.0208 5.71775 0.692286
11.0278 5.53559 0.691317
11.0347 5.32373 0.690347
11.0417 5.08349 0.689377
11.0486 4.81639 0.688408
11.0556 4.52415 0.687438
11.0625 4.20872 0.686468
11.0694 3.87234 0.685499
11.0764 3.51756 0.684529
11.0833 3.14739 0.683559
11.0903 2.76554 0.68259
11.0972 2.37692 0.68162
11.1042 1.9887 0.68065
11.1111 1.61284 0.67968
11.1181 1.27227 0.678711
11.125 1.01433 0.677741
11.1319 0.919152 0.676771
11.1389 1.03469 0.675802
11.1458 1.30422 0.674832
11.1528 1.64985 0.673862
11.1597 2.02753 0.672893
11.1667 2.41593 0.671923
11.1736 2.80378 0.670953
11.1806 3.18422 0.669984
11.1875 3.5525 0.669014
11.1944 3.90501 0.668044
11.2014 4.23879 0.667075
11.2083 4.55132 0.666105
11.2153 4.84038 0.665135
11.2222 5.10405 0.664165
11.2292 5.34061 0.663196
11.2361 5.54855 0.662226
11.2431 5.72655 0.661256
11.25 5.8735 0.660287
11.2569 5.98848 0.659317
11.2639 6.07074 0.658347
11.2708 6.11975 0.657378
11.2778 6.13516 0.656408
11.2847 6.1168 0.655438
11.2917 6.06471 0.654469
11.2986 5.97912 0.653499
11.3056 5.86044 0.652529
11.3125 5.70928 0.65156
11.3194 5.52645 0.65059
11.3264 5.31291 0.64962
11.3333 5.06985 0.648651
11.3403 4.79863 0.647681
11.3472 4.50078 0.646711
11.3542 4.17805 0.645741
11.3611 3.83241 0.644772
11.3681 3.46604 0.643802
11.375 3.08148 0.642832
11.3819 2.68171 0.641863
11.3889 2.27048 0.640893
11.3958 1.85313 0.639923
11.4028 1.4387 0.638954
11.4097 1.04696 0.637984
11.4167 0.733554 0.637014
11.4236 0.641908 0.636045
11.4306 0.851339 0.635075
11.4375 1.21387 0.634105
11.4444 1.62657 0.633136
11.4514 2.05419 0.632166
11.4583 2.48286 0.631196
11.4653 2.90538 0.630227
11.4722 3.31709 0.629257
11.4792 3.71441 0.628287
11.4861 4.09439 0.627317
11.4931 4.45444 0.626348
11.5 4.79223 0.625378
11.5069 5.10565 0.624408
11.5139 5.39279 0.623439
11.5208 5.65193 0.622469
11.5278 5.88151 0.621499
11.5347 6.08018 0.62053
11.5417 6.24679 0.61956
11.5486 6.38035 0.61859
11.5556 6.4801 0.617621
11.5625 6.54547 0.616651
11.5694 6.57609 0.615681
11.5764 6.57181 0.614712
11.5833 6.53268 0.613742
11.5903 6.45899 0.612772
11.5972 6.35121 0.611803
11.6042 6.21005 0.610833
11.6111 6.03645 0.609863
11.6181 5.83151 0.608893
11.625 5.59664 0.607924
11.6319 5.33343 0.606954
11.6389 5.04375 0.605984
11.6458 4.72975 0.605015
11.6528 4.39389 0.604045
11.6597 4.03905 0.603075
11.6667 3.66868 0.602106
11.6736 3.287 0.601136
11.6806 2.89954 0.600166
11.6875 2.51396 0.599197
11.6944 2.14183 0.598227
11.7014 1.80182 0.597257
11.7083 1.52501 0.596288
11.7153 1.35775 0.595318
11.7222 1.34502 0.594348
11.7292 1.49047 0.593379
11.7361 1.7521 0.592409
11.7431 2.08171 0.591439
11.75 2.44596 0.590469
11.7569 2.82474 0.5895
11.7639 3.20574 0.58853
11.7708 3.58092 0.58756
11.7778 3.94457 0.586591
11.7847 4.29237 0.585621
11.7917 4.62087 0.584651
11.7986 4.92717 0.583682
11.8056 5.20883 0.582712
11.8125 5.46373 0.581742
11.8194 5.69006 0.580773
11.8264 5.88623 0.579803
11.8333 6.0509 0.578833
11.8403 6.18296 0.577864
11.8472 6.28151 0.576894
11.8542 6.34586 0.575924
11.8611 6.37554 0.574955
11.8681 6.37027 0.573985
11.875 6.33001 0.573015
11.8819 6.25489 0.572045
11.8889 6.14527 0.571076
11.8958 6.00171 0.570106
11.9028 5.82497 0.569136
11.9097 5.61601 0.568167
11.9167 5.37599 0.567197
11.9236 5.10631 0.566227
11.9306 4.80853 0.565258
11.9375 4.48449 0.564288
11.9444 4.13625 0.563318
11.9514 3.76621 0.562349
11.9583 3.37713 0.561379
11.9653 2.97242 0.560409
11.9722 2.55643 0.55944
11.9792 2.13545 0.55847
11.9861 1.71983 0.5575
11.9931 1.32991 0.556531
12 1.01205 0.555561
12.0069 0.864039 0.554591
12.0139 0.973464 0.553621
12.0208 1.27634 0.552652
12.0278 1.66791 0.551682
12.0347 2.09452 0.550712
12.0417 2.5328 0.549743
12.0486 2.97108 0.548773
12.0556 3.40243 0.547803
12.0625 3.82198 0.546834
12.0694 4.22598 0.545864
12.0764 4.61127 0.544894
12.0833 4.97512 0.543925
12.0903 5.3151 0.542955
12.0972 5.62901 0.541985
12.1042 5.9149 0.541016
12.1111 6.17099 0.540046
12.1181 6.39574 0.539076
12.125 6.58781 0.538107
12.1319 6.74605 0.537137
12.1389 6.86955 0.536167
12.1458 6.95758 0.535197
12.1528 7.00967 0.534228
12.1597 7.02554 0.533258
12.1667 7.00516 0.532288
12.1736 6.94872 0.531319
12.1806 6.85664 0.530349
12.1875 6.72959 0.529379
12.1944 6.56849 0.52841
12.2014 6.37447 0.52744
12.2083 6.14895 0.52647
12.2153 5.8936 0.525501
12.2222 5.61039 0.524531
12.2292 5.30161 0.523561
12.2361 4.96991 0.522592
12.2431 4.61841 0.521622
12.25 4.25082 0.520652
12.2569 3.87166 0.519682
12.2639 3.48668 0.518713
12.2708 3.10347 0.517743
12.2778 2.73257 0.516773
12.2847 2.38922 0.515804
12.2917 2.09564 0.514834
12.2986 1.88225 0.513864
12.3056 1.78249 0.512895
12.3125 1.81642 0.511925
12.3194 1.97555 0.510955
12.3264 2.22943 0.509986
12.3333 2.54453 0.509016
12.3403 2.89455 0.508046
12.3472 3.26124 0.507077
12.3542 3.63219 0.506107
12.3611 3.99867 0.505137
12.3681 4.35429 0.504168
12.375 4.69416 0.503198
12.3819 5.01434 0.502228
12.3889 5.31163 0.501258
12.3958 5.58333 0.500289
12.4028 5.82714 0.499319
12.4097 6.04112 0.498349
12.4167 6.22362 0.49738
12.4236 6.37327 0.49641
12.4306 6.48894 0.49544
12.4375 6.56977 0.494471
12.4444 6.61512 0.493501
12.4514 6.62457 0.492531
12.4583 6.59796 0.491562
12.4653 6.53531 0.490592
12.4722 6.43691 0.489622
12.4792 6.30324 0.488653
12.4861 6.13501 0.487683
12.4931 5.93315 0.486713
12.5 5.69882 0.485744
12.5069 5.4334 0.484774
12.5139 5.13852 0.483804
12.5208 4.81606 0.482834
12.5278 4.46822 0.481865
12.5347 4.09755 0.480895
12.5417 3.70709 0.479925
12.5486 3.30058 0.478956
12.5556 2.8829 0.477986
12.5625 2.46101 0.477016
12.5694 2.04585 0.476047
12.5764 1.65697 0.475077
12.5833 1.33236 0.474107
12.5903 1.14156 0.473138
12.5972 1.16085 0.472168
12.6042 1.38401 0.471198
12.6111 1.73282 0.470229
12.6181 2.14329 0.469259
12.625 2.58109 0.468289
12.6319 3.02829 0.46732
12.6389 3.47454 0.46635
12.6458 3.91303 0.46538
12.6528 4.33882 0.46441
12.6597 4.74794 0.463441
12.6667 5.13711 0.462471
12.6736 5.50346 0.461501
12.6806 5.84444 0.460532
12.6875 6.1578 0.459562
12.6944 6.44152 0.458592
12.7014 6.69382 0.457623
12.7083 6.91314 0.456653
12.7153 7.09815 0.455683
12.7222 7.24774 0.454714
12.7292 7.36103 0.453744
12.7361 7.43737 0.452774
12.7431 7.47636 0.451805
12.75 7.47784 0.450835
12.7569 7.44188 0.449865
12.7639 7.36882 0.448896
12.7708 7.25926 0.447926
12.7778 7.11404 0.446956
12.7847 6.93428 0.445986
12.7917 6.7214 0.445017
12.7986 6.47708 0.444047
12.8056 6.20334 0.443077
12.8125 5.90254 0.442108
12.8194 5.57744 0.441138
12.8264 5.23127 0.440168
12.8333 4.86787 0.439199
12.8403 4.49185 0.438229
12.8472 4.10891 0.437259
12.8542 3.72629 0.43629
12.8611 3.35349 0.43532
12.8681 3.00323 0.43435
12.875 2.69271 0.433381
12.8819 2.44419 0.432411
12.8889 2.28313 0.431441
12.8958 2.23112 0.430472
12.9028 2.29547 0.429502
12.9097 2.46459 0.430855
12.9167 2.71462 0.433223
12.9236 3.0198 0.43559
12.9306 3.3585 0.437957
12.9375 3.71434 0.440324
12.9444 4.07526 0.442692
12.9514 4.43237 0.445059
12.9583 4.7789 0.447426
12.9653 5.10956 0.449794
12.9722 5.42009 0.452161
12.9792 5.70702 0.454528
12.9861 5.96745 0.456895
12.9931 6.19892 0.459263
13 6.39939 0.46163
13.0069 6.56717 0.463997
13.0139 6.70084 0.466364
13.0208 6.7993 0.468732
13.0278 6.8617 0.471099
13.0347 6.88746 0.473466
13.0417 6.87625 0.475833
13.0486 6.82799 0.478201
13.0556 6.74283 0.480568
13.0625 6.62118 0.482935
13.0694 6.46368 0.485302
13.0764 6.27121 0.48767
13.0833 6.0449 0.490037
13.0903 5.78613 0.492404
13.0972 5.49656 0.494771
13.1042 5.17812 0.497139
13.1111 4.83311 0.499506
13.1181 4.46422 0.501873
13.125 4.07468 0.50424
13.1319 3.66852 0.506608
13.1389 3.25096 0.508975
13.1458 2.82926 0.511342
13.1528 2.41436 0.513709
13.1597 2.02418 0.516077
13.1667 1.68984 0.518444
13.1736 1.46288 0.520811
13.1806 1.40565 0.523178
13.1875 1.54162 0.525546
13.1944 1.82859 0.527913
13.2014 2.20606 0.53028
13.2083 2.63114 0.532647
13.2153 3.07864 0.535015
13.2222 3.53366 0.537382
13.2292 3.98671 0.539749
13.2361 4.43113 0.542116
13.2431 4.86186 0.544484
13.25 5.27485 0.546851
13.2569 5.66666 0.549218
13.2639 6.0343 0.551586
13.2708 6.37517 0.553953
13.2778 6.68693 0.55632
13.2847 6.96754 0.558687
13.2917 7.21518 0.561055
13.2986 7.42831 0.563422
13.3056 7.60559 0.565789
13.3125 7.74597 0.568156
13.3194 7.8486 0.570524
13.3264 7.91292 0.572891
13.3333 7.9386 0.575258
13.3403 7.92558 0.577625
13.3472 7.87408 0.579993
13.3542 7.78458 0.58236
13.3611 7.65783 0.584727
13.3681 7.49488 0.587094
13.375 7.29709 0.589462
13.3819 7.06612 0.591829
13.3889 6.80397 0.594196
13.3958 6.51301 0.596563
13.4028 6.19602 0.598931
13.4097 5.85626 0.601298
13.4167 5.49757 0.603665
13.4236 5.12452 0.606032
13.4306 4.74266 0.6084
13.4375 4.35882 0.610767
13.4444 3.98158 0.613134
13.4514 3.62197 0.615501
13.4583 3.29413 0.617869
13.4653 3.01578 0.620236
13.4722 2.80745 0.622603
13.4792 2.68917 0.62497
13.4861 2.67419 0.627338
13.4931 2.76309 0.629705
13.5 2.9433 0.632072
13.5069 3.19456 0.634439
13.5139 3.49554 0.636807
13.5208 3.82765 0.639174
13.5278 4.17605 0.641541
13.5347 4.52928 0.643908
13.5417 4.87852 0.646276
13.5486 5.21686 0.648643
13.5556 5.53883 0.65101
13.5625 5.83997 0.653378
13.5694 6.11662 0.655745
13.5764 6.36574 0.658112
13.5833 6.58478 0.660479
13.5903 6.77164 0.662847
13.5972 6.92457 0.665214
13.6042 7.04217 0.667581
13.6111 7.12338 0.669948
13.6181 7.16735 0.672316
13.625 7.17358 0.674683
13.6319 7.14185 0.67705
13.6389 7.07217 0.679417
13.6458 6.96485 0.681785
13.6528 6.82044 0.684152
13.6597 6.63976 0.686519
13.6667 6.42389 0.688886
13.6736 6.17421 0.691254
13.6806 5.89237 0.693621
13.6875 5.58038 0.695988
13.6944 5.24058 0.698355
13.7014 4.8758 0.700723
13.7083 4.48944 0.70309
13.7153 4.08571 0.705457
13.7222 3.67003 0.707824
13.7292 3.24976 0.710192
13.7361 2.83548 0.712559
13.7431 2.44333 0.714926
13.75 2.09893 0.717293
13.7569 1.84154 0.719661
13.7639 1.72054 0.722028
13.7708 1.77017 0.724395
13.7778 1.97971 0.726762
13.7847 2.30496 0.72913
13.7917 2.70123 0.731497
13.7986 3.13693 0.733864
13.8056 3.59184 0.736231
13.8125 4.05287 0.738599
13.8194 4.51103 0.740966
13.8264 4.95972 0.743333
13.8333 5.3938 0.7457
13.8403 5.80908 0.748068
13.8472 6.20199 0.750435
13.8542 6.56946 0.752802
13.8611 6.90878 0.75517
13.8681 7.21756 0.757537
13.875 7.49373 0.759904
13.8819 7.73545 0.762271
13.8889 7.94118 0.764639
13.8958 8.1096 0.767006
13.9028 8.23969 0.769373
13.9097 8.33068 0.77174
13.9167 8.38205 0.774108
13.9236 8.39359 0.776475
13.9306 8.36533 0.778842
13.9375 8.29763 0.781209
13.9444 8.19111 0.783577
13.9514 8.04672 0.785944
13.9583 7.86571 0.788311
13.9653 7.64966 0.790678
13.9722 7.40051 0.793046
13.9792 7.12058 0.795413
13.9861 6.8126 0.79778
13.9931 6.4798 0.800147
14 6.12595 0.802515
14.0069 5.75553 0.804882
14.0139 5.37385 0.807249
14.0208 4.98736 0.809616
14.0278 4.60396 0.811984
14.0347 4.23346 0.814351
14.0417 3.88808 0.816718
14.0486 3.58279 0.819085
14.0556 3.33505 0.821453
14.0625 3.16311 0.82382
14.0694 3.08225 0.826187
14.0764 3.09987 0.828554
14.0833 3.21245 0.830922
14.0903 3.4068 0.833289
14.0972 3.66467 0.835656
14.1042 3.96731 0.838023
14.1111 4.29815 0.840391
14.1181 4.64355 0.842758
14.125 4.99266 0.845125
14.1319 5.33687 0.847492
14.1389 5.66929 0.84986
14.1458 5.98439 0.852227
14.1528 6.27763 0.854594
14.1597 6.54524 0.856962
14.1667 6.78413 0.859329
14.1736 6.99168 0.861696
14.1806 7.16577 0.864063
14.1875 7.30464 0.866431
14.1944 7.40693 0.868798
14.2014 7.47159 0.871165
14.2083 7.49788 0.873532
14.2153 7.48539 0.8759
14.2222 7.43399 0.878267
14.2292 7.34384 0.880634
14.2361 7.2154 0.883001
14.2431 7.04941 0.885369
14.25 6.8469 0.887736
14.2569 6.60923 0.890103
14.2639 6.33805 0.89247
14.2708 6.0354 0.894838
14.2778 5.7037 0.897205
14.2847 5.34588 0.899572
14.2917 4.96546 0.901939
14.2986 4.56683 0.904307
14.3056 4.15552 0.906674
14.3125 3.73886 0.909041
14.3194 3.32692 0.911408
14.3264 2.93418 0.913776
14.3333 2.5819 0.916143
14.3403 2.30053 0.91851
14.3472 2.12843 0.920877
14.3542 2.09977 0.923245
14.3611 2.22374 0.925612
14.3681 2.47803 0.927979
14.375 2.82564 0.930346
14.3819 3.23274 0.932714
14.3889 3.67436 0.935081
14.3958 4.13324 0.937448
14.4028 4.59737 0.939815
14.4097 5.05802 0.942183
14.4167 5.50855 0.94455
14.4236 5.94369 0.946917
14.4306 6.35908 0.949284
14.4375 6.75102 0.951652
14.4444 7.11629 0.954019
14.4514 7.45212 0.956386
14.4583 7.75604 0.958754
14.4653 8.02593 0.961121
14.4722 8.25994 0.963488
14.4792 8.45652 0.965855
14.4861 8.61439 0.968223
14.4931 8.73257 0.97059
14.5 8.81032 0.972957
14.5069 8.84724 0.975324
14.5139 8.84318 0.977692
14.5208 8.79832 0.980059
14.5278 8.71312 0.982426
14.5347 8.5884 0.984793
14.5417 8.42526 0.987161
14.5486 8.22517 0.989528
14.5556 7.98998 0.991895
14.5625 7.7219 0.994262
14.5694 7.42359 0.99663
14.5764 7.09815 0.998997
14.5833 6.74928 1.00136
14.5903 6.38128 1.00373
14.5972 5.99928 1.0061
14.6042 5.60936 1.00847
14.6111 5.21885 1.01083
14.6181 4.83674 1.0132
14.625 4.47392 1.01557
14.6319 4.14357 1.01793
14.6389 3.86114 1.0203
14.6458 3.64339 1.02267
14.6528 3.50617 1.02504
14.6597 3.46066 1.0274
14.6667 3.50984 1.02977
14.6736 3.64728 1.03214
14.6806 3.85921 1.03451
14.6875 4.12847 1.03687
