time error errTLE
0 0 0
0.00694444 0.00860793 0.00235372
0.0138889 0.0173239 0.00470745
0.0208333 0.0261075 0.00706117
0.0277778 0.0349158 0.0094149
0.0347222 0.0437087 0.0117686
0.0416667 0.0524437 0.0141223
0.0486111 0.0610775 0.0164761
0.0555556 0.0695701 0.0188298
0.0625 0.0778822 0.0211835
0.0694444 0.0859773 0.0235372
0.0763889 0.0938227 0.025891
0.0833333 0.101388 0.0282447
0.0902778 0.108647 0.0305984
0.0972222 0.115582 0.0329521
0.104167 0.122179 0.0353059
0.111111 0.128428 0.0376596
0.118056 0.134331 0.0400133
0.125 0.139894 0.042367
0.131944 0.145132 0.0447208
0.138889 0.150066 0.0470745
0.145833 0.154726 0.0494282
0.152778 0.159146 0.0517819
0.159722 0.163371 0.0541356
0.166667 0.16745 0.0564894
0.173611 0.171432 0.0588431
0.180556 0.175371 0.0611968
0.1875 0.179323 0.0635505
0.194444 0.183338 0.0659043
0.201389 0.187465 0.068258
0.208333 0.191745 0.0706117
0.215278 0.196209 0.0729654
0.222222 0.200881 0.0753192
0.229167 0.205772 0.0776729
0.236111 0.210881 0.0800266
0.243056 0.216195 0.0823803
0.25 0.221688 0.0847341
0.256944 0.227325 0.0870878
0.263889 0.233063 0.0894415
0.270833 0.238849 0.0917952
0.277778 0.244625 0.094149
0.284722 0.25033 0.0965027
0.291667 0.255904 0.0988564
0.298611 0.261282 0.10121
0.305556 0.266405 0.103564
0.3125 0.271219 0.105918
0.319444 0.275672 0.108271
0.326389 0.279724 0.110625
0.333333 0.283339 0.112979
0.340278 0.286492 0.115332
0.347222 0.289172 0.117686
0.354167 0.291378 0.12004
0.361111 0.293121 0.122394
0.368056 0.29443 0.124747
0.375 0.295345 0.127101
0.381944 0.295924 0.129455
0.388889 0.296241 0.131809
0.395833 0.296385 0.134162
0.402778 0.296459 0.136516
0.409722 0.296582 0.13887
0.416667 0.296884 0.141223
0.423611 0.297503 0.143577
0.430556 0.298581 0.145931
0.4375 0.300261 0.148285
0.444444 0.302677 0.150638
0.451389 0.305953 0.152992
0.458333 0.310191 0.155346
0.465278 0.315468 0.157699
0.472222 0.321835 0.160053
0.479167 0.329312 0.162407
0.486111 0.337884 0.164761
0.493056 0.347511 0.167114
0.5 0.358124 0.169468
0.506944 0.369632 0.171822
0.513889 0.381929 0.174176
0.520833 0.394893 0.176529
0.527778 0.408393 0.178883
0.534722 0.4223 0.181237
0.541667 0.436478 0.18359
0.548611 0.450796 0.185944
0.555556 0.465128 0.188298
0.5625 0.479355 0.190652
0.569444 0.493364 0.193005
0.576389 0.507056 0.195359
0.583333 0.520337 0.197713
0.590278 0.533127 0.200067
0.597222 0.54536 0.20242
0.604167 0.556978 0.204774
0.611111 0.567952 0.207128
0.618056 0.578225 0.209481
0.625 0.587793 0.211835
0.631944 0.596653 0.214189
0.638889 0.604814 0.216543
0.645833 0.612297 0.218896
0.652778 0.619134 0.22125
0.659722 0.625372 0.223604
0.666667 0.631069 0.225957
0.673611 0.63629 0.228311
0.680556 0.641111 0.230665
0.6875 0.645615 0.233019
0.694444 0.649892 0.235372
0.701389 0.654036 0.237726
0.708333 0.658142 0.24008
0.715278 0.662303 0.242434
0.722222 0.666615 0.244787
0.729167 0.671165 0.247141
0.736111 0.676031 0.249495
0.743056 0.681284 0.251848
0.75 0.686981 0.254202
0.756944 0.693167 0.256556
0.763889 0.69987 0.25891
0.770833 0.707102 0.261263
0.777778 0.714855 0.263617
0.784722 0.723111 0.265971
0.791667 0.731833 0.268325
0.798611 0.740967 0.270678
0.805556 0.750448 0.273032
0.8125 0.760201 0.275386
0.819444 0.77014 0.277739
0.826389 0.780176 0.280093
0.833333 0.790211 0.282447
0.840278 0.800148 0.284801
0.847222 0.809894 0.287154
0.854167 0.819356 0.289508
0.861111 0.828447 0.291862
0.868056 0.837087 0.294215
0.875 0.845208 0.296569
0.881944 0.852752 0.298923
0.888889 0.859675 0.301277
0.895833 0.865943 0.30363
0.902778 0.87154 0.305984
0.909722 0.876467 0.308338
0.916667 0.88074 0.310692
0.923611 0.88439 0.313045
0.930556 0.887467 0.315399
0.9375 0.890036 0.317753
0.944444 0.892176 0.320106
0.951389 0.893984 0.32246
0.958333 0.895567 0.324814
0.965278 0.89704 0.327168
0.972222 0.898534 0.329521
0.979167 0.900179 0.331875
0.986111 0.902112 0.334229
0.993056 0.904465 0.336583
1 0.907369 0.338936
1.00694 0.910944 0.34129
1.01389 0.915301 0.343644
1.02083 0.920532 0.345997
1.02778 0.926709 0.348351
1.03472 0.933888 0.350705
1.04167 0.942099 0.353059
1.04861 0.951345 0.355412
1.05556 0.96161 0.357766
1.0625 0.972852 0.36012
1.06944 0.985007 0.362473
1.07639 0.997992 0.364827
1.08333 1.01171 0.367181
1.09028 1.02604 0.369535
1.09722 1.04086 0.371888
1.10417 1.05605 0.374242
1.11111 1.07147 0.376596
1.11806 1.08699 0.37895
1.125 1.10247 0.381303
1.13194 1.1178 0.383657
1.13889 1.13285 0.386011
1.14583 1.14753 0.388364
1.15278 1.16174 0.390718
1.15972 1.17539 0.393072
1.16667 1.18843 0.395426
1.17361 1.20081 0.397779
1.18056 1.21249 0.400133
1.1875 1.22346 0.402487
1.19444 1.23372 0.404841
1.20139 1.24329 0.407194
1.20833 1.25219 0.409548
1.21528 1.26046 0.411902
1.22222 1.26818 0.414255
1.22917 1.2754 0.416609
1.23611 1.28221 0.418963
1.24306 1.28869 0.421317
1.25 1.29494 0.42367
1.25694 1.30104 0.426024
1.26389 1.30709 0.428378
1.27083 1.3132 0.430731
1.27778 1.31944 0.433085
1.28472 1.3259 0.435439
1.29167 1.33266 0.437793
1.29861 1.33978 0.440146
1.30556 1.34731 0.4425
1.3125 1.35529 0.444854
1.31944 1.36373 0.447208
1.32639 1.37266 0.449561
1.33333 1.38206 0.451915
1.34028 1.3919 0.454269
1.34722 1.40215 0.456622
1.35417 1.41277 0.458976
1.36111 1.42368 0.46133
1.36806 1.43481 0.463684
1.375 1.44609 0.466037
1.38194 1.45743 0.468391
1.38889 1.46875 0.470745
1.39583 1.47995 0.473098
1.40278 1.49095 0.475452
1.40972 1.50166 0.477806
1.41667 1.512 0.48016
1.42361 1.52191 0.482513
1.43056 1.53132 0.484867
1.4375 1.54019 0.487221
1.44444 1.54847 0.489575
1.45139 1.55614 0.491928
1.45833 1.5632 0.494282
1.46528 1.56964 0.496636
1.47222 1.57548 0.498989
1.47917 1.58077 0.501343
1.48611 1.58554 0.503697
1.49306 1.58987 0.506051
1.5 1.59383 0.508404
1.50694 1.59751 0.510758
1.51389 1.601 0.513112
1.52083 1.60443 0.515466
1.52778 1.60788 0.517819
1.53472 1.61149 0.520173
1.54167 1.61536 0.522527
1.54861 1.61961 0.52488
1.55556 1.62434 0.527234
1.5625 1.62965 0.529588
1.56944 1.63563 0.531942
1.57639 1.64234 0.534295
1.58333 1.64985 0.536649
1.59028 1.6582 0.539003
1.59722 1.6674 0.541356
1.60417 1.67745 0.54371
1.61111 1.68836 0.546064
1.61806 1.70005 0.548418
1.625 1.71248 0.550771
1.63194 1.72557 0.553125
1.63889 1.73925 0.555479
1.64583 1.75342 0.557833
1.65278 1.76797 0.560186
1.65972 1.78279 0.56254
1.66667 1.79777 0.564894
1.67361 1.81278 0.567247
1.68056 1.82772 0.569601
1.6875 1.84248 0.571955
1.69444 1.85695 0.574309
1.70139 1.87106 0.576662
1.70833 1.88472 0.579016
1.71528 1.89786 0.58137
1.72222 1.91043 0.583724
1.72917 1.92241 0.586077
1.73611 1.93377 0.588431
1.74306 1.94451 0.590785
1.75 1.95464 0.593138
1.75694 1.96419 0.595492
1.76389 1.97321 0.597846
1.77083 1.98175 0.6002
1.77778 1.98988 0.602553
1.78472 1.99768 0.604907
1.79167 2.00524 0.607261
1.79861 2.01264 0.609614
1.80556 2.01999 0.611968
1.8125 2.02738 0.614322
1.81944 2.0349 0.616676
1.82639 2.04263 0.619029
1.83333 2.05066 0.621383
1.84028 2.05905 0.623737
1.84722 2.06785 0.626091
1.85417 2.07711 0.628444
1.86111 2.08686 0.630798
1.86806 2.0971 0.633152
1.875 2.10783 0.635505
1.88194 2.11902 0.637859
1.88889 2.13063 0.640213
1.89583 2.14262 0.642567
1.90278 2.15492 0.64492
1.90972 2.16744 0.647274
1.91667 2.1801 0.649628
1.92361 2.19282 0.651982
1.93056 2.20548 0.654335
1.9375 2.218 0.656689
1.94444 2.23028 0.659043
1.95139 2.24223 0.661396
1.95833 2.25375 0.66375
1.96528 2.26477 0.666104
1.97222 2.27522 0.668458
1.97917 2.28505 0.670811
1.98611 2.29421 0.673165
1.99306 2.30267 0.675519
2 2.31042 0.677872
2.00694 2.31747 0.680226
2.01389 2.32384 0.68258
2.02083 2.32956 0.684934
2.02778 2.33469 0.687287
2.03472 2.3393 0.689641
2.04167 2.34347 0.691995
2.04861 2.3473 0.694349
2.05556 2.35089 0.696702
2.0625 2.35435 0.699056
2.06944 2.35782 0.70141
2.07639 2.3614 0.703763
2.08333 2.36523 0.706117
2.09028 2.36943 0.708471
2.09722 2.37412 0.710825
2.10417 2.3794 0.713178
2.11111 2.38536 0.715532
2.11806 2.39209 0.717886
2.125 2.39966 0.72024
2.13194 2.4081 0.722593
2.13889 2.41744 0.724947
2.14583 2.42768 0.727301
2.15278 2.43881 0.729654
2.15972 2.45079 0.732008
2.16667 2.46355 0.734362
2.17361 2.47703 0.736716
2.18056 2.49112 0.739069
2.1875 2.50571 0.741423
2.19444 2.5207 0.743777
2.20139 2.53594 0.74613
2.20833 2.55132 0.748484
2.21528 2.56668 0.750838
2.22222 2.58191 0.753192
2.22917 2.59688 0.755545
2.23611 2.61146 0.757899
2.24306 2.62556 0.760253
2.25 2.63907 0.762607
2.25694 2.65191 0.76496
2.26389 2.66403 0.767314
2.27083 2.67539 0.769668
2.27778 2.68596 0.772021
2.28472 2.69574 0.774375
2.29167 2.70474 0.776729
2.29861 2.71302 0.779083
2.30556 2.72062 0.781436
2.3125 2.72763 0.78379
2.31944 2.73414 0.786144
2.32639 2.74025 0.788497
2.33333 2.74609 0.790851
2.34028 2.75179 0.793205
2.34722 2.75747 0.795559
2.35417 2.76329 0.797912
2.36111 2.76937 0.800266
2.36806 2.77584 0.80262
2.375 2.78282 0.804974
2.38194 2.79042 0.807327
2.38889 2.79873 0.809681
2.39583 2.80782 0.812035
2.40278 2.81774 0.814388
2.40972 2.82851 0.816742
2.41667 2.84013 0.819096
2.42361 2.85258 0.82145
2.43056 2.8658 0.823803
2.4375 2.87973 0.826157
2.44444 2.89426 0.828511
2.45139 2.90928 0.830865
2.45833 2.92465 0.833218
2.46528 2.94024 0.835572
2.47222 2.95587 0.837926
2.47917 2.9714 0.840279
2.48611 2.98666 0.842633
2.49306 3.00148 0.844987
2.5 3.01573 0.847341
2.50694 3.02924 0.849694
2.51389 3.0419 0.852048
2.52083 3.0536 0.854402
2.52778 3.06424 0.856755
2.53472 3.07375 0.859109
2.54167 3.08209 0.861463
2.54861 3.08924 0.863817
2.55556 3.0952 0.86617
2.5625 3.10003 0.868524
2.56944 3.10376 0.870878
2.57639 3.10651 0.873232
2.58333 3.10837 0.875585
2.59028 3.10949 0.877939
2.59722 3.11002 0.880293
2.60417 3.11014 0.882646
2.61111 3.11006 0.885
2.61806 3.10994 0.887354
2.625 3.11 0.889708
2.63194 3.11045 0.892061
2.63889 3.1115 0.894415
2.64583 3.11333 0.896769
2.65278 3.11611 0.899123
2.65972 3.12003 0.901476
2.66667 3.12519 0.90383
2.67361 3.13172 0.906184
2.68056 3.13968 0.908537
2.6875 3.14911 0.910891
2.69444 3.16003 0.913245
2.70139 3.17239 0.915599
2.70833 3.18613 0.917952
2.71528 3.20114 0.920306
2.72222 3.2173 0.92266
2.72917 3.23443 0.925013
2.73611 3.25236 0.927367
2.74306 3.27087 0.929721
2.75 3.28975 0.932075
2.75694 3.30877 0.934428
2.76389 3.32769 0.936782
2.77083 3.34629 0.939136
2.77778 3.36434 0.94149
2.78472 3.38163 0.943843
2.79167 3.39798 0.946197
2.79861 3.4132 0.948551
2.80556 3.42717 0.950904
2.8125 3.43975 0.953258
2.81944 3.45087 0.955612
2.82639 3.46047 0.957966
2.83333 3.46855 0.960319
2.84028 3.47512 0.962673
2.84722 3.48023 0.965027
2.85417 3.48399 0.967381
2.86111 3.48651 0.969734
2.86806 3.48795 0.972088
2.875 3.48851 0.974442
2.88194 3.48839 0.976795
2.88889 3.48784 0.979149
2.89583 3.48709 0.981503
2.90278 3.48643 0.983857
2.90972 3.4861 0.98621
2.91667 3.48638 0.988564
2.92361 3.48752 0.990918
2.93056 3.48977 0.993271
2.9375 3.49332 0.989275
2.94444 3.49838 0.981931
2.95139 3.50508 0.974586
2.95833 3.51353 0.967241
2.96528 3.5238 0.959896
2.97222 3.5359 0.952551
2.97917 3.54979 0.945206
2.98611 3.56539 0.937861
2.99306 3.58257 0.930516
3 3.60114 0.923171
3.00694 3.62091 0.915827
3.01389 3.64161 0.908482
3.02083 3.66297 0.901137
3.02778 3.68469 0.893792
3.03472 3.70646 0.886447
3.04167 3.72796 0.879102
3.04861 3.74888 0.871757
3.05556 3.76892 0.864412
3.0625 3.78777 0.857067
3.06944 3.80518 0.849722
3.07639 3.8209 0.842378
3.08333 3.83473 0.835033
3.09028 3.84649 0.827688
3.09722 3.85607 0.820343
3.10417 3.86338 0.812998
3.11111 3.86839 0.805653
3.11806 3.87111 0.798308
3.125 3.87161 0.790963
3.13194 3.87 0.783618
3.13889 3.86646 0.776274
3.14583 3.86119 0.768929
3.15278 3.85445 0.761584
3.15972 3.84653 0.754239
3.16667 3.83778 0.746894
3.17361 3.82854 0.739549
3.18056 3.81921 0.732204
3.1875 3.81018 0.724859
3.19444 3.80186 0.717514
3.20139 3.79464 0.710169
3.20833 3.7889 0.702825
3.21528 3.785 0.69548
3.22222 3.78325 0.688135
3.22917 3.78394 0.68079
3.23611 3.78728 0.673445
3.24306 3.79342 0.6661
3.25 3.80245 0.658755
3.25694 3.81438 0.65141
3.26389 3.82917 0.644065
3.27083 3.84666 0.636721
3.27778 3.86668 0.629376
3.28472 3.88895 0.622031
3.29167 3.91316 0.614686
3.29861 3.93894 0.607341
3.30556 3.96588 0.599996
3.3125 3.99357 0.592651
3.31944 4.02154 0.585306
3.32639 4.04935 0.577961
3.33333 4.07654 0.570616
3.34028 4.10269 0.563272
3.34722 4.12739 0.555927
3.35417 4.15024 0.548582
3.36111 4.17093 0.541237
3.36806 4.18914 0.533892
3.375 4.20464 0.526547
3.38194 4.21724 0.519202
3.38889 4.22682 0.511857
3.39583 4.23332 0.504512
3.40278 4.23673 0.497168
3.40972 4.23712 0.489823
3.41667 4.23463 0.482478
3.42361 4.22946 0.475133
3.43056 4.22188 0.467788
3.4375 4.2122 0.460443
3.44444 4.2008 0.453098
3.45139 4.18811 0.445753
3.45833 4.1746 0.438408
3.46528 4.16078 0.431063
3.47222 4.14716 0.423719
3.47917 4.13429 0.416374
3.48611 4.12269 0.409029
3.49306 4.11289 0.401684
3.5 4.10537 0.394339
3.50694 4.10057 0.386994
3.51389 4.09887 0.379649
3.52083 4.10058 0.373717
3.52778 4.10592 0.373967
3.53472 4.11502 0.374218
3.54167 4.12791 0.374469
3.54861 4.14453 0.37472
3.55556 4.16471 0.37497
3.5625 4.18819 0.375221
3.56944 4.21461 0.375472
3.57639 4.24355 0.375722
3.58333 4.27451 0.375973
3.59028 4.30696 0.376224
3.59722 4.34031 0.376474
3.60417 4.37396 0.376725
3.61111 4.40733 0.376976
3.61806 4.43975 0.377226
3.625 4.47068 0.377477
3.63194 4.49954 0.377728
3.63889 4.52584 0.377979
3.64583 4.54911 0.378229
3.65278 4.56895 0.37848
3.65972 4.58503 0.378731
3.66667 4.59708 0.378981
3.67361 4.60493 0.379232
3.68056 4.60847 0.379483
3.6875 4.60769 0.379733
3.69444 4.60266 0.379984
3.70139 4.59354 0.380235
3.70833 4.58058 0.380485
3.71528 4.56411 0.380736
3.72222 4.54456 0.380987
3.72917 4.52242 0.381238
3.73611 4.49826 0.381488
3.74306 4.47271 0.381739
3.75 4.44646 0.38199
3.75694 4.42025 0.38224
3.76389 4.39483 0.382491
3.77083 4.37096 0.382742
3.77778 4.34941 0.382992
3.78472 4.3309 0.383243
3.79167 4.31609 0.383494
3.79861 4.3056 0.383744
3.80556 4.29992 0.383995
3.8125 4.29943 0.384246
3.81944 4.30441 0.384497
3.82639 4.31495 0.384747
3.83333 4.33105 0.384998
3.84028 4.35251 0.385249
3.84722 4.37902 0.385499
3.85417 4.41015 0.38575
3.86111 4.44531 0.386001
3.86806 4.48386 0.386251
3.875 4.52506 0.386502
3.88194 4.56811 0.386753
3.88889 4.61218 0.387003
3.89583 4.65643 0.387254
3.90278 4.70002 0.387505
3.90972 4.74215 0.387756
3.91667 4.78204 0.388006
3.92361 4.81896 0.388257
3.93056 4.85227 0.388508
3.9375 4.88138 0.388758
3.94444 4.9058 0.389009
3.95139 4.92512 0.38926
3.95833 4.93905 0.38951
3.96528 4.94738 0.389761
3.97222 4.95002 0.390012
3.97917 4.94697 0.390262
3.98611 4.93837 0.390513
3.99306 4.92446 0.390764
4 4.90557 0.391015
4.00694 4.88218 0.391265
4.01389 4.85484 0.391516
4.02083 4.82422 0.391767
4.02778 4.79108 0.392017
4.03472 4.75625 0.392268
4.04167 4.72065 0.392519
4.04861 4.68524 0.392769
4.05556 4.65101 0.39302
4.0625 4.61897 0.393271
4.06944 4.59012 0.393521
4.07639 4.56538 0.393772
4.08333 4.54564 0.394023
4.09028 4.53166 0.394274
4.09722 4.52406 0.394524
4.10417 4.52331 0.394775
4.11111 4.5297 0.395026
4.11806 4.54331 0.395276
4.125 4.56403 0.395527
4.13194 4.59156 0.395778
4.13889 4.6254 0.396028
4.14583 4.66489 0.396279
4.15278 4.70922 0.39653
4.15972 4.75748 0.39678
4.16667 4.80865 0.397031
4.17361 4.86167 0.397282
4.18056 4.91544 0.397533
4.1875 4.96887 0.397783
4.19444 5.02088 0.398034
4.20139 5.07045 0.398285
4.20833 5.1166 0.398535
4.21528 5.15845 0.398786
4.22222 5.1952 0.399037
4.22917 5.22615 0.399287
4.23611 5.25072 0.399538
4.24306 5.26843 0.399789
4.25 5.27896 0.400039
4.25694 5.28207 0.40029
4.26389 5.2777 0.400541
4.27083 5.26591 0.400792
4.27778 5.24689 0.401042
4.28472 5.22098 0.401293
4.29167 5.18866 0.401544
4.29861 5.15055 0.401794
4.30556 5.1074 0.402045
4.3125 5.06011 0.402296
4.31944 5.00968 0.402546
4.32639 4.95724 0.402797
4.33333 4.90401 0.403048
4.34028 4.8513 0.403298
4.34722 4.80044 0.403549
4.35417 4.75282 0.4038
4.36111 4.70979 0.404051
4.36806 4.67266 0.404301
4.375 4.64261 0.404552
4.38194 4.62069 0.404803
4.38889 4.60776 0.405053
4.39583 4.60443 0.405304
4.40278 4.61106 0.405555
4.40972 4.62771 0.405805
4.41667 4.65418 0.406056
4.42361 4.68996 0.406307
4.43056 4.73431 0.406557
4.4375 4.78624 0.406808
4.44444 4.84459 0.407059
4.45139 4.90806 0.40731
4.45833 4.97525 0.40756
4.46528 5.04471 0.407811
4.47222 5.11499 0.408062
4.47917 5.18462 0.408312
4.48611 5.25223 0.408563
4.49306 5.3165 0.408814
4.5 5.3762 0.409064
4.50694 5.43023 0.409315
4.51389 5.47759 0.409566
4.52083 5.51745 0.409816
4.52778 5.54908 0.410067
4.53472 5.57193 0.410318
4.54167 5.58559 0.410569
4.54861 5.58981 0.410819
4.55556 5.5845 0.41107
4.5625 5.56976 0.411321
4.56944 5.54581 0.411571
4.57639 5.51309 0.411822
4.58333 5.47218 0.412073
4.59028 5.42383 0.412323
4.59722 5.36898 0.412574
4.60417 5.30871 0.412825
4.61111 5.24432 0.413075
4.61806 5.17713 0.413326
4.625 5.10871 0.413577
4.63194 5.0407 0.413828
4.63889 4.97482 0.414078
4.64583 4.91283 0.414329
4.65278 4.85648 0.41458
4.65972 4.80747 0.41483
4.66667 4.76738 0.415081
4.67361 4.73758 0.415332
4.68056 4.71919 0.415582
4.6875 4.71303 0.415833
4.69444 4.71956 0.416084
4.70139 4.73884 0.416334
4.70833 4.77055 0.416585
4.71528 4.814 0.416836
4.72222 4.86816 0.417087
4.72917 4.93171 0.417337
4.73611 5.0031 0.417588
4.74306 5.08061 0.417839
4.75 5.16244 0.418089
4.75694 5.24672 0.41834
4.76389 5.3316 0.418591
4.77083 5.41527 0.418841
4.77778 5.49602 0.419092
4.78472 5.57223 0.419343
4.79167 5.64242 0.419593
4.79861 5.70524 0.419844
4.80556 5.75953 0.420095
4.8125 5.80426 0.420346
4.81944 5.8386 0.420596
4.82639 5.86189 0.420847
4.83333 5.87365 0.421098
4.84028 5.87358 0.421348
4.84722 5.86159 0.421599
4.85417 5.83778 0.42185
4.86111 5.80244 0.4221
4.86806 5.75606 0.422351
4.875 5.69936 0.422602
4.88194 5.63323 0.422852
4.88889 5.55879 0.423103
4.89583 5.47738 0.423354
4.90278 5.39053 0.423605
4.90972 5.29997 0.423855
4.91667 5.20764 0.424106
4.92361 5.11561 0.424357
4.93056 5.02612 0.424607
4.9375 4.94148 0.424858
4.94444 4.86405 0.425109
4.95139 4.79612 0.425359
4.95833 4.73985 0.42561
4.96528 4.69718 0.425861
4.97222 4.66971 0.426111
4.97917 4.65857 0.426362
4.98611 4.66443 0.426613
4.99306 4.68737 0.426864
5 4.72692 0.427114
5.00694 4.78208 0.427365
5.01389 4.85138 0.427616
5.02083 4.93297 0.427866
5.02778 5.0247 0.428117
5.03472 5.12426 0.428368
5.04167 5.22924 0.428618
5.04861 5.3372 0.428869
5.05556 5.44577 0.42912
5.0625 5.55267 0.42937
5.06944 5.65575 0.429621
5.07639 5.75304 0.429872
5.08333 5.84273 0.430123
5.09028 5.92322 0.430373
5.09722 5.99311 0.430624
5.10417 6.05119 0.430875
5.11111 6.09646 0.431125
5.11806 6.12816 0.431376
5.125 6.14571 0.431627
5.13194 6.14875 0.431877
5.13889 6.13716 0.432128
5.14583 6.11102 0.432379
5.15278 6.07064 0.432629
5.15972 6.01658 0.43288
5.16667 5.9496 0.433131
5.17361 5.87073 0.433382
5.18056 5.78123 0.433632
5.1875 5.68263 0.433883
5.19444 5.5767 0.434134
5.20139 5.46547 0.434384
5.20833 5.35121 0.434635
5.21528 5.23644 0.434886
5.22222 5.12387 0.435136
5.22917 5.01638 0.435387
5.23611 4.91695 0.435638
5.24306 4.82856 0.435888
5.25 4.75407 0.436139
5.25694 4.69607 0.43639
5.26389 4.65678 0.436641
5.27083 4.63782 0.436891
5.27778 4.64016 0.437142
5.28472 4.664 0.437769
5.29167 4.70878 0.438502
5.29861 4.7732 0.439235
5.30556 4.85532 0.439968
5.3125 4.95274 0.440701
5.31944 5.06266 0.441434
5.32639 5.1821 0.442168
5.33333 5.30801 0.442901
5.34028 5.43735 0.443634
5.34722 5.56718 0.444367
5.35417 5.69472 0.4451
5.36111 5.8174 0.445833
5.36806 5.93287 0.446566
5.375 6.03898 0.4473
5.38194 6.13387 0.448033
5.38889 6.21589 0.448766
5.39583 6.28364 0.449499
5.40278 6.33597 0.450232
5.40972 6.37195 0.450965
5.41667 6.39091 0.451699
5.42361 6.39243 0.452432
5.43056 6.3763 0.453165
5.4375 6.3426 0.453898
5.44444 6.29162 0.454631
5.45139 6.22394 0.455364
5.45833 6.14037 0.456097
5.46528 6.04204 0.456831
5.47222 5.93033 0.457564
5.47917 5.80694 0.458297
5.48611 5.67386 0.45903
5.49306 5.53342 0.459763
5.5 5.3883 0.460496
5.50694 5.24147 0.461229
5.51389 5.09627 0.461963
5.52083 4.95629 0.462696
5.52778 4.82539 0.463429
5.53472 4.7075 0.464162
5.54167 4.60658 0.464895
5.54861 4.52631 0.465628
5.55556 4.4699 0.466362
5.5625 4.43984 0.467095
5.56944 4.43766 0.467828
5.57639 4.46377 0.468561
5.58333 4.51745 0.469294
5.59028 4.59688 0.470027
5.59722 4.69936 0.47076
5.60417 4.8215 0.471494
5.61111 4.95956 0.472227
5.61806 5.10946 0.47296
5.625 5.26725 0.473693
5.63194 5.42905 0.474426
5.63889 5.59122 0.475159
5.64583 5.75036 0.475892
5.65278 5.90339 0.476626
5.65972 6.04753 0.477359
5.66667 6.1803 0.478092
5.67361 6.29954 0.478825
5.68056 6.40336 0.479558
5.6875 6.49017 0.480291
5.69444 6.55865 0.481024
5.70139 6.60774 0.481758
5.70833 6.63667 0.482491
5.71528 6.64492 0.483224
5.72222 6.63223 0.483957
5.72917 6.5986 0.48469
5.73611 6.54433 0.485423
5.74306 6.46996 0.486157
5.75 6.37633 0.48689
5.75694 6.26459 0.487623
5.76389 6.1362 0.488356
5.77083 5.99294 0.489089
5.77778 5.83695 0.489822
5.78472 5.67075 0.490555
5.79167 5.4973 0.491289
5.79861 5.31993 0.492022
5.80556 5.14246 0.492755
5.8125 4.96913 0.493488
5.81944 4.8046 0.494221
5.82639 4.65382 0.494954
5.83333 4.5219 0.495687
5.84028 4.41385 0.496421
5.84722 4.33421 0.497154
5.85417 4.28671 0.497887
5.86111 4.2738 0.49862
5.86806 4.29643 0.499353
5.875 4.35389 0.500086
5.88194 4.4439 0.500819
5.88889 4.56291 0.501553
5.89583 4.70647 0.502286
5.90278 4.86962 0.503019
5.90972 5.04723 0.503752
5.91667 5.23427 0.504485
5.92361 5.42594 0.505218
5.93056 5.61784 0.505952
5.9375 5.80593 0.506685
5.94444 5.98661 0.507418
5.95139 6.15667 0.508151
5.95833 6.31329 0.508884
5.96528 6.45398 0.509617
5.97222 6.57665 0.51035
5.97917 6.67947 0.511084
5.98611 6.76097 0.511817
5.99306 6.81995 0.51255
6 6.85549 0.513283
6.00694 6.86697 0.514016
6.01389 6.85404 0.514749
6.02083 6.81663 0.515482
6.02778 6.75497 0.516216
6.03472 6.66954 0.516949
6.04167 6.56117 0.517682
6.04861 6.43096 0.518415
6.05556 6.28038 0.519148
6.0625 6.11122 0.519881
6.06944 5.92571 0.520615
6.07639 5.72646 0.521348
6.08333 5.51659 0.522081
6.09028 5.29977 0.522814
6.09722 5.08022 0.523547
6.10417 4.86286 0.52428
6.11111 4.65326 0.525013
6.11806 4.45765 0.525747
6.125 4.28279 0.52648
6.13194 4.13569 0.527213
6.13889 4.02315 0.527946
6.14583 3.95105 0.528679
6.15278 3.92366 0.529412
6.15972 3.94292 0.530145
6.16667 4.00816 0.530879
6.17361 4.1162 0.531612
6.18056 4.2619 0.532345
6.1875 4.43886 0.533078
6.19444 4.64017 0.533811
6.20139 4.85891 0.534544
6.20833 5.08856 0.535277
6.21528 5.32315 0.536011
6.22222 5.55735 0.536744
6.22917 5.78644 0.537477
6.23611 6.00629 0.53821
6.24306 6.21329 0.538943
6.25 6.4043 0.539676
6.25694 6.57663 0.54041
6.26389 6.72795 0.541143
6.27083 6.85631 0.541876
6.27778 6.96008 0.542609
6.28472 7.03795 0.543342
6.29167 7.0889 0.544075
6.29861 7.11222 0.544808
6.30556 7.10748 0.545542
6.3125 7.07452 0.546275
6.31944 7.01349 0.547008
6.32639 6.92483 0.547741
6.33333 6.80929 0.548474
6.34028 6.66791 0.549207
6.34722 6.5021 0.54994
6.35417 6.31362 0.550674
6.36111 6.10463 0.551407
6.36806 5.87775 0.55214
6.375 5.63608 0.552873
6.38194 5.38336 0.553606
6.38889 5.124 0.554339
6.39583 4.86321 0.555073
6.40278 4.60714 0.555806
6.40972 4.36298 0.556539
6.41667 4.13894 0.557272
6.42361 3.94411 0.558005
6.43056 3.78797 0.558738
6.4375 3.67948 0.559471
6.44444 3.62584 0.560205
6.45139 3.63112 0.560938
6.45833 3.69541 0.561671
6.46528 3.81478 0.562404
6.47222 3.9822 0.563137
6.47917 4.18884 0.56387
6.48611 4.4253 0.564603
6.49306 4.68254 0.565337
6.5 4.9523 0.56607
6.50694 5.22733 0.566803
6.51389 5.50133 0.567536
6.52083 5.76889 0.568269
6.52778 6.02537 0.569002
6.53472 6.26679 0.569735
6.54167 6.48972 0.570469
6.54861 6.69124 0.571202
6.55556 6.86885 0.571935
6.5625 7.02042 0.572668
6.56944 7.14419 0.573401
6.57639 7.23873 0.574134
6.58333 7.30291 0.574868
6.59028 7.33591 0.575601
6.59722 7.33718 0.576334
6.60417 7.3065 0.577067
6.61111 7.24393 0.5778
6.61806 7.14973 0.578533
6.625 7.02459 0.579266
6.63194 6.86944 0.58
6.63889 6.68555 0.580733
6.64583 6.47455 0.581466
6.65278 6.23844 0.582199
6.65972 5.97967 0.582932
6.66667 5.7012 0.583665
6.67361 5.40656 0.584398
6.68056 5.10004 0.585132
6.6875 4.78686 0.585865
6.69444 4.47337 0.586598
6.70139 4.1674 0.587331
6.70833 3.87851 0.588064
6.71528 3.61826 0.588797
6.72222 3.4 0.589531
6.72917 3.23796 0.590264
6.73611 3.14521 0.590997
6.74306 3.13056 0.59173
6.75 3.19603 0.592463
6.75694 3.33609 0.593196
6.76389 3.5396 0.593929
6.77083 3.79278 0.594663
6.77778 4.08184 0.595396
6.78472 4.39437 0.596129
6.79167 4.71984 0.596862
6.79861 5.04952 0.597595
6.80556 5.37625 0.598328
6.8125 5.69407 0.599061
6.81944 5.99804 0.599795
6.82639 6.28399 0.600528
6.83333 6.54837 0.601261
6.84028 6.78816 0.601994
6.84722 7.00079 0.602727
6.85417 7.18407 0.60346
6.86111 7.33618 0.604193
6.86806 7.45561 0.604927
6.875 7.54117 0.60566
6.88194 7.59195 0.606393
6.88889 7.60734 0.607126
6.89583 7.58702 0.607859
6.90278 7.53094 0.608592
6.90972 7.43934 0.609326
6.91667 7.31275 0.610059
6.92361 7.15201 0.610792
6.93056 6.95825 0.611525
6.9375 6.73293 0.612258
6.94444 6.47788 0.612991
6.95139 6.19532 0.613724
6.95833 5.88793 0.614458
6.96528 5.55891 0.615191
6.97222 5.21217 0.615924
6.97917 4.85247 0.616657
6.98611 4.48572 0.61739
6.99306 4.11944 0.618123
7 3.7633 0.618856
7.00694 3.4299 0.61959
7.01389 3.13545 0.620323
7.02083 2.89981 0.621056
7.02778 2.74458 0.621789
7.03472 2.68806 0.622522
7.04167 2.73831 0.620576
7.04861 2.8894 0.614152
7.05556 3.12437 0.607728
7.0625 3.422 0.601304
7.06944 3.76223 0.59488
7.07639 4.12842 0.588456
7.08333 4.50751 0.582032
7.09028 4.8894 0.575608
7.09722 5.26617 0.569184
7.10417 5.63148 0.56276
7.11111 5.9802 0.556336
7.11806 6.30805 0.549912
7.125 6.61141 0.543488
7.13194 6.88721 0.537064
7.13889 7.13283 0.53064
7.14583 7.34601 0.524216
7.15278 7.52487 0.517792
7.15972 7.66783 0.511368
7.16667 7.77362 0.504944
7.17361 7.84125 0.49852
7.18056 7.87003 0.492096
7.1875 7.85955 0.485672
7.19444 7.80965 0.479248
7.20139 7.72048 0.472824
7.20833 7.59245 0.4664
7.21528 7.42624 0.459976
7.22222 7.22285 0.453552
7.22917 6.98355 0.447128
7.23611 6.70992 0.440704
7.24306 6.40388 0.43428
7.25 6.06772 0.427856
7.25694 5.70417 0.421432
7.26389 5.31646 0.415008
7.27083 4.90852 0.408584
7.27778 4.4852 0.40216
7.28472 4.0527 0.395735
7.29167 3.61927 0.389311
7.29861 3.19644 0.382887
7.30556 2.80095 0.376463
7.3125 2.4575 0.370039
7.31944 2.20064 0.363615
7.32639 2.07037 0.357191
7.33333 2.09445 0.350767
7.34028 2.26847 0.344343
7.34722 2.55968 0.337919
7.35417 2.92886 0.331495
7.36111 3.34431 0.325071
7.36806 3.78382 0.318647
7.375 4.23221 0.312223
7.38194 4.67885 0.305799
7.38889 5.11593 0.299375
7.39583 5.53745 0.292951
7.40278 5.93855 0.286527
7.40972 6.31522 0.280103
7.41667 6.66406 0.273679
7.42361 6.98212 0.267255
7.43056 7.26684 0.260831
7.4375 7.51604 0.254407
7.44444 7.72782 0.247983
7.45139 7.90058 0.241559
7.45833 8.03301 0.235135
7.46528 8.12408 0.228711
7.47222 8.17302 0.222287
7.47917 8.17935 0.215863
7.48611 8.14283 0.209439
7.49306 8.06352 0.203015
7.5 7.94173 0.196591
7.50694 7.77805 0.190167
7.51389 7.57333 0.183743
7.52083 7.32872 0.177319
7.52778 7.04563 0.170895
7.53472 6.72574 0.164471
7.54167 6.37106 0.158047
7.54861 5.98393 0.151623
7.55556 5.56705 0.145199
7.5625 5.12358 0.138775
7.56944 4.65729 0.132351
7.57639 4.17279 0.125927
7.58333 3.67602 0.119503
7.59028 3.17524 0.113078
7.59722 2.68295 0.106654
7.60417 2.22005 0.10023
7.61111 1.82417 0.0938064
7.61806 1.56036 0.0873824
7.625 1.50809 0.0809584
7.63194 1.68959 0.082032
7.63889 2.04153 0.083879
7.64583 2.48787 0.0857259
7.65278 2.97989 0.0875728
7.65972 3.49051 0.0894197
7.66667 4.00406 0.0912667
7.67361 4.51057 0.0931136
7.68056 5.00302 0.0949605
7.6875 5.47605 0.0968075
7.69444 5.92529 0.0986544
7.70139 6.34706 0.100501
7.70833 6.73815 0.102348
7.71528 7.09573 0.104195
7.72222 7.41734 0.106042
7.72917 7.70078 0.107889
7.73611 7.94414 0.109736
7.74306 8.14579 0.111583
7.75 8.30437 0.11343
7.75694 8.41877 0.115277
7.76389 8.48817 0.117124
7.77083 8.51199 0.118971
7.77778 8.48994 0.120818
7.78472 8.42198 0.122664
7.79167 8.30835 0.124511
7.79861 8.14954 0.126358
7.80556 7.94631 0.128205
7.8125 7.69968 0.130052
7.81944 7.41094 0.131899
7.82639 7.08159 0.133746
7.83333 6.71344 0.135593
7.84028 6.30849 0.13744
7.84722 5.86905 0.139287
7.85417 5.39765 0.141134
7.86111 4.89714 0.142981
7.86806 4.37068 0.144828
7.875 3.82194 0.146674
7.88194 3.2553 0.148521
7.88889 2.67653 0.150368
7.89583 2.09458 0.152215
7.90278 1.52736 0.154062
7.90972 1.0249 0.155909
7.91667 0.757159 0.157756
7.92361 0.957667 0.159603
7.93056 1.44211 0.16145
7.9375 2.01015 0.163297
7.94444 2.60045 0.165144
7.95139 3.19215 0.166991
7.95833 3.77527 0.168838
7.96528 4.34351 0.170685
7.97222 4.89212 0.172531
7.97917 5.41711 0.174378
7.98611 5.915 0.176225
7.99306 6.38262 0.178072
8 6.81708 0.179919
8.00694 7.21575 0.181766
8.01389 7.57622 0.183613
8.02083 7.89634 0.18546
8.02778 8.17416 0.187307
8.03472 8.40802 0.189154
8.04167 8.59648 0.191001
8.04861 8.73836 0.192848
8.05556 8.83274 0.194695
8.0625 8.87898 0.196542
8.06944 8.87669 0.198388
8.07639 8.82575 0.200235
8.08333 8.72631 0.202082
8.09028 8.5788 0.203929
8.09722 8.38391 0.205776
8.10417 8.1426 0.207623
8.11111 7.85607 0.20947
8.11806 7.52579 0.211317
8.125 7.15349 0.213164
8.13194 6.74109 0.215011
8.13889 6.29079 0.216858
8.14583 5.80497 0.218705
8.15278 5.28623 0.220552
8.15972 4.73734 0.222399
8.16667 4.16127 0.224245
8.17361 3.56115 0.226092
8.18056 2.94025 0.227939
8.1875 2.30203 0.229786
8.19444 1.65015 0.231633
8.20139 0.988893 0.23348
8.20833 0.328624 0.235327
8.21528 0.371563 0.23704
8.22222 1.03598 0.23858
8.22917 1.7026 0.24012
8.23611 2.3623 0.241661
8.24306 3.01078 0.243201
8.25 3.64427 0.244742
8.25694 4.25917 0.246282
8.26389 4.85204 0.247823
8.27083 5.41956 0.249363
8.27778 5.95854 0.250904
8.28472 6.46597 0.252444
8.29167 6.939 0.253984
8.29861 7.37494 0.255525
8.30556 7.77134 0.257065
8.3125 8.12595 0.258606
8.31944 8.43673 0.260146
8.32639 8.70191 0.261687
8.33333 8.91994 0.263227
8.34028 9.08954 0.264768
8.34722 9.20969 0.266308
8.35417 9.27966 0.267848
8.36111 9.29896 0.269389
8.36806 9.26741 0.270929
8.375 9.18511 0.27247
8.38194 9.05243 0.27401
8.38889 8.87003 0.275551
8.39583 8.63883 0.277091
8.40278 8.36007 0.278632
8.40972 8.03522 0.280172
8.41667 7.66604 0.281712
8.42361 7.25457 0.283253
8.43056 6.80308 0.284793
8.4375 6.31413 0.286334
8.44444 5.79056 0.287874
8.45139 5.2355 0.289415
8.45833 4.65245 0.290955
8.46528 4.04538 0.292496
8.47222 3.41905 0.294036
8.47917 2.77973 0.295577
8.48611 2.13731 0.297117
8.49306 1.51271 0.298657
8.5 0.97117 0.300198
8.50694 0.753825 0.301738
8.51389 1.0853 0.303279
8.52083 1.6628 0.304819
8.52778 2.30232 0.30636
8.53472 2.95562 0.3079
8.54167 3.60562 0.309441
8.54861 4.24349 0.310981
8.55556 4.86327 0.312521
8.5625 5.46023 0.314062
8.56944 6.03033 0.315602
8.57639 6.56992 0.317143
8.58333 7.07569 0.318683
8.59028 7.54462 0.320224
8.59722 7.97392 0.321764
8.60417 8.36108 0.323305
8.61111 8.70384 0.324845
8.61806 9.00016 0.326385
8.625 9.24831 0.327926
8.63194 9.44683 0.329466
8.63889 9.59455 0.331007
8.64583 9.69056 0.332547
8.65278 9.73427 0.334088
8.65972 9.72536 0.335628
8.66667 9.66384 0.337169
8.67361 9.55001 0.338709
8.68056 9.38447 0.340249
8.6875 9.16812 0.34179
8.69444 8.9022 0.34333
8.70139 8.58824 0.344871
8.70833 8.22806 0.346411
8.71528 7.82386 0.347952
8.72222 7.37812 0.349492
8.72917 6.89372 0.351033
8.73611 6.37393 0.352573
8.74306 5.82256 0.354114
8.75 5.24406 0.355654
8.75694 4.64387 0.357194
8.76389 4.02908 0.358735
8.77083 3.40973 0.360275
8.77778 2.80191 0.361816
8.78472 2.23516 0.363356
8.79167 1.76947 0.364897
8.79861 1.51778 0.366437
8.80556 1.5934 0.367978
8.8125 1.95926 0.369518
8.81944 2.48626 0.371058
8.82639 3.08593 0.372599
8.83333 3.71437 0.374139
8.84028 4.34916 0.37568
8.84722 4.97725 0.37722
8.85417 5.58994 0.378761
8.86111 6.18079 0.380301
8.86806 6.74462 0.381842
8.875 7.27705 0.383382
8.88194 7.77427 0.384922
8.88889 8.23294 0.386463
8.89583 8.65005 0.388003
8.90278 9.02297 0.389544
8.90972 9.34939 0.391084
8.91667 9.62729 0.392625
8.92361 9.85498 0.394165
8.93056 10.0311 0.395706
8.9375 10.1546 0.397246
8.94444 10.2247 0.398786
8.95139 10.241 0.400327
8.95833 10.2033 0.401867
8.96528 10.1121 0.403408
8.97222 9.96775 0.404948
8.97917 9.77124 0.406489
8.98611 9.52381 0.408029
8.99306 9.22708 0.40957
9 8.88303 0.41111
9.00694 8.49402 0.412651
9.01389 8.06284 0.414191
9.02083 7.59276 0.415731
9.02778 7.08761 0.417272
9.03472 6.55191 0.418812
9.04167 5.99115 0.420353
9.04861 5.41217 0.421893
9.05556 4.8239 0.423434
9.0625 4.23868 0.424974
9.06944 3.67457 0.426515
9.07639 3.15945 0.428055
9.08333 2.73657 0.429595
9.09028 2.46657 0.431136
9.09722 2.40937 0.432676
9.10417 2.58174 0.434217
9.11111 2.94161 0.435757
9.11806 3.42515 0.437298
9.125 3.98004 0.438838
9.13194 4.57134 0.440379
9.13889 5.17655 0.441919
9.14583 5.78068 0.443459
9.15278 6.37316 0.445
9.15972 6.946 0.44654
9.16667 7.4929 0.448081
9.17361 8.00867 0.449621
9.18056 8.48891 0.451162
9.1875 8.92983 0.452702
9.19444 9.32817 0.454243
9.20139 9.68109 0.455783
9.20833 9.98616 0.457323
9.21528 10.2413 0.458864
9.22222 10.4449 0.460404
9.22917 10.5955 0.461945
9.23611 10.6923 0.463485
9.24306 10.7346 0.465026
9.25 10.7221 0.466566
9.25694 10.6549 0.468107
9.26389 10.5336 0.469647
9.27083 10.359 0.471188
9.27778 10.1322 0.472728
9.28472 9.85506 0.474268
9.29167 9.52948 0.475809
9.29861 9.15799 0.477349
9.30556 8.74358 0.47889
9.3125 8.2898 0.48043
9.31944 7.80086 0.481971
9.32639 7.28179 0.483511
9.33333 6.73869 0.485052
9.34028 6.17916 0.486592
9.34722 5.6129 0.488132
9.35417 5.05276 0.489673
9.36111 4.51628 0.491213
9.36806 4.02784 0.492754
9.375 3.62068 0.494294
9.38194 3.33621 0.495835
9.38889 3.21526 0.497375
9.39583 3.27988 0.498916
9.40278 3.51973 0.500456
9.40972 3.89913 0.501996
9.41667 4.37588 0.503537
9.42361 4.91382 0.505077
9.43056 5.48576 0.506618
9.4375 6.07204 0.508158
9.44444 6.6583 0.509699
9.45139 7.23374 0.511239
9.45833 7.78997 0.51278
9.46528 8.32021 0.51432
9.47222 8.81889 0.51586
9.47917 9.2813 0.517401
9.48611 9.70345 0.518941
9.49306 10.0819 0.520482
9.5 10.4138 0.522022
9.50694 10.6966 0.523563
9.51389 10.9284 0.525103
9.52083 11.1074 0.526644
9.52778 11.2326 0.528184
9.53472 11.3031 0.529725
9.54167 11.3186 0.531265
9.54861 11.2788 0.532805
9.55556 11.1844 0.534346
9.5625 11.036 0.535886
9.56944 10.8348 0.537427
9.57639 10.5826 0.538967
9.58333 10.2813 0.540508
9.59028 9.9337 0.542048
9.59722 9.54283 0.543589
9.60417 9.11248 0.545129
9.61111 8.6471 0.546669
9.61806 8.15206 0.54821
9.625 7.6338 0.54975
9.63194 7.10017 0.551291
9.63889 6.56096 0.552831
9.64583 6.02853 0.554372
9.65278 5.5187 0.555912
9.65972 5.05177 0.557453
9.66667 4.65304 0.558993
9.67361 4.35193 0.560533
9.68056 4.17764 0.562074
9.6875 4.15101 0.563614
9.69444 4.2763 0.565155
9.70139 4.53926 0.566695
9.70833 4.91348 0.568236
9.71528 5.36931 0.569776
9.72222 5.87975 0.571317
9.72917 6.42261 0.572857
9.73611 6.98041 0.574397
9.74306 7.53945 0.575938
9.75 8.08891 0.577478
9.75694 8.62008 0.579019
9.76389 9.12584 0.580559
9.77083 9.60025 0.5821
9.77778 10.0383 0.58364
9.78472 10.4359 0.585181
9.79167 10.7892 0.586721
9.79861 11.0955 0.588262
9.80556 11.3521 0.589802
9.8125 11.557 0.591342
9.81944 11.7087 0.592883
9.82639 11.8062 0.594423
9.83333 11.8486 0.595964
9.84028 11.8358 0.597504
9.84722 11.7679 0.599045
9.85417 11.6457 0.600585
9.86111 11.4702 0.602126
9.86806 11.243 0.603666
9.875 10.9662 0.605206
9.88194 10.6423 0.606747
9.88889 10.2746 0.608287
9.89583 9.86697 0.609828
9.90278 9.42387 0.611368
9.90972 8.95085 0.612909
9.91667 8.45444 0.614449
9.92361 7.94255 0.61599
9.93056 7.42481 0.61753
9.9375 6.91301 0.61907
9.94444 6.42167 0.620611
9.95139 5.96855 0.622151
9.95833 5.57477 0.623692
9.96528 5.26398 0.625232
9.97222 5.05969 0.626773
9.97917 4.98059 0.628313
9.98611 5.03525 0.629854
9.99306 5.21922 0.631394
10 5.51671 0.632934
10.0069 5.90549 0.634475
10.0139 6.36196 0.636015
10.0208 6.86441 0.637556
10.0278 7.39427 0.639096
10.0347 7.9362 0.640637
10.0417 8.4777 0.642177
10.0486 9.0085 0.643718
10.0556 9.52016 0.645258
10.0625 10.0056 0.646799
10.0694 10.459 0.648339
10.0764 10.8752 0.649879
10.0833 11.2501 0.65142
10.0903 11.5801 0.65296
10.0972 11.8623 0.654501
10.1042 12.0942 0.656041
10.1111 12.2739 0.657582
10.1181 12.4001 0.659122
10.125 12.4718 0.660663
10.1319 12.4885 0.662203
10.1389 12.4503 0.663743
10.1458 12.3576 0.665284
10.1528 12.2116 0.666824
10.1597 12.0135 0.668365
10.1667 11.7655 0.669905
10.1736 11.47 0.671446
10.1806 11.1302 0.672986
10.1875 10.75 0.674527
10.1944 10.3339 0.676067
10.2014 9.88735 0.677607
10.2083 9.41668 0.679148
10.2153 8.92957 0.680688
10.2222 8.43507 0.682229
10.2292 7.94404 0.683769
10.2361 7.46935 0.68531
10.2431 7.0262 0.68685
10.25 6.63207 0.688391
10.2569 6.30608 0.689931
10.2639 6.06747 0.691471
10.2708 5.93292 0.693012
10.2778 5.9132 0.694552
10.2847 6.01054 0.696093
10.2917 6.21808 0.697633
10.2986 6.52168 0.699174
10.3056 6.90317 0.700714
10.3125 7.34338 0.702255
10.3194 7.82415 0.703795
10.3264 8.32939 0.705336
10.3333 8.84526 0.706876
10.3403 9.36006 0.708416
10.3472 9.86394 0.709957
10.3542 10.3486 0.711497
10.3611 10.807 0.713038
10.3681 11.2332 0.714578
10.375 11.6222 0.716119
10.3819 11.9697 0.717659
10.3889 12.2721 0.7192
10.3958 12.5265 0.72074
10.4028 12.7306 0.72228
10.4097 12.8825 0.723821
10.4167 12.9809 0.725361
10.4236 13.0252 0.726902
10.4306 13.015 0.728442
10.4375 12.9506 0.729983
10.4444 12.8327 0.731523
10.4514 12.6627 0.733064
10.4583 12.4425 0.734604
10.4653 12.1743 0.736144
10.4722 11.8614 0.737685
10.4792 11.5073 0.739225
10.4861 11.1166 0.740766
10.4931 10.6946 0.742306
10.5 10.2475 0.743847
10.5069 9.78276 0.745387
10.5139 9.30899 0.746928
10.5208 8.83639 0.748468
10.5278 8.37686 0.750008
10.5347 7.9441 0.751549
10.5417 7.55352 0.753089
10.5486 7.22181 0.75463
10.5556 6.96576 0.75617
10.5625 6.80051 0.756286
10.5694 6.73717 0.755316
10.5764 6.78075 0.754346
10.5833 6.92903 0.753376
10.5903 7.17316 0.752407
10.5972 7.49946 0.751437
10.6042 7.89178 0.750467
10.6111 8.33352 0.749498
10.6181 8.80893 0.748528
10.625 9.30384 0.747558
10.6319 9.8058 0.746589
10.6389 10.3041 0.745619
10.6458 10.7895 0.744649
10.6528 11.2541 0.74368
10.6597 11.6913 0.74271
10.6667 12.0952 0.74174
10.6736 12.4611 0.740771
10.6806 12.7848 0.739801
10.6875 13.0629 0.738831
10.6944 13.2925 0.737862
10.7014 13.4717 0.736892
10.7083 13.5986 0.735922
10.7153 13.6723 0.734952
10.7222 13.6922 0.733983
10.7292 13.6584 0.733013
10.7361 13.5713 0.732043
10.7431 13.4321 0.731074
10.75 13.2424 0.730104
10.7569 13.0046 0.729134
10.7639 12.7213 0.728165
10.7708 12.3962 0.727195
10.7778 12.0336 0.726225
10.7847 11.6384 0.725256
10.7917 11.2165 0.724286
10.7986 10.7749 0.723316
10.8056 10.3217 0.722347
10.8125 9.86606 0.721377
10.8194 9.41871 0.720407
10.8264 8.99173 0.719438
10.8333 8.59857 0.718468
10.8403 8.25365 0.717498
10.8472 7.97168 0.716528
10.8542 7.76645 0.715559
10.8611 7.64927 0.714589
10.8681 7.62731 0.713619
10.875 7.70239 0.71265
10.8819 7.87065 0.71168
10.8889 8.12329 0.71071
10.8958 8.44803 0.709741
10.9028 8.83072 0.708771
10.9097 9.25684 0.707801
10.9167 9.71242 0.706832
10.9236 10.1847 0.705862
10.9306 10.6621 0.704892
10.9375 11.1346 0.703923
10.9444 11.5934 0.702953
10.9514 12.031 0.701983
10.9583 12.4407 0.701014
10.9653 12.817 0.700044
10.9722 13.155 0.699074
10.9792 13.4509 0.698104
10.9861 13.7012 0.697135
10.9931 13.9032 0.696165
11 14.0551 0.695195
11.0069 14.1551 0.694226
11.0139 14.2026 0.693256
11.0208 14.1972 0.692286
11.0278 14.1391 0.691317
11.0347 14.0292 0.690347
11.0417 13.8688 0.689377
11.0486 13.66 0.688408
11.0556 13.4054 0.687438
11.0625 13.1084 0.686468
11.0694 12.7729 0.685499
11.0764 12.4038 0.684529
11.0833 12.0067 0.683559
11.0903 11.5883 0.68259
11.0972 11.156 0.68162
11.1042 10.7186 0.68065
11.1111 10.2862 0.67968
11.1181 9.8697 0.678711
11.125 9.48154 0.677741
11.1319 9.13479 0.676771
11.1389 8.84286 0.675802
11.1458 8.61856 0.674832
11.1528 8.47292 0.673862
11.1597 8.41389 0.672893
11.1667 8.44521 0.671923
11.1736 8.56583 0.670953
11.1806 8.77013 0.669984
11.1875 9.04879 0.669014
11.1944 9.38998 0.668044
11.2014 9.78071 0.667075
11.2083 10.2078 0.666105
11.2153 10.6587 0.665135
11.2222 11.1216 0.664165
11.2292 11.5862 0.663196
11.2361 12.0431 0.662226
11.2431 12.484 0.661256
11.25 12.9019 0.660287
11.2569 13.2906 0.659317
11.2639 13.6447 0.658347
11.2708 13.9598 0.657378
11.2778 14.2321 0.656408
11.2847 14.4584 0.655438
11.2917 14.6363 0.654469
11.2986 14.7641 0.653499
11.3056 14.8405 0.652529
11.3125 14.8649 0.65156
11.3194 14.8371 0.65059
11.3264 14.7579 0.64962
11.3333 14.6282 0.648651
11.3403 14.4499 0.647681
11.3472 14.2253 0.646711
11.3542 13.9573 0.645741
11.3611 13.6498 0.644772
11.3681 13.3072 0.643802
11.375 12.9346 0.642832
11.3819 12.5382 0.641863
11.3889 12.1249 0.640893
11.3958 11.7027 0.639923
11.4028 11.2807 0.638954
11.4097 10.8689 0.637984
11.4167 10.4783 0.637014
11.4236 10.1206 0.636045
11.4306 9.80812 0.635075
11.4375 9.55265 0.634105
11.4444 9.36504 0.633136
11.4514 9.25399 0.632166
11.4583 9.22512 0.631196
11.4653 9.28023 0.630227
11.4722 9.41707 0.629257
11.4792 9.62964 0.628287
11.4861 9.90901 0.627317
11.4931 10.2443 0.626348
11.5 10.6236 0.625378
11.5069 11.035 0.624408
11.5139 11.4668 0.623439
11.5208 11.9082 0.622469
11.5278 12.3494 0.621499
11.5347 12.7816 0.62053
11.5417 13.197 0.61956
11.5486 13.5887 0.61859
11.5556 13.9506 0.617621
11.5625 14.2779 0.616651
11.5694 14.566 0.615681
11.5764 14.8113 0.614712
11.5833 15.011 0.613742
11.5903 15.1627 0.612772
11.5972 15.2649 0.611803
11.6042 15.3165 0.610833
11.6111 15.317 0.609863
11.6181 15.2668 0.608893
11.625 15.1666 0.607924
11.6319 15.0178 0.606954
11.6389 14.8226 0.605984
11.6458 14.5836 0.605015
11.6528 14.3042 0.604045
11.6597 13.9886 0.603075
11.6667 13.6417 0.602106
11.6736 13.2692 0.601136
11.6806 12.8777 0.600166
11.6875 12.4747 0.599197
11.6944 12.0686 0.598227
11.7014 11.6689 0.597257
11.7083 11.2857 0.596288
11.7153 10.93 0.595318
11.7222 10.6132 0.594348
11.7292 10.3465 0.593379
11.7361 10.1404 0.592409
11.7431 10.0038 0.591439
11.75 9.94304 0.590469
11.7569 9.96141 0.5895
11.7639 10.0586 0.58853
11.7708 10.2308 0.58756
11.7778 10.4712 0.586591
11.7847 10.7707 0.585621
11.7917 11.1187 0.584651
11.7986 11.5042 0.583682
11.8056 11.9159 0.582712
11.8125 12.3431 0.581742
11.8194 12.7759 0.580773
11.8264 13.205 0.579803
11.8333 13.6224 0.578833
11.8403 14.0206 0.577864
11.8472 14.3933 0.576894
11.8542 14.735 0.575924
11.8611 15.0407 0.574955
11.8681 15.3065 0.573985
11.875 15.529 0.573015
11.8819 15.7056 0.572045
11.8889 15.8343 0.571076
11.8958 15.9136 0.570106
11.9028 15.9429 0.569136
11.9097 15.922 0.568167
11.9167 15.8514 0.567197
11.9236 15.7321 0.566227
11.9306 15.566 0.565258
11.9375 15.3553 0.564288
11.9444 15.1031 0.563318
11.9514 14.8132 0.562349
11.9583 14.4899 0.561379
11.9653 14.1386 0.560409
11.9722 13.7653 0.55944
11.9792 13.3767 0.55847
11.9861 12.9806 0.5575
11.9931 12.5855 0.556531
12 12.2008 0.555561
12.0069 11.8366 0.554591
12.0139 11.5033 0.553621
12.0208 11.2115 0.552652
12.0278 10.9714 0.551682
12.0347 10.7921 0.550712
12.0417 10.6809 0.549743
12.0486 10.6427 0.548773
12.0556 10.6794 0.547803
12.0625 10.7897 0.546834
12.0694 10.9694 0.545864
12.0764 11.2116 0.544894
12.0833 11.5076 0.543925
12.0903 11.8474 0.542955
12.0972 12.2206 0.541985
12.1042 12.6167 0.541016
12.1111 13.0256 0.540046
12.1181 13.438 0.539076
12.125 13.8451 0.538107
12.1319 14.2392 0.537137
12.1389 14.6132 0.536167
12.1458 14.9611 0.535197
12.1528 15.2774 0.534228
12.1597 15.5576 0.533258
12.1667 15.7979 0.532288
12.1736 15.9952 0.531319
12.1806 16.1468 0.530349
12.1875 16.2512 0.529379
12.1944 16.307 0.52841
12.2014 16.3138 0.52744
12.2083 16.2718 0.52647
12.2153 16.1815 0.525501
12.2222 16.0445 0.524531
12.2292 15.8627 0.523561
12.2361 15.6389 0.522592
12.2431 15.3764 0.521622
12.25 15.0794 0.520652
12.2569 14.7528 0.519682
12.2639 14.402 0.518713
12.2708 14.0337 0.517743
12.2778 13.6549 0.516773
12.2847 13.2739 0.515804
12.2917 12.8992 0.514834
12.2986 12.5405 0.513864
12.3056 12.2076 0.512895
12.3125 11.9107 0.511925
12.3194 11.6595 0.510955
12.3264 11.4633 0.509986
12.3333 11.3295 0.509016
12.3403 11.2638 0.508046
12.3472 11.2693 0.507077
12.3542 11.3462 0.506107
12.3611 11.4919 0.505137
12.3681 11.7011 0.504168
12.375 11.9665 0.503198
12.3819 12.2792 0.502228
12.3889 12.6297 0.501258
12.3958 13.0079 0.500289
12.4028 13.404 0.499319
12.4097 13.8086 0.498349
12.4167 14.2127 0.49738
12.4236 14.6084 0.49641
12.4306 14.9884 0.49544
12.4375 15.346 0.494471
12.4444 15.6757 0.493501
12.4514 15.9723 0.492531
12.4583 16.2317 0.491562
12.4653 16.4504 0.490592
12.4722 16.6255 0.489622
12.4792 16.7549 0.488653
12.4861 16.837 0.487683
12.4931 16.8709 0.486713
12.5 16.8564 0.485744
12.5069 16.7938 0.484774
12.5139 16.6843 0.483804
12.5208 16.5294 0.482834
12.5278 16.3314 0.481865
12.5347 16.0934 0.480895
12.5417 15.819 0.479925
12.5486 15.5126 0.478956
12.5556 15.1792 0.477986
12.5625 14.8248 0.477016
12.5694 14.4559 0.476047
12.5764 14.0799 0.475077
12.5833 13.705 0.474107
12.5903 13.3399 0.473138
12.5972 12.9938 0.472168
12.6042 12.6764 0.471198
12.6111 12.397 0.470229
12.6181 12.165 0.469259
12.625 11.9882 0.468289
12.6319 11.8734 0.46732
12.6389 11.825 0.46635
12.6458 11.8451 0.46538
12.6528 11.9331 0.46441
12.6597 12.0858 0.463441
12.6667 12.2978 0.462471
12.6736 12.5618 0.461501
12.6806 12.8691 0.460532
12.6875 13.2106 0.459562
12.6944 13.5767 0.458592
12.7014 13.9579 0.457623
12.7083 14.3453 0.456653
12.7153 14.7305 0.455683
12.7222 15.1057 0.454714
12.7292 15.4639 0.453744
12.7361 15.7989 0.452774
12.7431 16.1053 0.451805
12.75 16.3782 0.450835
12.7569 16.6137 0.449865
12.7639 16.8085 0.448896
12.7708 16.9599 0.447926
12.7778 17.0661 0.446956
12.7847 17.1256 0.445986
12.7917 17.138 0.445017
12.7986 17.1031 0.444047
12.8056 17.0216 0.443077
12.8125 16.8948 0.442108
12.8194 16.7247 0.441138
12.8264 16.5139 0.440168
12.8333 16.2658 0.439199
12.8403 15.9842 0.438229
12.8472 15.674 0.437259
12.8542 15.3407 0.43629
12.8611 14.9904 0.43532
12.8681 14.6301 0.43435
12.875 14.2676 0.433381
12.8819 13.911 0.432411
12.8889 13.5692 0.431441
12.8958 13.2515 0.430472
12.9028 12.967 0.429502
12.9097 12.7248 0.430855
12.9167 12.533 0.433223
12.9236 12.3986 0.43559
12.9306 12.3268 0.437957
12.9375 12.3206 0.440324
12.9444 12.3806 0.442692
12.9514 12.5049 0.445059
12.9583 12.6892 0.447426
12.9653 12.9276 0.449794
12.9722 13.2123 0.452161
12.9792 13.5348 0.454528
12.9861 13.8859 0.456895
12.9931 14.2565 0.459263
13 14.6377 0.46163
13.0069 15.021 0.463997
13.0139 15.3983 0.466364
13.0208 15.7625 0.468732
13.0278 16.107 0.471099
13.0347 16.4261 0.473466
13.0417 16.7146 0.475833
13.0486 16.9681 0.478201
13.0556 17.1831 0.480568
13.0625 17.3564 0.482935
13.0694 17.4859 0.485302
13.0764 17.5698 0.48767
13.0833 17.6072 0.490037
13.0903 17.5977 0.492404
13.0972 17.5415 0.494771
13.1042 17.4395 0.497139
13.1111 17.2935 0.499506
13.1181 17.1054 0.501873
13.125 16.8783 0.50424
13.1319 16.6158 0.506608
13.1389 16.322 0.508975
13.1458 16.0019 0.511342
13.1528 15.6612 0.513709
13.1597 15.3064 0.516077
13.1667 14.9444 0.518444
13.1736 14.5831 0.520811
13.1806 14.2307 0.523178
13.1875 13.896 0.525546
13.1944 13.5879 0.527913
13.2014 13.3152 0.53028
13.2083 13.0864 0.532647
13.2153 12.909 0.535015
13.2222 12.7892 0.537382
13.2292 12.7313 0.539749
13.2361 12.7375 0.542116
13.2431 12.8076 0.544484
13.25 12.9393 0.546851
13.2569 13.128 0.549218
13.2639 13.3673 0.551586
13.2708 13.6496 0.553953
13.2778 13.9665 0.55632
13.2847 14.3091 0.558687
13.2917 14.6685 0.561055
13.2986 15.0361 0.563422
13.3056 15.4036 0.565789
13.3125 15.7635 0.568156
13.3194 16.1087 0.570524
13.3264 16.433 0.572891
13.3333 16.7309 0.575258
13.3403 16.9975 0.577625
13.3472 17.2286 0.579993
13.3542 17.4209 0.58236
13.3611 17.5715 0.584727
13.3681 17.6785 0.587094
13.375 17.7405 0.589462
13.3819 17.7565 0.591829
13.3889 17.7267 0.594196
13.3958 17.6514 0.596563
13.4028 17.532 0.598931
13.4097 17.3703 0.601298
13.4167 17.1688 0.603665
13.4236 16.9308 0.606032
13.4306 16.6601 0.6084
13.4375 16.3614 0.610767
13.4444 16.04 0.613134
13.4514 15.702 0.615501
13.4583 15.354 0.617869
13.4653 15.0035 0.620236
13.4722 14.6585 0.622603
13.4792 14.3272 0.62497
13.4861 14.0186 0.627338
13.4931 13.7411 0.629705
13.5 13.5034 0.632072
13.5069 13.3131 0.634439
13.5139 13.1767 0.636807
13.5208 13.0992 0.639174
13.5278 13.0837 0.641541
13.5347 13.131 0.643908
13.5417 13.2396 0.646276
13.5486 13.4061 0.648643
13.5556 13.625 0.65101
13.5625 13.8895 0.653378
13.5694 14.1916 0.655745
13.5764 14.5229 0.658112
13.5833 14.8748 0.660479
13.5903 15.2386 0.662847
13.5972 15.6061 0.665214
13.6042 15.9694 0.667581
13.6111 16.3214 0.669948
13.6181 16.6556 0.672316
13.625 16.966 0.674683
13.6319 17.2477 0.67705
13.6389 17.496 0.679417
13.6458 17.7072 0.681785
13.6528 17.8783 0.684152
13.6597 18.0068 0.686519
13.6667 18.0909 0.688886
13.6736 18.1297 0.691254
13.6806 18.1225 0.693621
13.6875 18.0697 0.695988
13.6944 17.972 0.698355
13.7014 17.8309 0.700723
13.7083 17.6485 0.70309
13.7153 17.4278 0.705457
13.7222 17.1721 0.707824
13.7292 16.8856 0.710192
13.7361 16.5731 0.712559
13.7431 16.2403 0.714926
13.75 15.8934 0.717293
13.7569 15.5391 0.719661
13.7639 15.1852 0.722028
13.7708 14.8395 0.724395
13.7778 14.5105 0.726762
13.7847 14.2067 0.72913
13.7917 13.9366 0.731497
13.7986 13.7084 0.733864
13.8056 13.5291 0.736231
13.8125 13.4047 0.738599
13.8194 13.3395 0.740966
13.8264 13.3358 0.743333
13.8333 13.3938 0.7457
13.8403 13.5113 0.748068
13.8472 13.6845 0.750435
13.8542 13.9074 0.752802
13.8611 14.1731 0.75517
13.8681 14.4735 0.757537
13.875 14.8003 0.759904
13.8819 15.1449 0.762271
13.8889 15.4989 0.764639
13.8958 15.8541 0.767006
13.9028 16.2032 0.769373
13.9097 16.539 0.77174
13.9167 16.8553 0.774108
13.9236 17.1466 0.776475
13.9306 17.4078 0.778842
13.9375 17.6349 0.781209
13.9444 17.8243 0.783577
13.9514 17.9731 0.785944
13.9583 18.0793 0.788311
13.9653 18.1413 0.790678
13.9722 18.1582 0.793046
13.9792 18.13 0.795413
13.9861 18.0572 0.79778
13.9931 17.9408 0.800147
14 17.7827 0.802515
14.0069 17.5853 0.804882
14.0139 17.3519 0.807249
14.0208 17.0863 0.809616
14.0278 16.793 0.811984
14.0347 16.4773 0.814351
14.0417 16.1451 0.816718
14.0486 15.803 0.819085
14.0556 15.4583 0.821453
14.0625 15.1188 0.82382
14.0694 14.7925 0.826187
14.0764 14.4881 0.828554
14.0833 14.2139 0.830922
14.0903 13.9781 0.833289
14.0972 13.7882 0.835656
14.1042 13.6504 0.838023
14.1111 13.5697 0.840391
14.1181 13.549 0.842758
14.125 13.5893 0.845125
14.1319 13.6894 0.847492
14.1389 13.846 0.84986
14.1458 14.0542 0.852227
14.1528 14.3074 0.854594
14.1597 14.598 0.856962
14.1667 14.9181 0.859329
14.1736 15.2591 0.861696
14.1806 15.6126 0.864063
14.1875 15.9704 0.866431
14.1944 16.325 0.868798
14.2014 16.6691 0.871165
14.2083 16.9961 0.873532
14.2153 17.3003 0.8759
14.2222 17.5765 0.878267
14.2292 17.8201 0.880634
14.2361 18.0273 0.883001
14.2431 18.195 0.885369
14.25 18.3206 0.887736
14.2569 18.4025 0.890103
14.2639 18.4395 0.89247
14.2708 18.431 0.894838
14.2778 18.3772 0.897205
14.2847 18.2789 0.899572
14.2917 18.1376 0.901939
14.2986 17.9554 0.904307
14.3056 17.735 0.906674
14.3125 17.4799 0.909041
14.3194 17.1942 0.911408
14.3264 16.8829 0.913776
14.3333 16.5513 0.916143
14.3403 16.2057 0.91851
14.3472 15.8529 0.920877
14.3542 15.5004 0.923245
14.3611 15.156 0.925612
14.3681 14.8281 0.927979
14.375 14.5251 0.930346
14.3819 14.2553 0.932714
14.3889 14.0266 0.935081
14.3958 13.8462 0.937448
14.4028 13.7197 0.939815
14.4097 13.6516 0.942183
14.4167 13.644 0.94455
14.4236 13.6972 0.946917
14.4306 13.8092 0.949284
14.4375 13.9761 0.951652
14.4444 14.1925 0.954019
14.4514 14.4513 0.956386
14.4583 14.7449 0.958754
14.4653 15.0649 0.961121
14.4722 15.4028 0.963488
14.4792 15.7504 0.965855
14.4861 16.0996 0.968223
14.4931 16.443 0.97059
14.5 16.7734 0.972957
14.5069 17.0847 0.975324
14.5139 17.3713 0.977692
14.5208 17.6281 0.980059
14.5278 17.851 0.982426
14.5347 18.0365 0.984793
14.5417 18.1816 0.987161
14.5486 18.2842 0.989528
14.5556 18.3428 0.991895
14.5625 18.3566 0.994262
14.5694 18.3253 0.99663
14.5764 18.2495 0.998997
14.5833 18.1304 1.00136
14.5903 17.9697 1.00373
14.5972 17.7699 1.0061
14.6042 17.5343 1.00847
14.6111 17.2667 1.01083
14.6181 16.9717 1.0132
14.625 16.6546 1.01557
14.6319 16.3214 1.01793
14.6389 15.9786 1.0203
14.6458 15.6335 1.02267
14.6528 15.294 1.02504
14.6597 14.9681 1.0274
14.6667 14.6644 1.02977
14.6736 14.3913 1.03214
14.6806 14.1567 1.03451
14.6875 13.9682 1.03687
