time error errTLE
0 0 0
0.0347222 0.0297726 0.0117686
0.0694444 0.0432591 0.0235372
0.104167 0.104294 0.0353059
0.138889 0.257557 0.0470745
0.173611 0.513496 0.0588431
0.208333 0.853742 0.0706117
0.243056 1.21599 0.0823803
0.277778 1.51038 0.094149
0.3125 1.65629 0.105918
0.347222 1.61729 0.117686
0.381944 1.41529 0.129455
0.416667 1.11785 0.141223
0.451389 0.808792 0.152992
0.486111 0.563628 0.164761
0.520833 0.444933 0.176529
0.555556 0.466726 0.188298
0.590278 0.552852 0.200067
0.625 0.632427 0.211835
0.659722 0.691556 0.223604
0.694444 0.771092 0.235372
0.729167 0.942494 0.247141
0.763889 1.24458 0.25891
0.798611 1.64446 0.270678
0.833333 2.05628 0.282447
0.868056 2.37465 0.294215
0.902778 2.512 0.305984
0.9375 2.43213 0.317753
0.972222 2.16344 0.329521
1.00694 1.78565 0.34129
1.04167 1.40083 0.353059
1.07639 1.10821 0.364827
1.11111 0.982718 0.376596
1.14583 1.02624 0.388364
1.18056 1.159 0.400133
1.21528 1.30347 0.411902
1.25 1.43486 0.42367
1.28472 1.58318 0.435439
1.31944 1.80884 0.447208
1.35417 2.15118 0.458976
1.38889 2.58397 0.470745
1.42361 3.01803 0.482513
1.45833 3.33864 0.494282
1.49306 3.45151 0.506051
1.52778 3.31982 0.517819
1.5625 2.97779 0.529588
1.59722 2.51673 0.541356
1.63194 2.05538 0.553125
1.66667 1.71117 0.564894
1.70139 1.56886 0.576662
1.73611 1.62946 0.588431
1.77083 1.80992 0.6002
1.80556 2.02356 0.611968
1.84028 2.23411 0.623737
1.875 2.46038 0.635505
1.90972 2.75196 0.647274
1.94444 3.14213 0.659043
1.97917 3.60483 0.670811
2.01389 4.05059 0.68258
2.04861 4.36145 0.694349
2.08333 4.44034 0.706117
2.11806 4.25129 0.717886
2.15278 3.83421 0.729654
2.1875 3.29105 0.741423
2.22222 2.75524 0.753192
2.25694 2.35962 0.76496
2.29167 2.19783 0.776729
2.32639 2.27254 0.788497
2.36111 2.4984 0.800266
2.39583 2.78051 0.812035
2.43056 3.07121 0.823803
2.46528 3.37738 0.835572
2.5 3.73691 0.847341
2.53472 4.17488 0.859109
2.56944 4.66295 0.870878
2.60417 5.11232 0.882646
2.63889 5.40542 0.894415
2.67361 5.44559 0.906184
2.70833 5.19915 0.917952
2.74306 4.71135 0.929721
2.77778 4.09321 0.94149
2.8125 3.49046 0.953258
2.84722 3.04829 0.965027
2.88194 2.86754 0.976795
2.91667 2.95327 0.988564
2.95139 3.21955 0.974586
2.98611 3.56512 0.937861
3.02083 3.93165 0.901137
3.05556 4.31369 0.864412
3.09028 4.7368 0.827688
3.125 5.21708 0.790963
3.15972 5.72332 0.754239
3.19444 6.16851 0.717514
3.22917 6.43821 0.68079
3.26389 6.43885 0.644065
3.29861 6.13996 0.607341
3.33333 5.59135 0.570616
3.36806 4.91093 0.533892
3.40278 4.25371 0.497168
3.4375 3.77376 0.460443
3.47222 3.57687 0.423719
3.50694 3.67069 0.386994
3.54167 3.9706 0.374469
3.57639 4.37122 0.375722
3.61111 4.80481 0.376976
3.64583 5.25366 0.378229
3.68056 5.73098 0.379483
3.71528 6.24395 0.380736
3.75 6.75891 0.38199
3.78472 7.19206 0.383243
3.81944 7.43454 0.384497
3.85417 7.39784 0.38575
3.88889 7.0553 0.387003
3.92361 6.46008 0.388257
3.95833 5.73441 0.38951
3.99306 5.03895 0.390764
4.02778 4.53296 0.392017
4.0625 4.32472 0.393271
4.09722 4.42432 0.394524
4.13194 4.75019 0.395778
4.16667 5.19521 0.397031
4.20139 5.68372 0.398285
4.23611 6.18658 0.399538
4.27083 6.70513 0.400792
4.30556 7.23831 0.402045
4.34028 7.75094 0.403298
4.375 8.16412 0.404552
4.40972 8.37661 0.405805
4.44444 8.3066 0.407059
4.47917 7.93154 0.408312
4.51389 7.30649 0.409566
4.54861 6.55509 0.410819
4.58333 5.83993 0.412073
4.61806 5.32157 0.413326
4.65278 5.10832 0.41458
4.6875 5.21246 0.415833
4.72222 5.55679 0.417087
4.75694 6.03462 0.41834
4.79167 6.56422 0.419593
4.82639 7.10613 0.420847
4.86111 7.65083 0.4221
4.89583 8.19012 0.423354
4.93056 8.68858 0.424607
4.96528 9.07374 0.425861
5 9.25381 0.427114
5.03472 9.15507 0.428368
5.06944 8.75916 0.429621
5.10417 8.12161 0.430875
5.13889 7.36462 0.432128
5.17361 6.64891 0.433382
5.20833 6.13264 0.434635
5.24306 5.92195 0.435888
5.27778 6.03079 0.437142
5.3125 6.38721 0.440701
5.34722 6.88674 0.444367
5.38194 7.44342 0.448033
5.41667 8.00896 0.451699
5.45139 8.56427 0.455364
5.48611 9.09525 0.45903
5.52083 9.56755 0.462696
5.55556 9.91654 0.466362
5.59028 10.0614 0.470027
5.625 9.93771 0.473693
5.65972 9.5314 0.477359
5.69444 8.89727 0.481024
5.72917 8.1535 0.48469
5.76389 7.45548 0.488356
5.79861 6.95567 0.492022
5.83333 6.75601 0.495687
5.86806 6.87142 0.499353
5.90278 7.23555 0.503019
5.9375 7.74747 0.506685
5.97222 8.31868 0.51035
6.00694 8.89363 0.514016
6.04167 9.44504 0.517682
6.07639 9.95417 0.521348
6.11111 10.3888 0.525013
6.14583 10.6934 0.528679
6.18056 10.7992 0.532345
6.21528 10.6523 0.536011
6.25 10.2432 0.539676
6.28472 9.62528 0.543342
6.31944 8.91061 0.547008
6.35417 8.24634 0.550674
6.38889 7.77641 0.554339
6.42361 7.59677 0.558005
6.45833 7.72249 0.561671
6.49306 8.09262 0.565337
6.52778 8.6105 0.569002
6.5625 9.1865 0.572668
6.59722 9.75925 0.576334
6.63194 10.2946 0.58
6.66667 10.7702 0.583665
6.70139 11.1568 0.587331
6.73611 11.4086 0.590997
6.77083 11.4701 0.594663
6.80556 11.2987 0.598328
6.84028 10.8906 0.601994
6.875 10.2973 0.60566
6.90972 9.62357 0.609326
6.94444 9.00605 0.612991
6.97917 8.57794 0.616657
7.01389 8.4276 0.620323
7.04861 8.56923 0.614152
7.08333 8.94662 0.582032
7.11806 9.46762 0.549912
7.15278 10.0424 0.517792
7.1875 10.605 0.485672
7.22222 11.1154 0.453552
7.25694 11.5484 0.421432
7.29167 11.878 0.389311
7.32639 12.0686 0.357191
7.36111 12.0788 0.325071
7.39583 11.8784 0.292951
7.43056 11.4705 0.260831
7.46528 10.9054 0.228711
7.5 10.2798 0.196591
7.53472 9.71852 0.164471
7.56944 9.34235 0.132351
7.60417 9.23062 0.10023
7.63889 9.39546 0.083879
7.67361 9.78438 0.0931136
7.70833 10.3095 0.102348
7.74306 10.8812 0.111583
7.77778 11.4299 0.120818
7.8125 11.9103 0.130052
7.84722 12.2945 0.139287
7.88194 12.56 0.148521
7.91667 12.6814 0.157756
7.95139 12.6316 0.166991
7.98611 12.3946 0.176225
8.02083 11.9816 0.18546
8.05556 11.4432 0.194695
8.09028 10.8684 0.203929
8.125 10.3695 0.213164
8.15972 10.0535 0.222399
8.19444 9.98939 0.231633
8.22917 10.186 0.24012
8.26389 10.5933 0.247823
8.29861 11.127 0.255525
8.33333 11.698 0.263227
8.36806 12.2332 0.270929
8.40278 12.6823 0.278632
8.4375 13.0148 0.286334
8.47222 13.211 0.294036
8.50694 13.2555 0.301738
8.54167 13.1361 0.309441
8.57639 12.8521 0.317143
8.61111 12.4251 0.324845
8.64583 11.9078 0.332547
8.68056 11.3826 0.340249
8.71528 10.949 0.347952
8.75 10.6993 0.355654
8.78472 10.6914 0.363356
8.81944 10.9291 0.371058
8.85417 11.3636 0.378761
8.88889 11.9133 0.386463
8.92361 12.4893 0.394165
8.95833 13.0148 0.401867
8.99306 13.4348 0.40957
9.02778 13.7155 0.417272
9.0625 13.8396 0.424974
9.09722 13.8005 0.432676
9.13194 13.6016 0.440379
9.16667 13.2586 0.448081
9.20139 12.8061 0.455783
9.23611 12.3011 0.463485
9.27083 11.8212 0.471188
9.30556 11.4532 0.47889
9.34028 11.2744 0.486592
9.375 11.3302 0.494294
9.40972 11.6182 0.501996
9.44444 12.0897 0.509699
9.47917 12.6646 0.517401
9.51389 13.2535 0.525103
9.54861 13.7762 0.532805
9.58333 14.172 0.540508
9.61806 14.4034 0.54821
9.65278 14.4542 0.555912
9.6875 14.3266 0.563614
9.72222 14.0388 0.571317
9.75694 13.6248 0.579019
9.79167 13.1342 0.586721
9.82639 12.6312 0.594423
9.86111 12.1902 0.602126
9.89583 11.8864 0.609828
9.93056 11.7812 0.61753
9.96528 11.9068 0.625232
10 12.2537 0.632934
10.0347 12.7715 0.640637
10.0694 13.3811 0.648339
10.1042 13.9921 0.656041
10.1389 14.52 0.663743
10.1736 14.8984 0.671446
10.2083 15.0849 0.679148
10.2431 15.0636 0.68685
10.2778 14.8443 0.694552
10.3125 14.4603 0.702255
10.3472 13.9645 0.709957
10.3819 13.4239 0.717659
10.4167 12.9124 0.725361
10.4514 12.5033 0.733064
10.4861 12.2605 0.740766
10.5208 12.2301 0.748468
10.5556 12.4297 0.75617
10.5903 12.842 0.752407
10.625 13.4142 0.747558
10.6597 14.067 0.74271
10.6944 14.7085 0.737862
10.7292 15.2499 0.733013
10.7639 15.6182 0.728165
10.7986 15.7656 0.723316
10.8333 15.6756 0.718468
10.8681 15.3644 0.713619
10.9028 14.8798 0.708771
10.9375 14.2942 0.703923
10.9722 13.6937 0.699074
11.0069 13.1644 0.694226
11.0417 12.78 0.689377
11.0764 12.5947 0.684529
11.1111 12.6382 0.67968
11.1458 12.914 0.674832
11.1806 13.3955 0.669984
11.2153 14.0271 0.665135
11.25 14.7288 0.660287
11.2847 15.4073 0.655438
11.3194 15.969 0.65059
11.3542 16.3343 0.645741
11.3889 16.4495 0.640893
11.4236 16.296 0.636045
11.4583 15.8959 0.631196
11.4931 15.3102 0.626348
11.5278 14.631 0.621499
11.5625 13.9644 0.616651
11.5972 13.4102 0.611803
11.6319 13.0447 0.606954
11.6667 12.9124 0.602106
11.7014 13.0277 0.597257
11.7361 13.3786 0.592409
11.7708 13.9295 0.58756
11.8056 14.6214 0.582712
11.8403 15.3739 0.577864
11.875 16.0921 0.573015
11.9097 16.6784 0.568167
11.9444 17.0466 0.563318
11.9792 17.1366 0.55847
12.0139 16.9274 0.553621
12.0486 16.4449 0.548773
12.0833 15.7626 0.543925
12.1181 14.991 0.539076
12.1528 14.2565 0.534228
12.1875 13.6736 0.529379
12.2222 13.3223 0.524531
12.2569 13.2389 0.519682
12.2917 13.4218 0.514834
12.3264 13.8439 0.509986
12.3611 14.4599 0.505137
12.3958 15.2079 0.500289
12.4306 16.0075 0.49544
12.4653 16.7635 0.490592
12.5 17.3751 0.485744
12.5347 17.7502 0.480895
12.5694 17.8223 0.476047
12.6042 17.5669 0.471198
12.6389 17.0125 0.46635
12.6736 16.243 0.461501
12.7083 15.3858 0.456653
12.7431 14.5866 0.451805
12.7778 13.9751 0.446956
12.8125 13.6358 0.442108
12.8472 13.597 0.437259
12.8819 13.8418 0.432411
12.9167 14.3276 0.433223
12.9514 14.9998 0.445059
12.9861 15.7939 0.456895
13.0208 16.6311 0.468732
13.0556 17.4175 0.480568
13.0903 18.0509 0.492404
13.125 18.4344 0.50424
13.1597 18.4955 0.516077
13.1944 18.2053 0.527913
13.2292 17.5932 0.539749
13.2639 16.7509 0.551586
13.2986 15.8206 0.563422
13.3333 14.9652 0.575258
13.3681 14.3291 0.587094
13.4028 14.0016 0.598931
13.4375 14.0038 0.610767
13.4722 14.3033 0.622603
13.5069 14.8422 0.634439
13.5417 15.557 0.646276
13.5764 16.3816 0.658112
13.6111 17.241 0.669948
13.6458 18.045 0.681785
13.6806 18.6923 0.693621
13.7153 19.083 0.705457
13.75 19.1392 0.717293
13.7847 18.827 0.72913
13.8194 18.1745 0.740966
13.8542 17.2784 0.752802
13.8889 16.2924 0.764639
13.9236 15.3943 0.776475
13.9583 14.7415 0.788311
13.9931 14.4278 0.800147
14.0278 14.4676 0.811984
14.0625 14.8134 0.82382
14.0972 15.3923 0.835656
14.1319 16.1324 0.847492
14.1667 16.9677 0.859329
14.2014 17.8291 0.871165
14.2361 18.6332 0.883001
14.2708 19.2826 0.894838
14.3056 19.6766 0.906674
14.3403 19.7328 0.91851
14.375 19.4115 0.930346
14.4097 18.7378 0.942183
14.4444 17.8103 0.954019
14.4792 16.79 0.965855
14.5139 15.8666 0.977692
14.5486 15.2079 0.989528
14.5833 14.9118 1.00136
14.6181 14.9861 1.0132
14.6528 15.3693 1.02504
14.6875 15.9738 1.03687
14.7222 16.7202 1.04871
14.7569 17.5443 1.06055
14.7917 18.385 1.07238
14.8264 19.1691 1.08422
14.8611 19.8058 1.09605
14.8958 20.1965 1.10789
14.9306 20.2555 1.11973
14.9653 19.9374 1.13156
15 19.2623 1.1434
15.0347 18.327 1.15524
15.0694 17.2962 1.16707
15.1042 16.3669 1.17891
15.1389 15.7147 1.19074
15.1736 15.4406 1.20258
15.2083 15.5464 1.21442
15.2431 15.9579 1.22625
15.2778 16.5742 1.23809
15.3125 17.3094 1.24993
15.3472 18.1019 1.26176
15.3819 18.9003 1.2736
15.4167 19.644 1.28543
15.4514 20.2522 1.29727
15.4861 20.6308 1.30911
15.5208 20.693 1.32094
15.5556 20.388 1.33278
15.5903 19.7292 1.34462
15.625 18.8089 1.35645
15.6597 17.7908 1.36829
15.6944 16.8747 1.38013
15.7292 16.241 1.39196
15.7639 15.9924 1.4038
15.7986 16.1264 1.41563
15.8333 16.5582 1.42747
15.8681 17.1758 1.43292
15.9028 17.8872 1.43742
15.9375 18.6333 1.44192
15.9722 19.373 1.44642
16.0069 20.0593 1.45093
16.0417 20.6241 1.45543
16.0764 20.9806 1.45993
16.1111 21.0433 1.46443
16.1458 20.7572 1.46893
16.1806 20.1283 1.47344
16.2153 19.2416 1.47794
16.25 18.2555 1.48244
16.2847 17.3685 1.48694
16.3194 16.762 1.49144
16.3542 16.5401 1.49594
16.3889 16.698 1.50045
16.4236 17.1443 1.50495
16.4583 17.7581 1.50945
16.4931 18.4417 1.51395
16.5278 19.1368 1.51845
16.5625 19.8109 1.52295
16.5972 20.4301 1.52746
16.6319 20.9402 1.53196
16.6667 21.2645 1.53646
16.7014 21.3217 1.54096
16.7361 21.0547 1.54546
16.7708 20.4624 1.54997
16.8056 19.6206 1.55447
16.8403 18.6791 1.55897
16.875 17.8304 1.56347
16.9097 17.2541 1.56797
16.9444 17.0558 1.57247
16.9792 17.2324 1.57698
17.0139 17.6901 1.58148
17.0486 18.3025 1.58598
17.0833 18.9653 1.59048
17.1181 19.6181 1.59498
17.1528 20.2325 1.59949
17.1875 20.7852 1.60399
17.2222 21.2354 1.60849
17.2569 21.519 1.61299
17.2917 21.5618 1.61749
17.3264 21.3077 1.62199
17.3611 20.7501 1.6265
17.3958 19.9549 1.631
17.4306 19.0604 1.6355
17.4653 18.2499 1.64
17.5 17.6991 1.6445
17.5347 17.5164 1.64901
17.5694 17.7047 1.65351
17.6042 18.1739 1.66378
17.6389 18.7949 1.69868
17.6736 19.4556 1.73359
17.7083 20.0887 1.7685
17.7431 20.6636 1.80341
17.7778 21.1624 1.83832
17.8125 21.5558 1.87323
17.8472 21.793 1.90814
17.8819 21.8108 1.94305
17.9167 21.5573 1.97796
17.9514 21.0234 2.01287
17.9861 20.2655 2.04778
18.0208 19.4094 2.08269
18.0556 18.6269 2.1176
18.0903 18.0888 2.15251
18.125 17.9081 2.18742
18.1597 18.0993 2.22233
18.1944 18.5821 2.25724
18.2292 19.2275 2.29215
18.2639 19.9144 2.32705
18.2986 20.562 2.36196
18.3333 21.1301 2.39687
18.3681 21.5991 2.43178
18.4028 21.9474 2.46669
18.4375 22.1373 2.5016
18.4722 22.1191 2.53651
18.5069 21.8498 2.57142
18.5417 21.3209 2.60633
18.5764 20.5818 2.64124
18.6111 19.7456 2.67615
18.6458 18.9718 2.71106
18.6806 18.4264 2.74597
18.7153 18.2297 2.78088
18.75 18.4128 2.81579
18.7847 18.911 2.85947
18.8194 19.5991 2.9162
18.8542 20.3447 2.97292
18.8889 21.0477 3.02964
18.9236 21.6494 3.08637
18.9583 22.1211 3.14309
18.9931 22.4433 3.19982
19.0278 22.5902 3.25654
19.0625 22.5274 3.31326
19.0972 22.2244 3.36999
19.1319 21.678 3.42671
19.1667 20.9332 3.48344
19.2014 20.0921 3.54016
19.2361 19.3025 3.59688
19.2708 18.726 3.65361
19.3056 18.4922 3.71033
19.3403 18.6538 3.76705
19.375 19.1669 3.82378
19.4097 19.9127 3.8805
19.4444 20.747 3.93723
19.4792 21.5446 3.99395
19.5139 22.2215 4.05067
19.5486 22.7316 4.1074
19.5833 23.0518 4.16412
19.6181 23.1652 4.22085
19.6528 23.0533 4.27757
19.6875 22.7015 4.33429
19.7222 22.1158 4.39102
19.7569 21.3406 4.44774
19.7917 20.4694 4.50447
19.8264 19.6394 4.56119
19.8611 19.0083 4.61791
19.8958 18.7166 4.67464
19.9306 18.841 4.73136
19.9653 19.3628 4.78809
20 20.1733 4.84481
20.0347 21.1161 4.90153
20.0694 22.0388 4.95826
20.1042 22.8256 5.01498
20.1389 23.4072 5.0717
20.1736 23.7508 5.12843
20.2083 23.8445 5.18515
20.2431 23.6849 5.24188
20.2778 23.2752 5.2986
20.3125 22.6338 5.35532
20.3472 21.8088 5.41205
20.3819 20.8877 5.46877
20.4167 19.9983 5.5255
20.4514 19.2945 5.58222
20.4861 18.9268 5.63894
20.5208 18.9971 5.69567
20.5556 19.5147 3.53769
20.5903 20.3845 3.53608
20.625 21.4409 3.53447
20.6597 22.5034 3.53285
20.6944 23.4227 3.53124
20.7292 24.101 3.52963
20.7639 24.4911 3.52801
20.7986 24.5816 3.5264
20.8333 24.3821 3.52479
20.8681 23.9134 3.52317
20.9028 23.2094 3.52156
20.9375 22.3245 3.51995
20.9722 21.3434 3.51833
21.0069 20.3852 3.51672
21.0417 19.5993 3.51511
21.0764 19.1437 3.5135
21.1111 19.1434 3.51188
21.1458 19.6374 3.51027
21.1806 20.5486 3.50866
21.2153 21.7065 3.50704
21.25 22.9061 3.50543
21.2847 23.9646 3.50382
21.3194 24.7541 3.5022
21.3542 25.2086 3.50059
21.3889 25.313 3.49898
21.4236 25.0861 3.49736
21.4583 24.5659 3.49575
21.4931 23.8022 3.49414
21.5278 22.8585 3.49252
21.5625 21.8184 3.49091
21.5972 20.7935 3.4893
21.6319 19.9262 3.48768
21.6667 19.3783 3.48607
21.7014 19.2943 3.48446
21.7361 19.7418 3.48284
21.7708 20.6665 3.48123
21.8056 21.8998 3.47962
21.8403 23.2178 3.478
21.875 24.4074 3.47639
21.9097 25.3109 3.47478
21.9444 25.8407 3.47316
21.9792 25.9741 3.47155
22.0139 25.7355 3.46994
22.0486 25.1772 3.46832
22.0833 24.3651 3.46671
22.1181 23.3729 3.4651
22.1528 22.2848 3.46348
22.1875 21.205 3.46187
22.2222 20.2666 3.46026
22.2569 19.6303 3.45864
22.2917 19.4546 3.45703
22.3264 19.8344 3.45542
22.3611 20.7411 3.4538
22.3958 22.0155 3.45219
22.4306 23.4223 3.45058
22.4653 24.7238 3.44896
22.5 25.7338 3.44735
22.5347 26.3427 3.44574
22.5694 26.5163 3.44412
22.6042 26.2808 3.44251
22.6389 25.7004 3.4409
22.6736 24.8558 3.43928
22.7083 23.8311 3.43767
22.7431 22.7122 3.43606
22.7778 21.5952 3.43444
22.8125 20.6024 3.43283
22.8472 19.8888 3.43122
22.8819 19.6213 3.4296
22.9167 19.9185 3.42799
22.9514 20.7795 3.42638
22.9861 22.0608 3.42476
23.0208 23.5237 3.42315
23.0556 24.9116 3.42154
23.0903 26.0138 3.41992
23.125 26.6982 3.41831
23.1597 26.9175 3.4167
23.1944 26.6968 3.41508
23.2292 26.1087 3.41347
23.2639 25.2473 3.41186
23.2986 24.2071 3.41024
23.3333 23.0753 3.40863
23.3681 21.9406 3.40702
23.4028 20.9128 3.4054
23.4375 20.1383 3.40379
23.4722 19.7874 3.40218
23.5069 19.9978 3.40056
23.5417 20.7959 3.39895
23.5764 22.0578 3.39734
23.6111 23.5474 3.39572
23.6458 24.9958 3.39411
23.6806 26.1717 3.3925
23.7153 26.9225 3.39089
23.75 27.1869 3.38927
23.7847 26.9865 3.38766
23.8194 26.4004 3.38605
23.8542 25.5341 3.38443
23.8889 24.4916 3.38282
23.9236 23.3615 3.38121
23.9583 22.2256 3.37959
23.9931 21.1813 3.37798
24.0278 20.3651 3.37637
24.0625 19.9474 3.37475
24.0972 20.0801 3.37314
24.1319 20.8128 3.37153
24.1667 22.0416 3.36991
24.2014 23.5374 3.3683
24.2361 25.0239 3.36669
24.2708 26.2542 3.36507
24.3056 27.0577 3.36346
24.3403 27.3604 3.36185
24.375 27.1791 3.36023
24.4097 26.5979 3.35862
24.4444 25.7321 3.35701
24.4792 24.6938 3.35539
24.5139 23.5738 3.35378
24.5486 22.4473 3.35217
24.5833 21.4016 3.35055
24.6181 20.564 3.34894
24.6528 20.103 3.34733
24.6875 20.1794 3.34571
24.7222 20.8596 3.3441
24.7569 22.0566 3.34249
24.7917 23.5486 3.34087
24.8264 25.0567 3.33926
24.8611 26.3229 3.33765
24.8958 27.1632 3.33603
24.9306 27.4921 3.33442
24.9653 27.3227 3.33281
25 26.7425 3.33119
25.0347 25.875 3.32958
25.0694 24.8401 3.32797
25.1042 23.7304 3.32635
25.1389 22.6174 3.32474
25.1736 21.5807 3.32313
25.2083 20.7412 3.32151
25.2431 20.265 3.3199
25.2778 20.3164 3.31829
25.3125 20.9703 3.31667
25.3472 22.1492 3.31506
25.3819 23.6376 3.31345
25.4167 25.1567 3.31183
25.4514 26.4427 3.31022
25.4861 27.3025 3.30861
25.5208 27.6428 3.30699
25.5556 27.4733 3.30538
25.5903 26.8845 3.30377
25.625 26.0072 3.30215
25.6597 24.9675 3.30054
25.6944 23.8614 3.29893
25.7292 22.7591 3.29731
25.7639 21.7375 3.2957
25.7986 20.9143 3.29409
25.8333 20.4535 3.29247
25.8681 20.5171 3.29086
25.9028 21.1789 3.28925
25.9375 22.3621 3.28763
25.9722 23.8541 3.28602
26.0069 25.3785 3.28441
26.0417 26.6707 3.28279
26.0764 27.5336 3.28118
26.1111 27.8691 3.27957
26.1458 27.6851 3.27795
26.1806 27.0749 3.27634
26.2153 26.1747 3.27473
26.25 25.1171 3.27312
26.2847 24.0022 3.2715
26.3194 22.9033 3.26989
26.3542 21.8992 3.26828
26.3889 21.1089 3.26666
26.4236 20.6939 3.26505
26.4583 20.8084 3.26344
26.4931 21.5145 3.26182
26.5278 22.7273 3.26021
26.5625 24.2335 3.2586
26.5972 25.7609 3.25698
26.6319 27.0485 3.25537
26.6667 27.8997 3.25376
26.7014 28.2151 3.25214
26.7361 28.002 3.25053
26.7708 27.3561 3.24892
26.8056 26.4181 3.2473
26.8403 25.3265 3.24569
26.875 24.1878 3.24408
26.9097 23.0824 3.24246
26.9444 22.0964 3.24085
26.9792 21.3535 3.23924
27.0139 21.0127 3.23762
27.0486 21.2136 3.23601
27.0833 21.9973 3.2344
27.1181 23.263 3.23278
27.1528 24.794 3.23117
27.1875 26.3236 3.22956
27.2222 27.5981 3.22794
27.2569 28.4254 3.22633
27.2917 28.7075 3.22472
27.3264 28.4523 3.2231
27.3611 27.7572 3.22149
27.3958 26.7667 3.21988
27.4306 25.625 3.21826
27.4653 24.4474 3.21665
27.5 23.3255 3.21504
27.5347 22.3574 3.21342
27.5694 21.6749 3.21181
27.6042 21.432 3.21714
27.6389 21.7481 3.22247
27.6736 22.6355 3.2278
27.7083 23.972 3.23313
27.7431 25.5358 3.23847
27.7778 27.067 3.2438
27.8125 28.322 3.24913
27.8472 29.116 3.25446
27.8819 29.3545 3.2598
27.9167 29.0469 3.26513
27.9514 28.2915 3.27046
27.9861 27.2359 3.27579
28.0208 26.0305 3.28113
28.0556 24.8013 3.28646
28.0903 23.6549 3.29179
28.125 22.7054 3.29712
28.1597 22.0935 3.30246
28.1944 21.9664 3.30779
28.2292 22.4175 3.31312
28.2639 23.425 3.31845
28.2986 24.8429 3.32379
28.3333 26.4437 3.32912
28.3681 27.9752 3.33445
28.4028 29.2056 3.33978
28.4375 29.9594 3.34512
28.4722 30.1473 3.35045
28.5069 29.7803 3.35578
28.5417 28.9573 3.36111
28.5764 27.8282 3.36645
28.6111 26.5497 3.37178
28.6458 25.2605 3.37711
28.6806 24.085 3.38244
28.7153 23.1555 3.38778
28.75 22.6218 3.39311
28.7847 22.6214 3.39844
28.8194 23.2172 3.40377
28.8542 24.3513 3.40911
28.8889 25.8535 3.41444
28.9236 27.4912 3.41977
28.9583 29.0203 3.4251
28.9931 30.2218 3.43043
29.0278 30.9309 3.43577
29.0625 31.0642 3.4411
29.0972 30.6346 3.44643
29.1319 29.7412 3.45176
29.1667 28.5352 3.4571
29.2014 27.18 3.46243
29.2361 25.8278 3.46776
29.2708 24.6223 3.47309
29.3056 23.7151 3.47843
29.3403 23.2641 3.48376
29.375 23.3936 3.48909
29.4097 24.1345 3.49442
29.4444 25.3926 3.49976
29.4792 26.9752 3.50509
29.5139 28.6455 3.51042
29.5486 30.1679 3.51575
29.5833 31.3364 3.52109
29.6181 31.9978 3.52642
29.6528 32.0753 3.53175
29.6875 31.584 3.53708
29.7222 30.6221 3.54242
29.7569 29.3416 3.54775
29.7917 27.912 3.55308
29.8264 26.4993 3.55841
29.8611 25.2669 3.56375
29.8958 24.385 3.56908
29.9306 24.0175 3.57441
29.9653 24.2736 3.57974
30 25.1516 3.58508
30.0347 26.5237 3.59041
30.0694 28.1771 3.59574
30.1042 29.8721 3.60107
30.1389 31.3816 3.60641
30.1736 32.5129 3.61174
30.2083 33.1246 3.61707
30.2431 33.1477 3.6224
30.2778 32.5989 3.62773
30.3125 31.5752 3.63307
30.3472 30.2282 3.6384
30.3819 28.7324 3.64373
30.4167 27.2668 3.64906
30.4514 26.0138 3.6544
30.4861 25.1603 3.65973
30.5208 24.8739 3.62167
30.5556 25.2477 3.54522
30.5903 26.2487 3.46877
30.625 27.7192 3.39232
30.6597 29.4296 3.31588
