time error errTLE
0 0 0
0.0347222 0.154626 0.0117686
0.0694444 0.571642 0.0235372
0.104167 1.19734 0.0353059
0.138889 1.99505 0.0470745
0.173611 2.98267 0.0588431
0.208333 4.19902 0.0706117
0.243056 5.63208 0.0823803
0.277778 7.18581 0.094149
0.3125 8.71125 0.105918
0.347222 10.0691 0.117686
0.381944 11.1877 0.129455
0.416667 12.0898 0.141223
0.451389 12.8675 0.152992
0.486111 13.6015 0.164761
0.520833 14.2737 0.176529
0.555556 14.7536 0.188298
0.590278 14.8826 0.200067
0.625 14.6059 0.211835
0.659722 14.0861 0.223604
0.694444 13.7399 0.235372
0.729167 14.0942 0.247141
0.763889 15.4152 0.25891
0.798611 17.4768 0.270678
0.833333 19.7671 0.282447
0.868056 21.8044 0.294215
0.902778 23.2991 0.305984
0.9375 24.2094 0.317753
0.972222 24.7367 0.329521
1.00694 25.2384 0.34129
1.04167 26.0359 0.353059
1.07639 27.1924 0.364827
1.11111 28.4418 0.376596
1.14583 29.3411 0.388364
1.18056 29.522 0.400133
1.21528 28.9022 0.411902
1.25 27.8068 0.42367
1.28472 26.9505 0.435439
1.31944 27.1515 0.447208
1.35417 28.7744 0.458976
1.38889 31.4199 0.470745
1.42361 34.2533 0.482513
1.45833 36.5152 0.494282
1.49306 37.8088 0.506051
1.52778 38.1886 0.517819
1.5625 38.1198 0.529588
1.59722 38.2799 0.541356
1.63194 39.1814 0.553125
1.66667 40.8122 0.564894
1.70139 42.6197 0.576662
1.73611 43.8557 0.588431
1.77083 43.9808 0.6002
1.80556 42.9364 0.611968
1.84028 41.2583 0.623737
1.875 39.9821 0.635505
1.90972 40.1827 0.647274
1.94444 42.2323 0.659043
1.97917 45.4879 0.670811
2.01389 48.7944 0.68258
2.04861 51.1654 0.694349
2.08333 52.1546 0.706117
2.11806 51.9591 0.717886
2.15278 51.3322 0.729654
2.1875 51.257 0.741423
2.22222 52.3794 0.753192
2.25694 54.5432 0.76496
2.29167 56.8816 0.776729
2.32639 58.3629 0.788497
2.36111 58.3244 0.800266
2.39583 56.7845 0.812035
2.43056 54.5323 0.823803
2.46528 52.933 0.835572
2.5 53.2718 0.847341
2.53472 55.8469 0.859109
2.56944 59.7203 0.870878
2.60417 63.4256 0.882646
2.63889 65.795 0.894415
2.67361 66.3873 0.906184
2.70833 65.5878 0.917952
2.74306 64.4596 0.929721
2.77778 64.2686 0.94149
2.8125 65.7267 0.953258
2.84722 68.4682 0.965027
2.88194 71.2953 0.976795
2.91667 72.923 0.988564
2.95139 72.6169 0.974586
2.98611 70.5238 0.937861
3.02083 67.7234 0.901137
3.05556 65.9084 0.864412
3.09028 66.5174 0.827688
3.125 69.6967 0.790963
3.15972 74.1766 0.754239
3.19444 78.1972 0.717514
3.22917 80.4562 0.68079
3.26389 80.5694 0.644065
3.29861 79.1533 0.607341
3.33333 77.596 0.570616
3.36806 77.4137 0.533892
3.40278 79.3121 0.497168
3.4375 82.6577 0.460443
3.47222 85.9172 0.423719
3.50694 87.5888 0.386994
3.54167 86.9176 0.374469
3.57639 84.2286 0.375722
3.61111 80.9221 0.376976
3.64583 79.0063 0.378229
3.68056 80.008 0.379483
3.71528 83.8502 0.380736
3.75 88.9083 0.38199
3.78472 93.1539 0.383243
3.81944 95.1973 0.384497
3.85417 94.7611 0.38575
3.88889 92.7319 0.387003
3.92361 90.8298 0.388257
3.95833 90.7797 0.38951
3.99306 93.2084 0.390764
4.02778 97.1666 0.392017
4.0625 100.791 0.393271
4.09722 102.403 0.394524
4.13194 101.278 0.395778
4.16667 97.9658 0.397031
4.20139 94.2099 0.398285
4.23611 92.3112 0.399538
4.27083 93.8159 0.400792
4.30556 98.3605 0.402045
4.34028 103.954 0.403298
4.375 108.33 0.404552
4.40972 110.059 0.405805
4.44444 109.016 0.407059
4.47917 106.392 0.408312
4.51389 104.237 0.409566
4.54861 104.438 0.410819
4.58333 107.47 0.412073
4.61806 112.033 0.413326
4.65278 115.946 0.41458
4.6875 117.398 0.415833
4.72222 115.742 0.417087
4.75694 111.793 0.41834
4.79167 107.656 0.419593
4.82639 105.891 0.420847
4.86111 107.995 0.4221
4.89583 113.263 0.423354
4.93056 119.337 0.424607
4.96528 123.749 0.425861
5 125.07 0.427114
5.03472 123.377 0.428368
5.06944 120.189 0.429621
5.10417 117.88 0.430875
5.13889 118.441 0.432128
5.17361 122.133 0.433382
5.20833 127.277 0.434635
5.24306 131.399 0.435888
5.27778 132.593 0.437142
5.3125 130.34 0.440701
5.34722 125.756 0.444367
5.38194 121.314 0.448033
5.41667 119.797 0.451699
5.45139 122.579 0.455364
5.48611 128.575 0.45903
5.52083 135.068 0.462696
5.55556 139.42 0.466362
5.59028 140.252 0.470027
5.625 137.877 0.473693
5.65972 134.167 0.477359
5.69444 131.803 0.481024
5.72917 132.824 0.48469
5.76389 137.215 0.488356
5.79861 142.906 0.492022
5.83333 147.151 0.495687
5.86806 147.998 0.499353
5.90278 145.093 0.503019
5.9375 139.887 0.506685
5.97222 135.223 0.51035
6.00694 134.059 0.514016
6.04167 137.584 0.517682
6.07639 144.3 0.521348
6.11111 151.143 0.525013
6.14583 155.343 0.528679
6.18056 155.612 0.532345
6.21528 152.536 0.536011
6.25 148.354 0.539676
6.28472 146.034 0.543342
6.31944 147.6 0.547008
6.35417 152.716 0.550674
6.38889 158.909 0.554339
6.42361 163.195 0.558005
6.45833 163.61 0.561671
6.49306 160.01 0.565337
6.52778 154.205 0.569002
6.5625 149.404 0.572668
6.59722 148.692 0.576334
6.63194 153.009 0.58
6.66667 160.423 0.583665
6.70139 167.544 0.587331
6.73611 171.505 0.590997
6.77083 171.147 0.594663
6.80556 167.36 0.598328
6.84028 162.764 0.601994
6.875 160.581 0.60566
6.90972 162.769 0.609326
6.94444 168.621 0.612991
6.97917 175.266 0.616657
7.01389 179.508 0.620323
7.04861 179.415 0.614152
7.08333 175.087 0.582032
7.11806 168.715 0.549912
7.15278 163.862 0.517792
7.1875 163.69 0.485672
7.22222 168.836 0.453552
7.25694 176.919 0.421432
7.29167 184.244 0.389311
7.32639 187.884 0.357191
7.36111 186.842 0.325071
7.39583 182.344 0.292951
7.43056 177.394 0.260831
7.46528 175.44 0.228711
7.5 178.312 0.196591
7.53472 184.9 0.164471
7.56944 191.941 0.132351
7.60417 196.06 0.10023
7.63889 195.389 0.083879
7.67361 190.307 0.0931136
7.70833 183.408 0.102348
7.74306 178.588 0.111583
7.77778 179.035 0.120818
7.8125 185.035 0.130052
7.84722 193.749 0.139287
7.88194 201.203 0.148521
7.91667 204.443 0.157756
7.95139 202.67 0.166991
7.98611 197.469 0.176225
8.02083 192.23 0.18546
8.05556 190.589 0.194695
8.09028 194.197 0.203929
8.125 201.512 0.213164
8.15972 208.89 0.222399
8.19444 212.806 0.231633
8.22917 211.496 0.24012
8.26389 205.645 0.247823
8.29861 198.26 0.255525
8.33333 193.557 0.263227
8.36806 194.693 0.270929
8.40278 201.56 0.278632
8.4375 210.864 0.286334
8.47222 218.374 0.294036
8.50694 221.14 0.301738
8.54167 218.595 0.309441
8.57639 212.704 0.317143
8.61111 207.24 0.324845
8.64583 205.993 0.332547
8.68056 210.38 0.340249
8.71528 218.406 0.347952
8.75 226.06 0.355654
8.78472 229.697 0.363356
8.81944 227.69 0.371058
8.85417 221.059 0.378761
8.88889 213.238 0.386463
8.92361 208.732 0.394165
8.95833 210.618 0.401867
8.99306 218.36 0.40957
9.02778 228.206 0.417272
9.0625 235.697 0.424974
9.09722 237.921 0.432676
9.13194 234.569 0.440379
9.16667 228.006 0.448081
9.20139 222.385 0.455783
9.23611 221.605 0.463485
9.27083 226.806 0.471188
9.30556 235.52 0.47889
9.34028 243.386 0.486592
9.375 246.672 0.494294
9.40972 243.916 0.501996
9.44444 236.502 0.509699
9.47917 228.294 0.517401
9.51389 224.063 0.525103
9.54861 226.756 0.532805
9.58333 235.372 0.540508
9.61806 245.711 0.54821
9.65278 253.109 0.555912
9.6875 254.723 0.563614
9.72222 250.534 0.571317
9.75694 243.324 0.579019
9.79167 237.613 0.586721
9.82639 237.371 0.594423
9.86111 243.414 0.602126
9.89583 252.788 0.609828
9.93056 260.801 0.61753
9.96528 263.663 0.625232
10 260.11 0.632934
10.0347 251.915 0.640637
10.0694 243.374 0.648339
10.1042 239.496 0.656041
10.1389 243.045 0.663743
10.1736 252.528 0.671446
10.2083 263.305 0.679148
10.2431 270.537 0.68685
10.2778 271.479 0.694552
10.3125 266.427 0.702255
10.3472 258.597 0.709957
10.3819 252.866 0.717659
10.4167 253.229 0.725361
10.4514 260.135 0.733064
10.4861 270.138 0.740766
10.5208 278.231 0.748468
10.5556 280.597 0.75617
10.5903 276.204 0.752407
10.625 267.232 0.747558
10.6597 258.417 0.74271
10.6944 254.969 0.737862
10.7292 259.418 0.733013
10.7639 269.758 0.728165
10.7986 280.917 0.723316
10.8333 287.907 0.718468
10.8681 288.113 0.713619
10.9028 282.177 0.708771
10.9375 273.761 0.703923
10.9722 268.081 0.699074
11.0069 269.115 0.694226
11.0417 276.903 0.689377
11.0764 287.496 0.684529
11.1111 295.6 0.67968
11.1458 297.399 0.674832
11.1806 292.123 0.669984
11.2153 282.387 0.665135
11.25 273.359 0.660287
11.2847 270.419 0.655438
11.3194 275.812 0.65059
11.3542 286.992 0.645741
11.3889 298.471 0.640893
11.4236 305.142 0.636045
11.4583 304.552 0.631196
11.4931 297.714 0.626348
11.5278 288.749 0.621499
11.5625 283.197 0.616651
11.5972 284.967 0.611803
11.6319 293.651 0.606954
11.6667 304.793 0.602106
11.7014 312.832 0.597257
11.7361 313.992 0.592409
11.7708 307.795 0.58756
11.8056 297.31 0.582712
11.8403 288.14 0.577864
11.875 285.788 0.573015
11.9097 292.165 0.568167
11.9444 304.164 0.563318
11.9792 315.897 0.55847
12.0139 322.167 0.553621
12.0486 320.719 0.548773
12.0833 312.967 0.543925
12.1181 303.501 0.539076
12.1528 298.158 0.534228
12.1875 300.732 0.529379
12.2222 310.32 0.524531
12.2569 321.963 0.519682
12.2917 329.859 0.514834
12.3264 330.305 0.509986
12.3611 323.151 0.505137
12.3958 311.941 0.500289
12.4306 302.705 0.49544
12.4653 301.027 0.490592
12.5 308.427 0.485744
12.5347 321.218 0.480895
12.5694 333.13 0.476047
12.6042 338.915 0.471198
12.6389 336.549 0.46635
12.6736 327.876 0.461501
12.7083 317.964 0.456653
12.7431 312.921 0.451805
12.7778 316.366 0.446956
12.8125 326.864 0.442108
12.8472 338.951 0.437259
12.8819 346.618 0.432411
12.9167 346.273 0.433223
12.9514 338.129 0.445059
12.9861 326.229 0.456895
13.0208 317.014 0.468732
13.0556 316.101 0.480568
13.0903 324.561 0.492404
13.125 338.11 0.50424
13.1597 350.12 0.516077
13.1944 355.329 0.527913
13.2292 351.984 0.539749
13.2639 342.391 0.551586
13.2986 332.1 0.563422
13.3333 327.458 0.575258
13.3681 331.845 0.587094
13.4028 343.251 0.598931
13.4375 355.718 0.610767
13.4722 363.063 0.622603
13.5069 361.847 0.634439
13.5417 352.685 0.646276
13.5764 340.139 0.658112
13.6111 331.048 0.669948
13.6458 330.997 0.681785
13.6806 340.55 0.693621
13.7153 354.814 0.705457
13.75 366.83 0.717293
13.7847 371.366 0.72913
13.8194 366.986 0.740966
13.8542 356.483 0.752802
13.8889 345.896 0.764639
13.9236 341.766 0.776475
13.9583 347.165 0.788311
13.9931 359.472 0.800147
14.0278 372.243 0.811984
14.0625 379.163 0.82382
14.0972 376.995 0.835656
14.1319 366.796 0.847492
14.1667 353.664 0.859329
14.2014 344.811 0.871165
14.2361 345.727 0.883001
14.2708 356.402 0.894838
14.3056 371.325 0.906674
14.3403 383.245 0.91851
14.375 387.008 0.930346
14.4097 381.536 0.942183
14.4444 370.147 0.954019
14.4792 359.364 0.965855
14.5139 355.868 0.977692
14.5486 362.351 0.989528
14.5833 375.541 1.00136
14.6181 388.527 1.0132
14.6528 394.911 1.02504
14.6875 391.71 1.03687
14.7222 380.463 1.04871
14.7569 366.821 1.06055
14.7917 358.339 1.07238
14.8264 360.329 1.08422
14.8611 372.146 1.09605
14.8958 387.661 1.10789
14.9306 399.371 1.11973
14.9653 402.255 1.13156
15 395.644 1.1434
15.0347 383.408 1.15524
15.0694 372.546 1.16707
15.1042 369.818 1.17891
15.1389 377.453 1.19074
15.1736 391.493 1.20258
15.2083 404.593 1.21442
15.2431 410.323 1.22625
15.2778 406.009 1.23809
15.3125 393.716 1.24993
15.3472 379.66 1.26176
15.3819 371.696 1.2736
15.4167 374.872 1.28543
15.4514 387.841 1.29727
15.4861 403.865 1.30911
15.5208 415.24 1.32094
15.5556 417.137 1.33278
15.5903 409.348 1.34462
15.625 396.322 1.35645
15.6597 385.518 1.36829
15.6944 383.7 1.38013
15.7292 392.547 1.39196
15.7639 407.392 1.4038
15.7986 420.489 1.41563
15.8333 425.44 1.42747
15.8681 419.938 1.43292
15.9028 406.617 1.43742
15.9375 392.266 1.44192
15.9722 384.98 1.44642
16.0069 389.448 1.45093
16.0417 403.565 1.45543
16.0764 419.998 1.45993
16.1111 430.904 1.46443
16.1458 431.707 1.46893
16.1806 422.713 1.47344
16.2153 408.976 1.47794
16.25 398.386 1.48244
16.2847 397.624 1.48694
16.3194 407.732 1.49144
16.3542 423.317 1.49594
16.3889 436.282 1.50045
16.4236 440.326 1.50495
16.4583 433.57 1.50945
16.4931 419.258 1.51395
16.5278 404.748 1.51845
16.5625 398.313 1.52295
16.5972 404.173 1.52746
16.6319 419.415 1.53196
16.6667 436.142 1.53646
16.7014 446.436 1.54096
16.7361 446.044 1.54546
16.7708 435.832 1.54997
16.8056 421.484 1.55447
16.8403 411.278 1.55897
16.875 411.717 1.56347
16.9097 423.118 1.56797
16.9444 439.362 1.57247
16.9792 452.054 1.57698
17.0139 455.062 1.58148
17.0486 446.998 1.58598
17.0833 431.753 1.59048
17.1181 417.243 1.59498
17.1528 411.833 1.59949
17.1875 419.171 1.60399
17.2222 435.494 1.60849
17.2569 452.385 1.61299
17.2917 461.922 1.61749
17.3264 460.24 1.62199
17.3611 448.82 1.6265
17.3958 433.981 1.631
17.4306 424.341 1.6355
17.4653 426.115 1.64
17.5 438.822 1.6445
17.5347 455.623 1.64901
17.5694 467.894 1.65351
17.6042 469.743 1.66378
17.6389 460.332 1.69868
17.6736 444.232 1.73359
17.7083 429.895 1.7685
17.7431 425.683 1.80341
17.7778 434.566 1.83832
17.8125 451.905 1.87323
17.8472 468.817 1.90814
17.8819 477.452 1.94305
17.9167 474.399 1.97796
17.9514 461.798 2.01287
17.9861 446.607 2.04778
18.0208 437.72 2.08269
18.0556 440.951 2.1176
18.0903 454.952 2.15251
18.125 472.191 2.18742
18.1597 483.888 2.22233
18.1944 484.464 2.25724
18.2292 473.686 2.29215
18.2639 456.832 2.32705
18.2986 442.85 2.36196
18.3333 439.998 2.39687
18.3681 450.468 2.43178
18.4028 468.737 2.46669
18.4375 485.519 2.5016
18.4722 493.112 2.53651
18.5069 488.624 2.57142
18.5417 474.89 2.60633
18.5764 459.502 2.64124
18.6111 451.55 2.67615
18.6458 456.336 2.71106
18.6806 471.595 2.74597
18.7153 489.141 2.78088
18.75 500.112 2.81579
18.7847 499.314 2.85947
18.8194 487.169 2.9162
18.8542 469.677 2.97292
18.8889 456.237 3.02964
18.9236 454.891 3.08637
18.9583 466.962 3.14309
18.9931 486.054 3.19982
19.0278 502.552 3.25654
19.0625 508.975 3.31326
19.0972 503.005 3.36999
19.1319 488.205 3.42671
19.1667 472.783 3.48344
19.2014 465.938 3.54016
19.2361 472.352 3.59688
19.2708 488.808 3.65361
19.3056 506.519 3.71033
19.3403 516.62 3.76705
19.375 514.362 3.82378
19.4097 500.871 3.8805
19.4444 482.872 3.93723
19.4792 470.156 3.99395
19.5139 470.437 4.05067
19.5486 484.095 4.1074
19.5833 503.89 4.16412
19.6181 519.95 4.22085
19.6528 525.087 4.27757
19.6875 517.608 4.33429
19.7222 501.826 4.39102
19.7569 486.537 4.44774
19.7917 480.954 4.50447
19.8264 489.039 4.56119
19.8611 506.609 4.61791
19.8958 524.34 4.67464
19.9306 533.434 4.73136
19.9653 529.651 4.78809
20 514.853 4.84481
20.0347 496.486 4.90153
20.0694 484.666 4.95826
20.1042 486.666 5.01498
20.1389 501.871 5.0717
20.1736 522.238 5.12843
20.2083 537.713 5.18515
20.2431 541.465 5.24188
20.2778 532.468 5.2986
20.3125 515.802 5.35532
20.3472 500.807 5.41205
20.3819 496.618 5.46877
20.4167 506.39 5.5255
20.4514 524.976 5.58222
20.4861 542.581 5.63894
20.5208 550.546 5.69567
20.5556 545.189 3.53769
20.5903 529.137 3.53608
20.625 510.546 3.53447
20.6597 499.777 3.53285
20.6944 503.561 3.53124
20.7292 520.252 3.52963
20.7639 541.053 3.52801
20.7986 555.805 3.5264
20.8333 558.089 3.52479
20.8681 547.583 3.52317
20.9028 530.137 3.52156
20.9375 515.591 3.51995
20.9722 512.903 3.51833
21.0069 524.351 3.51672
21.0417 543.842 3.51511
21.0764 561.18 3.5135
21.1111 567.908 3.51188
21.1458 560.946 3.51027
21.1806 543.707 3.50866
21.2153 525.033 3.50704
21.25 515.453 3.50543
21.2847 521.058 3.50382
21.3194 539.155 3.5022
21.3542 560.252 3.50059
21.3889 574.154 3.49898
21.4236 574.903 3.49736
21.4583 562.91 3.49575
21.4931 544.794 3.49414
21.5278 530.841 3.49252
21.5625 529.737 3.49091
21.5972 542.828 3.4893
21.6319 563.106 3.48768
21.6667 580.043 3.48607
21.7014 585.44 3.48446
21.7361 576.857 3.48284
21.7708 558.505 3.48123
21.8056 539.887 3.47962
21.8403 531.612 3.478
21.875 539.054 3.47639
21.9097 558.465 3.47478
21.9444 579.723 3.47316
21.9792 592.659 3.47155
22.0139 591.82 3.46994
22.0486 578.373 3.46832
22.0833 559.696 3.46671
22.1181 546.467 3.4651
22.1528 547.012 3.46348
22.1875 561.697 3.46187
22.2222 582.642 3.46026
22.2569 599.049 3.45864
22.2917 603.033 3.45703
22.3264 592.825 3.45542
22.3611 573.442 3.4538
22.3958 555.011 3.45219
22.4306 548.143 3.45058
22.4653 557.418 3.44896
22.5 578.044 3.44735
22.5347 599.33 3.44574
22.5694 611.195 3.44412
22.6042 608.726 3.44251
22.6389 593.866 3.4409
22.6736 574.74 3.43928
22.7083 562.356 3.43767
22.7431 564.594 3.43606
22.7778 580.815 3.43444
22.8125 602.305 3.43283
22.8472 618.063 3.43122
22.8819 620.563 3.4296
22.9167 608.733 3.42799
22.9514 588.404 3.42638
22.9861 570.287 3.42476
23.0208 564.915 3.42315
23.0556 576.007 3.42154
23.0903 597.745 3.41992
23.125 618.933 3.41831
23.1597 629.627 3.4167
23.1944 625.494 3.41508
23.2292 609.268 3.41347
23.2639 589.805 3.41186
23.2986 578.377 3.41024
23.3333 582.345 3.40863
23.3681 600.036 3.40702
23.4028 621.95 3.4054
23.4375 636.944 3.40379
23.4722 637.894 3.40218
23.5069 624.454 3.40056
23.5417 603.268 3.39895
23.5764 585.591 3.39734
23.6111 581.793 3.39572
23.6458 594.68 3.39411
23.6806 617.425 3.3925
23.7153 638.389 3.39089
23.75 647.819 3.38927
23.7847 641.996 3.38766
23.8194 624.455 3.38605
23.8542 604.767 3.38443
23.8889 594.407 3.38282
23.9236 600.131 3.38121
23.9583 619.222 3.37959
23.9931 641.44 3.37798
24.0278 655.559 3.37637
24.0625 654.898 3.37475
24.0972 639.865 3.37314
24.1319 617.915 3.37153
24.1667 600.805 3.36991
24.2014 598.658 3.3683
24.2361 613.312 3.36669
24.2708 636.957 3.36507
24.3056 657.572 3.36346
24.3403 665.648 3.36185
24.375 658.109 3.36023
24.4097 639.312 3.35862
24.4444 619.519 3.35701
24.4792 610.335 3.35539
24.5139 617.842 3.35378
24.5486 638.259 3.35217
24.5833 660.66 3.35055
24.6181 673.79 3.34894
24.6528 671.46 3.34733
24.6875 654.857 3.34571
24.7222 632.245 3.3441
24.7569 615.832 3.34249
24.7917 615.411 3.34087
24.8264 631.802 3.33926
24.8611 656.239 3.33765
24.8958 676.379 3.33603
24.9306 683.009 3.33442
24.9653 673.735 3.33281
25 653.747 3.33119
25.0347 633.974 3.32958
25.0694 626.081 3.32797
25.1042 635.394 3.32635
25.1389 657.062 3.32474
25.1736 679.519 3.32313
25.2083 691.547 3.32151
25.2431 687.492 3.3199
25.2778 669.346 3.31829
25.3125 646.184 3.31667
25.3472 630.608 3.31506
25.3819 631.991 3.31345
25.4167 650.084 3.31183
25.4514 675.198 3.31022
25.4861 694.732 3.30861
25.5208 699.824 3.30699
25.5556 688.799 3.30538
25.5903 667.696 3.30377
25.625 648.082 3.30215
25.6597 641.6 3.30054
25.6944 652.741 3.29893
25.7292 675.577 3.29731
25.7639 697.96 3.2957
25.7986 708.767 3.29409
25.8333 702.931 3.29247
25.8681 683.28 3.29086
25.9028 659.691 3.28925
25.9375 645.103 3.28763
25.9722 648.368 3.28602
26.0069 668.125 3.28441
26.0417 693.796 3.28279
26.0764 712.587 3.28118
26.1111 716.046 3.27957
26.1458 703.26 3.27795
26.1806 681.13 3.27634
26.2153 661.827 3.27473
26.25 656.882 3.27312
26.2847 669.871 3.2715
26.3194 693.786 3.26989
26.3542 715.955 3.26828
26.3889 725.42 3.26666
26.4236 717.749 3.26505
26.4583 696.641 3.26344
26.4931 672.766 3.26182
26.5278 659.325 3.26021
26.5625 664.553 3.2586
26.5972 685.927 3.25698
26.6319 712.023 3.25537
26.6667 729.928 3.25376
26.7014 731.66 3.25214
26.7361 717.112 3.25053
26.7708 694.058 3.24892
26.8056 675.231 3.2473
26.8403 671.956 3.24569
26.875 686.807 3.24408
26.9097 711.7 3.24246
26.9444 733.506 3.24085
26.9792 741.501 3.23924
27.0139 731.95 3.23762
27.0486 709.447 3.23601
27.0833 685.441 3.2344
27.1181 673.319 3.23278
27.1528 680.586 3.23117
27.1875 703.519 3.22956
27.2222 729.898 3.22794
27.2569 746.767 3.22633
27.2917 746.679 3.22472
27.3264 730.377 3.2231
27.3611 706.52 3.22149
27.3958 688.352 3.21988
27.4306 686.881 3.21826
27.4653 703.597 3.21665
27.5 729.355 3.21504
27.5347 750.639 3.21342
27.5694 757.037 3.21181
27.6042 745.564 3.21714
27.6389 721.743 3.22247
27.6736 697.783 3.2278
27.7083 687.158 3.23313
27.7431 696.533 3.23847
27.7778 720.955 3.2438
27.8125 747.461 3.24913
27.8472 763.137 3.25446
27.8819 761.14 3.2598
27.9167 743.107 3.26513
27.9514 718.587 3.27046
27.9861 701.272 3.27579
28.0208 701.738 3.28113
28.0556 720.31 3.28646
28.0903 746.803 3.29179
28.125 767.397 3.29712
28.1597 772.07 3.30246
28.1944 758.646 3.30779
28.2292 733.604 3.31312
28.2639 709.88 3.31845
28.2986 700.936 3.32379
28.3333 712.478 3.32912
28.3681 738.298 3.33445
28.4028 764.765 3.33978
28.4375 779.087 3.34512
28.4722 775.1 3.35045
28.5069 755.375 3.35578
28.5417 730.351 3.36111
28.5764 714.096 3.36645
28.6111 716.624 3.37178
28.6458 737.026 3.37711
28.6806 764.109 3.38244
28.7153 783.837 3.38778
28.75 786.658 3.39311
28.7847 771.268 3.39844
28.8194 745.122 3.40377
28.8542 721.843 3.40911
28.8889 714.761 3.41444
28.9236 728.511 3.41977
28.9583 755.622 3.4251
28.9931 781.869 3.43043
29.0278 794.678 3.43577
29.0625 788.627 3.4411
29.0972 767.27 3.44643
29.1319 741.921 3.45176
29.1667 726.936 3.4571
29.2014 731.642 3.46243
29.2361 753.825 3.46776
29.2708 781.337 3.47309
29.3056 800.019 3.47843
29.3403 800.871 3.48376
29.375 783.514 3.48909
29.4097 756.401 3.49442
29.4444 733.787 3.49976
29.4792 728.745 3.50509
29.5139 744.724 3.51042
29.5486 772.998 3.51575
29.5833 798.835 3.52109
29.6181 809.972 3.52642
29.6528 801.801 3.53175
29.6875 778.889 3.53708
29.7222 753.411 3.54242
29.7569 739.912 3.54775
29.7917 746.892 3.55308
29.8264 770.786 3.55841
29.8611 798.552 3.56375
29.8958 816.004 3.56908
29.9306 814.778 3.57441
29.9653 795.475 3.57974
30 767.552 3.58508
30.0347 745.833 3.59041
30.0694 742.995 3.59574
30.1042 761.201 3.60107
30.1389 790.489 3.60641
30.1736 815.721 3.61174
30.2083 825.034 3.61707
30.2431 814.7 3.6224
30.2778 790.333 3.62773
30.3125 764.938 3.63307
30.3472 753.136 3.6384
30.3819 762.466 3.64373
30.4167 787.978 3.64906
30.4514 815.809 3.6544
30.4861 831.848 3.65973
30.5208 828.449 3.62167
30.5556 807.239 3.54522
30.5903 778.685 3.46877
30.625 758.095 3.39232
30.6597 757.609 3.31588
