time error errTLE
0 0 0
0.00694444 0.0294451 0.00102703
0.0138889 0.127623 0.00205406
0.0208333 0.254343 0.00308108
0.0277778 0.366329 0.00410811
0.0347222 0.447972 0.00513514
0.0416667 0.466277 0.00616217
0.0486111 0.436265 0.0071892
0.0555556 0.36874 0.00821622
0.0625 0.300071 0.00924325
0.0694444 0.275629 0.0102703
0.0763889 0.345843 0.0112973
0.0833333 0.545914 0.0123243
0.0902778 0.756825 0.0133514
0.0972222 0.889324 0.0143784
0.104167 0.905769 0.0154054
0.111111 0.827026 0.0164324
0.118056 0.713857 0.0174595
0.125 0.615994 0.0184865
0.131944 0.555467 0.0195135
0.138889 0.565715 0.0205406
0.145833 0.752557 0.0215676
0.152778 1.06164 0.0225946
0.159722 1.30456 0.0236216
0.166667 1.3832 0.0246487
0.173611 1.28233 0.0256757
0.180556 1.1047 0.0267027
0.1875 0.949798 0.0277298
0.194444 0.854752 0.0287568
0.201389 0.810211 0.0297838
0.208333 0.912639 0.0308108
0.215278 1.25702 0.0318379
0.222222 1.63675 0.0328649
0.229167 1.84145 0.0338919
0.236111 1.79428 0.0349189
0.243056 1.56593 0.035946
0.25 1.32213 0.036973
0.256944 1.1714 0.038
0.263889 1.08769 0.0390271
0.270833 1.08889 0.0400561
0.277778 1.36323 0.0411803
0.284722 1.84768 0.0423044
0.291667 2.22679 0.0434286
0.298611 2.31513 0.0445527
0.305556 2.0997 0.0456769
0.3125 1.76627 0.046801
0.319444 1.51522 0.0479252
0.326389 1.38846 0.0490493
0.333333 1.31895 0.0501735
0.340278 1.44642 0.0512977
0.347222 1.93361 0.0524218
0.354167 2.48844 0.053546
0.361111 2.77773 0.0546701
0.368056 2.67826 0.0557943
0.375 2.30149 0.0569184
0.381944 1.91901 0.0580426
0.388889 1.70805 0.0591667
0.395833 1.59736 0.0602909
0.402778 1.58212 0.061415
0.409722 1.9369 0.0625392
0.416667 2.59909 0.0636634
0.423611 3.12484 0.0647875
0.430556 3.23588 0.0659117
0.4375 2.91373 0.0670358
0.444444 2.42142 0.06816
0.451389 2.06534 0.0692841
0.458333 1.90167 0.0704083
0.465278 1.80259 0.0715324
0.472222 1.94555 0.0726566
0.479167 2.57212 0.0737807
0.486111 3.30895 0.0749049
0.493056 3.69552 0.0760291
0.5 3.55545 0.0771532
0.506944 3.0336 0.0782774
0.513889 2.50555 0.0794015
0.520833 2.22648 0.0805257
0.527778 2.08519 0.0816498
0.534722 2.04597 0.082774
0.541667 2.47246 0.0838981
0.548611 3.31408 0.0850223
0.555556 3.99696 0.0861465
0.5625 4.14393 0.0872706
0.569444 3.72389 0.0883948
0.576389 3.07105 0.0895189
0.583333 2.60104 0.0906431
0.590278 2.395 0.0917672
0.597222 2.26197 0.0928914
0.604167 2.41018 0.0940155
0.611111 3.17148 0.0951397
0.618056 4.09686 0.0962638
0.625 4.59345 0.097388
0.631944 4.42503 0.0985122
0.638889 3.76259 0.0996363
0.645833 3.08283 0.10076
0.652778 2.7274 0.101885
0.659722 2.55189 0.103009
0.666667 2.48122 0.104133
0.673611 2.96956 0.105257
0.680556 3.99152 0.106381
0.6875 4.84182 0.107505
0.694444 5.03822 0.10863
0.701389 4.52998 0.109754
0.708333 3.71601 0.110878
0.715278 3.12325 0.112002
0.722222 2.86908 0.113126
0.729167 2.69794 0.11425
0.736111 2.84072 0.115374
0.743056 3.73102 0.116499
0.75 4.85097 0.117623
0.756944 5.47031 0.118747
0.763889 5.2863 0.119871
0.770833 4.48885 0.120995
0.777778 3.65189 0.122119
0.784722 3.21153 0.123244
0.791667 2.99813 0.124368
0.798611 2.88875 0.125492
0.805556 3.42811 0.126616
0.8125 4.63046 0.12774
0.819444 5.65816 0.128864
0.826389 5.91773 0.129988
0.833333 5.33177 0.131113
0.840278 4.35708 0.132237
0.847222 3.63294 0.133361
0.854167 3.32451 0.134485
0.861111 3.11138 0.135609
0.868056 3.23771 0.136733
0.875 4.25014 0.137858
0.881944 5.5701 0.138982
0.888889 6.32489 0.140106
0.895833 6.13854 0.14123
0.902778 5.21262 0.142354
0.909722 4.21373 0.143478
0.916667 3.67961 0.144603
0.923611 3.42461 0.145727
0.930556 3.2695 0.146851
0.9375 3.8481 0.147975
0.944444 5.22997 0.149099
0.951389 6.44472 0.150223
0.958333 6.7814 0.151347
0.965278 6.12897 0.152472
0.972222 4.99497 0.153596
0.979167 4.13104 0.15472
0.986111 3.76188 0.155844
0.993056 3.50321 0.156968
1 3.60183 0.158092
1.00694 4.72839 0.159217
1.01389 6.25314 0.160341
1.02083 7.15593 0.161465
1.02778 6.98096 0.162589
1.03472 5.93408 0.163713
1.04167 4.7693 0.164837
1.04861 4.13235 0.165961
1.05556 3.83199 0.167086
1.0625 3.62454 0.16821
1.06944 4.22966 0.169334
1.07639 5.78922 0.170458
1.08333 7.20022 0.171582
1.09028 7.6281 0.172706
1.09722 6.92116 0.173831
1.10417 5.63028 0.174955
1.11111 4.61849 0.176079
1.11806 4.18178 0.177203
1.125 3.87433 0.178327
1.13194 3.93389 0.179451
1.13889 5.16534 0.180575
1.14583 6.89896 0.1817
1.15278 7.96214 0.182824
1.15972 7.81269 0.183948
1.16667 6.65328 0.185072
1.17361 5.3195 0.186196
1.18056 4.5705 0.18732
1.1875 4.22093 0.188445
1.19444 3.95498 0.189569
1.20139 4.57302 0.190693
1.20833 6.30739 0.191817
1.21528 7.92341 0.192941
1.22222 8.45666 0.194065
1.22917 7.70784 0.195189
1.23611 6.2635 0.196314
1.24306 5.09621 0.197438
1.25 4.58479 0.198562
1.25694 4.22567 0.199686
1.26389 4.23481 0.201953
1.27083 5.56069 0.205892
1.27778 7.50647 0.20983
1.28472 8.74221 0.213769
1.29167 8.63276 0.217708
1.29861 7.37015 0.221647
1.30556 5.86515 0.225585
1.3125 4.99479 0.229524
1.31944 4.59205 0.233463
1.32639 4.26203 0.237401
1.33333 4.87855 0.24134
1.34028 6.78373 0.245279
1.34722 8.61298 0.249217
1.35417 9.26583 0.253156
1.36111 8.48839 0.257095
1.36806 6.89505 0.261034
1.375 5.56508 0.264972
1.38194 4.97146 0.268911
1.38889 4.55817 0.27285
1.39583 4.50567 0.276788
1.40278 5.91418 0.280727
1.40972 8.0746 0.284666
1.41667 9.49477 0.288604
1.42361 9.4401 0.292543
1.43056 8.08451 0.296482
1.4375 6.40701 0.300421
1.44444 5.40593 0.304359
1.45139 4.94596 0.308298
1.45833 4.54695 0.312237
1.46528 5.14671 0.316175
1.47222 7.21754 0.320114
1.47917 9.26766 0.324053
1.48611 10.0543 0.327991
1.49306 9.26206 0.33193
1.5 7.52519 0.335869
1.50694 6.02598 0.339808
1.51389 5.34232 0.343746
1.52083 4.87275 0.347685
1.52778 4.74768 0.351624
1.53472 6.22566 0.355562
1.54167 8.60232 0.359501
1.54861 10.2184 0.36344
1.55556 10.2336 0.367378
1.5625 8.79607 0.371317
1.56944 6.94577 0.375244
1.57639 5.80465 0.379002
1.58333 5.28325 0.38276
1.59028 4.8111 0.386518
1.59722 5.37814 0.390275
1.60417 7.60817 0.394033
1.61111 9.88616 0.397791
1.61806 10.8207 0.401549
1.625 10.028 0.405306
1.63194 8.15411 0.409064
1.63889 6.47975 0.412822
1.64583 5.69791 0.41658
1.65278 5.17035 0.420338
1.65972 4.96223 0.424095
1.66667 6.49508 0.427853
1.67361 9.0886 0.431611
1.68056 10.9118 0.435369
1.6875 11.012 0.439126
1.69444 9.50439 0.442884
1.70139 7.482 0.446642
1.70833 6.19165 0.4504
1.71528 5.60446 0.454157
1.72222 5.05589 0.457915
1.72917 5.5736 0.461673
1.73611 7.95504 0.465431
1.74306 10.4672 0.469188
1.75 11.5636 0.472946
1.75694 10.7854 0.476704
1.76389 8.78186 0.480462
1.77083 6.92718 0.484219
1.77778 6.03876 0.487977
1.78472 5.45187 0.491735
1.79167 5.15087 0.495493
1.79861 6.72249 0.49925
1.80556 9.53249 0.503008
1.8125 11.5734 0.506766
1.81944 11.774 0.510524
1.82639 10.209 0.514281
1.83333 8.01622 0.518039
1.84028 6.56766 0.521797
1.84722 5.91014 0.525555
1.85417 5.28281 0.529312
1.86111 5.73408 0.53307
1.86806 8.25767 0.536828
1.875 11.0095 0.540586
1.88194 12.2815 0.544343
1.88889 11.533 0.548101
1.89583 9.40836 0.551859
1.90278 7.36902 0.555617
1.90972 6.36535 0.559374
1.91667 5.71821 0.563132
1.92361 5.31532 0.56689
1.93056 6.90806 0.570648
1.9375 9.93305 0.574406
1.94444 12.2018 0.578163
1.95139 12.5182 0.581921
1.95833 10.9091 0.585679
1.96528 8.54882 0.589437
1.97222 6.93334 0.593194
1.97917 6.20079 0.596952
1.98611 5.49341 0.60071
1.99306 5.86071 0.604468
2 8.51561 0.608225
2.00694 11.5119 0.611983
2.01389 12.973 0.615741
2.02083 12.2698 0.619499
2.02778 10.0334 0.623256
2.03472 7.80596 0.627014
2.04167 6.67819 0.630772
2.04861 5.97024 0.63453
2.05556 5.45753 0.638287
2.0625 7.0521 0.642045
2.06944 10.2894 0.645803
2.07639 12.7956 0.649561
2.08333 13.2433 0.653318
2.09028 11.604 0.657076
2.09722 9.08011 0.660834
2.10417 7.28941 0.664592
2.11111 6.47686 0.668349
2.11806 5.68927 0.672107
2.125 5.95492 0.675865
2.13194 8.72854 0.679623
2.13889 11.9732 0.68338
2.14583 13.6365 0.687138
2.15278 12.9945 0.690896
2.15972 10.6568 0.694654
2.16667 8.23866 0.698411
2.17361 6.97776 0.702169
2.18056 6.20881 0.705927
2.1875 5.57964 0.709685
2.19444 7.15508 0.713442
2.20139 10.6008 0.7172
2.20833 13.3532 0.720958
2.21528 13.9477 0.724716
2.22222 12.2929 0.728474
2.22917 9.61028 0.732231
2.23611 7.63652 0.735989
2.24306 6.73883 0.739747
2.25 5.87204 0.743505
2.25694 6.01835 0.747948
2.26389 8.89623 0.752585
2.27083 12.3921 0.757223
2.27778 14.2705 0.76186
2.28472 13.7058 0.766498
2.29167 11.278 0.771135
2.29861 8.66768 0.775773
2.30556 7.26455 0.780411
2.3125 6.43473 0.785048
2.31944 5.68402 0.789686
2.32639 7.21766 0.794323
2.33333 10.8665 0.798961
2.34028 13.8733 0.803598
2.34722 14.6297 0.808236
2.35417 12.9746 0.812874
2.36111 10.1394 0.817511
2.36806 7.97532 0.822149
2.375 6.98709 0.826786
2.38194 6.04339 0.831424
2.38889 6.053 0.836062
2.39583 9.01857 0.840699
2.40278 12.7675 0.845337
2.40972 14.8732 0.849974
2.41667 14.4023 0.854612
2.42361 11.8964 0.859249
2.43056 9.09353 0.863887
2.4375 7.53901 0.868525
2.44444 6.64878 0.873162
2.45139 5.77327 0.8778
2.45833 7.2407 0.882437
2.46528 11.0858 0.887075
2.47222 14.3544 0.891713
2.47917 15.288 0.89635
2.48611 13.6482 0.900988
2.49306 10.6675 0.905625
2.5 8.30645 0.910263
2.50694 7.22205 0.9149
2.51389 6.20501 0.919538
2.52083 6.06121 0.924176
2.52778 9.09559 0.928813
2.53472 13.0984 0.933451
2.54167 15.4432 0.938088
2.54861 15.0825 0.942726
2.55556 12.5115 0.947364
2.5625 9.51665 0.952001
2.56944 7.80163 0.956639
2.57639 6.85171 0.961276
2.58333 5.85022 0.965914
2.59028 7.22532 0.970551
2.59722 11.2581 0.975189
2.60417 14.7951 0.979827
2.61111 15.9207 0.984464
2.61806 14.3125 0.989102
2.625 11.1943 0.993739
2.63194 8.63051 0.998377
2.63889 7.44407 1.00301
2.64583 6.35862 1.00765
2.65278 6.04575 1.01229
2.65972 9.12744 1.01693
2.66667 13.3838 1.02156
2.67361 15.9788 1.0262
2.68056 15.7449 1.03084
2.6875 13.1224 1.03548
2.69444 9.93736 1.04012
2.70139 8.05284 1.04475
2.70833 7.04422 1.04939
2.71528 5.91796 1.05403
2.72222 7.17293 1.05867
2.72917 11.3831 1.0633
2.73611 15.1941 1.06794
2.74306 16.5261 1.07258
2.75 14.966 1.07722
2.75694 11.7197 1.08185
2.76389 8.94806 1.08649
2.77083 7.6535 1.09113
2.77778 6.5059 1.09577
2.78472 6.00989 1.1004
2.79167 9.11449 1.10504
2.79861 13.6226 1.10968
2.80556 16.4783 1.11432
2.8125 16.3877 1.11895
2.81944 13.7283 1.12359
2.82639 10.3559 1.12823
2.83333 8.29312 1.13287
2.84028 7.22696 1.1375
2.84722 5.97979 1.14214
2.85417 7.08533 1.14678
2.86111 11.4603 1.15142
2.86806 15.5499 1.15605
2.875 17.1026 1.16069
2.88194 15.6074 1.16533
2.88889 12.2431 1.16997
2.89583 9.25964 1.17461
2.90278 7.85066 1.17924
2.90972 6.64855 1.1858
2.91667 5.9575 1.19245
2.92361 9.05726 1.1991
2.93056 13.8141 1.20575
2.9375 16.9402 1.2124
2.94444 17.0093 1.21904
2.95139 14.328 1.22569
2.95833 10.7725 1.23234
2.96528 8.5229 1.23899
2.97222 7.40057 1.24564
2.97917 6.03922 1.25229
2.98611 6.96476 1.25893
2.99306 11.4895 1.26558
3 15.8613 1.27223
3.00694 17.6484 1.27888
3.01389 16.2353 1.28553
3.02083 12.7642 1.29217
3.02778 9.56573 1.29882
3.03472 8.03587 1.30547
3.04167 6.7882 1.31212
3.04861 5.89309 1.31877
3.05556 8.95657 1.32542
3.0625 13.9573 1.33206
3.06944 17.3629 1.33871
3.07639 17.608 1.34536
3.08333 14.9206 1.35201
3.09028 11.1871 1.35866
3.09722 8.74262 1.36531
3.10417 7.5656 1.37195
3.11111 6.09993 1.3786
3.11806 6.81404 1.38525
3.125 11.4707 1.3919
3.13194 16.127 1.39855
3.13889 18.1617 1.40519
3.14583 16.8479 1.41184
3.15278 13.2822 1.41849
3.15972 9.86677 1.42514
3.16667 8.20942 1.43179
3.17361 6.92645 1.43844
3.18056 5.82193 1.44508
3.1875 8.81351 1.45173
3.19444 14.0518 1.45838
3.20139 17.7447 1.46503
3.20833 18.1819 1.47168
3.21528 15.5046 1.47832
3.22222 11.5997 1.48497
3.22917 8.95272 1.49162
3.23611 7.7226 1.49827
3.24306 6.1657 1.50492
3.25 6.63671 1.51157
3.25694 11.404 1.51821
3.26389 16.3458 1.52486
3.27083 18.6406 1.53151
3.27778 17.4438 1.53816
3.28472 13.7965 1.54481
3.29167 10.1631 1.55146
3.29861 8.37158 1.5581
3.30556 7.06482 1.56475
3.3125 5.75011 1.5714
3.31944 8.62953 1.57805
3.32639 14.0968 1.5847
3.33333 18.084 1.59134
3.34028 18.7292 1.59799
3.34722 16.0788 1.60464
3.35417 12.0101 1.61129
3.36111 9.15362 1.61794
3.36806 7.87206 1.62459
3.375 6.24038 1.63123
3.38194 6.43724 1.63788
3.38889 11.2897 1.64453
3.39583 16.5167 1.65118
3.40278 19.0835 1.65783
3.40972 18.021 1.66448
3.41667 14.3061 1.67112
3.42361 10.4551 1.67777
3.43056 8.52264 1.68442
3.4375 7.20475 1.69107
3.44444 5.68456 1.69772
3.45139 8.40659 1.70436
3.45833 14.0919 1.71101
3.46528 18.3795 1.71766
3.47222 19.2479 1.72431
3.47917 16.6418 1.73096
3.48611 12.418 1.73761
3.49306 9.34573 1.74425
3.5 8.01444 1.7509
3.50694 6.32774 1.75755
3.51389 6.22126 1.7642
3.52083 11.1284 1.77085
3.52778 16.6386 1.77749
3.53472 19.4885 1.78414
3.54167 18.5779 1.79079
3.54861 14.81 1.79744
3.55556 10.743 1.80409
3.5625 8.66285 1.81074
3.56944 7.34757 1.81738
3.57639 5.63299 1.82403
3.58333 8.1472 1.83068
3.59028 14.037 1.83733
3.59722 18.6295 1.84398
3.60417 19.7362 1.85063
3.61111 17.1919 1.85727
3.61806 12.8231 1.86392
3.625 9.52945 1.87057
3.63194 8.15015 1.87722
3.63889 6.43139 1.88387
3.64583 5.99591 1.89051
3.65278 10.921 1.89716
3.65972 16.7106 1.90381
3.66667 19.8538 1.91046
3.67361 19.1124 1.91711
3.68056 15.3071 1.92376
3.6875 11.027 1.9304
3.69444 8.79248 1.93705
3.70139 7.49449 1.9437
3.70833 5.60372 1.95035
3.71528 7.85468 1.957
3.72222 13.9318 1.96364
3.72917 18.8326 1.97029
3.73611 20.1921 1.97694
3.74306 17.7276 1.98359
3.75 13.2248 1.99024
3.75694 9.70518 1.99689
3.76389 8.27959 2.00353
3.77083 6.55468 2.01018
3.77778 5.77017 2.01683
3.78472 10.6687 2.02348
3.79167 16.7319 2.03013
3.79861 20.1776 2.03678
3.80556 19.6228 2.04342
3.8125 15.7962 2.05007
3.81944 11.3071 2.05672
3.82639 8.91181 2.06337
3.83333 7.64662 2.07002
3.84028 5.60539 2.07666
3.84722 7.53337 2.08331
3.85417 13.7766 2.08996
3.86111 18.9875 2.09661
3.86806 20.6136 2.10326
3.875 18.2471 2.10991
3.88194 13.6224 2.11655
3.88889 9.87325 2.1232
3.89583 8.40312 2.12985
3.90278 6.70058 2.1365
3.90972 5.55526 2.14315
3.91667 10.3733 2.1498
3.92361 16.7018 2.15644
3.93056 20.4582 2.16309
3.9375 20.1069 2.16974
3.94444 16.276 2.17639
3.95139 11.5833 2.18304
3.95833 9.02109 2.18968
3.96528 7.80492 2.19633
3.97222 5.64645 2.20298
3.97917 7.18903 2.20963
3.98611 13.5717 2.21628
3.99306 19.0929 2.22293
4 20.9988 2.22957
4.00694 18.7485 2.23622
4.01389 14.0152 2.24287
4.02083 10.034 2.24952
4.02778 8.5211 2.25617
4.03472 6.87158 2.26281
4.04167 5.36485 2.26946
4.04861 10.0371 2.27611
4.05556 16.6199 2.28276
4.0625 20.6939 2.28941
4.06944 20.5628 2.29606
4.07639 16.7449 2.3027
4.08333 11.8555 2.30935
4.09028 9.12059 2.316
4.09722 7.97023 2.32265
4.10417 5.73461 2.3293
4.11111 6.82927 2.33595
4.11806 13.3178 2.34259
4.125 19.1477 2.34924
4.13194 21.3456 2.35589
4.13889 19.2301 2.36254
4.14583 14.4023 2.36919
4.15278 10.1877 2.37583
4.15972 8.63386 2.38248
4.16667 7.06964 2.3891
4.17361 5.21502 2.39513
4.18056 9.66324 2.40115
4.1875 16.4857 2.40718
4.19444 20.883 2.41321
4.20139 20.9884 2.41923
4.20833 17.2015 2.42526
4.21528 12.1235 2.43129
4.22222 9.21061 2.43731
4.22917 8.14324 2.44334
4.23611 5.8762 2.44936
4.24306 6.46426 2.45539
4.25 13.016 2.46142
4.25694 19.1508 2.46744
4.26389 21.6521 2.47347
4.27083 19.6899 2.4795
4.27778 14.7827 2.48552
4.28472 10.3348 2.49155
4.29167 8.74173 2.49757
4.29861 7.29614 2.5036
4.30556 5.12356 2.50963
4.3125 9.25589 2.51565
4.31944 16.2993 2.52168
4.32639 21.0239 2.52771
4.33333 21.3815 2.53373
4.34028 17.6441 2.53976
4.34722 12.387 2.54578
4.35417 9.29145 2.55181
4.36111 8.32451 2.55784
4.36806 6.07572 2.56386
4.375 6.10753 2.56989
4.38194 12.6679 2.57591
4.38889 19.1011 2.58194
4.39583 21.9163 2.58797
4.40278 20.1257 2.59399
4.40972 15.1552 2.60002
4.41667 10.4752 2.60605
4.42361 8.84505 2.61207
4.43056 7.55188 2.6181
4.4375 5.10832 2.62412
4.44444 8.82064 2.63015
4.45139 16.0607 2.63618
4.45833 21.1151 2.6422
4.46528 21.7401 2.64823
4.47222 18.0709 2.65426
4.47917 12.6456 2.66028
4.48611 9.3634 2.66631
4.49306 8.51451 2.67233
4.5 6.33559 2.67836
4.50694 5.77688 2.68439
4.51389 12.2756 2.69041
4.52083 18.998 2.69644
4.52778 22.1363 2.70247
4.53472 20.5356 2.70849
4.54167 15.5187 2.71415
4.54861 10.6094 2.71384
4.55556 8.94414 2.71353
4.5625 7.83714 2.71322
4.56944 5.18486 2.71291
4.57639 8.365 2.7126
4.58333 15.7704 2.71229
4.59028 21.1551 2.71198
4.59722 22.062 2.71167
4.60417 18.4801 2.71136
4.61111 12.8987 2.71105
4.61806 9.42679 2.71074
4.625 8.71355 2.71042
4.63194 6.65618 2.71011
4.63889 5.49506 2.7098
4.64583 11.8422 2.70949
4.65278 18.8409 2.70918
4.65972 22.3102 2.70887
4.66667 20.9174 2.70856
4.67361 15.8717 2.70825
4.68056 10.7373 2.70794
4.6875 9.03937 2.70763
4.69444 8.15169 2.70732
4.70139 5.36385 2.70701
4.70833 7.8991 2.7067
4.71528 15.4294 2.70639
4.72222 21.1426 2.70608
4.72917 22.345 2.70576
4.73611 18.8698 2.70545
4.74306 13.1457 2.70514
4.75 9.48198 2.70483
4.75694 8.92186 2.70452
4.76389 7.03613 2.70421
4.77083 5.28945 2.7039
4.77778 11.3715 2.70359
4.78472 18.6293 2.70328
4.79167 22.4362 2.70297
4.79861 21.2689 2.70266
4.80556 16.2128 2.70235
4.8125 10.8591 2.70204
4.81944 9.13113 2.70173
4.82639 8.49492 2.70142
4.83333 5.64959 2.7011
4.84028 7.43662 2.70079
4.84722 15.0389 2.70048
4.85417 21.0764 2.70017
4.86111 22.587 2.69986
4.86806 19.2381 2.69955
4.875 13.3858 2.69924
4.88194 9.52931 2.69893
4.88889 9.1396 2.69862
4.89583 7.47278 2.69831
4.90278 5.18985 2.698
4.90972 10.869 2.69769
4.91667 18.3632 2.69738
4.92361 22.5125 2.69707
4.93056 21.5879 2.69676
4.9375 16.5404 2.69644
4.94444 10.9747 2.69613
4.95139 9.21982 2.69582
4.95833 8.8659 2.69551
4.96528 6.04012 2.6952
4.97222 6.99594 2.69489
4.97917 14.6008 2.69458
4.98611 20.9554 2.69427
4.99306 22.7859 2.69396
5 19.5828 2.69365
5.00694 13.6181 2.69334
5.01389 9.56917 2.69303
5.02083 9.36685 2.69272
5.02778 7.96262 2.69241
5.03472 5.22349 2.6921
5.04167 10.3418 2.69178
5.04861 18.0427 2.69147
5.05556 22.5373 2.69116
5.0625 21.8722 2.69085
5.06944 16.8529 2.69054
5.07639 11.0841 2.69023
5.08333 9.30592 2.68992
5.09028 9.26344 2.68961
5.09722 6.52879 2.6893
5.10417 6.60128 2.68899
5.11111 14.1179 2.68868
5.11806 20.7786 2.68837
5.125 22.9396 2.68806
5.13194 19.9018 2.68775
5.13889 13.8417 2.68744
5.14583 9.60198 2.68713
5.15278 9.60364 2.68681
5.15972 8.50174 2.68711
5.16667 5.40879 2.68817
5.17361 9.7996 2.68924
5.18056 17.6683 2.6903
5.1875 22.5092 2.69136
5.19444 22.1196 2.69243
5.20139 17.1485 2.69349
5.20833 11.1871 2.69456
5.21528 9.38993 2.69562
5.22222 9.68619 2.69668
5.22917 7.10644 2.69775
5.23611 6.28323 2.69881
5.24306 13.5939 2.69987
5.25 20.5455 2.70094
5.25694 23.046 2.702
5.26389 20.193 2.70306
5.27083 14.0554 2.70413
5.27778 9.62816 2.70519
5.28472 9.84995 2.70625
5.29167 9.08609 2.70732
5.29861 5.75105 2.70838
5.30556 9.25528 2.70944
5.3125 17.2412 2.71051
5.31944 22.4265 2.71157
5.32639 22.3276 2.71263
5.33333 17.4253 2.7137
5.34028 11.2836 2.71476
5.34722 9.47243 2.71582
5.35417 10.1327 2.71689
5.36111 7.7632 2.71795
5.36806 6.0775 2.71902
5.375 13.0336 2.72008
5.38194 20.2556 2.72114
5.38889 23.1031 2.72221
5.39583 20.4542 2.72327
5.40278 14.2581 2.72433
5.40972 9.64818 2.7254
5.41667 10.1058 2.72646
5.42361 9.71171 2.72752
5.43056 6.24302 2.72859
5.4375 8.72622 2.72965
5.44444 16.7629 2.73071
5.45139 22.288 2.73178
5.45833 22.4943 2.73284
5.46528 17.6815 2.7339
5.47222 11.3732 2.73497
5.47917 9.55404 2.73603
5.48611 10.6016 2.73709
5.49306 8.48968 2.73816
5.5 6.02031 2.73922
5.50694 12.4439 2.74028
5.51389 19.9086 2.74135
5.52083 23.109 2.74241
5.52778 20.6831 2.74348
5.53472 14.4483 2.74454
5.54167 9.66253 2.7456
5.54861 10.371 2.74667
5.55556 10.3749 2.74773
5.5625 6.86952 2.74879
5.56944 8.23535 2.74986
5.57639 16.2356 2.75092
5.58333 22.0924 2.75198
5.59028 22.6171 2.75305
5.59722 17.915 2.75411
5.60417 11.4556 2.75517
5.61111 9.63549 2.75624
5.61806 11.0913 2.7573
5.625 9.27746 2.75836
5.63194 6.14073 2.75943
5.63889 11.8335 2.76049
5.64583 19.5049 2.76155
5.65278 23.0619 2.76262
5.65972 20.8775 2.76368
5.66667 14.6248 2.76475
5.67361 9.67172 2.76581
5.68056 10.6458 2.76687
5.6875 11.0721 2.76794
5.69444 7.61262 2.769
5.70139 7.81215 2.77006
5.70833 15.6628 2.77113
5.71528 21.8388 2.77219
5.72222 22.6941 2.77325
5.72917 18.1239 2.77432
5.73611 11.5303 2.77538
5.74306 9.71757 2.77644
5.75 11.6005 2.77751
5.75694 10.1193 2.77857
5.76389 6.453 2.77963
5.77083 11.2146 2.7807
5.77778 19.0451 2.78176
5.78472 22.9599 2.78282
5.79167 21.035 2.78389
5.79861 14.7861 2.78495
5.80556 9.67634 2.78601
5.8125 10.93 2.78708
5.81944 11.8003 2.78715
5.82639 8.45525 2.78718
5.83333 7.49246 2.78722
5.84028 15.0489 2.78725
5.84722 21.5264 2.78729
5.85417 22.723 2.78732
5.86111 18.306 2.78736
5.86806 11.5968 2.78739
5.875 9.80116 2.78742
5.88194 12.1277 2.78746
5.88889 11.009 2.78749
5.89583 6.95413 2.78753
5.90278 10.603 2.78756
5.90972 18.5304 2.7876
5.91667 22.8017 2.78763
5.92361 21.1535 2.78767
5.93056 14.9306 2.7877
5.9375 9.67697 2.78773
5.94444 11.2237 2.78777
5.95139 12.5566 2.7878
5.95833 9.38276 2.78784
5.96528 7.31587 2.78787
5.97222 14.4 2.78791
5.97917 21.1548 2.78794
5.98611 22.7018 2.78798
5.99306 18.4593 2.78801
6 11.6546 2.78804
6.00694 9.88723 2.78808
6.01389 12.6718 2.78811
6.02083 11.9414 2.78815
6.02778 7.62794 2.78818
6.03472 10.0199 2.78822
6.04167 17.9628 2.78825
6.04861 22.5856 2.78829
6.05556 21.2307 2.78832
6.0625 15.0567 2.78835
6.06944 9.67428 2.78839
6.07639 11.527 2.78842
6.08333 13.3383 2.78846
6.09028 10.3832 2.78849
6.09722 7.31969 2.78853
6.10417 13.7242 2.78856
6.11111 20.7239 2.7886
6.11806 22.6284 2.78863
6.125 18.5815 2.78866
6.13194 11.7031 2.7887
6.13889 9.97686 2.78873
6.14583 13.2316 2.78877
6.15278 12.912 2.7888
6.15972 8.45227 2.78884
6.16667 9.49282 2.78887
6.17361 17.345 2.78891
6.18056 22.3105 2.78894
6.1875 21.2643 2.78897
6.19444 15.1627 2.78901
6.20139 9.66899 2.78904
6.20833 11.8401 2.78908
6.21528 14.1432 2.78911
6.22222 11.4469 2.78915
6.22917 7.53054 2.78918
6.23611 13.0326 2.78922
6.24306 20.234 2.78925
6.25 22.5009 2.78928
6.25694 18.6707 2.78932
6.26389 11.7415 2.78935
6.27083 10.0712 2.78939
6.27778 13.806 2.78942
6.28472 13.9171 2.78946
6.29167 9.40474 2.78949
6.29861 9.05617 2.78953
6.30556 16.6812 2.78956
6.3125 21.9753 2.78959
6.31944 21.2522 2.78963
6.32639 15.2469 2.78966
6.33333 9.6619 2.7897
6.34028 12.1632 2.78973
6.34722 14.9691 2.78977
6.35417 12.5662 2.7898
6.36111 7.95799 2.78984
6.36806 12.3399 2.78987
6.375 19.686 2.7899
6.38194 22.3177 2.78994
6.38889 18.7246 2.78997
6.39583 11.7693 2.79001
6.40278 10.1717 2.79004
6.40972 14.3941 2.79008
6.41667 14.9533 2.79011
6.42361 10.4657 2.79015
6.43056 8.75022 2.79018
6.4375 15.9767 2.79021
6.44444 21.5795 2.79025
6.45139 21.1924 2.79028
6.45833 15.3078 2.79032
6.46528 9.65388 2.79035
6.47222 12.4966 2.79039
6.47917 15.8142 2.79042
6.48611 13.735 2.79046
6.49306 8.59427 2.79049
6.5 11.6659 2.79052
6.50694 19.0815 2.79056
6.51389 22.0771 2.79059
6.52083 18.7411 2.79063
6.52778 11.7857 2.79066
6.53472 10.2795 2.7907
6.54167 14.995 2.79073
6.54861 16.0178 2.79077
6.55556 11.6191 2.7908
6.5625 8.61718 2.79083
6.56944 15.2392 2.79087
6.57639 21.1226 2.7909
6.58333 21.0827 2.79094
6.59028 15.3435 2.79097
6.59722 9.64592 2.79143
6.60417 12.8407 2.79225
6.61111 16.6768 2.79307
6.61806 14.9481 2.79389
6.625 9.41976 2.79471
6.63194 11.0363 2.79552
6.63889 18.423 2.79634
6.64583 21.7778 2.79716
6.65278 18.7183 2.79798
6.65972 11.7901 2.7988
6.66667 10.3962 2.79962
6.67361 15.6082 2.80044
6.68056 17.1079 2.80126
6.6875 12.8523 2.80208
6.69444 8.69406 2.8029
6.70139 14.4789 2.80372
6.70833 20.6048 2.80453
6.71528 20.9214 2.80535
6.72222 15.3524 2.80617
6.72917 9.63915 2.80699
6.73611 13.196 2.80781
6.74306 17.5553 2.80863
6.75 16.2013 2.80945
6.75694 10.4101 2.81027
6.76389 10.4844 2.81109
6.77083 17.7141 2.81191
6.77778 21.4187 2.81272
6.78472 18.6543 2.81354
6.79167 11.7819 2.81436
6.79861 10.5235 2.81518
6.80556 16.233 2.816
6.8125 18.2214 2.81682
6.81944 14.1551 2.81764
6.82639 9.00434 2.81846
6.83333 13.7098 2.81928
6.84028 20.0268 2.8201
6.84722 20.7068 2.82091
6.85417 15.333 2.82173
6.86111 9.63483 2.82255
6.86806 13.5629 2.82337
6.875 18.4483 2.82419
6.88194 17.4909 2.82501
6.88889 11.5417 2.82583
6.89583 10.0506 2.82665
6.90278 16.96 2.82747
6.90972 20.999 2.82829
6.91667 18.5471 2.8291
6.92361 11.7606 2.82992
6.93056 10.663 2.83074
6.9375 16.869 2.83156
6.94444 19.3563 2.83238
6.95139 15.5196 2.8332
6.95833 9.55314 2.83402
6.96528 12.9506 2.83484
6.97222 19.39 2.83566
6.97917 20.4374 2.83648
6.98611 15.2837 2.8373
6.99306 9.6344 2.83811
7 13.9421 2.83893
7.00694 19.3548 2.83975
7.01389 18.8138 2.84057
7.02083 12.7937 2.84139
7.02778 9.78048 2.84221
7.03472 16.168 2.84303
7.04167 20.5184 2.84385
7.04861 18.3952 2.84467
7.05556 11.726 2.84549
7.0625 10.8165 2.8463
7.06944 17.5158 2.84712
7.07639 20.5106 2.84794
7.08333 16.9393 2.84876
7.09028 10.3287 2.84958
7.09722 12.2263 2.8504
7.10417 18.6969 2.85122
7.11111 20.112 2.85204
7.11806 15.2034 2.85286
7.125 9.63952 2.85368
7.13194 14.3344 2.85449
7.13889 20.2736 2.85452
7.14583 20.1671 2.8516
7.15278 14.1493 2.84868
7.15972 9.71902 2.84576
7.16667 15.3479 2.84284
7.17361 19.9771 2.83991
7.18056 18.1971 2.83699
7.1875 11.6778 2.83407
7.19444 10.986 2.83115
7.20139 18.1733 2.82823
7.20833 21.6827 2.82531
7.21528 18.4089 2.82239
7.22222 11.3088 2.81947
7.22917 11.5696 2.81655
7.23611 17.951 2.81363
7.24306 19.7298 2.8107
7.25 15.0908 2.80778
7.25694 9.65211 2.80486
7.26389 14.7404 2.80194
7.27083 21.2037 2.79902
7.27778 21.5483 2.7961
7.28472 15.5949 2.79318
7.29167 9.90197 2.79026
7.29861 14.5135 2.78734
7.30556 19.3758 2.78442
7.3125 17.9516 2.7815
7.31944 11.6162 2.77857
7.32639 11.1733 2.77565
7.33333 18.8414 2.77273
7.34028 22.871 2.76981
7.34722 19.9239 2.76689
7.35417 12.4675 2.76397
7.36111 11.0219 2.76105
7.36806 17.1577 2.75813
7.375 19.2903 2.75521
7.38194 14.9452 2.75229
7.38889 9.67434 2.74937
7.39583 15.1612 2.74644
7.40278 22.1444 2.74352
7.40972 22.9551 2.7406
7.41667 17.1198 2.73768
7.42361 10.3478 2.73476
7.43056 13.6836 2.73184
7.4375 18.7163 2.72892
7.44444 17.6579 2.726
7.45139 11.5419 2.72308
7.45833 11.3806 2.72016
7.46528 19.5201 2.71724
7.47222 24.074 2.71431
7.47917 21.4803 2.71139
7.48611 13.7801 2.70847
7.49306 10.6319 2.70555
7.5 16.3245 2.70263
7.50694 18.7936 2.69971
7.51389 14.7661 2.69679
7.52083 9.70871 2.69387
7.52778 15.5977 2.69095
7.53472 23.0949 2.68803
7.54167 24.3853 2.68511
7.54861 18.7152 2.68218
7.55556 11.0548 2.67926
7.5625 12.8835 2.67634
7.56944 18.0015 2.67342
7.57639 17.3157 2.6705
7.58333 11.4556 2.66758
7.59028 11.6099 2.66466
7.59722 20.2096 2.66174
7.60417 25.2904 2.65882
7.61111 23.0749 2.6559
7.61806 15.2249 2.65297
7.625 10.4516 2.65005
7.63194 15.4619 2.64713
7.63889 18.2406 2.64421
7.64583 14.5536 2.64129
7.65278 9.75806 2.63837
7.65972 16.051 2.63998
7.66667 24.0548 2.6433
7.67361 25.837 2.64662
7.68056 20.3741 2.64994
7.6875 12.0052 2.65326
