time error errTLE
0 0 0
0.00694444 0.0294452 0.00102703
0.0138889 0.127619 0.00205406
0.0208333 0.254318 0.00308108
0.0277778 0.366249 0.00410811
0.0347222 0.447794 0.00513514
0.0416667 0.465958 0.00616217
0.0486111 0.435763 0.0071892
0.0555556 0.367967 0.00821622
0.0625 0.298892 0.00924325
0.0694444 0.273637 0.0102703
0.0763889 0.342605 0.0112973
0.0833333 0.541959 0.0123243
0.0902778 0.752238 0.0133514
0.0972222 0.884074 0.0143784
0.104167 0.899907 0.0154054
0.111111 0.820714 0.0164324
0.118056 0.70734 0.0174595
0.125 0.609433 0.0184865
0.131944 0.548144 0.0195135
0.138889 0.555435 0.0205406
0.145833 0.739887 0.0215676
0.152778 1.0479 0.0225946
0.159722 1.28966 0.0236216
0.166667 1.36703 0.0246487
0.173611 1.265 0.0256757
0.180556 1.08686 0.0267027
0.1875 0.932624 0.0277298
0.194444 0.83824 0.0287568
0.201389 0.790538 0.0297838
0.208333 0.887088 0.0308108
0.215278 1.22913 0.0318379
0.222222 1.60759 0.0328649
0.229167 1.81053 0.0338919
0.236111 1.7613 0.0349189
0.243056 1.53139 0.035946
0.25 1.28812 0.036973
0.256944 1.14024 0.038
0.263889 1.05615 0.0390271
0.270833 1.0487 0.0400561
0.277778 1.31629 0.0411803
0.284722 1.79922 0.0423044
0.291667 2.17661 0.0434286
0.298611 2.26225 0.0445527
0.305556 2.04386 0.0456769
0.3125 1.70938 0.046801
0.319444 1.46223 0.0479252
0.326389 1.3401 0.0490493
0.333333 1.26419 0.0501735
0.340278 1.37766 0.0512977
0.347222 1.86039 0.0524218
0.354167 2.4141 0.053546
0.361111 2.70072 0.0546701
0.368056 2.59719 0.0557943
0.375 2.21698 0.0569184
0.381944 1.83661 0.0580426
0.388889 1.6348 0.0591667
0.395833 1.52582 0.0602909
0.402778 1.49324 0.061415
0.409722 1.83424 0.0625392
0.416667 2.49499 0.0636634
0.423611 3.01904 0.0647875
0.430556 3.12577 0.0659117
0.4375 2.79808 0.0670358
0.444444 2.30383 0.06816
0.451389 1.95726 0.0692841
0.458333 1.8058 0.0704083
0.465278 1.69662 0.0715324
0.472222 1.81322 0.0726566
0.479167 2.43227 0.0737807
0.486111 3.16896 0.0749049
0.493056 3.55217 0.0760291
0.5 3.40554 0.0771532
0.506944 2.87754 0.0782774
0.513889 2.35387 0.0794015
0.520833 2.09414 0.0805257
0.527778 1.95911 0.0816498
0.534722 1.89074 0.082774
0.541667 2.29286 0.0838981
0.548611 3.13355 0.0850223
0.555556 3.81537 0.0861465
0.5625 3.95629 0.0872706
0.569444 3.52735 0.0883948
0.576389 2.87118 0.0895189
0.583333 2.41874 0.0906431
0.590278 2.23688 0.0917672
0.597222 2.09013 0.0928914
0.604167 2.19461 0.0940155
0.611111 2.94386 0.0951397
0.618056 3.87092 0.0962638
0.625 4.36372 0.097388
0.631944 4.18574 0.0985122
0.638889 3.5136 0.0996363
0.645833 2.84101 0.10076
0.652778 2.51943 0.101885
0.659722 2.3581 0.103009
0.666667 2.24335 0.104133
0.673611 2.6921 0.105257
0.680556 3.71392 0.106381
0.6875 4.56446 0.107505
0.694444 4.75293 0.10863
0.701389 4.23167 0.109754
0.708333 3.41239 0.110878
0.715278 2.84772 0.112002
0.722222 2.63492 0.113126
0.729167 2.4473 0.11425
0.736111 2.5231 0.115374
0.743056 3.39463 0.116499
0.75 4.51895 0.117623
0.756944 5.13435 0.118747
0.763889 4.93731 0.119871
0.770833 4.12568 0.120995
0.777778 3.2991 0.122119
0.784722 2.91184 0.123244
0.791667 2.72501 0.124368
0.798611 2.55364 0.125492
0.805556 3.03227 0.126616
0.8125 4.2353 0.12774
0.819444 5.26525 0.128864
0.826389 5.51489 0.129988
0.833333 4.91103 0.131113
0.840278 3.92835 0.132237
0.847222 3.24525 0.133361
0.854167 3.00157 0.134485
0.861111 2.77101 0.135609
0.868056 2.8004 0.136733
0.875 3.78421 0.137858
0.881944 5.11207 0.138982
0.888889 5.86305 0.140106
0.895833 5.65973 0.14123
0.902778 4.71425 0.142354
0.909722 3.72914 0.143478
0.916667 3.27258 0.144603
0.923611 3.06222 0.145727
0.930556 2.82466 0.146851
0.9375 3.3139 0.147975
0.944444 4.69698 0.149099
0.951389 5.91667 0.150223
0.958333 6.24131 0.151347
0.965278 5.56536 0.152472
0.972222 4.41987 0.153596
0.979167 3.61235 0.15472
0.986111 3.33852 0.155844
0.993056 3.0645 0.156968
1 3.02869 0.158092
1.00694 4.1124 0.159217
1.01389 5.64937 0.160341
1.02083 6.54878 0.161465
1.02778 6.35245 0.162589
1.03472 5.27968 0.163713
1.04167 4.13213 0.164837
1.04861 3.60283 0.165961
1.05556 3.37227 0.167086
1.0625 3.06001 0.16821
1.06944 3.53781 0.169334
1.07639 5.09834 0.170458
1.08333 6.51771 0.171582
1.09028 6.93131 0.172706
1.09722 6.19447 0.173831
1.10417 4.88771 0.174955
1.11111 3.95001 0.176079
1.11806 3.64752 0.177203
1.125 3.33131 0.178327
1.13194 3.21071 0.179451
1.13889 4.37913 0.180575
1.14583 6.13 0.1817
1.15278 7.1905 0.182824
1.15972 7.01482 0.183948
1.16667 5.82223 0.185072
1.17361 4.50901 0.186196
1.18056 3.9038 0.18732
1.1875 3.65785 0.188445
1.19444 3.26394 0.189569
1.20139 3.70516 0.190693
1.20833 5.43886 0.191817
1.21528 7.06734 0.192941
1.22222 7.58393 0.194065
1.22917 6.79808 0.195189
1.23611 5.33253 0.196314
1.24306 4.25923 0.197438
1.25 3.93037 0.198562
1.25694 3.5754 0.199686
1.26389 3.34997 0.201953
1.27083 4.5845 0.205892
1.27778 6.55314 0.20983
1.28472 7.78714 0.213769
1.29167 7.64609 0.217708
1.29861 6.34206 0.221647
1.30556 4.86064 0.225585
1.3125 4.17668 0.229524
1.31944 3.92181 0.233463
1.32639 3.44143 0.237401
1.33333 3.81758 0.24134
1.34028 5.71814 0.245279
1.34722 7.56457 0.249217
1.35417 8.19817 0.253156
1.36111 7.37582 0.257095
1.36806 5.75489 0.261034
1.375 4.54094 0.264972
1.38194 4.18893 0.268911
1.38889 3.80107 0.27285
1.39583 3.4509 0.276788
1.40278 4.72886 0.280727
1.40972 6.91808 0.284666
1.41667 8.33761 0.288604
1.42361 8.24546 0.292543
1.43056 6.83922 0.296482
1.4375 5.18787 0.300421
1.44444 4.42266 0.304359
1.45139 4.16716 0.308298
1.45833 3.59828 0.312237
1.46528 3.87731 0.316175
1.47222 5.9359 0.320114
1.47917 8.00845 0.324053
1.48611 8.77298 0.327991
1.49306 7.92719 0.33193
1.5 6.15528 0.335869
1.50694 4.79606 0.339808
1.51389 4.42513 0.343746
1.52083 4.01303 0.347685
1.52778 3.51915 0.351624
1.53472 4.81281 0.355562
1.54167 7.22419 0.359501
1.54861 8.84084 0.36344
1.55556 8.81204 0.367378
1.5625 7.31367 0.371317
1.56944 5.49145 0.375244
1.57639 4.64293 0.379002
1.58333 4.39709 0.38276
1.59028 3.74114 0.386518
1.59722 3.88739 0.390275
1.60417 6.09204 0.394033
1.61111 8.39808 0.397791
1.61806 9.3073 0.401549
1.625 8.45162 0.405306
1.63194 6.53407 0.409064
1.63889 5.02549 0.412822
1.64583 4.64093 0.41658
1.65278 4.21628 0.420338
1.65972 3.56185 0.424095
1.66667 4.83735 0.427853
1.67361 7.47096 0.431611
1.68056 9.29575 0.435369
1.6875 9.34489 0.439126
1.69444 7.76523 0.442884
1.70139 5.77208 0.446642
1.70833 4.83872 0.4504
1.71528 4.61488 0.454157
1.72222 3.87757 0.457915
1.72917 3.85205 0.461673
1.73611 6.18669 0.465431
1.74306 8.73265 0.469188
1.75 9.80001 0.472946
1.75694 8.94843 0.476704
1.76389 6.89156 0.480462
1.77083 5.23008 0.484219
1.77778 4.83841 0.487977
1.78472 4.41612 0.491735
1.79167 3.58799 0.495493
1.79861 4.80399 0.49925
1.80556 7.65802 0.503008
1.8125 9.70132 0.506766
1.81944 9.843 0.510524
1.82639 8.19364 0.514281
1.83333 6.03042 0.518039
1.84028 5.01123 0.521797
1.84722 4.82395 0.525555
1.85417 4.01587 0.529312
1.86111 3.77713 0.53307
1.86806 6.22027 0.536828
1.875 9.01142 0.540586
1.88194 10.25 0.544343
1.88889 9.41685 0.548101
1.89583 7.22793 0.551859
1.90278 5.41066 0.555617
1.90972 5.01968 0.559374
1.91667 4.61804 0.563132
1.92361 3.6087 0.56689
1.93056 4.71498 0.570648
1.9375 7.78521 0.574406
1.94444 10.0565 0.578163
1.95139 10.3053 0.581921
1.95833 8.59853 0.585679
1.96528 6.26702 0.589437
1.97222 5.16171 0.593194
1.97917 5.02782 0.596952
1.98611 4.16496 0.60071
1.99306 3.67083 0.604468
2 6.19356 0.608225
2.00694 9.2338 0.611983
2.01389 10.6561 0.615741
2.02083 9.85606 0.619499
2.02778 7.54327 0.623256
2.03472 5.56804 0.627014
2.04167 5.18693 0.630772
2.04861 4.82757 0.63453
2.05556 3.63732 0.638287
2.0625 4.57361 0.642045
2.06944 7.85261 0.645803
2.07639 10.3605 0.649561
2.08333 10.7307 0.653318
2.09028 8.97942 0.657076
2.09722 6.48239 0.660834
2.10417 5.29143 0.664592
2.11111 5.23001 0.668349
2.11806 4.33397 0.672107
2.125 3.54463 0.675865
2.13194 6.10789 0.679623
2.13889 9.39933 0.68338
2.14583 11.0174 0.687138
2.15278 10.2651 0.690896
2.15972 7.83757 0.694654
2.16667 5.70301 0.698411
2.17361 5.34244 0.702169
2.18056 5.05013 0.705927
2.1875 3.68921 0.709685
2.19444 4.38476 0.713442
2.20139 7.86063 0.7172
2.20833 10.6124 0.720958
2.21528 11.1181 0.724716
2.22222 9.33576 0.728474
2.22917 6.67698 0.732231
2.23611 5.40171 0.735989
2.24306 5.43409 0.739747
2.25 4.53182 0.743505
2.25694 3.41461 0.747948
2.26389 5.96528 0.752585
2.27083 9.5078 0.757223
2.27778 11.3326 0.76186
2.28472 10.6431 0.766498
2.29167 8.11074 0.771135
2.29861 5.81634 0.775773
2.30556 5.48857 0.780411
2.3125 5.2909 0.785048
2.31944 3.78081 0.789686
2.32639 4.15573 0.794323
2.33333 7.81009 0.798961
2.34028 10.8114 0.803598
2.34722 11.4663 0.808236
2.35417 9.66689 0.812874
2.36111 6.85114 0.817511
2.36806 5.49392 0.822149
2.375 5.64354 0.826786
2.38194 4.76665 0.831424
2.38889 3.30261 0.836062
2.39583 5.76881 0.840699
2.40278 9.55922 0.845337
2.40972 11.6008 0.849974
2.41667 10.9889 0.854612
2.42361 8.36256 0.859249
2.43056 5.90877 0.863887
2.4375 5.62774 0.868525
2.44444 5.55459 0.873162
2.45139 3.92811 0.8778
2.45833 3.8976 0.882437
2.46528 7.70239 0.887075
2.47222 10.9571 0.891713
2.47917 11.7742 0.89635
2.48611 9.97207 0.900988
2.49306 7.00518 0.905625
2.5 5.5695 0.910263
2.50694 5.86172 0.9149
2.51389 5.0454 0.919538
2.52083 3.23666 0.924176
2.52778 5.52309 0.928813
2.53472 9.55397 0.933451
2.54167 11.821 0.938088
2.54861 11.3015 0.942726
2.55556 8.59277 0.947364
2.5625 5.98106 0.952001
2.56944 5.76245 0.956639
2.57639 5.84535 0.961276
2.58333 4.14476 0.965914
2.59028 3.62741 0.970551
2.59722 7.53968 0.975189
2.60417 11.049 0.979827
2.61111 12.0408 0.984464
2.61806 10.2505 0.989102
2.625 7.13933 0.993739
2.63194 5.63001 0.998377
2.63889 6.09184 1.00301
2.64583 5.37341 1.00765
2.65278 3.24882 1.01229
2.65972 5.23497 1.01693
2.66667 9.49285 1.02156
2.67361 11.9924 1.0262
2.68056 11.5797 1.03084
2.6875 8.80099 1.03548
2.69444 6.03396 1.04012
2.70139 5.89526 1.04475
2.70833 6.16666 1.04939
2.71528 4.44045 1.05403
2.72222 3.37124 1.05867
2.72917 7.32519 1.0633
2.73611 11.0872 1.06794
2.74306 12.2648 1.07258
2.75 10.5013 1.07722
2.75694 7.25379 1.08185
2.76389 5.67708 1.08649
2.77083 6.33685 1.09113
2.77778 5.75432 1.09577
2.78472 3.3694 1.1004
2.79167 4.91486 1.10504
2.79861 9.37726 1.10968
2.80556 12.1144 1.11432
2.8125 11.8226 1.11895
2.81944 8.98677 1.12359
2.82639 6.06826 1.12823
2.83333 6.02881 1.13287
2.84028 6.52122 1.1375
2.84722 4.82017 1.14214
2.85417 3.16753 1.14678
2.86111 7.06363 1.15142
2.86806 11.0717 1.15605
2.875 12.4454 1.16069
2.88194 10.7236 1.16533
2.88889 7.34867 1.16997
2.89583 5.71252 1.17461
2.90278 6.59944 1.17924
2.90972 6.19016 1.1858
2.91667 3.61907 1.19245
2.92361 4.57852 1.1991
2.93056 9.20933 1.20575
2.9375 12.1865 1.2124
2.94444 12.0289 1.21904
2.95139 9.14962 1.22569
2.95833 6.08476 1.23234
2.96528 6.16575 1.23899
2.97222 6.91105 1.24564
2.97917 5.28475 1.25229
2.98611 3.0672 1.25893
2.99306 6.76182 1.26558
3 11.0034 1.27223
3.00694 12.5815 1.27888
3.01389 10.9165 1.28553
3.02083 7.42405 1.29217
3.02778 5.73829 1.29882
3.03472 6.88197 1.30547
3.04167 6.68153 1.31212
3.04861 4.00429 1.31877
3.05556 4.25003 1.32542
3.0625 8.99225 1.33206
3.06944 12.2084 1.33871
3.07639 12.1976 1.34536
3.08333 9.28897 1.35201
3.09028 6.08433 1.35866
3.09722 6.30877 1.36531
3.10417 7.33744 1.37195
3.11111 5.83193 1.3786
3.11806 3.12389 1.38525
3.125 6.42966 1.3919
3.13194 10.8834 1.39855
3.13889 12.6725 1.40519
3.14583 11.0789 1.41184
3.15278 7.47998 1.41849
3.15972 5.75656 1.42514
3.16667 7.18649 1.43179
3.17361 7.22796 1.43844
3.18056 4.51933 1.44508
3.1875 3.96512 1.45173
3.19444 8.73057 1.45838
3.20139 12.1801 1.46503
3.20833 12.3277 1.47168
3.21528 9.40421 1.47832
3.22222 6.06793 1.48497
3.22917 6.46054 1.49162
3.23611 7.80109 1.49827
3.24306 6.45768 1.50492
3.25 3.37335 1.51157
3.25694 6.08148 1.51821
3.26389 10.7137 1.52486
3.27083 12.7178 1.53151
3.27778 11.2099 1.53816
3.28472 7.51652 1.54481
3.29167 5.76974 1.55146
3.29861 7.51469 1.5581
3.30556 7.8282 1.56475
3.3125 5.15211 1.5714
3.31944 3.77333 1.57805
3.32639 8.43074 1.5847
3.33333 12.1023 1.59134
3.34028 12.4183 1.59799
3.34722 9.49475 1.60464
3.35417 6.03665 1.61129
3.36111 6.62374 1.61794
3.36806 8.30218 1.62459
3.375 7.15726 1.63123
3.38194 3.81913 1.63788
3.38889 5.73782 1.64453
3.39583 10.4972 1.65118
3.40278 12.717 1.65783
3.40972 11.3085 1.66448
3.41667 7.53371 1.67112
3.42361 5.78049 1.67777
3.43056 7.86796 1.68442
3.4375 8.48054 1.69107
3.44444 5.88933 1.69772
3.45139 3.73318 1.70436
3.45833 8.10181 1.71101
3.46528 11.9759 1.71766
3.47222 12.4686 1.72431
3.47917 9.55997 1.73096
3.48611 5.99173 1.73761
3.49306 6.80096 1.74425
3.5 8.8405 1.7509
3.50694 7.92586 1.75755
3.51389 4.44006 1.7642
3.52083 5.42764 1.77085
3.52778 10.2381 1.77749
3.53472 12.67 1.78414
3.54167 11.374 1.79079
3.54861 7.53164 1.79744
3.55556 5.79178 1.80409
3.5625 8.24737 1.81074
3.56944 9.18295 1.81738
3.57639 6.71912 1.82403
3.58333 3.89523 1.83068
3.59028 7.75636 1.83733
3.59722 11.8026 1.84398
3.60417 12.478 1.85063
3.61111 9.5993 1.85727
3.61806 5.93464 1.86392
3.625 6.99472 1.87057
3.63194 9.41553 1.87722
3.63889 8.75896 1.88387
3.64583 5.20781 1.89051
3.65278 5.18973 1.89716
3.65972 9.94226 1.90381
3.66667 12.5773 1.91046
3.67361 11.4056 1.91711
3.68056 7.51048 1.92376
3.6875 5.8069 1.9304
3.69444 8.65372 1.93705
3.70139 9.93333 1.9437
3.70833 7.63183 1.95035
3.71528 4.2813 1.957
3.72222 7.4117 1.96364
3.72917 11.5851 1.97029
3.73611 12.4461 1.97694
3.74306 9.61224 1.98359
3.75 5.86717 1.99024
3.75694 7.20743 1.99689
3.76389 10.0265 2.00353
3.77083 9.65248 2.01018
3.77778 6.09769 2.01683
3.78472 5.07133 2.02348
3.79167 9.61779 2.03013
3.79861 12.4398 2.03678
3.80556 11.4027 2.04342
3.8125 7.47053 2.05007
3.81944 5.82946 2.05672
3.82639 9.08759 2.06337
3.83333 10.7296 2.07002
3.84028 8.61984 2.07666
3.84722 4.88018 2.08331
3.85417 7.09125 2.08996
3.86111 11.3271 2.09661
3.86806 12.373 2.10326
3.875 9.59843 2.10991
3.88194 5.79145 2.11655
3.88889 7.44137 2.1232
3.89583 10.6727 2.12985
3.90278 10.6028 2.1365
3.90972 7.09139 2.14315
3.91667 5.1208 2.1498
3.92361 9.2757 2.15644
3.93056 12.2589 2.16309
3.9375 11.3648 2.16974
3.94444 7.41226 2.17639
3.95139 5.86338 2.18304
3.95833 9.5494 2.18968
3.96528 11.5696 2.19633
3.97222 9.67719 2.20298
3.97917 5.66287 2.20963
3.98611 6.82552 2.21628
3.99306 11.034 2.22293
4 12.2589 2.22957
4.00694 9.55768 2.23622
4.01389 5.71013 2.24287
4.02083 7.69866 2.24952
4.02778 11.353 2.25617
4.03472 11.6067 2.26281
4.04167 8.17597 2.26946
4.04861 5.37476 2.27611
4.05556 8.93086 2.28276
4.0625 12.0372 2.28941
4.06944 11.292 2.29606
4.07639 7.33641 2.3027
4.08333 5.91289 2.30935
4.09028 10.0394 2.316
4.09722 12.4514 2.32265
4.10417 10.7991 2.3293
4.11111 6.59886 2.33595
4.11806 6.65195 2.34259
4.125 10.7132 2.34924
4.13194 12.105 2.35589
4.13889 9.49004 2.36254
4.14583 5.62644 2.36919
4.15278 7.98128 2.37583
4.15972 12.0666 2.38248
4.16667 12.6612 2.3891
4.17361 9.3423 2.39513
4.18056 5.84722 2.40115
4.1875 8.60294 2.40718
4.19444 11.7784 2.41321
4.20139 11.1845 2.41923
4.20833 7.24412 2.42526
4.21528 5.98244 2.43129
4.22222 10.5578 2.43731
4.22917 13.3732 2.44334
4.23611 11.9818 2.44936
4.24306 7.66347 2.45539
4.25 6.6119 2.46142
4.25694 10.3745 2.46744
4.26389 11.9129 2.47347
4.27083 9.39594 2.4795
4.27778 5.54437 2.48552
4.28472 8.29103 2.49155
4.29167 12.8124 2.49757
4.29861 13.764 2.5036
4.30556 10.5838 2.50963
4.3125 6.52961 2.51565
4.31944 8.31726 2.52168
4.32639 11.4873 2.52771
4.33333 11.0432 2.53373
4.34028 7.13699 2.53976
4.34722 6.07659 2.54578
4.35417 11.1046 2.55181
4.36111 14.3332 2.55784
4.36806 13.2221 2.56386
4.375 8.83875 2.56989
4.38194 6.74415 2.57591
4.38889 10.0312 2.58194
4.39583 11.6852 2.58797
4.40278 9.2763 2.59399
4.40972 5.46877 2.60002
4.41667 8.62955 2.60605
4.42361 13.5897 2.61207
4.43056 14.9126 2.6181
4.4375 11.8956 2.62412
4.44444 7.4003 2.63015
4.45139 8.10501 2.63618
4.45833 11.1713 2.6422
4.46528 10.8696 2.64823
4.47222 7.01731 2.65426
4.47917 6.19994 2.66028
4.48611 11.6799 2.66631
4.49306 15.33 2.67233
4.5 14.5171 2.67836
4.50694 10.112 2.68439
4.51389 7.0765 2.69041
4.52083 9.70083 2.69644
4.52778 11.4258 2.70247
4.53472 9.13265 2.70849
4.54167 5.40548 2.71415
4.54861 8.99834 2.71384
4.55556 14.3976 2.71353
4.5625 16.1051 2.71322
4.56944 13.2738 2.71291
4.57639 8.43472 2.7126
4.58333 8.00193 2.71229
4.59028 10.8397 2.71198
4.59722 10.6661 2.71167
4.60417 6.88824 2.71136
4.61111 6.35696 2.71105
4.61806 12.2839 2.71074
4.625 16.3619 2.71042
4.63194 15.8645 2.71011
4.63889 11.4741 2.7098
4.64583 7.62009 2.70949
4.65278 9.40567 2.70918
4.65972 11.1403 2.70887
4.66667 8.96741 2.70856
4.67361 5.3614 2.70825
4.68056 9.39877 2.70794
4.6875 15.2353 2.70763
4.69444 17.3395 2.70732
4.70139 14.7155 2.70701
4.70833 9.6111 2.7067
4.71528 8.0448 2.70639
4.72222 10.5053 2.70608
4.72917 10.4366 2.70576
4.73611 6.75407 2.70545
4.74306 6.55187 2.70514
4.75 12.9165 2.70483
4.75694 17.4277 2.70452
4.76389 17.2622 2.70421
4.77083 12.9186 2.7039
4.77778 8.37004 2.70359
4.78472 9.17327 2.70328
4.79167 10.8362 2.70297
4.79861 8.7841 2.70266
4.80556 5.34444 2.70235
4.8125 9.83209 2.70204
4.81944 16.1022 2.70173
4.82639 18.6141 2.70142
4.83333 16.2178 2.7011
4.84028 10.9121 2.70079
4.84722 8.26586 2.70048
4.85417 10.1848 2.70017
4.86111 10.186 2.69986
4.86806 6.62049 2.69955
4.875 6.7885 2.69924
4.88194 13.5781 2.69893
4.88889 18.5261 2.69862
4.89583 18.7083 2.69831
4.90278 14.4405 2.698
4.90972 9.31115 2.69769
4.91667 9.03574 2.69738
4.92361 10.5238 2.69707
4.93056 8.58769 2.69676
4.9375 5.36336 2.69644
4.94444 10.2995 2.69613
4.95139 16.9978 2.69582
4.95833 19.9273 2.69551
4.96528 17.7787 2.6952
4.97222 12.3246 2.69489
4.97917 8.68697 2.69458
4.98611 9.89921 2.69427
4.99306 9.92172 2.69396
5 6.49494 2.69365
5.00694 7.07021 2.69334
5.01389 14.2687 2.69303
5.02083 19.6561 2.69272
5.02778 20.2009 2.69241
5.03472 16.0359 2.6921
5.04167 10.4244 2.69178
5.04861 9.02756 2.69147
5.05556 10.2167 2.69116
5.0625 8.38503 2.69085
5.06944 5.4274 2.69054
5.07639 10.802 2.69023
5.08333 17.9215 2.68992
5.09028 21.2777 2.68961
5.09722 19.396 2.6893
5.10417 13.8388 2.68899
5.11111 9.31653 2.68868
5.11806 9.6747 2.68837
5.125 9.65347 2.68806
5.13194 6.38689 2.68775
5.13889 7.39987 2.68744
5.14583 14.9886 2.68713
5.15278 20.8167 2.68681
5.15972 21.7383 2.68711
5.16667 17.7016 2.68817
5.17361 11.6912 2.68924
5.18056 9.18151 2.6903
5.1875 9.93226 2.69136
5.19444 8.18529 2.69243
5.20139 5.54575 2.69349
5.20833 11.3408 2.69456
5.21528 18.873 2.69562
5.22222 22.6638 2.69668
5.22917 21.0679 2.69775
5.23611 15.4471 2.69881
5.24306 10.1506 2.69987
5.25 9.54155 2.70094
5.25694 9.3942 2.702
5.26389 6.30801 2.70306
5.27083 7.77982 2.70413
5.27778 15.7382 2.70519
5.28472 22.0069 2.70625
5.29167 23.3189 2.70732
5.29861 19.435 2.70838
5.30556 13.0957 2.70944
5.3125 9.52378 2.71051
5.31944 9.69268 2.71157
5.32639 8.00049 2.71263
5.33333 5.7269 2.7137
5.34028 11.9168 2.71476
5.34722 19.8522 2.71582
5.35417 24.0843 2.71689
5.36111 22.7926 2.71795
5.36806 17.1439 2.71902
5.375 11.1771 2.72008
5.38194 9.53254 2.72114
5.38889 9.16059 2.72221
5.39583 6.27212 2.72327
5.40278 8.21196 2.72433
5.40972 16.518 2.7254
5.41667 23.2261 2.72646
5.42361 24.9412 2.72752
5.43056 21.2337 2.72859
5.4375 14.625 2.72965
5.44444 10.07 2.73071
5.45139 9.52442 2.73178
5.45833 7.84584 2.73284
5.46528 5.97808 2.7339
5.47222 12.5312 2.73497
5.47917 20.8587 2.73603
5.48611 25.5382 2.73709
5.49306 24.5685 2.73816
5.5 18.9245 2.73922
5.50694 12.3804 2.74028
5.51389 9.67943 2.74135
5.52083 8.97343 2.74241
5.52778 6.29473 2.74348
5.53472 8.69781 2.74454
5.54167 17.3284 2.7456
5.54861 24.4736 2.74667
5.55556 26.6039 2.74773
5.5625 23.0956 2.74879
5.56944 16.2689 2.74986
5.57639 10.824 2.75092
5.58333 9.45744 2.75198
5.59028 7.73993 2.75305
5.59722 6.30483 2.75411
5.60417 13.1849 2.75517
5.61111 21.8928 2.75624
5.61806 27.0242 2.7573
5.625 26.3938 2.75836
5.63194 20.7852 2.75943
5.63889 13.7446 2.76049
5.64583 10.0086 2.76155
5.65278 8.85745 2.76262
5.65972 6.39205 2.76368
5.66667 9.23859 2.76475
5.67361 18.1701 2.76581
5.68056 25.7487 2.76687
5.6875 28.3054 2.76794
5.69444 25.0188 2.769
5.70139 18.0193 2.77006
5.70833 11.7804 2.77113
5.71528 9.52289 2.77219
5.72222 7.70424 2.77325
5.72917 6.71089 2.77432
5.73611 13.879 2.77538
5.74306 22.9543 2.77644
5.75 28.5415 2.77751
5.75694 28.267 2.77857
5.76389 22.723 2.77963
5.77083 15.2554 2.7807
5.77778 10.5374 2.78176
5.78472 8.84021 2.78282
5.79167 6.57954 2.78389
5.79861 9.83533 2.78495
5.80556 19.0439 2.78601
5.8125 27.0512 2.78708
5.81944 30.0444 2.78715
5.82639 27.0014 2.78718
5.83333 19.8698 2.78722
5.84028 12.9275 2.78725
5.84722 9.74945 2.78729
5.85417 7.76189 2.78732
5.86111 7.19843 2.78736
5.86806 14.6149 2.78739
5.875 24.0435 2.78742
5.88194 30.089 2.78746
5.88889 30.1866 2.78749
5.89583 24.7351 2.78753
5.90278 16.9008 2.78756
5.90972 11.2725 2.7876
5.91667 8.94985 2.78763
5.92361 6.8704 2.78767
5.93056 10.489 2.7877
5.9375 19.9505 2.78773
5.94444 28.3805 2.78777
5.95139 31.8197 2.7878
5.95833 29.0417 2.78784
5.96528 21.8152 2.78787
5.97222 14.2512 2.78791
5.97917 10.1595 2.78794
5.98611 7.93551 2.78798
5.99306 7.76836 2.78801
6 15.3935 2.78804
6.00694 25.1608 2.78808
6.01389 31.6659 2.78811
6.02083 32.1511 2.78815
6.02778 26.819 2.78818
6.03472 18.6709 2.78822
6.04167 12.2113 2.78825
6.04861 9.21175 2.78829
6.05556 7.2743 2.78832
6.0625 11.2004 2.78835
6.06944 20.8909 2.78839
6.07639 29.7365 2.78842
6.08333 33.6301 2.78846
6.09028 31.1378 2.78849
6.09722 23.8513 2.78853
6.10417 15.7378 2.78856
6.11111 10.7662 2.7886
6.11806 8.24457 2.78863
6.125 8.42078 2.78866
6.13194 16.2162 2.7887
6.13889 26.3065 2.78873
6.14583 33.2714 2.78877
6.15278 34.159 2.7888
6.15972 28.9726 2.78884
6.16667 20.5576 2.78887
6.17361 13.3448 2.78891
6.18056 9.64523 2.78894
6.1875 7.79694 2.78897
6.19444 11.9706 2.78901
6.20139 21.8662 2.78904
6.20833 31.119 2.78908
6.21528 35.4744 2.78911
6.22222 33.2882 2.78915
6.22917 25.9746 2.78918
6.23611 17.3746 2.78922
6.24306 11.5734 2.78925
6.25 8.70314 2.78928
6.25694 9.15543 2.78932
6.26389 17.0843 2.78935
6.27083 27.4811 2.78939
6.27778 34.9049 2.78942
6.28472 36.2089 2.78946
6.29167 31.1937 2.78949
6.29861 22.5546 2.78953
6.30556 14.661 2.78956
6.3125 10.2615 2.78959
6.31944 8.44047 2.78963
6.32639 12.8006 2.78966
6.33333 22.8773 2.7897
6.34028 32.5281 2.78973
6.34722 37.3514 2.78977
6.35417 35.4911 2.7898
6.36111 28.182 2.78984
6.36806 19.1509 2.78987
6.375 12.5771 2.7899
6.38194 9.31887 2.78994
6.38889 9.97192 2.78997
6.39583 17.9993 2.79001
6.40278 28.6854 2.79004
6.40972 36.5659 2.79008
6.41667 38.2993 2.79011
6.42361 33.4805 2.79015
6.43056 24.6563 2.79018
6.4375 16.147 2.79021
6.44444 11.0635 2.79025
6.45139 9.20441 2.79028
6.45833 13.6914 2.79032
6.46528 23.9256 2.79035
6.47222 33.9636 2.79039
6.47917 39.2602 2.79042
6.48611 37.745 2.79046
6.49306 30.4706 2.79049
6.5 21.0578 2.79052
6.50694 13.7682 2.79056
6.51389 10.0935 2.79059
6.52083 10.87 2.79063
6.52778 18.9626 2.79066
6.53472 29.92 2.7907
6.54167 38.2537 2.79073
6.54861 40.4289 2.79077
6.55556 35.8309 2.7908
6.5625 26.8584 2.79083
6.56944 17.791 2.79087
6.57639 12.0479 2.7909
6.58333 10.0867 2.79094
6.59028 14.6443 2.79097
6.59722 25.0123 2.79143
6.60417 35.4259 2.79225
6.61111 41.1997 2.79307
6.61806 40.0481 2.79389
6.625 32.8381 2.79471
6.63194 23.088 2.79552
6.63889 15.1359 2.79634
6.64583 11.0243 2.79716
6.65278 11.8496 2.79798
6.65972 19.9758 2.7988
6.66667 31.1857 2.79962
6.67361 39.968 2.80044
6.68056 42.5962 2.80126
6.6875 38.2431 2.80208
6.69444 29.1572 2.8029
6.70139 19.5827 2.80372
6.70833 13.2074 2.80453
6.71528 11.0846 2.80535
6.72222 15.6606 2.80617
6.72917 26.1388 2.80699
6.73611 36.9152 2.80781
6.74306 43.1691 2.80863
6.75 42.3989 2.80945
6.75694 35.2821 2.81027
6.76389 25.2353 2.81109
6.77083 16.6689 2.81191
6.77778 12.1061 2.81272
6.78472 12.9111 2.81354
6.79167 21.0405 2.81436
6.79861 32.4836 2.81518
6.80556 41.7085 2.816
6.8125 44.8001 2.81682
6.81944 40.7152 2.81764
6.82639 31.5493 2.81846
6.83333 21.5131 2.81928
6.84028 14.5329 2.8201
6.84722 12.1955 2.82091
6.85417 16.7419 2.82173
6.86111 27.3067 2.82255
6.86806 38.4319 2.82337
6.875 45.1674 2.82419
6.88194 44.7957 2.82501
6.88889 37.8004 2.82583
6.89583 27.495 2.82665
6.90278 18.3572 2.82747
6.90972 13.333 2.82829
6.91667 14.055 2.8291
6.92361 22.1585 2.82992
6.93056 33.8146 2.83074
6.9375 43.475 2.83156
6.94444 47.0392 2.83238
6.95139 43.2455 2.8332
6.95833 34.0319 2.83402
6.96528 23.5752 2.83484
6.97222 16.0155 2.83566
6.97917 13.417 2.83648
6.98611 17.8897 2.8373
6.99306 28.5174 2.83811
7 39.9763 2.83893
7.00694 47.1939 2.83975
7.01389 47.2371 2.84057
7.02083 40.3909 2.84139
7.02778 29.8627 2.84221
7.03472 20.1919 2.84303
7.04167 14.6989 2.84385
7.04861 15.2822 2.84467
7.05556 23.3317 2.84549
7.0625 35.1799 2.8463
7.06944 45.2672 2.84712
7.07639 49.3123 2.84794
7.08333 45.8321 2.84876
7.09028 36.6024 2.84958
7.09722 25.7628 2.8504
7.10417 17.647 2.85122
7.11111 14.7474 2.85204
7.11806 19.1059 2.85286
7.125 29.7727 2.85368
7.13194 41.5492 2.85449
7.13889 49.2479 2.85452
7.14583 49.7213 2.8516
7.15278 43.0515 2.84868
7.15972 32.3348 2.84576
7.16667 22.1657 2.84284
7.17361 16.1986 2.83991
7.18056 16.5937 2.83699
7.1875 24.5617 2.83407
7.19444 36.5808 2.83115
7.20139 47.0853 2.82823
7.20833 51.6181 2.82531
7.21528 48.4731 2.82239
7.22222 39.2583 2.81947
7.22917 28.0712 2.81655
7.23611 19.4204 2.81363
7.24306 16.1854 2.8107
7.25 20.3921 2.80778
7.25694 31.0742 2.80486
7.26389 43.1512 2.80194
7.27083 51.3288 2.79902
7.27778 52.2468 2.7961
7.28472 45.7803 2.79318
7.29167 34.9083 2.79026
7.29861 24.2726 2.78734
7.30556 17.8278 2.78442
7.3125 17.9909 2.7815
7.31944 25.8507 2.77857
7.32639 38.0185 2.77565
7.33333 48.9291 2.77273
7.34028 53.9556 2.76981
7.34722 51.1669 2.76689
7.35417 41.9974 2.76397
7.36111 30.4961 2.76105
7.36806 21.33 2.75813
7.375 17.7303 2.75521
7.38194 21.7504 2.75229
7.38889 32.4238 2.74937
7.39583 44.7831 2.74644
7.40278 53.4359 2.74352
7.40972 54.8122 2.7406
7.41667 48.5752 2.73768
7.42361 37.5803 2.73476
7.43056 26.5076 2.73184
7.4375 19.5829 2.72892
7.44444 19.4754 2.726
7.45139 27.2006 2.72308
7.45833 39.4946 2.72016
7.46528 50.799 2.71724
7.47222 56.3237 2.71431
7.47917 53.9115 2.71139
7.48611 44.8173 2.70847
7.49306 33.0342 2.70555
7.5 23.3711 2.70263
7.50694 19.3818 2.69971
7.51389 23.1829 2.69679
7.52083 33.8233 2.69387
7.52778 46.4458 2.69095
7.53472 55.5689 2.68803
7.54167 57.416 2.68511
7.54861 51.4343 2.68218
7.55556 40.3484 2.67926
7.5625 28.8668 2.67634
7.56944 21.4614 2.67342
7.57639 21.0486 2.6705
7.58333 28.6135 2.66758
7.59028 41.0104 2.66466
7.59722 52.6952 2.66174
7.60417 58.7213 2.65882
7.61111 56.7053 2.6559
7.61806 47.716 2.65297
7.625 35.6823 2.65005
7.63194 25.54 2.64713
7.63889 21.14 2.64421
7.64583 24.6915 2.64129
7.65278 35.2747 2.63837
7.65972 48.1401 2.63998
7.66667 57.7272 2.6433
7.67361 60.0565 2.64662
7.68056 54.3556 2.64994
7.6875 43.21 2.65326
