time error errTLE
0 0 0
0.00694444 0.0298799 0.000768757
0.0138889 0.0881479 0.00153751
0.0208333 0.196586 0.00230627
0.0277778 0.403395 0.00307503
0.0347222 0.678602 0.00384378
0.0416667 0.965959 0.00461254
0.0486111 1.20285 0.0053813
0.0555556 1.32618 0.00615005
0.0625 1.31365 0.00691881
0.0694444 1.22282 0.00768757
0.0763889 1.09894 0.00845632
0.0833333 1.03621 0.00922508
0.0902778 1.12593 0.00999384
0.0972222 1.39934 0.0107626
0.104167 1.79486 0.0115314
0.111111 2.21076 0.0123001
0.118056 2.5391 0.0130689
0.125 2.68866 0.0138376
0.131944 2.63255 0.0146064
0.138889 2.44465 0.0153751
0.145833 2.20618 0.0161439
0.152778 2.05278 0.0169126
0.159722 2.11199 0.0176814
0.166667 2.43037 0.0184502
0.173611 2.92872 0.0192189
0.180556 3.46194 0.0199877
0.1875 3.87626 0.0207564
0.194444 4.05044 0.0215252
0.201389 3.95029 0.0222939
0.208333 3.6655 0.0230627
0.215278 3.31253 0.0238315
0.222222 3.06917 0.0246002
0.229167 3.09917 0.025369
0.236111 3.46289 0.0261377
0.243056 4.06293 0.0269065
0.25 4.71208 0.0276752
0.256944 5.21172 0.028444
0.263889 5.41064 0.0292128
0.270833 5.26676 0.0299815
0.277778 4.88537 0.0307503
0.284722 4.41791 0.031519
0.291667 4.08449 0.0322878
0.298611 4.08519 0.0330565
0.305556 4.49402 0.0338253
0.3125 5.19528 0.0345941
0.319444 5.96 0.0353628
0.326389 6.54501 0.0361316
0.333333 6.7691 0.0369003
0.340278 6.58194 0.0376691
0.347222 6.10426 0.0384378
0.354167 5.5223 0.0397899
0.361111 5.09854 0.0411708
0.368056 5.06955 0.0425516
0.375 5.52305 0.0439324
0.381944 6.32514 0.0453132
0.388889 7.20532 0.046694
0.395833 7.87597 0.0480749
0.402778 8.12575 0.0494557
0.409722 7.89581 0.0508365
0.416667 7.32216 0.0522173
0.423611 6.62569 0.0535981
0.430556 6.11127 0.054979
0.4375 6.05207 0.0563598
0.444444 6.54971 0.0577406
0.451389 7.45227 0.0591214
0.458333 8.4479 0.0605022
0.465278 9.20453 0.061883
0.472222 9.48055 0.0632639
0.479167 9.20838 0.0646447
0.486111 8.53907 0.0660255
0.493056 7.72809 0.0664494
0.5 7.12266 0.066806
0.506944 7.03269 0.0671626
0.513889 7.57387 0.0675193
0.520833 8.57656 0.0678759
0.527778 9.68766 0.0682325
0.534722 10.5307 0.0685892
0.541667 10.8335 0.0689458
0.548611 10.5196 0.0693024
0.555556 9.755 0.069659
0.5625 8.82948 0.0700157
0.569444 8.1327 0.0703723
0.576389 8.01136 0.0707289
0.583333 8.59549 0.0710856
0.590278 9.69794 0.0714422
0.597222 10.9246 0.0717988
0.604167 11.8543 0.0721554
0.611111 12.1846 0.0725121
0.618056 11.8296 0.0728687
0.625 10.9699 0.0732253
0.631944 9.92987 0.073582
0.638889 9.14138 0.0739386
0.645833 8.98806 0.0742952
0.652778 9.61453 0.0746518
0.659722 10.8164 0.0750085
0.666667 12.1586 0.0753651
0.673611 13.1756 0.0757217
0.680556 13.5338 0.0760784
0.6875 13.1382 0.076435
0.694444 12.1839 0.0767916
0.701389 11.0293 0.0771482
0.708333 10.1487 0.0775049
0.715278 9.9628 0.0778615
0.722222 10.631 0.0782181
0.729167 11.9319 0.0785748
0.736111 13.3897 0.0789314
0.743056 14.4943 0.079288
0.75 14.8811 0.0796446
0.756944 14.4455 0.0800013
0.763889 13.3968 0.0803579
0.770833 12.1276 0.0807145
0.777778 11.1546 0.0810711
0.784722 10.9356 0.0814278
0.791667 11.6448 0.0817844
0.798611 13.0444 0.082141
0.805556 14.6179 0.0824977
0.8125 15.8105 0.0828543
0.819444 16.2266 0.0832109
0.826389 15.7515 0.0835675
0.833333 14.6088 0.0839242
0.840278 13.225 0.0842808
0.847222 12.1592 0.0846374
0.854167 11.9063 0.0849941
0.861111 12.656 0.0853507
0.868056 14.1539 0.0857073
0.875 15.8432 0.0860639
0.881944 17.1243 0.0864206
0.888889 17.5701 0.0867772
0.895833 17.0561 0.0871338
0.902778 15.8197 0.0874905
0.909722 14.3214 0.0878471
0.916667 13.1625 0.0882037
0.923611 12.8752 0.0885603
0.930556 13.6646 0.088917
0.9375 15.2604 0.0892736
0.944444 17.0655 0.0896302
0.951389 18.4355 0.0899869
0.958333 18.9118 0.0903435
0.965278 18.3594 0.0907001
0.972222 17.0297 0.0910567
0.979167 15.4168 0.0914134
0.986111 14.1643 0.09177
0.993056 13.842 0.0921266
1 14.6706 0.0924833
1.00694 16.364 0.0928399
1.01389 18.2849 0.0931965
1.02083 19.7443 0.0935531
1.02778 20.2515 0.0939098
1.03472 19.6614 0.0942664
1.04167 18.2386 0.094623
1.04861 16.5112 0.0986941
1.05556 15.1649 0.103373
1.0625 14.8069 0.108052
1.06944 15.674 0.112731
1.07639 17.4645 0.117411
1.08333 19.5014 0.12209
1.09028 21.0505 0.126769
1.09722 21.5894 0.131448
1.10417 20.9621 0.136127
1.11111 19.4466 0.140806
1.11806 17.6046 0.142362
1.125 16.164 0.143366
1.13194 15.7698 0.144371
1.13889 16.6747 0.145375
1.14583 18.5621 0.146379
1.15278 20.7149 0.147384
1.15972 22.3542 0.148388
1.16667 22.9253 0.149392
1.17361 22.2614 0.150396
1.18056 20.6536 0.151401
1.1875 18.697 0.152405
1.19444 17.1619 0.153409
1.20139 16.7307 0.154414
1.20833 17.6728 0.155418
1.21528 19.6567 0.156422
1.22222 21.9255 0.157427
1.22917 23.6554 0.158431
1.23611 24.2594 0.159435
1.24306 23.5593 0.16044
1.25 21.8595 0.161444
1.25694 19.7884 0.162448
1.26389 18.1583 0.163453
1.27083 17.6897 0.164457
1.27778 18.6684 0.165461
1.28472 20.7482 0.166466
1.29167 23.1331 0.16747
1.29861 24.9541 0.168474
1.30556 25.5915 0.169479
1.3125 24.856 0.170483
1.31944 23.0645 0.171487
1.32639 20.8787 0.172492
1.33333 19.1534 0.173496
1.34028 18.6467 0.1745
1.34722 19.6613 0.175505
1.35417 21.8368 0.176509
1.36111 24.3378 0.177513
1.36806 26.2502 0.178518
1.375 26.9217 0.179522
1.38194 26.1512 0.180526
1.38889 24.2684 0.181531
1.39583 21.9681 0.182535
1.40278 20.1472 0.183539
1.40972 19.6018 0.184544
1.41667 20.6516 0.185548
1.42361 22.9224 0.186552
1.43056 25.5395 0.187557
1.4375 27.5438 0.188561
1.44444 28.2499 0.189565
1.45139 27.4451 0.190569
1.45833 25.4714 0.191574
1.46528 23.0565 0.192578
1.47222 21.1396 0.193582
1.47917 20.5549 0.194587
1.48611 21.6393 0.195591
1.49306 24.005 0.196595
1.5 26.7383 0.1976
1.50694 28.8349 0.198604
1.51389 29.5762 0.199608
1.52083 28.7377 0.200613
1.52778 26.6733 0.201617
1.53472 24.1439 0.202621
1.54167 22.1307 0.203626
1.54861 21.5061 0.20463
1.55556 22.6245 0.205634
1.5625 25.0846 0.206639
1.56944 27.9341 0.207643
1.57639 30.1234 0.208647
1.58333 30.9006 0.209652
1.59028 30.0289 0.210656
1.59722 27.8742 0.21166
1.60417 25.2303 0.212665
1.61111 23.1205 0.213669
1.61806 22.4553 0.214673
1.625 23.607 0.215678
1.63194 26.1612 0.216682
1.63889 29.1269 0.217686
1.64583 31.4094 0.218691
1.65278 32.2231 0.219695
1.65972 31.3187 0.220699
1.66667 29.0741 0.221704
1.67361 26.3157 0.222708
1.68056 24.1089 0.223712
1.6875 23.4026 0.224717
1.69444 24.587 0.225721
1.70139 27.2348 0.226725
1.70833 30.3168 0.227729
1.71528 32.6928 0.228734
1.72222 33.5436 0.229738
1.72917 32.6072 0.230742
1.73611 30.273 0.231747
1.74306 27.4001 0.232751
1.75 25.0959 0.233755
1.75694 24.3479 0.23476
1.76389 25.5643 0.235764
1.77083 28.3054 0.236768
1.77778 31.5037 0.237773
1.78472 33.9737 0.238777
1.79167 34.8621 0.239781
1.79861 33.8943 0.240786
1.80556 31.4709 0.24179
1.8125 28.4835 0.242794
1.81944 26.0817 0.243799
1.82639 25.2914 0.244803
1.83333 26.5391 0.245807
1.84028 29.373 0.246812
1.84722 32.6876 0.247816
1.85417 35.252 0.24882
1.86111 36.1787 0.249825
1.86806 35.18 0.250829
1.875 32.6678 0.251833
1.88194 29.5658 0.252838
1.88889 27.0661 0.253842
1.89583 26.2328 0.254846
1.90278 27.5113 0.255851
1.90972 30.4377 0.256855
1.91667 33.8686 0.257859
1.92361 36.5277 0.258864
1.93056 37.4934 0.259868
1.9375 36.4644 0.260872
1.94444 33.8636 0.261877
1.95139 30.6472 0.262881
1.95833 28.0491 0.263885
1.96528 27.1724 0.264889
1.97222 28.4809 0.265894
1.97917 31.4993 0.266898
1.98611 35.0466 0.267902
1.99306 37.8009 0.268907
2 38.806 0.269911
2.00694 37.7473 0.270915
2.01389 35.0585 0.27192
2.02083 31.7276 0.272924
2.02778 29.0309 0.273928
2.03472 28.1101 0.274933
2.04167 29.448 0.275937
2.04861 32.558 0.276941
2.05556 36.2216 0.277946
2.0625 39.0715 0.27895
2.06944 40.1167 0.279954
2.07639 39.0289 0.280959
2.08333 36.2523 0.281963
2.09028 32.807 0.282967
2.09722 30.0113 0.283972
2.10417 29.0458 0.284976
2.11111 30.4125 0.28598
2.11806 33.6137 0.286985
2.125 37.3936 0.287989
2.13194 40.3395 0.288993
2.13889 41.4255 0.289998
2.14583 40.3092 0.291002
2.15278 37.4451 0.292006
2.15972 33.8854 0.293011
2.16667 30.9904 0.294015
2.17361 29.9796 0.295019
2.18056 31.3745 0.296024
2.1875 34.6664 0.297028
2.19444 38.5627 0.298032
2.20139 41.605 0.299037
2.20833 42.7322 0.300041
2.21528 41.588 0.301045
2.22222 38.6369 0.302049
2.22917 34.9628 0.303054
2.23611 31.9682 0.304058
2.24306 30.9115 0.305062
2.25 32.3339 0.306067
2.25694 35.7162 0.307071
2.26389 39.7288 0.308075
2.27083 42.8678 0.30908
2.27778 44.037 0.310084
2.28472 42.8654 0.311088
2.29167 39.8276 0.312093
2.29861 36.0393 0.312356
2.30556 32.9446 0.312286
2.3125 31.8416 0.312217
2.31944 33.2907 0.312148
2.32639 36.7629 0.312078
2.33333 40.8918 0.312009
2.34028 44.1281 0.31194
2.34722 45.3398 0.31187
2.35417 44.1415 0.311801
2.36111 41.0173 0.311732
2.36806 37.1147 0.311662
2.375 33.9197 0.311593
2.38194 32.7697 0.311524
2.38889 34.245 0.311454
2.39583 37.8067 0.311385
2.40278 42.052 0.311316
2.40972 45.3857 0.311246
2.41667 46.6406 0.311177
2.42361 45.4161 0.311107
2.43056 42.206 0.311038
2.4375 38.1891 0.310969
2.44444 34.8936 0.310899
2.45139 33.6959 0.31083
2.45833 35.1968 0.310761
2.46528 38.8476 0.310691
2.47222 43.2091 0.310622
2.47917 46.6408 0.310553
2.48611 47.9394 0.310483
2.49306 46.6894 0.310414
2.5 43.3937 0.310345
2.50694 39.2625 0.310275
2.51389 35.8661 0.310206
2.52083 34.6202 0.310137
2.52778 36.146 0.310067
2.53472 39.8854 0.309998
2.54167 44.3632 0.309929
2.54861 47.8933 0.309859
2.55556 49.2363 0.30979
2.5625 47.9612 0.309721
2.56944 44.5804 0.309651
2.57639 40.3349 0.309582
2.58333 36.8373 0.309513
2.59028 35.5426 0.309443
2.59722 37.0927 0.309374
2.60417 40.9203 0.309305
2.61111 45.5143 0.309235
2.61806 49.1432 0.309166
2.625 50.5311 0.309097
2.63194 49.2316 0.309027
2.63889 45.766 0.308958
2.64583 41.4064 0.308889
2.65278 37.8071 0.308819
2.65972 36.4632 0.30875
2.66667 38.0368 0.308681
2.67361 41.9522 0.308611
2.68056 46.6625 0.308542
2.6875 50.3904 0.308473
2.69444 51.8239 0.308403
2.70139 50.5007 0.308334
2.70833 46.9506 0.308265
2.71528 42.4768 0.308195
2.72222 38.7757 0.308126
2.72917 37.3819 0.308057
2.73611 38.9785 0.307987
2.74306 42.9812 0.307918
2.75 47.8076 0.307849
2.75694 51.635 0.307779
2.76389 53.1147 0.30771
2.77083 51.7683 0.307641
2.77778 48.1341 0.307571
2.78472 43.5462 0.307502
2.79167 39.743 0.307433
2.79861 38.2986 0.307363
2.80556 39.9176 0.307294
2.8125 44.0072 0.307225
2.81944 48.9498 0.307155
2.82639 52.8771 0.307086
2.83333 54.4035 0.307017
2.84028 53.0345 0.306947
2.84722 49.3166 0.306878
2.85417 44.6147 0.306809
2.86111 40.7089 0.306739
2.86806 39.2135 0.30667
2.875 40.8542 0.306601
2.88194 45.0303 0.306531
2.88889 50.089 0.306462
2.89583 54.1165 0.306393
2.90278 55.6902 0.306323
2.90972 54.2993 0.306254
2.91667 50.4981 0.306185
2.92361 45.6821 0.306115
2.93056 41.6736 0.306046
2.9375 40.1266 0.305977
2.94444 41.7883 0.305907
2.95139 46.0503 0.305838
2.95833 51.2251 0.305768
2.96528 55.3532 0.305699
2.97222 56.9749 0.30563
2.97917 55.5626 0.30556
2.98611 51.6786 0.305491
2.99306 46.7486 0.305422
3 42.6369 0.305352
3.00694 41.0378 0.305283
3.01389 42.7199 0.305214
3.02083 47.0675 0.305144
3.02778 52.3583 0.305075
3.03472 56.5874 0.305006
3.04167 58.2577 0.304936
3.04861 56.8246 0.304867
3.05556 52.858 0.304798
3.0625 47.814 0.304728
3.06944 43.599 0.304659
3.07639 41.9471 0.30459
3.08333 43.6489 0.30452
3.09028 48.0817 0.304451
3.09722 53.4885 0.304382
3.10417 57.8189 0.304312
3.11111 59.5383 0.304243
3.11806 58.0851 0.304174
3.125 54.0364 0.304104
3.13194 48.8785 0.304035
3.13889 44.5597 0.303966
3.14583 42.8545 0.303896
3.15278 44.5755 0.303827
3.15972 49.0929 0.303758
3.16667 54.6156 0.303688
3.17361 59.0477 0.303619
3.18056 60.817 0.30355
3.1875 59.3441 0.30348
3.19444 55.2137 0.303411
3.20139 49.942 0.303342
3.20833 45.5192 0.303272
3.21528 43.7601 0.303203
3.22222 45.4996 0.303134
3.22917 50.1012 0.303064
3.23611 55.7398 0.302995
3.24306 60.274 0.302926
3.25 62.0935 0.302856
3.25694 60.6018 0.302787
3.26389 56.39 0.302718
3.27083 51.0045 0.302648
3.27778 46.4774 0.302579
3.28472 44.6638 0.30251
3.29167 46.4212 0.30244
3.29861 51.1065 0.302371
3.30556 56.861 0.302302
3.3125 61.4975 0.302232
3.31944 63.3681 0.302163
3.32639 61.858 0.302094
3.33333 57.5653 0.302024
3.34028 52.066 0.303765
3.34722 47.4342 0.306984
3.35417 45.5657 0.310204
3.36111 47.3403 0.313424
3.36806 52.1089 0.316644
3.375 57.9791 0.319864
3.38194 62.7185 0.323083
3.38889 64.6406 0.326303
3.39583 63.1127 0.329523
3.40278 58.7395 0.332743
3.40972 53.1265 0.334862
3.41667 48.3898 0.336046
3.42361 46.4658 0.33723
3.43056 48.257 0.338415
3.4375 53.1084 0.339599
3.44444 59.0943 0.340784
3.45139 63.9367 0.341968
3.45833 65.911 0.343152
3.46528 64.366 0.344337
3.47222 59.9127 0.345521
3.47917 54.186 0.346706
3.48611 49.3441 0.34789
3.49306 47.3639 0.349075
3.5 49.1711 0.350259
3.50694 54.1049 0.351443
3.51389 60.2064 0.352628
3.52083 65.1523 0.353812
3.52778 67.1794 0.354997
3.53472 65.6179 0.356181
3.54167 61.0848 0.357365
3.54861 55.2445 0.35855
3.55556 50.2971 0.359734
3.5625 48.2603 0.360919
3.56944 50.0828 0.362103
3.57639 55.0985 0.363287
3.58333 61.3156 0.364472
3.59028 66.3653 0.365656
3.59722 68.4457 0.366841
3.60417 66.8683 0.368025
3.61111 62.2559 0.36921
3.61806 56.302 0.370394
3.625 51.2488 0.371578
3.63194 49.1548 0.372763
3.63889 50.992 0.373947
3.64583 56.0892 0.375132
3.65278 62.4217 0.376316
3.65972 67.5756 0.3775
3.66667 69.7099 0.378685
3.67361 68.1173 0.379869
3.68056 63.4259 0.381054
3.6875 57.3586 0.382238
3.69444 52.1992 0.383422
3.70139 50.0475 0.384607
3.70833 51.8988 0.385791
3.71528 57.0769 0.386976
3.72222 63.5248 0.38816
3.72917 68.7832 0.389345
3.73611 70.9721 0.390529
3.74306 69.3648 0.391713
3.75 64.5949 0.392898
3.75694 58.4141 0.394082
3.76389 53.1484 0.395267
3.77083 50.9383 0.396451
3.77778 52.803 0.397635
3.78472 58.0617 0.39882
3.79167 64.6249 0.400004
3.79861 69.9881 0.401189
3.80556 72.2321 0.402373
3.8125 70.6108 0.403557
3.81944 65.7628 0.404742
3.82639 59.4687 0.405926
3.83333 54.0962 0.407111
3.84028 51.8273 0.408295
3.84722 53.7049 0.409479
3.85417 59.0436 0.410664
3.86111 65.722 0.411848
3.86806 71.1903 0.413033
3.875 73.4901 0.414217
3.88194 71.8553 0.415402
3.88889 66.9297 0.416586
3.89583 60.5223 0.41777
3.90278 55.0428 0.418955
3.90972 52.7145 0.420139
3.91667 54.6042 0.421324
3.92361 60.0226 0.422508
3.93056 66.8161 0.423692
3.9375 72.3899 0.424877
3.94444 74.746 0.426061
3.95139 73.0984 0.427246
3.95833 68.0955 0.42843
3.96528 61.5748 0.429614
3.97222 55.9881 0.430799
3.97917 53.5999 0.431983
3.98611 55.5012 0.433168
3.99306 60.9986 0.434352
4 67.9072 0.435537
4.00694 73.5868 0.436721
4.01389 75.9998 0.437905
4.02083 74.3401 0.43909
4.02778 69.2603 0.440274
4.03472 62.6264 0.440339
4.04167 56.9322 0.439072
4.04861 54.4834 0.437804
4.05556 56.3957 0.436537
4.0625 61.9718 0.435269
4.06944 68.9952 0.434002
4.07639 74.781 0.432735
4.08333 77.2515 0.431467
4.09028 75.5802 0.4302
4.09722 70.424 0.428932
4.10417 63.677 0.428321
4.11111 57.8749 0.428521
4.11806 55.3652 0.42872
4.125 57.2877 0.42892
4.13194 62.942 0.42912
4.13889 70.0803 0.429319
4.14583 75.9725 0.429519
4.15278 78.5011 0.429719
4.15972 76.8189 0.429918
4.16667 71.5866 0.430118
4.17361 64.7267 0.430318
4.18056 58.8164 0.430517
4.1875 56.2451 0.430717
4.19444 58.1773 0.430916
4.20139 63.9093 0.431116
4.20833 71.1623 0.431316
4.21528 77.1613 0.431515
4.22222 79.7486 0.431715
4.22917 78.056 0.431915
4.23611 72.7482 0.432114
4.24306 65.7753 0.432314
4.25 59.7566 0.432514
4.25694 57.1232 0.432713
4.26389 59.0645 0.432913
4.27083 64.8737 0.433113
4.27778 72.2413 0.433312
4.28472 78.3474 0.433512
4.29167 80.994 0.433712
4.29861 79.2917 0.433911
4.30556 73.9088 0.434111
4.3125 66.823 0.434311
4.31944 60.6956 0.43451
4.32639 57.9995 0.43471
4.33333 59.9492 0.434909
4.34028 65.8352 0.435109
4.34722 73.3173 0.435309
4.35417 79.5308 0.435508
4.36111 82.2373 0.435708
4.36806 80.5259 0.435908
4.375 75.0682 0.436107
4.38194 67.8696 0.436307
4.38889 61.6333 0.436507
4.39583 58.8739 0.436706
4.40278 60.8316 0.436906
4.40972 66.7938 0.437106
4.41667 74.3903 0.437305
4.42361 80.7115 0.437505
4.43056 83.4784 0.437705
4.4375 81.7586 0.437904
4.44444 76.2266 0.438104
4.45139 68.9153 0.438303
4.45833 62.5697 0.438503
4.46528 59.7466 0.438703
4.47222 61.7115 0.438902
4.47917 67.7495 0.439102
4.48611 75.4602 0.439302
4.49306 81.8894 0.439501
4.5 84.7174 0.439701
4.50694 82.9898 0.439901
4.51389 77.384 0.4401
4.52083 69.96 0.4403
4.52778 63.5048 0.4405
4.53472 60.6175 0.440699
4.54167 62.5889 0.440899
4.54861 68.7023 0.441099
4.55556 76.5271 0.441298
4.5625 83.0647 0.441498
4.56944 85.9543 0.441697
4.57639 84.2195 0.441897
4.58333 78.5403 0.442097
4.59028 71.0037 0.442296
4.59722 64.4387 0.442496
4.60417 61.4866 0.442696
4.61111 63.464 0.442895
4.61806 69.6522 0.443095
4.625 77.5911 0.443295
4.63194 84.2372 0.443494
4.63889 87.189 0.443694
4.64583 85.4477 0.443894
4.65278 79.6955 0.444093
4.65972 72.0464 0.444293
4.66667 65.3713 0.444493
4.67361 62.3539 0.444692
4.68056 64.3367 0.444892
4.6875 70.5992 0.445092
4.69444 78.652 0.445291
4.70139 85.407 0.445491
4.70833 88.4216 0.44569
4.71528 86.6744 0.44589
4.72222 80.8496 0.44609
4.72917 73.0882 0.446289
4.73611 66.3027 0.446489
4.74306 63.2194 0.446689
4.75 65.2069 0.446888
4.75694 71.5434 0.447088
4.76389 79.7098 0.447288
4.77083 86.574 0.447487
4.77778 89.652 0.447687
4.78472 87.8996 0.447887
4.79167 82.0027 0.448086
4.79861 74.1289 0.448286
4.80556 67.2328 0.448486
4.8125 64.0831 0.448685
4.81944 66.0748 0.448885
4.82639 72.4846 0.449084
4.83333 80.7647 0.449284
4.84028 87.7384 0.449484
4.84722 90.8803 0.449683
4.85417 89.1232 0.449883
4.86111 83.1547 0.450083
4.86806 75.1687 0.450282
4.875 68.1616 0.450482
4.88194 64.945 0.450682
4.88889 66.9402 0.450881
4.89583 73.4229 0.451081
4.90278 81.8165 0.451281
4.90972 88.9 0.45148
4.91667 92.1064 0.45168
4.92361 90.3453 0.45188
4.93056 84.3056 0.452079
4.9375 76.2075 0.452279
4.94444 69.0892 0.452479
4.95139 65.8052 0.452678
4.95833 67.8033 0.452878
4.96528 74.3584 0.453077
4.97222 82.8653 0.453277
4.97917 90.0588 0.453477
4.98611 93.3304 0.453676
4.99306 91.5659 0.453876
5 85.4555 0.454076
5.00694 77.2453 0.454836
5.01389 70.0156 0.456755
5.02083 66.6635 0.458674
5.02778 68.664 0.460593
5.03472 75.291 0.462513
5.04167 83.9111 0.464432
5.04861 91.2149 0.466351
5.05556 94.5522 0.468271
5.0625 92.785 0.47019
5.06944 86.6043 0.472109
5.07639 78.2822 0.474029
5.08333 70.9407 0.475948
5.09028 67.5201 0.477867
5.09722 69.5223 0.479786
5.10417 76.2208 0.481706
5.11111 84.9538 0.483625
5.11806 92.3683 0.485544
5.125 95.7718 0.487464
5.13194 94.0025 0.489383
5.13889 87.752 0.491302
5.14583 79.3181 0.493222
5.15278 71.8645 0.495141
5.15972 68.3749 0.49706
5.16667 70.3782 0.49898
5.17361 77.1476 0.500899
5.18056 85.9936 0.502818
5.1875 93.5189 0.504737
5.19444 96.9892 0.506657
5.20139 95.2185 0.508576
5.20833 88.8986 0.510495
5.21528 80.3529 0.512415
5.22222 72.7871 0.514334
5.22917 69.2279 0.516253
5.23611 71.2317 0.518173
5.24306 78.0716 0.520092
5.25 87.0303 0.522011
5.25694 94.6668 0.52393
5.26389 98.2045 0.52585
5.27083 96.433 0.527769
5.27778 90.0441 0.529688
5.28472 81.3869 0.531048
5.29167 73.7085 0.531024
5.29861 70.0792 0.531001
5.30556 72.0828 0.530977
5.3125 78.9928 0.530954
5.31944 88.064 0.530931
5.32639 95.8119 0.530907
5.33333 99.4176 0.530884
5.34028 97.6459 0.530861
5.34722 91.1886 0.530837
5.35417 82.4198 0.530814
5.36111 74.6286 0.53079
5.36806 70.9287 0.530767
5.375 72.9316 0.530744
5.38194 79.911 0.53072
5.38889 89.0946 0.530697
5.39583 96.9542 0.530674
5.40278 100.628 0.53065
5.40972 98.8572 0.530627
5.41667 92.332 0.530603
5.42361 83.4517 0.53058
5.43056 75.5474 0.530557
5.4375 71.7764 0.530533
5.44444 73.778 0.53051
5.45139 80.8264 0.530487
5.45833 90.1223 0.530463
5.46528 98.0938 0.53044
5.47222 101.837 0.530416
5.47917 100.067 0.530393
5.48611 93.4743 0.53037
5.49306 84.4827 0.530346
5.5 76.465 0.530323
5.50694 72.6224 0.5303
5.51389 74.622 0.530276
5.52083 81.739 0.530253
5.52778 91.1469 0.530229
5.53472 99.2305 0.530206
5.54167 103.044 0.530183
5.54861 101.275 0.530159
5.55556 94.6155 0.530136
5.5625 85.5127 0.530113
5.56944 77.3814 0.530089
5.57639 73.4665 0.530066
5.58333 75.4637 0.530042
5.59028 82.6487 0.530019
5.59722 92.1685 0.529996
5.60417 100.365 0.529972
5.61111 104.248 0.529949
5.61806 102.482 0.529926
5.625 95.7556 0.529902
5.63194 86.5418 0.529879
5.63889 78.2966 0.529856
5.64583 74.309 0.529832
5.65278 76.303 0.529809
5.65972 83.5555 0.529785
5.66667 93.1871 0.529762
5.67361 101.496 0.529739
5.68056 105.45 0.529715
5.6875 103.687 0.529692
5.69444 96.8946 0.529669
5.70139 87.5698 0.529645
5.70833 79.2105 0.529622
5.71528 75.1497 0.529598
5.72222 77.14 0.529575
5.72917 84.4595 0.529552
5.73611 94.2026 0.529528
5.74306 102.624 0.529505
5.75 106.65 0.529482
5.75694 104.891 0.529458
5.76389 98.0325 0.529435
5.77083 88.5969 0.529411
5.77778 80.1231 0.529388
5.78472 75.9886 0.529365
5.79167 77.9746 0.529341
5.79861 85.3607 0.529318
5.80556 95.2151 0.529295
5.8125 103.75 0.529271
5.81944 107.847 0.529248
5.82639 106.093 0.529224
5.83333 99.1694 0.529201
5.84028 89.623 0.529178
5.84722 81.0346 0.529154
5.85417 76.8257 0.529131
5.86111 78.8068 0.529108
5.86806 86.259 0.529084
5.875 96.2246 0.529061
5.88194 104.873 0.529037
5.88889 109.043 0.529014
5.89583 107.293 0.528991
5.90278 100.305 0.528967
5.90972 90.6481 0.528944
5.91667 81.9448 0.528921
5.92361 77.6611 0.528897
5.93056 79.6367 0.528874
5.9375 87.1545 0.52885
5.94444 97.2311 0.528827
5.95139 105.993 0.528804
5.95833 110.236 0.52878
5.96528 108.492 0.528757
5.97222 101.44 0.528734
5.97917 91.6723 0.52871
5.98611 82.8538 0.528687
5.99306 78.4948 0.528664
6 80.4643 0.52864
6.00694 88.0471 0.528617
6.01389 98.2345 0.528593
6.02083 107.11 0.52857
6.02778 111.427 0.528547
6.03472 109.689 0.528523
6.04167 102.573 0.5285
6.04861 92.6955 0.528541
6.05556 83.7615 0.528866
6.0625 79.3267 0.52919
6.06944 81.2895 0.529515
6.07639 88.9369 0.529839
6.08333 99.235 0.530164
6.09028 108.225 0.530488
6.09722 112.615 0.530813
6.10417 110.885 0.531137
6.11111 103.706 0.531462
6.11806 93.7178 0.531786
6.125 84.668 0.532111
6.13194 80.1569 0.532435
6.13889 82.1124 0.53276
6.14583 89.8239 0.533085
6.15278 100.232 0.533409
6.15972 109.336 0.533734
6.16667 113.802 0.534058
6.17361 112.079 0.534383
6.18056 104.837 0.534707
6.1875 94.739 0.535032
6.19444 85.5733 0.535356
6.20139 80.9853 0.535681
6.20833 82.933 0.536005
6.21528 90.708 0.53633
6.22222 101.227 0.536654
6.22917 110.445 0.536979
6.23611 114.986 0.537303
6.24306 113.271 0.537628
6.25 105.967 0.537953
6.25694 95.7593 0.538277
6.26389 86.4774 0.538602
6.27083 81.812 0.538926
6.27778 83.7512 0.539251
6.28472 91.5894 0.539575
6.29167 102.218 0.5399
6.29861 111.551 0.540224
6.30556 116.168 0.540549
6.3125 114.462 0.540873
6.31944 107.097 0.541198
6.32639 96.7787 0.541561
6.33333 87.3803 0.542148
6.34028 82.637 0.542735
6.34722 84.5671 0.543321
6.35417 92.4679 0.543908
6.36111 103.206 0.544495
6.36806 112.655 0.545082
6.375 117.347 0.545668
6.38194 115.651 0.546255
6.38889 108.225 0.546842
6.39583 97.797 0.547428
6.40278 88.2819 0.548015
6.40972 83.4602 0.548602
6.41667 85.3807 0.549188
6.42361 93.3436 0.549775
6.43056 104.192 0.550362
6.4375 113.755 0.550949
6.44444 118.525 0.551535
6.45139 116.839 0.552122
6.45833 109.351 0.552709
6.46528 98.8144 0.553295
6.47222 89.1824 0.553882
6.47917 84.2817 0.554469
6.48611 86.1919 0.555056
6.49306 94.2164 0.555642
6.5 105.174 0.556229
6.50694 114.853 0.556816
6.51389 119.7 0.557402
6.52083 118.025 0.557989
6.52778 110.477 0.558576
6.53472 99.8309 0.559162
6.54167 90.0816 0.559749
6.54861 85.1015 0.560336
6.55556 87.0009 0.560923
6.5625 95.0865 0.561509
6.56944 106.153 0.562096
6.57639 115.948 0.562683
6.58333 120.873 0.563269
6.59028 119.209 0.563856
6.59722 111.602 0.564443
6.60417 100.846 0.56503
6.61111 90.9796 0.565616
6.61806 85.9195 0.566203
6.625 87.8075 0.56679
6.63194 95.9538 0.567376
6.63889 107.13 0.567963
6.64583 117.04 0.56855
6.65278 122.043 0.569137
6.65972 120.392 0.569723
6.66667 112.726 0.57031
6.67361 101.861 0.570897
6.68056 91.8764 0.571483
6.6875 86.7358 0.57207
6.69444 88.6118 0.572657
6.70139 96.8182 0.573243
6.70833 108.103 0.57383
6.71528 118.129 0.574417
6.72222 123.211 0.575004
6.72917 121.573 0.57559
6.73611 113.848 0.576177
6.74306 102.874 0.576764
6.75 92.772 0.57735
6.75694 87.5504 0.577937
6.76389 89.4138 0.578524
6.77083 97.6799 0.579111
6.77778 109.073 0.579697
6.78472 119.215 0.580284
6.79167 124.377 0.580871
6.79861 122.752 0.581457
6.80556 114.969 0.582044
6.8125 103.887 0.582631
6.81944 93.6663 0.583218
6.82639 88.3632 0.583804
6.83333 90.2134 0.584391
6.84028 98.5387 0.584978
6.84722 110.04 0.585564
6.85417 120.299 0.586151
6.86111 125.541 0.586738
6.86806 123.93 0.587324
6.875 116.09 0.587911
6.88194 104.899 0.588498
6.88889 94.5595 0.589085
6.89583 89.1743 0.589671
6.90278 91.0108 0.590258
6.90972 99.3947 0.590845
6.91667 111.004 0.591431
6.92361 121.379 0.592018
6.93056 126.702 0.592605
6.9375 125.106 0.593192
6.94444 117.209 0.593778
6.95139 105.909 0.594365
6.95833 95.4515 0.594952
6.96528 89.9838 0.595538
6.97222 91.8059 0.596125
6.97917 100.248 0.596712
6.98611 111.966 0.597298
6.99306 122.457 0.597885
7 127.861 0.598472
7.00694 126.281 0.599059
7.01389 118.327 0.599645
7.02083 106.919 0.600232
7.02778 96.3423 0.600819
7.03472 90.7914 0.601405
7.04167 92.5987 0.601992
7.04861 101.098 0.602579
7.05556 112.924 0.603166
7.0625 123.532 0.603752
7.06944 129.018 0.604339
7.07639 127.454 0.604926
7.08333 119.444 0.605512
7.09028 107.928 0.606099
7.09722 97.2319 0.606686
7.10417 91.5974 0.607273
7.11111 93.3891 0.607859
7.11806 101.946 0.608446
7.125 113.879 0.609033
7.13194 124.604 0.609619
7.13889 130.172 0.610206
7.14583 128.625 0.610793
7.15278 120.559 0.611379
7.15972 108.936 0.611966
7.16667 98.1202 0.612553
7.17361 92.4017 0.61314
7.18056 94.1773 0.613726
7.1875 102.791 0.614313
7.19444 114.831 0.6149
7.20139 125.674 0.615486
7.20833 131.324 0.616073
7.21528 129.794 0.61666
7.22222 121.674 0.617247
7.22917 109.942 0.617833
7.23611 99.0074 0.61842
7.24306 93.2043 0.619007
7.25 94.9632 0.619593
7.25694 103.633 0.62018
7.26389 115.78 0.620767
7.27083 126.74 0.621353
7.27778 132.474 0.62194
7.28472 130.962 0.622527
7.29167 122.787 0.623114
7.29861 110.948 0.623706
7.30556 99.8934 0.624627
7.3125 94.0051 0.625548
7.31944 95.7468 0.626469
7.32639 104.472 0.627389
7.33333 116.726 0.62831
7.34028 127.804 0.629231
7.34722 133.621 0.630152
7.35417 132.128 0.631073
7.36111 123.9 0.631993
7.36806 111.953 0.632914
7.375 100.778 0.633835
7.38194 94.8042 0.634756
7.38889 96.5281 0.635677
7.39583 105.309 0.636597
7.40278 117.669 0.637518
7.40972 128.864 0.638439
7.41667 134.766 0.63936
7.42361 133.293 0.640281
7.43056 125.011 0.641201
7.4375 112.957 0.642122
7.44444 101.662 0.643043
7.45139 95.6017 0.643964
7.45833 97.3072 0.644884
7.46528 106.143 0.645805
7.47222 118.609 0.646726
7.47917 129.922 0.647647
7.48611 135.909 0.648568
7.49306 134.456 0.649488
7.5 126.121 0.650409
7.50694 113.96 0.65133
7.51389 102.544 0.652251
7.52083 96.3974 0.653172
7.52778 98.0839 0.654092
7.53472 106.974 0.655013
7.54167 119.546 0.655934
7.54861 130.977 0.656855
7.55556 137.049 0.657776
7.5625 135.617 0.658696
7.56944 127.23 0.659617
7.57639 114.962 0.660538
7.58333 103.426 0.661459
7.59028 97.1914 0.66238
7.59722 98.8584 0.6633
7.60417 107.802 0.664221
7.61111 120.48 0.665142
7.61806 132.029 0.666063
7.625 138.187 0.666984
7.63194 136.776 0.667904
7.63889 128.338 0.668825
7.64583 115.964 0.669746
7.65278 104.306 0.670667
7.65972 97.9838 0.671588
7.66667 99.6306 0.672508
7.67361 108.628 0.673429
7.68056 121.411 0.67435
7.6875 133.079 0.675271
