time error errTLE
0 0 0
0.00694444 0.02988 0.000768757
0.0138889 0.0881482 0.00153751
0.0208333 0.196587 0.00230627
0.0277778 0.403398 0.00307503
0.0347222 0.678608 0.00384378
0.0416667 0.965971 0.00461254
0.0486111 1.20288 0.0053813
0.0555556 1.32623 0.00615005
0.0625 1.31373 0.00691881
0.0694444 1.22295 0.00768757
0.0763889 1.09914 0.00845632
0.0833333 1.03646 0.00922508
0.0902778 1.12623 0.00999384
0.0972222 1.39967 0.0107626
0.104167 1.7952 0.0115314
0.111111 2.21111 0.0123001
0.118056 2.53948 0.0130689
0.125 2.68909 0.0138376
0.131944 2.63306 0.0146064
0.138889 2.44526 0.0153751
0.145833 2.20691 0.0161439
0.152778 2.05363 0.0169126
0.159722 2.11292 0.0176814
0.166667 2.43135 0.0184502
0.173611 2.92973 0.0192189
0.180556 3.46297 0.0199877
0.1875 3.87733 0.0207564
0.194444 4.05159 0.0215252
0.201389 3.95156 0.0222939
0.208333 3.66692 0.0230627
0.215278 3.31413 0.0238315
0.222222 3.07094 0.0246002
0.229167 3.10108 0.025369
0.236111 3.46487 0.0261377
0.243056 4.06495 0.0269065
0.25 4.71413 0.0276752
0.256944 5.21383 0.028444
0.263889 5.41285 0.0292128
0.270833 5.26912 0.0299815
0.277778 4.88794 0.0307503
0.284722 4.42071 0.031519
0.291667 4.08752 0.0322878
0.298611 4.08841 0.0330565
0.305556 4.49734 0.0338253
0.3125 5.19864 0.0345941
0.319444 5.96341 0.0353628
0.326389 6.54848 0.0361316
0.333333 6.7727 0.0369003
0.340278 6.58573 0.0376691
0.347222 6.1083 0.0384378
0.354167 5.52664 0.0397899
0.361111 5.10317 0.0411708
0.368056 5.07442 0.0425516
0.375 5.52804 0.0439324
0.381944 6.33019 0.0453132
0.388889 7.21042 0.046694
0.395833 7.88115 0.0480749
0.402778 8.13108 0.0494557
0.409722 7.90137 0.0508365
0.416667 7.32802 0.0522173
0.423611 6.6319 0.0535981
0.430556 6.11784 0.054979
0.4375 6.05892 0.0563598
0.444444 6.55671 0.0577406
0.451389 7.45934 0.0591214
0.458333 8.45503 0.0605022
0.465278 9.21176 0.061883
0.472222 9.48796 0.0632639
0.479167 9.21605 0.0646447
0.486111 8.54709 0.0660255
0.493056 7.73651 0.0664494
0.5 7.1315 0.066806
0.506944 7.04186 0.0671626
0.513889 7.58323 0.0675193
0.520833 8.58599 0.0678759
0.527778 9.69715 0.0682325
0.534722 10.5403 0.0685892
0.541667 10.8433 0.0689458
0.548611 10.5298 0.0693024
0.555556 9.7655 0.069659
0.5625 8.84045 0.0700157
0.569444 8.14415 0.0703723
0.576389 8.02319 0.0707289
0.583333 8.60754 0.0710856
0.590278 9.71006 0.0714422
0.597222 10.9368 0.0717988
0.604167 11.8667 0.0721554
0.611111 12.1971 0.0725121
0.618056 11.8425 0.0728687
0.625 10.9833 0.0732253
0.631944 9.94373 0.073582
0.638889 9.15577 0.0739386
0.645833 9.00289 0.0742952
0.652778 9.6296 0.0746518
0.659722 10.8315 0.0750085
0.666667 12.1738 0.0753651
0.673611 13.1909 0.0757217
0.680556 13.5494 0.0760784
0.6875 13.1542 0.076435
0.694444 12.2004 0.0767916
0.701389 11.0463 0.0771482
0.708333 10.1664 0.0775049
0.715278 9.98097 0.0778615
0.722222 10.6494 0.0782181
0.729167 11.9504 0.0785748
0.736111 13.4083 0.0789314
0.743056 14.513 0.079288
0.75 14.9002 0.0796446
0.756944 14.465 0.0800013
0.763889 13.4168 0.0803579
0.770833 12.1483 0.0807145
0.777778 11.1759 0.0810711
0.784722 10.9574 0.0814278
0.791667 11.6669 0.0817844
0.798611 13.0666 0.082141
0.805556 14.6402 0.0824977
0.8125 15.833 0.0828543
0.819444 16.2494 0.0832109
0.826389 15.7747 0.0835675
0.833333 14.6326 0.0839242
0.840278 13.2495 0.0842808
0.847222 12.1845 0.0846374
0.854167 11.9322 0.0849941
0.861111 12.6822 0.0853507
0.868056 14.1802 0.0857073
0.875 15.8695 0.0860639
0.881944 17.1508 0.0864206
0.888889 17.597 0.0867772
0.895833 17.0835 0.0871338
0.902778 15.8477 0.0874905
0.909722 14.3502 0.0878471
0.916667 13.192 0.0882037
0.923611 12.9054 0.0885603
0.930556 13.6951 0.088917
0.9375 15.2911 0.0892736
0.944444 17.0963 0.0896302
0.951389 18.4665 0.0899869
0.958333 18.9431 0.0903435
0.965278 18.3913 0.0907001
0.972222 17.0622 0.0910567
0.979167 15.4501 0.0914134
0.986111 14.1985 0.09177
0.993056 13.8769 0.0921266
1 14.7058 0.0924833
1.00694 16.3994 0.0928399
1.01389 18.3204 0.0931965
1.02083 19.78 0.0935531
1.02778 20.2876 0.0939098
1.03472 19.6981 0.0942664
1.04167 18.276 0.094623
1.04861 16.5494 0.0986941
1.05556 15.204 0.103373
1.0625 14.8468 0.108052
1.06944 15.7143 0.112731
1.07639 17.505 0.117411
1.08333 19.5419 0.12209
1.09028 21.0913 0.126769
1.09722 21.6306 0.131448
1.10417 21.0038 0.136127
1.11111 19.4891 0.140806
1.11806 17.648 0.142362
1.125 16.2085 0.143366
1.13194 15.815 0.144371
1.13889 16.7204 0.145375
1.14583 18.6079 0.146379
1.15278 20.7608 0.147384
1.15972 22.4004 0.148388
1.16667 22.9719 0.149392
1.17361 22.3086 0.150396
1.18056 20.7016 0.151401
1.1875 18.746 0.152405
1.19444 17.2119 0.153409
1.20139 16.7817 0.154414
1.20833 17.7243 0.155418
1.21528 19.7082 0.156422
1.22222 21.9772 0.157427
1.22917 23.7073 0.158431
1.23611 24.3117 0.159435
1.24306 23.6124 0.16044
1.25 21.9134 0.161444
1.25694 19.8433 0.162448
1.26389 18.2143 0.163453
1.27083 17.7467 0.164457
1.27778 18.7259 0.165461
1.28472 20.8059 0.166466
1.29167 23.1909 0.16747
1.29861 25.0121 0.168474
1.30556 25.65 0.169479
1.3125 24.9151 0.170483
1.31944 23.1246 0.171487
1.32639 20.9399 0.172492
1.33333 19.2158 0.173496
1.34028 18.7101 0.1745
1.34722 19.7252 0.175505
1.35417 21.9008 0.176509
1.36111 24.402 0.177513
1.36806 26.3146 0.178518
1.375 26.9866 0.179522
1.38194 26.2169 0.180526
1.38889 24.335 0.181531
1.39583 22.0359 0.182535
1.40278 20.2162 0.183539
1.40972 19.6718 0.184544
1.41667 20.7222 0.185548
1.42361 22.9932 0.186552
1.43056 25.6104 0.187557
1.4375 27.615 0.188561
1.44444 28.3216 0.189565
1.45139 27.5176 0.190569
1.45833 25.5448 0.191574
1.46528 23.1311 0.192578
1.47222 21.2156 0.193582
1.47917 20.632 0.194587
1.48611 21.717 0.195591
1.49306 24.0828 0.196595
1.5 26.8163 0.1976
1.50694 28.9132 0.198604
1.51389 29.6551 0.199608
1.52083 28.8173 0.200613
1.52778 26.754 0.201617
1.53472 24.2258 0.202621
1.54167 22.214 0.203626
1.54861 21.5905 0.20463
1.55556 22.7096 0.205634
1.5625 25.1698 0.206639
1.56944 28.0195 0.207643
1.57639 30.2091 0.208647
1.58333 30.9869 0.209652
1.59028 30.116 0.210656
1.59722 27.9624 0.21166
1.60417 25.3198 0.212665
1.61111 23.2114 0.213669
1.61806 22.5475 0.214673
1.625 23.6999 0.215678
1.63194 26.2542 0.216682
1.63889 29.2201 0.217686
1.64583 31.5029 0.218691
1.65278 32.3171 0.219695
1.65972 31.4137 0.220699
1.66667 29.1702 0.221704
1.67361 26.4131 0.222708
1.68056 24.2077 0.223712
1.6875 23.5028 0.224717
1.69444 24.6879 0.225721
1.70139 27.3359 0.226725
1.70833 30.418 0.227729
1.71528 32.7944 0.228734
1.72222 33.6458 0.229738
1.72917 32.7103 0.230742
1.73611 30.3773 0.231747
1.74306 27.5057 0.232751
1.75 25.2031 0.233755
1.75694 24.4566 0.23476
1.76389 25.6737 0.235764
1.77083 28.4149 0.236768
1.77778 31.6134 0.237773
1.78472 34.0837 0.238777
1.79167 34.9728 0.239781
1.79861 34.0059 0.240786
1.80556 31.5837 0.24179
1.8125 28.5977 0.242794
1.81944 26.1975 0.243799
1.82639 25.4087 0.244803
1.83333 26.6572 0.245807
1.84028 29.4913 0.246812
1.84722 32.8061 0.247816
1.85417 35.3708 0.24882
1.86111 36.2982 0.249825
1.86806 35.3004 0.250829
1.875 32.7894 0.251833
1.88194 29.689 0.252838
1.88889 27.1909 0.253842
1.89583 26.3592 0.254846
1.90278 27.6385 0.255851
1.90972 30.5651 0.256855
1.91667 33.9961 0.257859
1.92361 36.6556 0.258864
1.93056 37.6219 0.259868
1.9375 36.594 0.260872
1.94444 33.9945 0.261877
1.95139 30.7796 0.262881
1.95833 28.1833 0.263885
1.96528 27.3082 0.264889
1.97222 28.6176 0.265894
1.97917 31.6362 0.266898
1.98611 35.1836 0.267902
1.99306 37.9382 0.268907
2 38.9441 0.269911
2.00694 37.8864 0.270915
2.01389 35.1989 0.27192
2.02083 31.8696 0.272924
2.02778 29.1747 0.273928
2.03472 28.2556 0.274933
2.04167 29.5944 0.275937
2.04861 32.7046 0.276941
2.05556 36.3683 0.277946
2.0625 39.2186 0.27895
2.06944 40.2646 0.279954
2.07639 39.1779 0.280959
2.08333 36.4026 0.281963
2.09028 32.959 0.282967
2.09722 30.1651 0.283972
2.10417 29.2014 0.284976
2.11111 30.5691 0.28598
2.11806 33.7705 0.286985
2.125 37.5505 0.287989
2.13194 40.4967 0.288993
2.13889 41.5835 0.289998
2.14583 40.4683 0.291002
2.15278 37.6056 0.292006
2.15972 34.0476 0.293011
2.16667 31.1545 0.294015
2.17361 30.1456 0.295019
2.18056 31.5415 0.296024
2.1875 34.8336 0.297028
2.19444 38.73 0.298032
2.20139 41.7726 0.299037
2.20833 42.9007 0.300041
2.21528 41.7576 0.301045
2.22222 38.8079 0.302049
2.22917 35.1356 0.303054
2.23611 32.143 0.304058
2.24306 31.0883 0.305062
2.25 32.5116 0.306067
2.25694 35.8942 0.307071
2.26389 39.9068 0.308075
2.27083 43.0463 0.30908
2.27778 44.2163 0.310084
2.28472 43.0459 0.311088
2.29167 40.0095 0.312093
2.29861 36.223 0.312356
2.30556 33.1304 0.312286
2.3125 32.0294 0.312217
2.31944 33.4796 0.312148
2.32639 36.9521 0.312078
2.33333 41.0811 0.312009
2.34028 44.3177 0.31194
2.34722 45.5302 0.31187
2.35417 44.3331 0.311801
2.36111 41.2105 0.311732
2.36806 37.3096 0.311662
2.375 34.1169 0.311593
2.38194 32.9689 0.311524
2.38889 34.4453 0.311454
2.39583 38.0073 0.311385
2.40278 42.2526 0.311316
2.40972 45.5868 0.311246
2.41667 46.8425 0.311177
2.42361 45.6193 0.311107
2.43056 42.4107 0.311038
2.4375 38.3957 0.310969
2.44444 35.1024 0.310899
2.45139 33.9069 0.31083
2.45833 35.4089 0.310761
2.46528 39.0599 0.310691
2.47222 43.4215 0.310622
2.47917 46.8537 0.310553
2.48611 48.1532 0.310483
2.49306 46.9044 0.310414
2.5 43.6103 0.310345
2.50694 39.481 0.310275
2.51389 36.0869 0.310206
2.52083 34.8433 0.310137
2.52778 36.3702 0.310067
2.53472 40.1099 0.309998
2.54167 44.5878 0.309929
2.54861 48.1183 0.309859
2.55556 49.4621 0.30979
2.5625 48.1884 0.309721
2.56944 44.8092 0.309651
2.57639 40.5657 0.309582
2.58333 37.0704 0.309513
2.59028 35.7781 0.309443
2.59722 37.3294 0.309374
2.60417 41.1573 0.309305
2.61111 45.7514 0.309235
2.61806 49.3806 0.309166
2.625 50.7694 0.309097
2.63194 49.4713 0.309027
2.63889 46.0074 0.308958
2.64583 41.6497 0.308889
2.65278 38.053 0.308819
2.65972 36.7114 0.30875
2.66667 38.2864 0.308681
2.67361 42.202 0.308611
2.68056 46.9124 0.308542
2.6875 50.6407 0.308473
2.69444 52.0751 0.308403
2.70139 50.7532 0.308334
2.70833 47.2048 0.308265
2.71528 42.7331 0.308195
2.72222 39.0345 0.308126
2.72917 37.6432 0.308057
2.73611 39.2411 0.307987
2.74306 43.2441 0.307918
2.75 48.0707 0.307849
2.75694 51.8985 0.307779
2.76389 53.379 0.30771
2.77083 52.034 0.307641
2.77778 48.4016 0.307571
2.78472 43.8158 0.307502
2.79167 40.0151 0.307433
2.79861 38.5734 0.307363
2.80556 40.1937 0.307294
2.8125 44.2836 0.307225
2.81944 49.2263 0.307155
2.82639 53.154 0.307086
2.83333 54.6813 0.307017
2.84028 53.3137 0.306947
2.84722 49.5977 0.306878
2.85417 44.8979 0.306809
2.86111 40.9948 0.306739
2.86806 39.502 0.30667
2.875 41.1441 0.306601
2.88194 45.3205 0.306531
2.88889 50.3793 0.306462
2.89583 54.4072 0.306393
2.90278 55.9819 0.306323
2.90972 54.5924 0.306254
2.91667 50.7931 0.306185
2.92361 45.9793 0.306115
2.93056 41.9734 0.306046
2.9375 40.4292 0.305977
2.94444 42.0924 0.305907
2.95139 46.3547 0.305838
2.95833 51.5296 0.305768
2.96528 55.6581 0.305699
2.97222 57.2808 0.30563
2.97917 55.8699 0.30556
2.98611 51.9877 0.305491
2.99306 47.06 0.305422
3 42.9511 0.305352
3.00694 41.3548 0.305283
3.01389 43.0384 0.305214
3.02083 47.3863 0.305144
3.02778 52.6773 0.305075
3.03472 56.9067 0.305006
3.04167 58.578 0.304936
3.04861 57.1464 0.304867
3.05556 53.1817 0.304798
3.0625 48.1401 0.304728
3.06944 43.9279 0.304659
3.07639 42.2788 0.30459
3.08333 43.9823 0.30452
3.09028 48.4154 0.304451
3.09722 53.8223 0.304382
3.10417 58.1531 0.304312
3.11111 59.8735 0.304243
3.11806 58.4218 0.304174
3.125 54.375 0.304104
3.13194 49.2195 0.304035
3.13889 44.9036 0.303966
3.14583 43.2014 0.303896
3.15278 44.924 0.303827
3.15972 49.4418 0.303758
3.16667 54.9646 0.303688
3.17361 59.3971 0.303619
3.18056 61.1673 0.30355
3.1875 59.696 0.30348
3.19444 55.5676 0.303411
3.20139 50.2982 0.303342
3.20833 45.8784 0.303272
3.21528 44.1224 0.303203
3.22222 45.8636 0.303134
3.22917 50.4655 0.303064
3.23611 56.1043 0.302995
3.24306 60.6388 0.302926
3.25 62.4594 0.302856
3.25694 60.9692 0.302787
3.26389 56.7594 0.302718
3.27083 51.3763 0.302648
3.27778 46.8523 0.302579
3.28472 45.0419 0.30251
3.29167 46.801 0.30244
3.29861 51.4867 0.302371
3.30556 57.2412 0.302302
3.3125 61.8782 0.302232
3.31944 63.7498 0.302163
3.32639 62.2412 0.302094
3.33333 57.9506 0.302024
3.34028 52.4538 0.303765
3.34722 47.8252 0.306984
3.35417 45.9599 0.310204
3.36111 47.7363 0.313424
3.36806 52.5053 0.316644
3.375 58.3756 0.319864
3.38194 63.1153 0.323083
3.38889 65.0384 0.326303
3.39583 63.5122 0.329523
3.40278 59.141 0.332743
3.40972 53.5305 0.334862
3.41667 48.7971 0.336046
3.42361 46.8764 0.33723
3.43056 48.6694 0.338415
3.4375 53.5213 0.339599
3.44444 59.5072 0.340784
3.45139 64.3501 0.341968
3.45833 66.3254 0.343152
3.46528 64.782 0.344337
3.47222 60.3308 0.345521
3.47917 54.6067 0.346706
3.48611 49.7681 0.34789
3.49306 47.7913 0.349075
3.5 49.6004 0.350259
3.50694 54.5347 0.351443
3.51389 60.6362 0.352628
3.52083 65.5825 0.353812
3.52778 67.6106 0.354997
3.53472 66.0508 0.356181
3.54167 61.5198 0.357365
3.54861 55.6821 0.35855
3.55556 50.7381 0.359734
3.5625 48.7048 0.360919
3.56944 50.5293 0.362103
3.57639 55.5454 0.363287
3.58333 61.7625 0.364472
3.59028 66.8127 0.365656
3.59722 68.8941 0.366841
3.60417 67.3184 0.368025
3.61111 62.7081 0.36921
3.61806 56.7569 0.370394
3.625 51.7071 0.371578
3.63194 49.6167 0.372763
3.63889 51.456 0.373947
3.64583 56.5536 0.375132
3.65278 62.8862 0.376316
3.65972 68.0404 0.3775
3.66667 70.1758 0.378685
3.67361 68.5849 0.379869
3.68056 63.8957 0.381054
3.6875 57.8311 0.382238
3.69444 52.6752 0.383422
3.70139 50.5272 0.384607
3.70833 52.3805 0.385791
3.71528 57.5592 0.386976
3.72222 64.0072 0.38816
3.72917 69.2659 0.389345
3.73611 71.4558 0.390529
3.74306 69.8502 0.391713
3.75 65.0825 0.392898
3.75694 58.9046 0.394082
3.76389 53.6424 0.395267
3.77083 51.4361 0.396451
3.77778 53.303 0.397635
3.78472 58.5622 0.39882
3.79167 65.1254 0.400004
3.79861 70.489 0.401189
3.80556 72.7341 0.402373
3.8125 71.1144 0.403557
3.81944 66.2687 0.404742
3.82639 59.9774 0.405926
3.83333 54.6086 0.407111
3.84028 52.3435 0.408295
3.84722 54.2233 0.409479
3.85417 59.5626 0.410664
3.86111 66.2411 0.411848
3.86806 71.7098 0.413033
3.875 74.0106 0.414217
3.88194 72.3775 0.415402
3.88889 67.4541 0.416586
3.89583 61.0496 0.41777
3.90278 55.5739 0.418955
3.90972 53.2495 0.420139
3.91667 55.1415 0.421324
3.92361 60.5604 0.422508
3.93056 67.354 0.423692
3.9375 72.9282 0.424877
3.94444 75.2853 0.426061
3.95139 73.6395 0.427246
3.95833 68.6389 0.42843
3.96528 62.1211 0.429614
3.97222 56.5382 0.430799
3.97917 54.154 0.431983
3.98611 56.0576 0.433168
3.99306 61.5557 0.434352
4 68.4643 0.435537
4.00694 74.1443 0.436721
4.01389 76.5583 0.437905
4.02083 74.9003 0.43909
4.02778 69.8228 0.440274
4.03472 63.192 0.440339
4.04167 57.5016 0.439072
4.04861 55.057 0.437804
4.05556 56.9716 0.436537
4.0625 62.5483 0.435269
4.06944 69.5719 0.434002
4.07639 75.358 0.432735
4.08333 77.8295 0.431467
4.09028 76.16 0.4302
4.09722 71.0061 0.428932
4.10417 64.2622 0.428321
4.11111 58.464 0.428521
4.11806 55.9585 0.42872
4.125 57.8835 0.42892
4.13194 63.5384 0.42912
4.13889 70.6768 0.429319
4.14583 76.5693 0.429519
4.15278 79.099 0.429719
4.15972 77.4185 0.429918
4.16667 72.1887 0.430118
4.17361 65.3317 0.430318
4.18056 59.4255 0.430517
4.1875 56.8585 0.430717
4.19444 58.7933 0.430916
4.20139 64.5259 0.431116
4.20833 71.779 0.431316
4.21528 77.7783 0.431515
4.22222 80.3667 0.431715
4.22917 78.6759 0.431915
4.23611 73.3705 0.432114
4.24306 66.4006 0.432314
4.25 60.3861 0.432514
4.25694 57.757 0.432713
4.26389 59.701 0.432913
4.27083 65.5109 0.433113
4.27778 72.8785 0.433312
4.28472 78.985 0.433512
4.29167 81.6326 0.433712
4.29861 79.9321 0.433911
4.30556 74.5516 0.434111
4.3125 67.4689 0.434311
4.31944 61.3457 0.43451
4.32639 58.6541 0.43471
4.33333 60.6066 0.434909
4.34028 66.4932 0.435109
4.34722 73.9754 0.435309
4.35417 80.1892 0.435508
4.36111 82.8967 0.435708
4.36806 81.1871 0.435908
4.375 75.7319 0.436107
4.38194 68.5365 0.436307
4.38889 62.3044 0.436507
4.39583 59.5497 0.436706
4.40278 61.5101 0.436906
4.40972 67.473 0.437106
4.41667 75.0696 0.437305
4.42361 81.3911 0.437505
4.43056 84.159 0.437705
4.4375 82.441 0.437904
4.44444 76.9116 0.438104
4.45139 69.6034 0.438303
4.45833 63.2622 0.438503
4.46528 60.4438 0.438703
4.47222 62.4115 0.438902
4.47917 68.4503 0.439102
4.48611 76.1611 0.439302
4.49306 82.5906 0.439501
4.5 85.4195 0.439701
4.50694 83.6938 0.439901
4.51389 78.0905 0.4401
4.52083 70.6697 0.4403
4.52778 64.219 0.4405
4.53472 61.3364 0.440699
4.54167 63.3108 0.440899
4.54861 69.4249 0.441099
4.55556 77.2499 0.441298
4.5625 83.7877 0.441498
4.56944 86.6783 0.441697
4.57639 84.9453 0.441897
4.58333 79.2686 0.442097
4.59028 71.7354 0.442296
4.59722 65.1749 0.442496
4.60417 62.2276 0.442696
4.61111 64.208 0.442895
4.61806 70.397 0.443095
4.625 78.336 0.443295
4.63194 84.9824 0.443494
4.63889 87.9352 0.443694
4.64583 86.1957 0.443894
4.65278 80.446 0.444093
4.65972 72.8004 0.444293
4.66667 66.1298 0.444493
4.67361 63.1174 0.444692
4.68056 65.1032 0.444892
4.6875 71.3666 0.445092
4.69444 79.4194 0.445291
4.70139 86.1748 0.445491
4.70833 89.1903 0.44569
4.71528 87.4449 0.44589
4.72222 81.6227 0.44609
4.72917 73.8647 0.446289
4.73611 67.0839 0.446489
4.74306 64.0056 0.446689
4.75 65.9963 0.446888
4.75694 72.3336 0.447088
4.76389 80.5002 0.447288
4.77083 87.3647 0.447487
4.77778 90.4436 0.447687
4.78472 88.6929 0.447887
4.79167 82.7987 0.448086
4.79861 74.9284 0.448286
4.80556 68.037 0.448486
4.8125 64.8924 0.448685
4.81944 66.8873 0.448885
4.82639 73.2981 0.449084
4.83333 81.5783 0.449284
4.84028 88.5522 0.449484
4.84722 91.695 0.449683
4.85417 89.9398 0.449883
4.86111 83.9739 0.450083
4.86806 75.9914 0.450282
4.875 68.9891 0.450482
4.88194 65.7778 0.450682
4.88889 67.7763 0.450881
4.89583 74.26 0.451081
4.90278 82.6536 0.451281
4.90972 89.7374 0.45148
4.91667 92.9447 0.45168
4.92361 91.1854 0.45188
4.93056 85.1483 0.452079
4.9375 77.0538 0.452279
4.94444 69.9404 0.452479
4.95139 66.6617 0.452678
4.95833 68.6632 0.452878
4.96528 75.2193 0.453077
4.97222 83.7263 0.453277
4.97917 90.9201 0.453477
4.98611 94.1925 0.453676
4.99306 92.4298 0.453876
5 86.3221 0.454076
5.00694 78.1156 0.454836
5.01389 70.8907 0.456755
5.02083 67.5441 0.458674
5.02778 69.548 0.460593
5.03472 76.1761 0.462513
5.04167 84.7963 0.464432
5.04861 92.1004 0.466351
5.05556 95.4385 0.468271
5.0625 93.6731 0.47019
5.06944 87.4951 0.472109
5.07639 79.1767 0.474029
5.08333 71.8402 0.475948
5.09028 68.4251 0.477867
5.09722 70.4308 0.479786
5.10417 77.1304 0.481706
5.11111 85.8637 0.483625
5.11806 93.2783 0.485544
5.125 96.6826 0.487464
5.13194 94.9151 0.489383
5.13889 88.6673 0.491302
5.14583 80.2371 0.493222
5.15278 72.7887 0.495141
5.15972 69.3047 0.49706
5.16667 71.3116 0.49898
5.17361 78.0822 0.500899
5.18056 86.9283 0.502818
5.1875 94.4538 0.504737
5.19444 97.9249 0.506657
5.20139 96.156 0.508576
5.20833 89.8388 0.510495
5.21528 81.2969 0.512415
5.22222 73.7363 0.514334
5.22917 70.1828 0.516253
5.23611 72.1903 0.518173
5.24306 79.0314 0.520092
5.25 87.9902 0.522011
5.25694 95.6269 0.52393
5.26389 99.1654 0.52585
5.27083 97.3956 0.527769
5.27778 91.0095 0.529688
5.28472 82.356 0.531048
5.29167 74.6829 0.531024
5.29861 71.0595 0.531001
5.30556 73.0669 0.530977
5.3125 79.978 0.530954
5.31944 89.0495 0.530931
5.32639 96.7975 0.530907
5.33333 100.404 0.530884
5.34028 98.634 0.530861
5.34722 92.1795 0.530837
5.35417 83.4146 0.530814
5.36111 75.6287 0.53079
5.36806 71.9347 0.530767
5.375 73.9415 0.530744
5.38194 80.9222 0.53072
5.38889 90.106 0.530697
5.39583 97.9658 0.530674
5.40278 101.641 0.53065
5.40972 99.8712 0.530627
5.41667 93.3487 0.530603
5.42361 84.4724 0.53058
5.43056 76.5735 0.530557
5.4375 72.8085 0.530533
5.44444 74.8141 0.53051
5.45139 81.8638 0.530487
5.45833 91.1599 0.530463
5.46528 99.1315 0.53044
5.47222 102.876 0.530416
5.47917 101.107 0.530393
5.48611 94.5172 0.53037
5.49306 85.5296 0.530346
5.5 77.5175 0.530323
5.50694 73.6809 0.5303
5.51389 75.6846 0.530276
5.52083 82.8029 0.530253
5.52778 92.2111 0.530229
5.53472 100.295 0.530206
5.54167 104.109 0.530183
5.54861 102.342 0.530159
5.55556 95.6849 0.530136
5.5625 86.5862 0.530113
5.56944 78.4605 0.530089
5.57639 74.5518 0.530066
5.58333 76.5531 0.530042
5.59028 83.7395 0.530019
5.59722 93.2596 0.529996
5.60417 101.456 0.529972
5.61111 105.34 0.529949
5.61806 103.575 0.529926
5.625 96.8518 0.529902
5.63194 87.6421 0.529879
5.63889 79.4026 0.529856
5.64583 75.4214 0.529832
5.65278 77.4196 0.529809
5.65972 84.6735 0.529785
5.66667 94.3054 0.529762
5.67361 102.614 0.529739
5.68056 106.569 0.529715
5.6875 104.808 0.529692
5.69444 98.018 0.529669
5.70139 88.6974 0.529645
5.70833 80.3438 0.529622
5.71528 76.2894 0.529598
5.72222 78.284 0.529575
5.72917 85.6051 0.529552
5.73611 95.3485 0.529528
5.74306 103.77 0.529505
5.75 107.796 0.529482
5.75694 106.039 0.529458
5.76389 99.1835 0.529435
5.77083 89.752 0.529411
5.77778 81.2841 0.529388
5.78472 77.1561 0.529365
5.79167 79.1464 0.529341
5.79861 86.5341 0.529318
5.80556 96.3889 0.529295
5.8125 104.924 0.529271
5.81944 109.022 0.529248
5.82639 107.268 0.529224
5.83333 100.348 0.529201
5.84028 90.806 0.529178
5.84722 82.2235 0.529154
5.85417 78.0213 0.529131
5.86111 80.0068 0.529108
5.86806 87.4606 0.529084
5.875 97.4266 0.529061
5.88194 106.075 0.529037
5.88889 110.245 0.529014
5.89583 108.497 0.528991
5.90278 101.512 0.528967
5.90972 91.8594 0.528944
5.91667 83.162 0.528921
5.92361 78.8851 0.528897
5.93056 80.8652 0.528874
5.9375 88.3846 0.52885
5.94444 98.4617 0.528827
5.95139 107.224 0.528804
5.95833 111.467 0.52878
5.96528 109.724 0.528757
5.97222 102.675 0.528734
5.97917 92.9121 0.52871
5.98611 84.0996 0.528687
5.99306 79.7475 0.528664
6 81.7216 0.52864
6.00694 89.3061 0.528617
6.01389 99.494 0.528593
6.02083 108.37 0.52857
6.02778 112.687 0.528547
6.03472 110.95 0.528523
6.04167 103.838 0.5285
6.04861 93.9641 0.528541
6.05556 85.0363 0.528866
6.0625 80.6085 0.52919
6.06944 82.576 0.529515
6.07639 90.2251 0.529839
6.08333 100.524 0.530164
6.09028 109.514 0.530488
6.09722 113.904 0.530813
6.10417 112.175 0.531137
6.11111 104.999 0.531462
6.11806 95.0156 0.531786
6.125 85.9722 0.532111
6.13194 81.4681 0.532435
6.13889 83.4283 0.53276
6.14583 91.1416 0.533085
6.15278 101.551 0.533409
6.15972 110.655 0.533734
6.16667 115.12 0.534058
6.17361 113.399 0.534383
6.18056 106.16 0.534707
6.1875 96.0663 0.535032
6.19444 86.9071 0.535356
6.20139 82.3262 0.535681
6.20833 84.2787 0.536005
6.21528 92.0557 0.53633
6.22222 102.575 0.536654
6.22917 111.794 0.536979
6.23611 116.334 0.537303
6.24306 114.621 0.537628
6.25 107.32 0.537953
6.25694 97.1165 0.538277
6.26389 87.8411 0.538602
6.27083 83.183 0.538926
6.27778 85.127 0.539251
6.28472 92.9672 0.539575
6.29167 103.597 0.5399
6.29861 112.93 0.540224
6.30556 117.546 0.540549
6.3125 115.842 0.540873
6.31944 108.479 0.541198
6.32639 98.166 0.541561
6.33333 88.7742 0.542148
6.34028 84.0383 0.542735
6.34722 85.9734 0.543321
6.35417 93.8762 0.543908
6.36111 104.615 0.544495
6.36806 114.064 0.545082
6.375 118.757 0.545668
6.38194 117.061 0.546255
6.38889 109.638 0.546842
6.39583 99.2149 0.547428
6.40278 89.7065 0.548015
6.40972 84.8922 0.548602
6.41667 86.8177 0.549188
6.42361 94.7828 0.549775
6.43056 105.632 0.550362
6.4375 115.195 0.550949
6.44444 119.965 0.551535
6.45139 118.28 0.552122
6.45833 110.795 0.552709
6.46528 100.263 0.553295
6.47222 90.6379 0.553882
6.47917 85.7448 0.554469
6.48611 87.6601 0.555056
6.49306 95.6868 0.555642
6.5 106.645 0.556229
6.50694 116.324 0.556816
6.51389 121.171 0.557402
6.52083 119.497 0.557989
6.52778 111.952 0.558576
6.53472 101.311 0.559162
6.54167 91.5683 0.559749
6.54861 86.5959 0.560336
6.55556 88.5005 0.560923
6.5625 96.5884 0.561509
6.56944 107.656 0.562096
6.57639 117.45 0.562683
6.58333 122.375 0.563269
6.59028 120.713 0.563856
6.59722 113.108 0.564443
6.60417 102.358 0.56503
6.61111 92.4979 0.565616
6.61806 87.4456 0.566203
6.625 89.3389 0.56679
6.63194 97.4875 0.567376
6.63889 108.664 0.567963
6.64583 118.574 0.56855
6.65278 123.578 0.569137
6.65972 121.927 0.569723
6.66667 114.264 0.57031
6.67361 103.404 0.570897
6.68056 93.4266 0.571483
6.6875 88.2939 0.57207
6.69444 90.1753 0.572657
6.70139 98.3841 0.573243
6.70833 109.67 0.57383
6.71528 119.696 0.574417
6.72222 124.778 0.575004
6.72917 123.14 0.57559
6.73611 115.418 0.576177
6.74306 104.45 0.576764
6.75 94.3545 0.57735
6.75694 89.1409 0.577937
6.76389 91.0097 0.578524
6.77083 99.2783 0.579111
6.77778 110.672 0.579697
6.78472 120.814 0.580284
6.79167 125.976 0.580871
6.79861 124.352 0.581457
6.80556 116.572 0.582044
6.8125 105.495 0.582631
6.81944 95.2814 0.583218
6.82639 89.9864 0.583804
6.83333 91.8422 0.584391
6.84028 100.17 0.584978
6.84722 111.672 0.585564
6.85417 121.931 0.586151
6.86111 127.173 0.586738
6.86806 125.563 0.587324
6.875 117.725 0.587911
6.88194 106.539 0.588498
6.88889 96.2075 0.589085
6.89583 90.8305 0.589671
6.90278 92.6726 0.590258
6.90972 101.059 0.590845
6.91667 112.67 0.591431
6.92361 123.045 0.592018
6.93056 128.367 0.592605
6.9375 126.772 0.593192
6.94444 118.877 0.593778
6.95139 107.583 0.594365
6.95833 97.1327 0.594952
6.96528 91.6733 0.595538
6.97222 93.5011 0.596125
6.97917 101.946 0.596712
6.98611 113.665 0.597298
6.99306 124.156 0.597885
7 129.56 0.598472
7.00694 127.98 0.599059
7.01389 120.029 0.599645
7.02083 108.626 0.600232
7.02778 98.0571 0.600819
7.03472 92.5147 0.601405
7.04167 94.3276 0.601992
7.04861 102.83 0.602579
7.05556 114.657 0.603166
7.0625 125.265 0.603752
7.06944 130.75 0.604339
7.07639 129.187 0.604926
7.08333 121.179 0.605512
7.09028 109.669 0.606099
7.09722 98.9805 0.606686
7.10417 93.3546 0.607273
7.11111 95.1522 0.607859
7.11806 103.712 0.608446
7.125 115.646 0.609033
7.13194 126.371 0.609619
7.13889 131.939 0.610206
7.14583 130.392 0.610793
7.15278 122.329 0.611379
7.15972 110.711 0.611966
7.16667 99.9031 0.612553
7.17361 94.1932 0.61314
7.18056 95.9748 0.613726
7.1875 104.591 0.614313
7.19444 116.633 0.6149
7.20139 127.475 0.615486
7.20833 133.125 0.616073
7.21528 131.596 0.61666
7.22222 123.478 0.617247
7.22917 111.752 0.617833
7.23611 100.825 0.61842
7.24306 95.0304 0.619007
7.25 96.7954 0.619593
7.25694 105.468 0.62018
7.26389 117.617 0.620767
7.27083 128.577 0.621353
7.27778 134.31 0.62194
7.28472 132.798 0.622527
7.29167 124.626 0.623114
7.29861 112.793 0.623706
7.30556 101.746 0.624627
7.3125 95.8663 0.625548
7.31944 97.6141 0.626469
7.32639 106.343 0.627389
7.33333 118.598 0.62831
7.34028 129.675 0.629231
7.34722 135.492 0.630152
7.35417 133.999 0.631073
7.36111 125.773 0.631993
7.36806 113.833 0.632914
7.375 102.666 0.633835
7.38194 96.7007 0.634756
7.38889 98.4308 0.635677
7.39583 107.215 0.636597
7.40278 119.577 0.637518
7.40972 130.772 0.638439
7.41667 136.673 0.63936
7.42361 135.199 0.640281
7.43056 126.92 0.641201
7.4375 114.872 0.642122
7.44444 103.585 0.643043
7.45139 97.5338 0.643964
7.45833 99.2455 0.644884
7.46528 108.084 0.645805
7.47222 120.552 0.646726
7.47917 131.865 0.647647
7.48611 137.851 0.648568
7.49306 136.398 0.649488
7.5 128.066 0.650409
7.50694 115.911 0.65133
7.51389 104.503 0.652251
7.52083 98.3655 0.653172
7.52778 100.058 0.654092
7.53472 108.951 0.655013
7.54167 121.526 0.655934
7.54861 132.957 0.656855
7.55556 139.028 0.657776
7.5625 137.595 0.658696
7.56944 129.211 0.659617
7.57639 116.949 0.660538
7.58333 105.421 0.661459
7.59028 99.1958 0.66238
7.59722 100.869 0.6633
7.60417 109.816 0.664221
7.61111 122.496 0.665142
7.61806 134.045 0.666063
7.625 140.202 0.666984
7.63194 138.791 0.667904
7.63889 130.355 0.668825
7.64583 117.986 0.669746
7.65278 106.337 0.670667
7.65972 100.025 0.671588
7.66667 101.678 0.672508
7.67361 110.678 0.673429
7.68056 123.464 0.67435
7.6875 135.132 0.675271
