time error errTLE
0 0 0
0.00694444 0.0155297 0.042455
0.0138889 0.0886984 0.08491
0.0208333 0.209348 0.127365
0.0277778 0.349558 0.16982
0.0347222 0.485728 0.212275
0.0416667 0.604465 0.25473
0.0486111 0.60857 0.297185
0.0555556 0.504531 0.33964
0.0625 0.335935 0.382095
0.0694444 0.17385 0.42455
0.0763889 0.120453 0.467005
0.0833333 0.336455 0.50946
0.0902778 0.644738 0.551915
0.0972222 0.956604 0.59437
0.104167 1.1993 0.636825
0.111111 1.26179 0.67928
0.118056 1.09947 0.721735
0.125 0.792755 0.76419
0.131944 0.457904 0.806645
0.138889 0.225833 0.8491
0.145833 0.411516 0.891555
0.152778 0.858561 0.93401
0.159722 1.35292 0.976465
0.166667 1.75721 1.01892
0.173611 1.93698 1.06137
0.180556 1.77571 1.10383
0.1875 1.36559 1.14628
0.194444 0.857783 1.18874
0.201389 0.440851 1.23119
0.208333 0.463384 1.27365
0.215278 0.995824 1.3161
0.222222 1.66475 1.35856
0.229167 2.25984 1.40101
0.236111 2.60251 1.44347
0.243056 2.50975 1.48592
0.25 2.04317 1.52838
0.256944 1.38052 1.57083
0.263889 0.769685 1.61289
0.270833 0.547461 1.65323
0.277778 1.07054 1.69357
0.284722 1.88971 1.7339
0.291667 2.69022 1.77424
0.298611 3.22979 1.81457
0.305556 3.27492 1.85491
0.3125 2.80997 1.89524
0.319444 2.02714 1.93558
0.326389 1.21893 1.97592
0.333333 0.72843 2.01625
0.340278 1.10738 2.05659
0.347222 2.03172 2.09692
0.354167 3.03455 2.13726
0.361111 3.79742 2.17759
0.368056 4.04231 2.21793
0.375 3.6456 2.25827
0.381944 2.79016 2.2986
0.388889 1.79484 2.33894
0.395833 1.04222 2.37927
0.402778 1.14634 2.41961
0.409722 2.10156 2.45994
0.416667 3.28588 2.50028
0.423611 4.29011 2.54061
0.430556 4.78089 2.58095
0.4375 4.52432 2.62129
0.444444 3.65464 2.66162
0.451389 2.50067 2.70196
0.458333 1.49686 2.74229
0.465278 1.24471 2.76368
0.472222 2.11852 2.78491
0.479167 3.44508 2.80614
0.486111 4.69493 2.82738
0.493056 5.46093 2.84861
0.5 5.41726 2.86985
0.506944 4.60112 2.89108
0.513889 3.33466 2.91231
0.520833 2.09364 2.93355
0.527778 1.4637 2.95478
0.534722 2.11286 2.97602
0.541667 3.52 2.99725
0.548611 5.00128 3.01848
0.555556 6.05961 3.03972
0.5625 6.2945 3.06095
0.569444 5.60642 3.08219
0.576389 4.28732 3.10342
0.583333 2.83282 3.12465
0.590278 1.84267 3.14589
0.597222 2.12866 3.16712
0.604167 3.52566 3.18836
0.611111 5.2045 3.20959
0.618056 6.5624 3.23082
0.625 7.12505 3.25206
0.631944 6.64263 3.27329
0.638889 5.34089 3.29453
0.645833 3.71262 3.31576
0.652778 2.39305 3.33699
0.659722 2.22353 3.35823
0.666667 3.48578 3.37946
0.673611 5.30822 3.4007
0.680556 6.95964 3.42193
0.6875 7.8784 3.44316
0.694444 7.67856 3.4644
0.701389 6.47223 3.48563
0.708333 4.72757 3.50687
0.715278 3.11282 3.5281
0.722222 2.45765 3.54933
0.729167 3.4348 3.57057
0.736111 5.32399 3.5918
0.743056 7.24424 3.61304
0.75 8.52973 3.63427
0.756944 8.68249 3.65551
0.763889 7.65502 3.67674
0.770833 5.86585 3.70284
0.777778 3.99632 3.73145
0.784722 2.87455 3.76005
0.791667 3.41954 3.78866
0.798611 5.27088 3.81726
0.805556 7.41397 3.84587
0.8125 9.06376 3.87448
0.819444 9.62298 3.90308
0.826389 8.85918 3.93169
0.833333 7.10743 3.96029
0.840278 5.03594 3.9889
0.847222 3.49143 4.0175
0.854167 3.49786 4.04611
0.861111 5.1766 4.07471
0.868056 7.47482 4.10332
0.875 9.4729 4.13193
0.881944 10.4691 4.16053
0.888889 10.0513 4.18914
0.895833 8.42584 4.21774
0.902778 6.22143 4.24635
0.909722 4.30697 4.27495
0.916667 3.72993 4.30356
0.923611 5.07906 4.33217
0.930556 7.44157 4.36077
0.9375 9.75345 4.38938
0.944444 11.1942 4.41798
0.951389 11.1972 4.44659
0.958333 9.79129 4.47519
0.965278 7.53789 4.5038
0.972222 5.31177 4.52608
0.979167 4.16297 4.54688
0.986111 5.02723 4.56769
0.993056 7.33711 4.58849
1 9.90593 4.6093
1.00694 11.7811 4.6301
1.01389 12.2644 4.6509
1.02083 11.1713 4.67171
1.02778 8.96309 4.69251
1.03472 6.49287 4.71331
1.04167 4.82057 4.73412
1.04861 5.07948 4.75492
1.05556 7.19278 4.77572
1.0625 9.9384 4.79653
1.06944 12.2226 4.81733
1.07639 13.2215 4.83814
1.08333 12.5303 4.85894
1.09028 10.4676 4.87974
1.09722 7.8348 4.90055
1.10417 5.70507 4.92135
1.11111 5.29636 4.94215
1.11806 7.04953 4.96296
1.125 9.86831 4.98376
1.13194 12.5181 5.00456
1.13889 14.0404 5.02537
1.14583 13.8317 5.04617
1.15278 12.0181 5.06698
1.15972 9.31871 5.08663
1.16667 6.80626 5.10411
1.17361 5.72828 5.1216
1.18056 6.95826 5.13908
1.1875 9.72194 5.15656
1.19444 12.6708 5.17405
1.20139 14.7015 5.19153
1.20833 15.0408 5.20902
1.21528 13.5792 5.2265
1.22222 10.9199 5.24398
1.22917 8.10755 5.26147
1.23611 6.40489 5.27895
1.24306 6.978 5.29644
1.25 9.534 5.31392
1.25694 12.6909 5.33141
1.26389 15.1966 5.34889
1.27083 16.1256 5.36637
1.27778 15.1133 5.38386
1.28472 12.6064 5.40134
1.29167 9.58863 5.41883
1.29861 7.33378 5.441
1.30556 7.16998 5.47497
1.3125 9.34818 5.50895
1.31944 12.598 5.54292
1.32639 15.5268 5.57689
1.33333 17.057 5.61086
1.34028 16.5812 5.64484
1.34722 14.3413 5.67881
1.35417 11.2263 5.71278
1.36111 8.50653 5.74675
1.36806 7.58738 5.78073
1.375 9.21723 5.8147
1.38194 12.4211 5.84867
1.38889 15.6982 5.88264
1.39583 17.8129 5.91662
1.40278 17.9458 5.95059
1.40972 16.0862 5.98456
1.41667 12.9928 6.01853
1.42361 9.90511 6.05251
1.43056 8.2653 6.08648
1.4375 9.201 6.12045
1.44444 12.1981 6.15442
1.45139 15.7232 6.1884
1.45833 18.3828 6.22237
1.46528 19.1734 6.25634
1.47222 17.8008 6.29031
1.47917 14.854 6.32429
1.48611 11.5057 6.35826
1.49306 9.21713 6.39223
1.5 9.36152 6.4262
1.50694 11.9752 6.46018
1.51389 15.623 6.49415
1.52083 18.7681 6.52812
1.52778 20.2343 6.56209
1.53472 19.4438 6.59607
1.54167 16.7698 6.63004
1.54861 13.2808 6.66401
1.55556 10.4381 6.69798
1.5625 9.75441 6.73196
1.56944 11.8069 6.76593
1.57639 15.4288 6.7999
1.58333 18.9775 6.83387
1.59028 21.1042 6.86785
1.59722 20.9752 6.90182
1.60417 18.6981 6.93579
1.61111 15.1995 6.96976
1.61806 11.9109 7.00374
1.625 10.4196 7.03771
1.63194 11.754 7.07168
1.63889 15.1813 7.10565
1.64583 19.0254 7.13963
1.65278 21.7697 7.1736
1.65972 22.3591 7.22012
1.66667 20.596 7.27134
1.67361 17.2252 7.32256
1.68056 13.6099 7.37378
1.6875 11.3764 7.425
1.69444 11.8795 7.47622
1.70139 14.929 7.52744
1.70833 18.9347 7.57866
1.71528 22.2308 7.62988
1.72222 23.5646 7.6811
1.72917 22.42 7.73232
1.73611 19.3152 7.71684
1.74306 15.5043 7.62253
1.75 12.6247 7.52821
1.75694 12.2411 7.43389
1.76389 14.7282 7.33957
1.77083 18.7382 7.24526
1.77778 22.4978 7.15094
1.78472 24.5659 7.05662
1.79167 24.1272 6.96231
1.79861 21.4239 6.86799
1.80556 17.5597 6.77367
1.8125 14.1495 6.67935
1.81944 12.8831 6.58504
1.82639 14.6407 6.49072
1.83333 18.4786 6.3964
1.84028 22.5875 6.30208
1.84722 25.3466 6.20777
1.85417 25.6789 6.11345
1.86111 23.5052 6.01913
1.86806 19.7372 5.92482
1.875 15.9254 5.8305
1.88194 13.8302 5.73618
1.88889 14.7304 5.64186
1.89583 18.2068 5.54755
1.90278 22.5239 5.45323
1.90972 25.9042 5.35891
1.91667 27.0424 5.26459
1.92361 25.5132 5.17028
1.93056 21.992 5.20493
1.9375 17.9196 5.25142
1.94444 15.0878 5.2979
1.95139 15.057 5.34439
1.95833 17.9805 5.39087
1.96528 22.3412 5.43736
1.97222 26.2487 5.48384
1.97917 28.1906 5.53033
1.98611 27.4025 5.57681
1.99306 24.2752 5.6233
2 20.0946 5.66978
2.00694 16.6444 5.71627
2.01389 15.6683 5.76276
2.02083 17.8629 5.80924
2.02778 22.0837 5.85573
2.03472 26.3991 5.90221
2.04167 29.1045 5.9487
2.04861 29.1312 5.99518
2.05556 26.5373 6.04167
2.0625 22.4092 6.08815
2.06944 18.4763 6.13464
2.07639 16.5947 6.18112
2.08333 17.9188 6.22761
2.09028 21.804 6.27409
2.09722 26.3811 6.32058
2.10417 29.7782 6.36707
2.11111 30.6642 6.41355
2.11806 28.7297 6.46004
2.125 24.8169 6.50652
2.13194 20.5502 6.55301
2.13889 17.8466 6.59949
2.14583 18.2093 6.64598
2.15278 21.5617 6.69246
2.15972 26.2294 6.73895
2.16667 30.2203 6.78543
2.17361 31.9728 6.83192
2.18056 30.8045 6.8784
2.1875 27.266 6.92489
2.19444 22.8267 6.97138
2.20139 19.4172 6.97711
2.20833 18.7858 6.97001
2.21528 21.4208 6.9629
2.22222 25.9894 6.9558
2.22917 30.4506 6.9487
2.23611 33.0359 6.9416
2.24306 32.717 6.93449
2.25 29.7036 6.92739
2.25694 25.2623 6.91691
2.26389 21.2855 6.89703
2.27083 19.6834 6.87715
2.27778 21.4472 6.85726
2.28472 25.7154 6.83738
2.29167 30.4966 6.8175
2.29861 33.8441 6.79762
2.30556 34.4287 6.77774
2.3125 32.0781 6.75785
2.31944 27.8087 6.73797
2.32639 23.4195 6.71809
2.33333 20.9181 6.69821
2.34028 21.7035 6.67833
2.34722 25.4682 6.65845
2.35417 30.3938 6.63856
2.36111 34.4031 6.61868
2.36806 35.9092 6.5988
2.375 34.3394 6.57892
2.38194 30.4127 6.55904
2.38889 25.7788 6.53916
2.39583 22.4876 6.51927
2.40278 22.2439 6.49939
2.40972 25.313 6.47951
2.41667 30.188 6.45963
2.42361 34.7326 6.43975
2.43056 37.1354 6.41986
2.4375 36.4397 6.39998
2.44444 33.0181 6.3801
2.45139 28.3181 6.36022
2.45833 24.3749 6.34034
2.46528 23.1077 6.32046
2.47222 25.3166 6.30057
2.47917 29.9345 6.28069
2.48611 34.8612 6.26081
2.49306 38.0946 6.24093
2.5 38.3372 6.22105
2.50694 35.57 6.20116
2.51389 30.9879 6.18128
2.52083 26.5501 6.1614
2.52778 24.3165 6.14152
2.53472 25.543 6.12164
2.54167 29.6953 6.10176
2.54861 34.8255 6.08187
2.55556 38.7889 6.06199
2.5625 39.9988 6.04211
2.56944 38.0157 6.02223
2.57639 33.7335 6.00235
2.58333 28.9736 5.98246
2.59028 25.8729 5.96258
2.59722 26.0486 5.9427
2.60417 29.5366 5.92282
2.61111 34.6712 5.90294
2.61806 39.2363 5.88306
2.625 41.3996 5.84831
2.63194 40.3051 5.80698
2.63889 36.4966 5.76564
2.64583 31.5991 5.7243
2.65278 27.7641 5.68297
2.65972 26.8768 5.64163
2.66667 29.5263 5.60029
2.67361 34.4542 5.55896
2.68056 39.466 5.51762
2.6875 42.5242 5.47628
2.69444 42.393 5.43495
2.70139 39.2188 5.39361
2.70833 34.3758 5.35227
2.71528 29.9634 5.31093
2.72222 28.054 5.2696
2.72917 29.7293 5.22826
2.73611 34.2373 5.18692
2.74306 39.5155 5.14559
2.75 43.3708 5.10425
2.75694 44.2428 5.06291
2.76389 41.8447 5.02158
2.77083 37.2484 4.98024
2.77778 32.4333 4.9389
2.78472 29.5882 4.89757
2.79167 30.2041 4.85623
2.79861 34.0878 4.81489
2.80556 39.4306 4.77355
2.8125 43.9541 4.73222
2.81944 45.8276 4.69088
2.82639 44.3218 4.64954
2.83333 40.1568 4.60821
2.84028 35.1274 4.56687
2.84722 31.4709 4.52553
2.85417 30.9975 4.4842
2.86111 34.0741 4.44286
2.86806 39.2669 4.40152
2.875 44.303 4.36019
2.88194 47.1296 4.31885
2.88889 46.6018 4.27751
2.89583 43.0401 4.23617
2.90278 37.9943 4.19484
2.90972 33.6795 4.1535
2.91667 32.1404 4.11216
2.92361 34.2624 4.07083
2.93056 39.0879 4.02949
2.9375 44.4555 3.98815
2.94444 48.1433 3.94682
2.95139 48.6446 3.90548
2.95833 45.8395 3.86414
2.96528 40.9781 3.8228
2.97222 36.1791 3.78147
2.97917 33.6462 3.74013
2.98611 34.7128 3.69879
2.99306 38.9614 3.65746
3 44.4577 3.61612
3.00694 48.8794 3.57478
3.01389 50.4205 3.53345
3.02083 48.5004 3.49211
3.02778 44.018 3.45077
3.03472 38.9249 3.41085
3.04167 35.511 3.37528
3.04861 35.4748 3.33971
3.05556 38.9566 3.30413
3.0625 44.3647 3.26856
3.06944 49.3647 3.23299
3.07639 51.9095 3.19742
3.08333 50.9718 3.16185
3.09028 47.051 3.12627
3.09722 41.8652 3.08565
3.10417 37.7163 3.03766
3.11111 36.5836 2.98968
3.11806 39.1407 2.9417
3.125 44.2399 2.89372
3.13194 49.6377 2.84574
3.13889 53.1029 2.79776
3.14583 53.21 2.74978
3.15278 50.0154 2.7018
3.15972 44.9439 2.65382
3.16667 40.2308 2.60584
3.17361 38.0576 2.55785
3.18056 39.5751 2.50987
3.1875 44.1515 2.46189
3.19444 49.7446 2.41391
3.20139 54.0069 2.36593
3.20833 55.1818 2.31795
3.21528 52.8538 2.26997
3.22222 48.1003 2.22199
3.22917 43.0122 2.17401
3.23611 39.8977 2.12602
3.24306 40.3116 2.07804
3.25 44.1694 2.03006
3.25694 49.7397 1.98208
3.26389 54.6452 1.9341
3.27083 56.865 1.88612
3.27778 55.5133 1.83814
3.28472 51.27 1.79016
3.29167 46.0097 1.72218
3.29861 42.0898 1.61005
3.30556 41.3891 1.49791
3.3125 44.3613 1.38578
3.31944 49.686 1.27364
3.32639 55.0553 1.16151
3.33333 58.248 1.04937
3.34028 57.9466 0.937238
3.34722 54.3889 0.825103
3.35417 49.1672 0.753776
3.36111 44.6066 0.753346
3.36806 42.8305 0.752916
3.375 44.79 0.752486
3.38194 49.6517 0.752056
3.38889 55.2837 0.751626
3.39583 59.333 0.751196
3.40278 60.117 0.750767
3.40972 57.3968 0.750337
3.41667 52.4243 0.749907
3.42361 47.409 0.749477
3.43056 44.6419 0.749047
3.4375 45.5091 0.748617
3.44444 49.707 0.748187
3.45139 55.3842 0.747757
3.45833 60.1393 0.747327
3.46528 61.9992 0.746898
3.47222 60.2385 0.746468
3.47917 55.7165 0.746038
3.48611 50.4482 0.745608
3.49306 46.8136 0.745178
3.5 46.5604 0.744748
3.50694 49.9202 0.744318
3.51389 55.4186 0.743888
3.52083 60.7024 0.743459
3.52778 63.5794 0.743029
3.53472 62.8643 0.742599
3.54167 58.9778 0.742169
3.54861 53.6688 0.741739
3.55556 49.3225 0.741309
3.5625 47.9713 0.740879
3.56944 50.355 0.740449
3.57639 55.4549 0.740019
3.58333 61.0684 0.73959
3.59028 64.8559 0.73916
3.59722 65.2334 0.73873
3.60417 62.1453 0.7383
3.61111 57.0109 0.73787
3.61806 52.1333 0.73744
3.625 49.7527 0.73701
3.63194 51.0666 0.73658
3.63889 55.5632 0.73615
3.64583 61.2909 0.735721
3.65278 65.8435 0.735291
3.65972 67.3174 0.740348
3.66667 65.1616 0.747129
3.67361 60.4105 0.753911
3.68056 55.2001 0.760692
3.6875 51.8994 0.767473
3.69444 52.0994 0.774255
3.70139 55.8123 0.781036
3.70833 61.4304 0.787818
3.71528 66.5741 0.794599
3.72222 69.0997 0.80138
3.72917 67.9747 0.808162
3.73611 63.8008 0.814943
3.74306 58.4688 0.821725
3.75 54.3926 0.828506
3.75694 53.4842 0.835287
3.76389 56.2664 0.842069
3.77083 61.5539 0.84885
3.77778 67.093 0.855632
3.78472 70.5758 0.862413
3.79167 70.5405 0.869194
3.79861 67.1166 0.875976
3.80556 61.8805 0.882757
3.8125 57.2012 0.889538
3.81944 55.2366 0.89632
3.82639 56.9822 0.903101
3.83333 61.7314 0.909883
3.84028 67.4532 0.916664
3.84722 71.7557 0.923445
3.85417 72.8267 0.930227
3.86111 70.2981 0.937008
3.86806 65.3722 0.94379
3.875 60.2829 0.950571
3.88194 57.3563 0.957352
3.88889 58.0059 0.964134
3.89583 62.0317 0.970915
3.90278 67.7142 0.977697
3.90972 72.667 0.984478
3.91667 74.814 0.991259
3.92361 73.2912 0.998041
3.93056 68.8771 1.02649
3.9375 63.5859 1.06043
3.94444 59.8287 1.079
3.95139 59.3714 1.09757
3.95833 62.5195 1.11614
3.96528 67.9415 1.13471
3.97222 73.3528 1.15328
3.97917 76.495 1.17185
3.98611 76.0493 1.19042
3.99306 72.3286 1.20899
4 67.0526 1.22756
4.00694 62.6269 1.24613
4.01389 61.0986 1.2647
4.02083 63.2524 1.28327
4.02778 68.2045 1.30184
4.03472 73.8654 1.32041
4.04167 77.8757 1.33898
4.04861 78.5361 1.35755
4.05556 75.6644 1.37612
4.0625 70.6212 1.39469
4.06944 65.7127 1.41326
4.07639 63.1917 1.43183
4.08333 64.2782 1.4504
4.09028 68.572 1.46897
4.09722 74.2634 1.48754
4.10417 78.9789 1.50611
4.11111 80.7288 1.52468
4.11806 78.8286 1.54325
4.125 74.2259 1.56182
4.13194 69.0376 1.58111
4.13889 65.6406 1.60045
4.14583 65.6333 1.6198
4.15278 69.1086 1.63914
4.15972 74.6108 1.65849
4.16667 79.8442 1.67783
4.17361 82.6176 1.69718
4.18056 81.7723 1.71652
4.1875 77.7996 1.73587
4.19444 72.5456 1.75521
4.20139 68.4226 1.77455
4.20833 67.3411 1.7939
4.21528 69.8726 1.81324
4.22222 74.9756 1.83259
4.22917 80.5227 1.85193
4.23611 84.2051 1.87128
4.24306 84.4558 1.89062
4.25 81.2777 1.90997
4.25694 76.1766 1.92931
4.26389 71.5038 1.95185
4.27083 69.4104 1.98424
4.27778 70.9132 2.01663
4.28472 75.4262 2.04902
4.29167 81.0722 2.08141
4.29861 85.5092 2.1138
4.30556 86.8525 2.14619
4.3125 84.6026 2.17858
4.31944 79.8663 2.21096
4.32639 74.8396 2.24335
4.33333 71.8356 2.27574
4.34028 72.2686 2.30813
4.34722 76.0273 2.34052
4.35417 81.5551 2.37291
4.36111 86.5651 2.4053
4.36806 88.9498 2.43769
4.375 87.7234 2.47007
4.38194 83.5479 2.50246
4.38889 78.3767 2.53485
4.39583 74.5982 2.56724
4.40278 73.9652 2.59963
4.40972 76.8374 2.63202
4.41667 82.0377 2.66441
4.42361 87.4217 2.6968
4.43056 90.7474 2.72918
4.4375 90.5976 2.76157
4.44444 87.1556 2.79396
4.45139 82.0565 2.82635
4.45833 77.6684 2.85874
4.46528 76.0158 2.89113
4.47222 77.9065 2.92352
4.47917 82.5875 2.95591
4.48611 88.1357 2.98829
4.49306 92.2589 3.02068
4.5 93.1949 3.05307
4.50694 90.6296 3.08546
4.51389 85.8166 3.11785
4.52083 81.006 3.15024
4.52778 78.4193 3.18263
4.53472 79.2744 3.21502
4.54167 83.2689 3.2474
4.54861 88.7683 3.27979
4.55556 93.5145 3.31218
4.5625 95.4993 3.34457
4.56944 93.9175 3.37696
4.57639 89.5917 3.40935
4.58333 84.5611 3.44174
4.59028 81.1613 3.47404
4.59722 80.9698 3.50508
4.60417 84.1405 3.53612
4.61111 89.3839 3.56716
4.61806 94.5597 3.5982
4.625 97.5079 3.62924
4.63194 96.9745 3.66028
4.63889 93.3155 3.69132
4.64583 88.2774 3.72236
4.65278 84.2165 3.7534
4.65972 83.0089 3.78443
4.66667 85.2527 3.81547
4.67361 90.0486 3.84651
4.68056 95.4501 3.87755
4.6875 99.2307 3.90859
4.69444 99.7671 3.93963
4.70139 96.9263 3.97067
4.70833 92.0944 4.00171
4.71528 87.549 4.03275
4.72222 85.3949 4.06379
4.72917 86.6466 4.09483
4.73611 90.8262 4.12587
4.74306 96.2454 4.15691
4.75 100.693 4.18795
4.75694 102.275 4.21899
4.76389 100.37 4.25003
4.77083 95.9486 4.28107
4.77778 91.1128 4.31211
4.78472 88.1178 4.34315
4.79167 88.3524 4.34805
4.79861 91.7749 4.33392
4.80556 97.0082 4.3198
4.8125 101.936 4.30567
4.81944 104.494 4.29155
4.82639 103.6 4.27743
4.83333 99.7746 4.2633
4.84028 94.8545 4.24918
4.84722 91.1562 4.23506
4.85417 90.3892 4.22093
4.86111 92.9455 4.20681
4.86806 97.8028 4.19268
4.875 103.013 4.17856
4.88194 106.429 4.16444
4.88889 106.581 4.15031
4.89583 103.509 4.13619
4.90278 98.7158 4.12207
4.90972 94.4786 4.10794
4.91667 92.7641 4.09382
4.92361 94.3796 4.0797
4.93056 98.692 4.06557
4.9375 103.982 4.05145
4.94444 108.102 4.03732
4.95139 109.288 4.0232
4.95833 107.097 4.00908
4.96528 102.636 3.99495
4.97222 98.0436 4.01056
4.97917 95.4712 4.03163
4.98611 96.1088 4.0527
4.99306 99.7335 4.07377
5 104.905 4.09484
5.00694 109.55 4.11591
5.01389 111.713 4.13698
5.02083 110.49 4.15806
5.02778 106.55 4.17913
5.03472 101.801 4.2002
5.04167 98.4933 4.22127
5.04861 98.1543 4.24234
5.05556 100.978 4.26341
5.0625 105.843 4.28448
5.06944 110.822 4.30555
5.07639 113.86 4.32662
5.08333 113.649 4.3477
5.09028 110.395 4.36877
5.09722 105.696 4.38984
5.10417 101.803 4.41091
5.11111 100.526 4.43198
5.11806 102.467 4.45305
5.125 106.859 4.47412
5.13194 111.975 4.49519
5.13889 115.746 4.51627
5.14583 116.548 4.53734
5.15278 114.114 4.55841
5.15972 109.668 4.57948
5.16667 105.364 4.59134
5.17361 103.223 4.59402
5.18056 104.234 4.59669
5.1875 108.009 4.59937
5.19444 113.069 4.60204
5.20139 117.403 4.60472
5.20833 119.175 4.6074
5.21528 117.658 4.61007
5.22222 113.657 4.61275
5.22917 109.129 4.61542
5.23611 106.232 4.6181
5.24306 106.3 4.62077
5.25 109.342 4.62345
5.25694 114.165 4.62612
5.26389 118.877 4.6288
5.27083 121.531 4.63147
5.27778 120.986 4.63415
5.28472 117.599 4.63682
5.29167 113.047 4.6395
5.29861 109.528 4.64828
5.30556 108.68 4.69159
5.3125 110.902 4.7349
5.31944 115.321 4.77821
5.32639 120.222 4.82152
5.33333 123.629 4.86483
5.34028 124.069 4.90814
5.34722 121.436 4.95145
5.35417 117.06 4.99476
5.36111 113.081 5.03353
5.36806 111.374 5.06363
5.375 112.721 5.09373
5.38194 116.593 5.12382
5.38889 121.498 5.15392
5.39583 125.498 5.18402
5.40278 126.89 5.21412
5.40972 125.119 5.24422
5.41667 121.11 5.27431
5.42361 116.848 5.30441
5.43056 114.373 5.33451
5.4375 114.822 5.36461
5.44444 118.031 5.39471
5.45139 122.761 5.4248
5.45833 127.179 5.4549
5.46528 129.45 5.485
5.47222 128.604 5.5151
5.47917 125.136 5.5452
5.48611 120.781 5.57529
5.49306 117.659 5.60539
5.5 117.22 5.63549
5.50694 119.677 5.66559
5.51389 124.07 5.69569
5.52083 128.723 5.72578
5.52778 131.759 5.75588
5.53472 131.861 5.78598
5.54167 129.079 5.81608
5.54861 124.825 5.84618
5.55556 121.202 5.87627
5.5625 119.921 5.90637
5.56944 121.562 5.93647
5.57639 125.48 5.96657
5.58333 130.187 5.99667
5.59028 133.84 6.02496
5.59722 134.87 6.03553
5.60417 132.887 6.04611
5.61111 128.925 6.05669
5.61806 124.967 6.06726
5.625 122.918 6.07784
5.63194 123.712 6.08841
5.63889 127.037 6.09899
5.64583 131.629 6.10956
5.65278 135.729 6.12014
5.65972 137.627 6.13072
5.66667 136.518 6.14129
5.67361 133.021 6.15187
5.68056 128.908 6.16244
5.6875 126.196 6.17302
5.69444 126.143 6.1836
5.70139 128.783 6.19417
5.70833 133.102 6.20475
5.71528 137.476 6.21532
5.72222 140.141 6.2259
5.72917 139.938 6.23648
5.73611 137.056 6.24705
5.74306 132.974 6.25763
5.75 129.731 6.2682
5.75694 128.86 6.27878
5.76389 130.751 6.28936
5.77083 134.661 6.29993
5.77778 139.136 6.31051
5.78472 142.432 6.32108
5.79167 143.125 6.33166
5.79861 140.978 6.34223
5.80556 137.112 6.35281
5.8125 133.49 6.36339
5.81944 131.863 6.37396
5.82639 132.964 6.38454
5.83333 136.351 6.39511
5.84028 140.763 6.40569
5.84722 144.532 6.41627
5.85417 146.072 6.42684
5.86111 144.741 6.43742
5.86806 141.267 6.44799
5.875 137.435 6.45857
5.88194 135.14 6.46915
5.88889 135.441 6.47972
5.89583 138.213 6.4903
5.90278 142.412 6.50087
5.90972 146.485 6.51145
5.91667 148.785 6.52203
5.92361 148.312 6.5326
5.93056 145.381 6.54318
5.9375 141.516 6.55375
5.94444 138.669 6.56433
5.95139 138.188 6.5749
5.95833 140.277 6.58548
5.96528 144.131 6.59606
5.97222 148.344 6.60663
5.97917 151.281 6.61721
5.98611 151.668 6.62778
5.99306 149.403 6.63836
6 145.683 6.72753
6.00694 142.424 6.83347
6.01389 141.207 6.93941
6.02083 142.57 7.04535
6.02778 145.966 7.15129
6.03472 150.163 7.25723
6.04167 153.59 7.36318
6.04861 154.795 7.46912
6.05556 153.287 7.57506
6.0625 149.885 7.681
6.06944 146.368 7.78694
6.07639 144.489 7.89288
6.08333 145.106 7.99882
6.09028 147.957 8.10477
6.09722 151.994 8.21071
6.10417 155.75 8.31665
6.11111 157.699 8.42259
6.11806 156.997 8.52853
6.125 154.067 8.63447
6.13194 150.458 8.74041
6.13889 148.018 8.84635
6.14583 147.896 8.94436
6.15278 150.134 8.9501
6.15972 153.883 8.95584
6.16667 157.811 8.96158
6.17361 160.395 8.96733
6.18056 160.508 8.97307
6.1875 158.176 8.97881
6.19444 154.648 8.98455
6.20139 151.769 8.9903
6.20833 150.943 8.99604
6.21528 152.52 9.00178
6.22222 155.876 9.00752
6.22917 159.826 9.01327
6.23611 162.908 9.01901
6.24306 163.807 9.02475
6.25 162.167 9.03049
6.25694 158.886 9.03624
6.26389 155.712 9.05933
6.27083 154.24 9.14641
6.27778 155.131 9.23349
6.28472 158.008 9.32057
6.29167 161.845 9.40765
6.29861 165.275 9.49473
6.30556 166.894 9.58181
6.3125 166.003 9.66889
6.31944 163.123 9.75597
6.32639 159.807 9.84305
6.33333 157.774 9.93013
6.34028 157.978 10.0172
6.34722 160.31 10.1043
6.35417 163.913 10.1914
6.36111 167.539 10.2785
6.36806 169.782 10.3655
6.375 169.659 10.4526
6.38194 167.307 10.5397
6.38889 164.012 10.6268
6.39583 161.526 10.7139
6.40278 161.064 10.8009
6.40972 162.804 10.888
6.41667 166.073 10.9751
6.42361 169.752 11.0622
6.43056 172.494 11.1493
6.4375 173.118 11.2363
6.44444 171.393 11.3234
6.45139 168.279 11.4105
6.45833 165.469 11.4976
6.46528 164.387 11.5847
6.47222 165.506 11.6717
6.47917 168.358 11.7588
6.48611 171.964 11.8459
6.49306 175.063 11.933
6.5 176.378 12.0201
6.50694 175.343 12.1071
6.51389 172.56 12.1942
6.52083 169.567 12.2813
6.52778 167.936 12.3684
6.53472 168.424 12.4555
6.54167 170.799 12.5425
6.54861 174.217 12.6296
6.55556 177.53 12.7167
6.5625 179.449 12.8038
6.56944 179.131 12.8909
6.57639 176.808 12.9779
6.58333 173.783 13.065
6.59028 171.695 13.1521
6.59722 171.565 13.2392
6.60417 173.415 13.3263
6.61111 176.551 13.4133
6.61806 179.942 13.5004
6.625 182.353 13.5875
6.63194 182.738 13.6746
6.63889 180.976 13.7143
6.64583 178.071 13.7516
6.65278 175.639 13.789
6.65972 174.925 13.8264
6.66667 176.221 13.8637
6.67361 179 13.9011
6.68056 182.348 13.9385
6.6875 185.119 13.9758
6.69444 186.161 14.0132
6.70139 185.028 14.0505
6.70833 182.387 14.0879
6.71528 179.74 14.1253
6.72222 178.498 14.1626
6.72917 179.226 14.2
6.73611 181.59 14.2374
6.74306 184.79 14.2747
6.75 187.785 14.3121
6.75694 189.405 14.3495
6.76389 188.934 14.3868
6.77083 186.687 14.4242
6.77778 183.963 14.4616
6.78472 182.27 14.4989
6.79167 182.434 14.5358
6.79861 184.341 14.5721
6.80556 187.306 14.6085
6.8125 190.396 14.6449
6.81944 192.493 14.6812
6.82639 192.678 14.7176
6.83333 190.927 14.754
6.84028 188.267 14.7903
6.84722 186.222 14.8267
6.85417 185.845 14.863
6.86111 187.265 14.8994
6.86806 189.927 14.9358
6.875 192.997 14.9721
6.88194 195.449 15.0085
6.88889 196.252 15.0448
6.89583 195.067 15.0812
6.90278 192.611 15.1176
6.90972 190.327 15.1539
6.91667 189.453 15.1903
6.92361 190.371 15.2266
6.93056 192.677 15.263
6.9375 195.631 15.2994
6.94444 198.31 15.3357
6.95139 199.66 15.3721
6.95833 199.08 15.4084
6.96528 196.953 15.4448
6.97222 194.556 15.4669
6.97917 193.248 15.4875
6.98611 193.662 15.508
6.99306 195.574 15.5286
7 198.333 15.5492
7.00694 201.116 15.5698
7.01389 202.92 15.5903
7.02083 202.947 15.6109
7.02778 201.252 15.6315
7.03472 198.872 15.652
7.04167 197.213 15.6726
7.04861 197.137 15.6932
7.05556 198.63 15.7138
7.0625 201.131 15.7343
7.06944 203.911 15.7549
7.07639 206.059 15.7755
7.08333 206.66 15.7961
7.09028 205.469 15.8166
7.09722 203.238 15.8372
7.10417 201.327 15.8578
7.11111 200.793 15.9154
7.11806 201.85 16.0132
7.125 204.05 16.111
7.13194 206.737 16.2089
7.13889 209.108 16.3067
7.14583 210.22 16.4045
7.15278 209.577 16.5024
7.15972 207.613 16.6002
7.16667 205.562 16.698
7.17361 204.622 16.7958
7.18056 205.238 16.8937
7.1875 207.105 16.9915
7.19444 209.627 17.0893
7.20139 212.106 17.1872
7.20833 213.644 17.285
7.21528 213.554 17.3828
7.22222 211.96 17.4806
7.22917 209.889 17.5785
7.23611 208.608 17.6763
7.24306 208.793 17.7741
7.25 210.304 17.872
7.25694 212.609 17.9698
7.26389 215.092 18.0676
7.27083 216.955 18.1654
7.27778 217.393 18.2633
7.28472 216.244 18.3611
7.29167 214.27 18.4589
7.29861 212.736 18.5395
7.30556 212.51 18.614
7.3125 213.653 18.6886
7.31944 215.704 18.7632
7.32639 218.108 18.8377
7.33333 220.184 18.9123
7.34028 221.094 18.9869
7.34722 220.433 19.0614
7.35417 218.672 19.136
7.36111 216.981 19.2106
7.36806 216.383 19.2851
7.375 217.152 19.3597
7.38194 218.924 19.4342
7.38889 221.188 19.5088
7.39583 223.367 19.5834
7.40278 224.67 19.6579
7.40972 224.509 19.7325
7.41667 223.059 19.8071
7.42361 221.316 19.8816
7.43056 220.401 19.9562
7.4375 220.799 20.0308
7.44444 222.278 20.1053
7.45139 224.356 20.1799
7.45833 226.54 20.2545
7.46528 228.143 20.329
7.47222 228.461 20.4036
7.47917 227.396 20.4782
7.48611 225.712 20.5527
7.49306 224.549 20.6273
7.5 224.592 20.7019
7.50694 225.767 20.7764
7.51389 227.63 20.851
7.52083 229.744 20.9256
7.52778 231.543 21.0001
7.53472 232.291 21.0747
7.54167 231.656 21.1493
7.54861 230.134 21.2238
7.55556 228.808 21.2984
7.5625 228.523 21.373
7.56944 229.391 21.4475
7.57639 231.024 21.5221
7.58333 233.012 21.5967
7.59028 234.903 21.6712
7.59722 236.007 21.7458
7.60417 235.818 21.8204
7.61111 234.552 21.8949
7.61806 233.155 21.9695
7.625 232.584 22.0441
7.63194 233.146 22.1186
7.63889 234.541 22.1932
7.64583 236.366 22.2677
7.65278 238.258 22.3423
7.65972 239.631 22.4169
7.66667 239.871 22.4915
7.67361 238.934 22.5805
7.68056 237.562 22.6694
7.6875 236.762 22.7584
