time error errTLE
0 0 0
0.0347222 0.488148 0.212275
0.0694444 0.190057 0.42455
0.104167 1.23549 0.636825
0.138889 0.298298 0.8491
0.173611 2.04137 1.06137
0.208333 0.612644 1.27365
0.243056 2.7155 1.48592
0.277778 1.31695 1.69357
0.3125 3.14655 1.89524
0.347222 2.42001 2.09692
0.381944 3.28293 2.2986
0.416667 3.85943 2.50028
0.451389 3.17655 2.70196
0.486111 5.49302 2.82738
0.520833 3.00269 2.93355
0.555556 7.11753 3.03972
0.590278 3.06142 3.14589
0.625 8.47384 3.25206
0.659722 3.74278 3.35823
0.694444 9.34437 3.4644
0.729167 5.22654 3.57057
0.763889 9.65835 3.67674
0.798611 7.39529 3.81726
0.833333 9.4686 3.96029
0.868056 10.0012 4.10332
0.902778 8.97568 4.24635
0.9375 12.7335 4.38938
0.972222 8.53107 4.52608
1.00694 15.2515 4.6301
1.04167 8.5855 4.73412
1.07639 17.2082 4.83814
1.11111 9.58565 4.94215
1.14583 18.3528 5.04617
1.18056 11.718 5.13908
1.21528 18.6482 5.2265
1.25 14.8108 5.31392
1.28472 18.2423 5.40134
1.31944 18.4776 5.54292
1.35417 17.4727 5.71278
1.38889 22.2496 5.88264
1.42361 16.8421 6.05251
1.45833 25.6501 6.22237
1.49306 16.9187 6.39223
1.52778 28.2428 6.56209
1.5625 18.1982 6.73196
1.59722 29.738 6.90182
1.63194 20.879 7.07168
1.66667 30.1223 7.27134
1.70139 24.7623 7.52744
1.73611 29.6243 7.71684
1.77083 29.3675 7.24526
1.80556 28.6989 6.77367
1.84028 34.0957 6.30208
1.875 27.9732 5.8305
1.90972 38.3464 5.35891
1.94444 28.1079 5.2979
1.97917 41.5962 5.53033
2.01389 29.6416 5.76276
2.04861 43.5125 5.99518
2.08333 32.7879 6.22761
2.11806 44.0945 6.46004
2.15278 37.3384 6.69246
2.1875 43.6344 6.92489
2.22222 42.7545 6.9558
2.25694 42.6813 6.91691
2.29167 48.3406 6.8175
2.32639 41.9596 6.71809
2.36111 53.3921 6.61868
2.39583 42.2009 6.51927
2.43056 57.3058 6.41986
2.46528 43.9786 6.32046
2.5 59.7048 6.22105
2.53472 47.5225 6.12164
2.56944 60.5899 6.02223
2.60417 52.6285 5.92282
2.63889 60.2983 5.76564
2.67361 58.7293 5.55896
2.70833 59.4492 5.35227
2.74306 65.0664 5.14559
2.77778 58.8377 4.9389
2.8125 70.8557 4.73222
2.84722 59.2455 4.52553
2.88194 75.4267 4.31885
2.91667 61.2711 4.11216
2.95139 78.3588 3.90548
2.98611 65.1604 3.69879
3.02083 79.645 3.49211
3.05556 70.7232 3.30413
3.09028 79.6488 3.12627
3.125 77.3883 2.89372
3.15972 79.0353 2.65382
3.19444 84.3658 2.41391
3.22917 78.6443 2.17401
3.26389 90.8197 1.9341
3.29861 79.2877 1.61005
3.33333 96.0284 1.04937
3.36806 81.5786 0.752916
3.40278 99.5316 0.750767
3.4375 85.7765 0.748617
3.47222 101.306 0.746468
3.50694 91.7121 0.744318
3.54167 101.725 0.742169
3.57639 98.8302 0.740019
3.61111 101.475 0.73787
3.64583 106.339 0.735721
3.68056 101.416 0.760692
3.71528 113.377 0.794599
3.75 102.371 0.828506
3.78472 119.192 0.862413
3.81944 104.956 0.89632
3.85417 123.291 0.930227
3.88889 109.441 0.964134
3.92361 125.629 0.998041
3.95833 115.681 1.11614
3.99306 126.571 1.20899
4.02778 123.153 1.30184
4.0625 126.804 1.39469
4.09722 131.087 1.48754
4.13194 127.187 1.58111
4.16667 138.627 1.67783
4.20139 128.534 1.77455
4.23611 145.006 1.87128
4.27083 131.452 1.98424
4.30556 149.711 2.14619
4.34028 136.217 2.30813
4.375 152.672 2.47007
4.40972 142.71 2.63202
4.44444 154.232 2.79396
4.47917 150.451 2.95591
4.51389 155.059 3.11785
4.54861 158.714 3.27979
4.58333 155.988 3.44174
4.61806 166.67 3.5982
4.65278 157.808 3.7534
4.6875 173.565 3.90859
4.72222 161.107 4.06379
4.75694 178.872 4.21899
4.79167 166.158 4.34805
4.82639 182.499 4.27743
4.86111 172.868 4.20681
4.89583 184.755 4.13619
4.93056 180.809 4.06557
4.96528 186.274 3.99495
5 189.314 4.09484
5.03472 187.846 4.2002
5.06944 197.605 4.30555
5.10417 190.221 4.41091
5.13889 204.958 4.51627
5.17361 193.953 4.59402
5.20833 210.853 4.6074
5.24306 199.307 4.62077
5.27778 215.171 4.63415
5.3125 206.215 4.7349
5.34722 218.186 4.95145
5.38194 214.302 5.12382
5.41667 220.478 5.27431
5.45139 222.974 5.4248
5.48611 222.781 5.57529
5.52083 231.523 5.72578
5.55556 225.788 5.87627
5.59028 239.275 6.02496
5.625 230.01 6.07784
5.65972 245.728 6.13072
5.69444 235.694 6.1836
5.72917 250.747 6.23648
5.76389 242.795 6.28936
5.79861 254.564 6.34223
5.83333 250.991 6.39511
5.86806 257.697 6.44799
5.90278 259.77 6.50087
5.9375 260.807 6.55375
5.97222 268.506 6.60663
6.00694 264.519 6.83347
6.04167 276.595 7.36318
6.07639 269.289 7.89288
6.11111 283.567 8.42259
6.14583 275.339 8.94436
6.18056 289.281 8.97307
6.21528 282.638 9.00178
6.25 293.924 9.03049
6.28472 290.922 9.32057
6.31944 297.948 9.75597
6.35417 299.759 10.1914
6.38889 301.93 10.6268
6.42361 308.621 11.0622
6.45833 306.413 11.4976
6.49306 316.984 11.933
6.52778 311.788 12.3684
6.5625 324.43 12.8038
6.59722 318.245 13.2392
6.63194 330.817 13.6746
6.66667 325.76 13.8637
6.70139 336.295 14.0505
6.73611 334.122 14.2374
6.77083 341.244 14.4242
6.80556 342.985 14.6085
6.84028 346.148 14.7903
6.875 351.92 14.9721
6.90972 351.46 15.1539
6.94444 360.497 15.3357
6.97917 357.497 15.4875
7.01389 368.362 15.5903
7.04861 364.404 15.6932
7.08333 375.389 15.7961
7.11806 372.161 16.0132
7.15278 381.694 16.5024
7.1875 380.605 16.9915
7.22222 387.586 17.4806
7.25694 389.47 17.9698
7.29167 393.451 18.4589
7.32639 398.435 18.8377
7.36111 399.644 19.2106
7.39583 407.17 19.5834
7.43056 406.392 19.9562
7.46528 415.399 20.329
7.5 413.795 20.7019
7.53472 423.021 21.0747
7.56944 421.826 21.4475
7.60417 430.132 21.8204
7.63889 430.363 22.1932
7.67361 436.971 22.5805
7.70833 439.222 23.0253
7.74306 443.824 23.4702
7.77778 448.182 23.915
7.8125 450.937 24.3183
7.84722 457.023 24.7066
7.88194 458.445 25.0949
7.91667 465.557 25.4831
7.95139 466.387 25.8992
7.98611 473.725 26.3387
8.02083 474.728 26.7782
8.05556 481.609 27.2177
8.09028 483.378 27.6572
8.125 489.387 28.0967
8.15972 492.228 28.4972
8.19444 497.243 28.893
8.22917 501.159 29.2889
8.26389 505.309 29.6848
8.29861 510.06 30.0807
8.33333 513.617 30.4866
8.36806 518.841 30.9212
8.40278 522.141 31.3824
8.4375 527.498 31.8599
8.47222 530.825 32.3373
8.50694 536.116 32.8148
8.54167 539.613 33.2923
8.57639 544.815 33.7697
8.61111 548.461 34.2472
8.64583 553.68 34.7411
8.68056 557.345 35.26
8.71528 562.722 35.7789
8.75 566.267 36.2978
8.78472 571.863 36.8167
8.81944 575.241 37.3357
8.85417 581.006 37.8546
8.88889 584.331 38.3735
8.92361 590.071 38.9575
8.95833 593.636 39.563
8.99306 599.022 40.0512
9.02778 603.232 40.5322
9.0625 607.878 41.0133
9.09722 613.102 41.494
9.13194 616.706 41.9705
9.16667 623.135 42.447
9.20139 625.615 42.9235
9.23611 633.137 43.4109
9.27083 634.732 43.9376
9.30556 642.932 44.4904
9.34028 644.2 45.0788
9.375 652.409 45.6672
9.40972 654.146 46.2557
9.44444 661.55 46.8441
9.47917 664.608 47.4325
9.51389 670.428 48.0209
9.54861 675.474 48.6093
9.58333 679.195 49.1977
9.61806 686.506 49.7321
9.65278 688.065 50.2262
9.6875 697.389 50.7202
9.72222 697.281 51.2142
9.75694 707.862 51.7082
9.79167 707.076 52.2022
9.82639 717.778 52.6962
9.86111 717.616 53.1902
9.89583 727.134 53.6842
9.93056 728.911 54.1791
9.96528 736.049 54.6803
10 740.759 55.1815
10.0347 744.754 55.6826
10.0694 752.792 56.1838
10.1042 753.566 56.685
10.1389 764.569 57.1896
10.1736 762.844 57.6963
10.2083 775.739 58.2029
10.2431 772.92 58.7096
10.2778 786.118 59.3763
10.3125 784.011 60.1501
10.3472 795.709 60.924
10.3819 796.108 61.6978
10.4167 804.677 62.4716
10.4514 808.921 63.2454
10.4861 813.322 64.0166
10.5208 821.951 64.3646
10.5556 822.062 64.7126
10.5903 834.629 65.0605
10.625 831.373 65.4085
10.6597 846.51 65.7733
10.6944 841.692 66.1421
10.7292 857.367 66.5109
10.7639 853.297 66.8797
10.7986 867.211 67.4285
10.8333 866.165 67.9845
10.8681 876.244 68.5404
10.9028 879.924 69.0963
10.9375 884.834 69.6523
10.9722 893.944 70.1819
11.0069 893.494 70.6642
11.0417 907.524 71.1465
11.0764 902.816 71.6287
11.1111 920.122 72.1372
11.1458 913.349 72.6752
11.1806 931.468 73.2131
11.2153 925.436 73.7511
11.25 941.576 74.3425
11.2847 939.05 74.9512
11.3194 950.685 75.5598
11.3542 953.737 76.1685
11.3889 959.226 76.7772
11.4236 968.737 77.3858
11.4583 967.803 77.9945
11.4931 983.215 78.6032
11.5278 977.123 79.2118
11.5625 996.53 79.8205
11.5972 987.848 80.4291
11.6319 1008.37 80.96
11.6667 1000.39 81.4862
11.7014 1018.75 82.0124
11.7361 1014.73 82.5386
11.7708 1027.94 83.0648
11.8056 1030.33 83.591
11.8403 1036.44 84.1172
11.875 1046.3 84.6871
11.9097 1044.93 85.3667
11.9444 1061.67 86.0462
11.9792 1054.24 86.7258
12.0139 1075.69 87.3515
12.0486 1065.15 87.8258
12.0833 1088.02 88.3
12.1181 1078.14 88.7743
12.1528 1098.68 89.2486
12.1875 1093.19 89.7603
12.2222 1107.96 90.5739
12.2569 1109.68 91.3875
12.2917 1116.42 92.2011
12.3264 1126.6 93.0147
12.3611 1124.83 93.8283
12.3958 1142.85 94.6419
12.4306 1134.14 95.4555
12.4653 1157.58 96.2691
12.5 1145.22 96.8429
12.5347 1170.4 97.0252
12.5694 1158.64 97.2076
12.6042 1181.32 97.3899
12.6389 1174.39 97.6609
12.6736 1190.69 98.2674
12.7083 1191.77 98.874
12.7431 1199.12 99.4806
12.7778 1209.63 100.134
12.8125 1207.47 100.848
12.8472 1226.74 101.562
12.8819 1216.77 102.275
12.9167 1242.16 102.989
12.9514 1228.03 103.702
12.9861 1255.45 104.356
13.0208 1241.89 104.9
13.0556 1266.65 105.443
13.0903 1258.32 105.987
13.125 1276.11 106.531
13.1597 1276.58 107.075
13.1944 1284.52 107.619
13.2292 1295.37 108.329
13.2639 1292.8 109.345
13.2986 1313.33 110.36
13.3333 1302.11 111.376
13.3681 1329.43 112.391
13.4028 1313.56 113.407
13.4375 1343.18 114.423
13.4722 1327.85 114.878
13.5069 1354.63 114.965
13.5417 1344.98 115.051
13.5764 1364.19 115.138
13.6111 1364.1 115.373
13.6458 1372.58 115.843
13.6806 1383.81 116.313
13.7153 1380.81 116.783
13.75 1402.6 117.381
13.7847 1390.15 118.086
13.8194 1419.36 118.79
13.8542 1401.79 119.494
13.8889 1433.56 120.198
13.9236 1416.54 120.902
13.9583 1445.27 121.607
13.9931 1434.35 122.185
14.0278 1454.93 122.571
14.0625 1454.33 122.957
14.0972 1463.3 123.342
14.1319 1474.93 123.728
14.1667 1471.5 124.114
14.2014 1494.54 124.608
14.2361 1480.87 125.197
14.2708 1511.95 125.787
14.3056 1492.73 126.376
14.3403 1526.6 126.937
14.375 1507.93 127.49
14.4097 1538.56 128.043
14.4444 1526.43 128.596
14.4792 1548.31 129.073
14.5139 1547.26 129.523
14.5486 1556.69 129.972
14.5833 1568.75 130.422
14.6181 1564.87 130.872
14.6528 1589.16 131.34
14.6875 1574.3 131.819
14.7222 1607.2 132.299
14.7569 1586.38 132.778
14.7917 1622.29 133.258
14.8264 1602.04 133.728
14.8611 1634.5 133.947
14.8958 1621.23 134.166
14.9306 1644.36 134.385
14.9653 1642.9 134.604
15 1652.75 134.874
15.0347 1665.27 135.152
15.0694 1660.93 135.43
15.1042 1686.46 135.799
15.1389 1670.43 136.253
15.1736 1705.12 136.707
15.2083 1682.75 137.161
15.2431 1720.63 137.788
15.2778 1698.88 138.528
15.3125 1733.1 139.269
15.3472 1718.75 140.009
15.3819 1743.08 140.75
15.4167 1741.25 141.49
15.4514 1751.51 142.231
15.4861 1764.47 142.127
15.5208 1759.7 142.008
15.5556 1786.43 141.889
15.5903 1769.29 141.77
15.625 1805.7 141.777
15.6597 1781.87 141.82
15.6944 1821.65 141.863
15.7292 1798.46 141.906
15.7639 1834.39 141.949
15.7986 1819.01 141.991
15.8333 1844.51 142.034
15.8681 1842.32 142.319
15.9028 1852.99 142.993
15.9375 1866.37 143.667
15.9722 1861.21 144.333
16.0069 1889.09 143.705
16.0417 1870.9 143.077
16.0764 1908.96 142.914
16.1111 1883.74 143.25
16.1458 1925.35 143.586
16.1806 1900.79 143.921
16.2153 1938.38 144.257
16.25 1922.01 144.593
16.2847 1948.66 144.929
16.3194 1946.1 145.729
16.3542 1957.22 147.094
16.3889 1970.97 148.459
16.4236 1965.51 149.642
16.4583 1994.42 149.318
16.4931 1975.31 148.994
16.5278 2014.9 148.669
16.5625 1988.4 148.345
16.5972 2031.75 148.021
16.6319 2005.91 147.717
16.6667 2045.08 147.941
16.7014 2027.76 148.164
16.7361 2055.56 148.388
16.7708 2052.61 148.615
16.8056 2064.24 148.85
16.8403 2078.26 149.086
16.875 2072.61 149.321
16.9097 2102.44 149.556
16.9444 2082.54 149.792
16.9792 2123.53 150.023
17.0139 2095.89 150.252
17.0486 2140.85 150.48
17.0833 2113.82 150.709
17.1181 2154.53 150.87
17.1528 2136.27 151.004
17.1875 2165.25 151.518
17.2222 2161.85 152.067
17.2569 2174.07 152.616
17.2917 2188.25 153.165
17.3264 2182.55 153.714
17.3611 2213.14 154.264
17.3958 2192.62 157.374
17.4306 2234.84 166.872
17.4653 2206.21 176.37
17.5 2252.66 185.868
17.5347 2224.55 195.366
17.5694 2266.74 204.864
17.6042 2247.56 214.362
17.6389 2277.74 223.86
17.6736 2273.82 233.591
17.7083 2286.75 243.472
17.7431 2300.94 252.771
17.7778 2295.37 261.086
17.8125 2326.51 269.402
17.8472 2305.59 277.718
17.8819 2348.83 286.034
17.9167 2319.4 294.349
17.9514 2367.19 302.665
17.9861 2338.1 310.981
18.0208 2381.7 319.756
18.0556 2361.63 328.655
18.0903 2393.04 337.554
18.125 2388.51 346.362
18.1597 2402.3 354.94
18.1944 2416.31 363.519
18.2292 2411.09 372.098
18.2639 2442.55 380.676
18.2986 2421.45 389.255
18.3333 2465.5 397.834
18.3681 2435.47 406.412
18.4028 2484.43 414.991
18.4375 2454.49 423.532
18.4722 2499.44 431.936
18.5069 2478.48 440.34
18.5417 2511.18 448.744
18.5764 2505.93 457.148
18.6111 2520.73 465.552
18.6458 2534.36 474.011
18.6806 2529.72 482.542
18.7153 2561.25 491.074
18.75 2540.23 499.606
18.7847 2584.84 508.028
18.8194 2554.43 516.381
18.8542 2604.37 524.734
18.8889 2573.73 533.088
18.9236 2619.94 541.441
18.9583 2598.11 549.795
18.9931 2632.15 558.148
19.0278 2626.06 566.53
19.0625 2642.05 575.943
19.0972 2655.08 584.923
19.1319 2651.26 593.355
19.1667 2682.59 601.786
19.2014 2661.94 610.218
19.2361 2706.82 618.649
19.2708 2676.29 627.081
19.3056 2727.01 635.512
19.3403 2695.81 643.944
19.375 2743.19 652.375
19.4097 2720.52 660.807
19.4444 2755.93 669.238
19.4792 2748.9 677.574
19.5139 2766.24 685.792
19.5486 2778.44 694.009
19.5833 2775.72 702.226
19.6181 2806.55 710.444
19.6528 2786.55 718.669
19.6875 2831.44 727.213
19.7222 2801.03 735.756
19.7569 2852.31 744.299
19.7917 2820.71 752.839
19.8264 2869.17 760.843
19.8611 2845.68 768.847
19.8958 2882.51 776.851
19.9306 2874.43 784.855
19.9653 2893.29 792.859
20 2904.43 800.814
20.0347 2903.07 808.595
20.0694 2933.11 816.441
20.1042 2914.07 824.473
20.1389 2958.66 832.504
20.1736 2928.64 840.536
20.2083 2980.26 848.567
20.2431 2948.43 856.598
20.2778 2997.85 864.63
20.3125 2973.58 872.661
20.3472 3011.87 881.281
20.3819 3002.62 890.037
20.4167 3023.16 898.794
20.4514 3033.04 907.303
20.4861 3033.28 915.666
20.5208 3062.25 924.028
20.5556 3044.44 932.391
20.5903 3088.46 940.753
20.625 3059.09 949.116
20.6597 3110.82 957.343
20.6944 3078.94 965.55
20.7292 3129.2 973.757
20.7639 3104.2 981.894
20.7986 3143.94 989.708
20.8333 3133.46 997.521
20.8681 3155.82 1005.33
20.9028 3164.22 1013.15
20.9375 3166.3 1020.96
20.9722 3193.94 1028.96
21.0069 3177.64 1037.4
21.0417 3220.81 1045.84
21.0764 3192.33 1054.29
21.1111 3243.95 1061.97
21.1458 3212.19 1069.52
21.1806 3263.18 1077.06
21.2153 3237.51 1084.6
21.25 3278.7 1092.15
21.2847 3266.91 1099.69
21.3194 3291.2 1107.38
21.3542 3297.97 1116.78
21.3889 3302.08 1126.18
21.4236 3328.15 1134.31
21.4583 3313.6 1142.16
21.4931 3355.67 1150.01
21.5278 3328.32 1157.85
21.5625 3379.61 1165.7
21.5972 3348.15 1173.55
21.6319 3399.72 1181.27
21.6667 3373.46 1188.99
21.7014 3416.08 1196.71
21.7361 3402.95 1204.43
21.7708 3429.24 1212.15
21.8056 3434.24 1219.87
21.8403 3440.55 1227.59
21.875 3464.85 1235.31
21.9097 3452.27 1243.03
21.9444 3493 1250.79
21.9792 3467 1258.58
22.0139 3517.77 1266.37
22.0486 3486.76 1274.16
22.0833 3538.78 1281.71
22.1181 3512.02 1289.22
22.1528 3556 1296.72
22.1875 3541.54 1304.22
22.2222 3569.87 1311.73
22.2569 3573.01 1319.23
22.2917 3581.64 1326.74
22.3264 3604.01 1334.43
22.3611 3593.56 1342.96
22.3958 3632.78 1351.5
22.4306 3608.3 1360
22.4653 3658.36 1367.57
22.5 3627.97 1375.15
22.5347 3680.3 1382.73
22.5694 3653.13 1390.31
22.6042 3698.41 1397.89
22.6389 3682.64 1405.47
22.6736 3713.01 1413.04
22.7083 3714.25 1420.61
22.7431 3725.25 1428.19
22.7778 3745.59 1435.63
22.8125 3737.39 1442.97
22.8472 3774.96 1450.31
22.8819 3752.15 1457.66
22.9167 3801.35 1465
22.9514 3771.71 1472.34
22.9861 3824.21 1480.23
23.0208 3796.75 1488.13
23.0556 3843.23 1495.39
23.0903 3826.2 1502.65
23.125 3858.57 1509.91
23.1597 3857.9 1517.17
23.1944 3871.31 1524.44
23.2292 3889.57 1531.7
23.2639 3883.68 1538.96
23.2986 3919.49 1546.39
23.3333 3898.45 1554.06
23.3681 3946.67 1561.74
23.4028 3917.91 1569.41
23.4375 3970.45 1577.08
23.4722 3942.81 1584.67
23.5069 3990.37 1592
23.5417 3972.18 1599.33
23.5764 4006.46 1606.66
23.6111 4003.95 1613.98
23.6458 4019.71 1621.27
23.6806 4035.89 1628.56
23.7153 4032.32 1635.86
23.75 4066.35 1643.15
23.7847 4047.13 1650.44
23.8194 4094.28 1657.52
23.8542 4066.5 1664.54
23.8889 4118.96 1671.56
23.9236 4091.26 1678.58
23.9583 4139.77 1685.6
23.9931 4120.54 1692.62
24.0278 4156.6 1699.63
24.0625 4152.34 1706.64
24.0972 4170.36 1713.66
24.1319 4184.52 1720.67
24.1667 4183.24 1727.68
24.2014 4215.47 1734.7
24.2361 4198.11 1741.71
24.2708 4244.13 1748.72
24.3056 4217.39 1756.29
24.3403 4269.66 1764.17
24.375 4242.03 1772.04
24.4097 4291.33 1779.91
24.4444 4271.21 1787.5
24.4792 4308.89 1794.7
24.5139 4303.03 1801.9
24.5486 4323.16 1809.09
24.5833 4335.43 1816.29
24.6181 4336.32 1823.49
24.6528 4366.83 1830.33
24.6875 4351.27 1836.9
24.7222 4396.16 1843.47
24.7569 4370.51 1850.05
24.7917 4422.5 1857.1
24.8264 4395.05 1864.46
24.8611 4444.99 1871.82
24.8958 4424.15 1879.18
24.9306 4463.25 1886.54
24.9653 4455.98 1893.96
25 4478.03 1901.7
25.0347 4488.56 1909
25.0694 4491.48 1916
25.1042 4520.38 1922.99
25.1389 4506.55 1929.99
25.1736 4550.33 1936.99
25.2083 4525.78 1943.98
25.2431 4577.42 1950.98
25.2778 4550.25 1957.97
25.3125 4600.67 1964.97
25.3472 4579.28 1971.96
25.3819 4619.58 1978.96
25.4167 4611.13 1985.94
25.4514 4634.86 1992.91
25.4861 4643.88 1999.89
25.5208 4648.62 2006.86
25.5556 4676.06 2013.83
25.5903 4663.85 2020.8
25.625 4706.57 2027.77
25.6597 4683.12 2034.75
25.6944 4734.34 2041.72
25.7292 4707.57 2048.69
25.7639 4758.29 2055.66
25.7986 4736.56 2062.63
25.8333 4777.83 2069.99
25.8681 4768.43 2077.38
25.9028 4793.57 2084.77
25.9375 4801.33 2092.16
25.9722 4807.66 2099.55
26.0069 4833.83 2106.41
26.0417 4823.08 2113.07
26.0764 4864.84 2119.73
26.1111 4842.45 2126.39
26.1458 4893.22 2133.05
26.1806 4866.92 2139.71
26.2153 4917.8 2146.37
26.25 4895.92 2153.03
26.2847 4937.89 2159.72
26.3194 4927.82 2167.19
26.3542 4954.09 2174.66
26.3889 4960.85 2182.13
26.4236 4968.51 2189.6
26.4583 4993.64 2197.07
26.4931 4984.15 2204.54
26.5278 5025.08 2212.01
26.5625 5003.68 2219.48
26.5972 5053.99 2226.95
26.6319 5028.24 2234.28
26.6667 5079.12 2240.29
26.7014 5057.29 2246.3
26.7361 5099.71 2252.3
26.7708 5089.24 2258.37
26.8056 5116.33 2265.65
26.8403 5122.4 2272.92
26.875 5131.08 2280.2
26.9097 5155.42 2287.47
26.9444 5147 2294.75
26.9792 5187.23 2302.02
27.0139 5166.73 2309.28
27.0486 5216.59 2316.03
27.0833 5191.44 2322.66
27.1181 5242.18 2329.28
27.1528 5220.58 2335.91
27.1875 5263.22 2342.54
27.2222 5252.62 2349.17
27.2569 5280.22 2355.85
27.2917 5285.9 2363.07
27.3264 5295.31 2370.28
27.3611 5319.13 2377.5
27.3958 5311.54 2384.72
27.4306 5351.23 2391.94
27.4653 5331.53 2399.46
27.5 5380.96 2407.37
27.5347 5356.45 2415.29
27.5694 5406.94 2423.21
27.6042 5385.74 2430.77
27.6389 5428.34 2437.3
27.6736 5417.89 2443.82
27.7083 5445.69 2450.35
27.7431 5451.28 2456.88
27.7778 5461.13 2463.4
27.8125 5484.69 2470.42
27.8472 5477.69 2478.65
27.8819 5517.03 2486.89
27.9167 5498.01 2495.12
27.9514 5547.05 2501.94
27.9861 5523.19 2508.66
28.0208 5573.33 2515.6
28.0556 5552.68 2522.54
28.0903 5595.02 2529.48
28.125 5584.96 2536.42
28.1597 5612.68 2543.36
28.1944 5618.48 2550.3
28.2292 5628.45 2557.24
28.2639 5652.03 2564.19
28.2986 5645.39 2571.16
28.3333 5684.55 2578.42
28.3681 5666.07 2585.67
28.4028 5714.78 2592.93
28.4375 5691.58 2600.25
28.4722 5741.27 2607.86
28.5069 5721.31 2615.47
28.5417 5763.2 2623.09
28.5764 5753.77 2630.7
28.6111 5781.13 2638.32
28.6458 5787.41 2644.72
28.6806 5797.23 2650.54
28.7153 5821.08 2656.36
28.75 5814.55 2662.18
28.7847 5853.73 2669
28.8194 5835.64 2676.96
28.8542 5884.09 2684.93
28.8889 5861.53 2692.89
28.9236 5910.72 2700.86
28.9583 5891.55 2708.7
28.9931 5932.81 2715.9
29.0278 5924.21 2723.1
29.0625 5950.96 2730.3
29.0972 5957.98 2737.51
29.1319 5967.38 2744.71
29.1667 5991.74 2751.91
29.2014 5985.12 2759.11
29.2361 6024.47 2766.31
29.2708 6006.66 2773.56
29.3056 6054.9 2780.94
29.3403 6032.95 2788.32
29.375 6081.6 2795.7
29.4097 6063.31 2803.08
29.4444 6103.79 2810.46
29.4792 6096.19 2818
29.5139 6122.13 2825.69
29.5486 6130.1 2833.38
29.5833 6138.86 2841.07
29.6181 6163.94 2848.76
29.6528 6157.01 2856.46
29.6875 6196.7 2863.64
29.7222 6179.02 2870.82
29.7569 6227.14 2878
29.7917 6205.77 2885.18
29.8264 6253.84 2892.36
29.8611 6236.49 2899.55
29.8958 6276.07 2906.88
29.9306 6269.61 2914.19
29.9653 6294.56 2921.46
30 6303.66 2928.72
30.0347 6311.58 2935.99
30.0694 6337.56 2943.26
30.1042 6330.15 2950.53
30.1389 6370.33 2957.93
30.1736 6352.66 2965.42
30.2083 6400.72 2972.9
30.2431 6379.88 2980.39
30.2778 6427.36 2987.87
30.3125 6410.98 2995.28
30.3472 6449.59 3002.62
30.3819 6444.37 3009.96
30.4167 6468.18 3017.29
30.4514 6478.57 3024.83
30.4861 6485.47 3032.46
30.5208 6512.51 3040.1
30.5556 6504.47 3047.74
30.5903 6545.25 3055.38
30.625 6527.48 3063.01
30.6597 6575.55 3070.48
