time error errTLE
0 0 0
0.00694444 0.0155298 0.042455
0.0138889 0.0886945 0.08491
0.0208333 0.209326 0.127365
0.0277778 0.349486 0.16982
0.0347222 0.48558 0.212275
0.0416667 0.60424 0.25473
0.0486111 0.6083 0.297185
0.0555556 0.504269 0.33964
0.0625 0.335729 0.382095
0.0694444 0.173724 0.42455
0.0763889 0.120435 0.467005
0.0833333 0.336437 0.50946
0.0902778 0.644639 0.551915
0.0972222 0.956363 0.59437
0.104167 1.19889 0.636825
0.111111 1.26127 0.67928
0.118056 1.09893 0.721735
0.125 0.792301 0.76419
0.131944 0.457602 0.806645
0.138889 0.225713 0.8491
0.145833 0.41151 0.891555
0.152778 0.858465 0.93401
0.159722 1.35263 0.976465
0.166667 1.75668 1.01892
0.173611 1.93624 1.06137
0.180556 1.7749 1.10383
0.1875 1.36486 1.14628
0.194444 0.857258 1.18874
0.201389 0.440581 1.23119
0.208333 0.46337 1.27365
0.215278 0.995754 1.3161
0.222222 1.66446 1.35856
0.229167 2.25923 1.40101
0.236111 2.60159 1.44347
0.243056 2.50867 1.48592
0.25 2.04214 1.52838
0.256944 1.37973 1.57083
0.263889 0.76922 1.61289
0.270833 0.547375 1.65323
0.277778 1.07051 1.69357
0.284722 1.88945 1.7339
0.291667 2.68959 1.77424
0.298611 3.22874 1.81457
0.305556 3.27361 1.85491
0.3125 2.80864 1.89524
0.319444 2.02604 1.93558
0.326389 1.21823 1.97592
0.333333 0.728188 2.01625
0.340278 1.10738 2.05659
0.347222 2.03152 2.09692
0.354167 3.03394 2.13726
0.361111 3.79631 2.17759
0.368056 4.04081 2.21793
0.375 3.64398 2.25827
0.381944 2.78874 2.2986
0.388889 1.79385 2.33894
0.395833 1.04177 2.37927
0.402778 1.14632 2.41961
0.409722 2.10143 2.45994
0.416667 3.28533 2.50028
0.423611 4.28899 2.54061
0.430556 4.77924 2.58095
0.4375 4.52243 2.62129
0.444444 3.65287 2.66162
0.451389 2.49935 2.70196
0.458333 1.49614 2.74229
0.465278 1.24461 2.76368
0.472222 2.11846 2.78491
0.479167 3.44462 2.80614
0.486111 4.69385 2.82738
0.493056 5.45921 2.84861
0.5 5.41514 2.86985
0.506944 4.59902 2.89108
0.513889 3.33298 2.91231
0.520833 2.0926 2.93355
0.527778 1.46341 2.95478
0.534722 2.11284 2.97602
0.541667 3.51966 2.99725
0.548611 5.00029 3.01848
0.555556 6.05788 3.03972
0.5625 6.29221 3.06095
0.569444 5.604 3.08219
0.576389 4.28526 3.10342
0.583333 2.83144 3.12465
0.590278 1.84212 3.14589
0.597222 2.12866 3.16712
0.604167 3.52545 3.18836
0.611111 5.20365 3.20959
0.618056 6.56072 3.23082
0.625 7.12265 3.25206
0.631944 6.63994 3.27329
0.638889 5.33844 3.29453
0.645833 3.71084 3.31576
0.652778 2.39216 3.33699
0.659722 2.22344 3.35823
0.666667 3.48568 3.37946
0.673611 5.30753 3.4007
0.680556 6.95807 3.42193
0.6875 7.87596 3.44316
0.694444 7.67564 3.4644
0.701389 6.46941 3.48563
0.708333 4.72536 3.50687
0.715278 3.11155 3.5281
0.722222 2.45737 3.54933
0.729167 3.43478 3.57057
0.736111 5.32348 3.5918
0.743056 7.24283 3.61304
0.75 8.52733 3.63427
0.756944 8.6794 3.65551
0.763889 7.65184 3.67674
0.770833 5.86321 3.70284
0.777778 3.99463 3.73145
0.784722 2.87396 3.76005
0.791667 3.41955 3.78866
0.798611 5.27055 3.81726
0.805556 7.41276 3.84587
0.8125 9.06147 3.87448
0.819444 9.6198 3.90308
0.826389 8.8557 3.93169
0.833333 7.10434 3.96029
0.840278 5.03378 3.9889
0.847222 3.49046 4.0175
0.854167 3.49781 4.04611
0.861111 5.17644 4.07471
0.868056 7.47384 4.10332
0.875 9.47077 4.13193
0.881944 10.4659 4.16053
0.888889 10.0475 4.18914
0.895833 8.42232 4.21774
0.902778 6.21878 4.24635
0.909722 4.30555 4.27495
0.916667 3.72969 4.30356
0.923611 5.07903 4.33217
0.930556 7.44085 4.36077
0.9375 9.75156 4.38938
0.944444 11.1911 4.41798
0.951389 11.1933 4.44659
0.958333 9.78737 4.47519
0.965278 7.53473 4.5038
0.972222 5.30985 4.52608
0.979167 4.16241 4.54688
0.986111 5.02727 4.56769
0.993056 7.33663 4.58849
1 9.90431 4.6093
1.00694 11.7781 4.6301
1.01389 12.2604 4.6509
1.02083 11.167 4.67171
1.02778 8.95941 4.69251
1.03472 6.49041 4.71331
1.04167 4.81958 4.73412
1.04861 5.07947 4.75492
1.05556 7.19254 4.77572
1.0625 9.93709 4.79653
1.06944 12.2199 4.81733
1.07639 13.2175 4.83814
1.08333 12.5258 4.85894
1.09028 10.4634 4.87974
1.09722 7.83177 4.90055
1.10417 5.70358 4.92135
1.11111 5.29618 4.94215
1.11806 7.04947 4.96296
1.125 9.86733 4.98376
1.13194 12.5156 5.00456
1.13889 14.0365 5.02537
1.14583 13.8269 5.04617
1.15278 12.0135 5.06698
1.15972 9.3151 5.08663
1.16667 6.8042 5.10411
1.17361 5.72779 5.1216
1.18056 6.95831 5.13908
1.1875 9.72128 5.15656
1.19444 12.6687 5.17405
1.20139 14.6978 5.19153
1.20833 15.036 5.20902
1.21528 13.5742 5.2265
1.22222 10.9157 5.24398
1.22917 8.10487 5.26147
1.23611 6.40396 5.27895
1.24306 6.97806 5.29644
1.25 9.53364 5.31392
1.25694 12.6892 5.33141
1.26389 15.1932 5.34889
1.27083 16.1208 5.36637
1.27778 15.108 5.38386
1.28472 12.6016 5.40134
1.29167 9.58531 5.41883
1.29861 7.3323 5.441
1.30556 7.1699 5.47497
1.3125 9.34807 5.50895
1.31944 12.5967 5.54292
1.32639 15.5237 5.57689
1.33333 17.0523 5.61086
1.34028 16.5757 5.64484
1.34722 14.3361 5.67881
1.35417 11.2223 5.71278
1.36111 8.50442 5.74675
1.36806 7.587 5.78073
1.375 9.21728 5.8147
1.38194 12.4202 5.84867
1.38889 15.6956 5.88264
1.39583 17.8084 5.91662
1.40278 17.9402 5.95059
1.40972 16.0805 5.98456
1.41667 12.9882 6.01853
1.42361 9.90231 6.05251
1.43056 8.26447 6.08648
1.4375 9.20111 6.12045
1.44444 12.1976 6.15442
1.45139 15.7211 6.1884
1.45833 18.3787 6.22237
1.46528 19.1678 6.25634
1.47222 17.7947 6.29031
1.47917 14.8487 6.32429
1.48611 11.5022 6.35826
1.49306 9.21572 6.39223
1.5 9.36153 6.4262
1.50694 11.975 6.46018
1.51389 15.6213 6.49415
1.52083 18.7644 6.52812
1.52778 20.2288 6.56209
1.53472 19.4375 6.59607
1.54167 16.764 6.63004
1.54861 13.2766 6.66401
1.55556 10.436 6.69798
1.5625 9.75417 6.73196
1.56944 11.8069 6.76593
1.57639 15.4277 6.7999
1.58333 18.9743 6.83387
1.59028 21.0989 6.86785
1.59722 20.9688 6.90182
1.60417 18.6917 6.93579
1.61111 15.1945 6.96976
1.61806 11.908 7.00374
1.625 10.419 7.03771
1.63194 11.7542 7.07168
1.63889 15.1806 7.10565
1.64583 19.0228 7.13963
1.65278 21.7648 7.1736
1.65972 22.3527 7.22012
1.66667 20.5893 7.27134
1.67361 17.2194 7.32256
1.68056 13.6062 7.37378
1.6875 11.3751 7.425
1.69444 11.8796 7.47622
1.70139 14.9287 7.52744
1.70833 18.9326 7.57866
1.71528 22.2264 7.62988
1.72222 23.5584 7.6811
1.72917 22.413 7.73232
1.73611 19.3089 7.71684
1.74306 15.4998 7.62253
1.75 12.6227 7.52821
1.75694 12.241 7.43389
1.76389 14.7282 7.33957
1.77083 18.7367 7.24526
1.77778 22.494 7.15094
1.78472 24.5599 7.05662
1.79167 24.1199 6.96231
1.79861 21.417 6.86799
1.80556 17.5544 6.77367
1.8125 14.1467 6.67935
1.81944 12.8826 6.58504
1.82639 14.6409 6.49072
1.83333 18.4776 6.3964
1.84028 22.5843 6.30208
1.84722 25.341 6.20777
1.85417 25.6716 6.11345
1.86111 23.4978 6.01913
1.86806 19.7311 5.92482
1.875 15.9218 5.8305
1.88194 13.8292 5.73618
1.88889 14.7307 5.64186
1.89583 18.2063 5.54755
1.90278 22.5214 5.45323
1.90972 25.8991 5.35891
1.91667 27.0353 5.26459
1.92361 25.5054 5.17028
1.93056 21.9852 5.20493
1.9375 17.915 5.25142
1.94444 15.086 5.2979
1.95139 15.057 5.34439
1.95833 17.9805 5.39087
1.96528 22.3393 5.43736
1.97222 26.2443 5.48384
1.97917 28.1838 5.53033
1.98611 27.3945 5.57681
1.99306 24.2677 5.6233
2 20.0891 5.66978
2.00694 16.6417 5.71627
2.01389 15.668 5.76276
2.02083 17.8632 5.80924
2.02778 22.0824 5.85573
2.03472 26.3954 5.90221
2.04167 29.0981 5.9487
2.04861 29.1231 5.99518
2.05556 26.5292 6.04167
2.0625 22.4029 6.08815
2.06944 18.4727 6.13464
2.07639 16.5939 6.18112
2.08333 17.9191 6.22761
2.09028 21.8034 6.27409
2.09722 26.378 6.32058
2.10417 29.7723 6.36707
2.11111 30.6562 6.41355
2.11806 28.7212 6.46004
2.125 24.8097 6.50652
2.13194 20.5456 6.55301
2.13889 17.8451 6.59949
2.14583 18.2096 6.64598
2.15278 21.5615 6.69246
2.15972 26.2271 6.73895
2.16667 30.2151 6.78543
2.17361 31.9651 6.83192
2.18056 30.7958 6.8784
2.1875 27.258 6.92489
2.19444 22.8212 6.97138
2.20139 19.4148 6.97711
2.20833 18.7858 6.97001
2.21528 21.421 6.9629
2.22222 25.9879 6.9558
2.22917 30.4462 6.9487
2.23611 33.0287 6.9416
2.24306 32.7081 6.93449
2.25 29.695 6.92739
2.25694 25.2557 6.91691
2.26389 21.2821 6.89703
2.27083 19.6829 6.87715
2.27778 21.4476 6.85726
2.28472 25.7145 6.83738
2.29167 30.493 6.8175
2.29861 33.8374 6.79762
2.30556 34.4199 6.77774
2.3125 32.069 6.75785
2.31944 27.8013 6.73797
2.32639 23.415 6.71809
2.33333 20.9168 6.69821
2.34028 21.704 6.67833
2.34722 25.4679 6.65845
2.35417 30.391 6.63856
2.36111 34.3971 6.61868
2.36806 35.9007 6.5988
2.375 34.3299 6.57892
2.38194 30.4044 6.55904
2.38889 25.7732 6.53916
2.39583 22.4855 6.51927
2.40278 22.2441 6.49939
2.40972 25.3132 6.47951
2.41667 30.1861 6.45963
2.42361 34.7274 6.43975
2.43056 37.1273 6.41986
2.4375 36.4301 6.39998
2.44444 33.009 6.3801
2.45139 28.3115 6.36022
2.45833 24.3717 6.34034
2.46528 23.1075 6.32046
2.47222 25.3171 6.30057
2.47917 29.9333 6.28069
2.48611 34.8569 6.26081
2.49306 38.0871 6.24093
2.5 38.3276 6.22105
2.50694 35.5603 6.20116
2.51389 30.9803 6.18128
2.52083 26.5458 6.1614
2.52778 24.3155 6.14152
2.53472 25.5436 6.12164
2.54167 29.6948 6.10176
2.54861 34.8221 6.08187
2.55556 38.7822 6.06199
2.5625 39.9894 6.04211
2.56944 38.0056 6.02223
2.57639 33.7249 6.00235
2.58333 28.9681 5.98246
2.59028 25.8711 5.96258
2.59722 26.049 5.9427
2.60417 29.5368 5.92282
2.61111 34.6688 5.90294
2.61806 39.2304 5.88306
2.625 41.3906 5.84831
2.63194 40.2948 5.80698
2.63889 36.4871 5.76564
2.64583 31.5925 5.7243
2.65278 27.7612 5.68297
2.65972 26.8768 5.64163
2.66667 29.5268 5.60029
2.67361 34.4527 5.55896
2.68056 39.4611 5.51762
2.6875 42.5159 5.47628
2.69444 42.3826 5.43495
2.70139 39.2086 5.39361
2.70833 34.3681 5.35227
2.71528 29.9594 5.31093
2.72222 28.0534 5.2696
2.72917 29.73 5.22826
2.73611 34.2366 5.18692
2.74306 39.5115 5.14559
2.75 43.3632 5.10425
2.75694 44.2325 5.06291
2.76389 41.834 5.02158
2.77083 37.2396 4.98024
2.77778 32.4281 4.9389
2.78472 29.5868 4.89757
2.79167 30.2048 4.85623
2.79861 34.0878 4.81489
2.80556 39.4277 4.77355
2.8125 43.9474 4.73222
2.81944 45.8177 4.69088
2.82639 44.3108 4.64954
2.83333 40.1471 4.60821
2.84028 35.1209 4.56687
2.84722 31.4684 4.52553
2.85417 30.9978 4.4842
2.86111 34.0746 4.44286
2.86806 39.265 4.40152
2.875 44.2973 4.36019
2.88194 47.1204 4.31885
2.88889 46.5907 4.27751
2.89583 43.0295 4.23617
2.90278 37.9866 4.19484
2.90972 33.6758 4.1535
2.91667 32.1402 4.11216
2.92361 34.2632 4.07083
2.93056 39.0869 4.02949
2.9375 44.4509 3.98815
2.94444 48.1348 3.94682
2.95139 48.6336 3.90548
2.95833 45.8283 3.86414
2.96528 40.9691 3.8228
2.97222 36.1741 3.78147
2.97917 33.6452 3.74013
2.98611 34.7136 3.69879
2.99306 38.9612 3.65746
3 44.4542 3.61612
3.00694 48.8718 3.57478
3.01389 50.4098 3.53345
3.02083 48.4887 3.49211
3.02778 44.008 3.45077
3.03472 38.9186 3.41085
3.04167 35.5089 3.37528
3.04861 35.4754 3.33971
3.05556 38.957 3.30413
3.0625 44.3623 3.26856
3.06944 49.3583 3.23299
3.07639 51.8994 3.19742
3.08333 50.9599 3.16185
3.09028 47.04 3.12627
3.09722 41.8575 3.08565
3.10417 37.713 3.03766
3.11111 36.5837 2.98968
3.11806 39.1416 2.9417
3.125 44.2385 2.89372
3.13194 49.6324 2.84574
3.13889 53.0935 2.79776
3.14583 53.1982 2.74978
3.15278 50.0037 2.7018
3.15972 44.9349 2.65382
3.16667 40.2262 2.60584
3.17361 38.0569 2.55785
3.18056 39.5761 2.50987
3.1875 44.1511 2.46189
3.19444 49.7404 2.41391
3.20139 53.9985 2.36593
3.20833 55.1702 2.31795
3.21528 52.8416 2.26997
3.22222 48.0901 2.22199
3.22917 43.0062 2.17401
3.23611 39.896 2.12602
3.24306 40.3125 2.07804
3.25 44.1697 2.03006
3.25694 49.7368 1.98208
3.26389 54.6379 1.9341
3.27083 56.8539 1.88612
3.27778 55.5007 1.83814
3.28472 51.2588 1.79016
3.29167 46.0022 1.72218
3.29861 42.0869 1.61005
3.30556 41.3896 1.49791
3.3125 44.3622 1.38578
3.31944 49.6842 1.27364
3.32639 55.0492 1.16151
3.33333 58.2377 1.04937
3.34028 57.934 0.937238
3.34722 54.3768 0.825103
3.35417 49.1583 0.753776
3.36111 44.6024 0.753346
3.36806 42.8303 0.752916
3.375 44.7911 0.752486
3.38194 49.6509 0.752056
3.38889 55.2788 0.751626
3.39583 59.3237 0.751196
3.40278 60.1046 0.750767
3.40972 57.3841 0.750337
3.41667 52.4141 0.749907
3.42361 47.4034 0.749477
3.43056 44.6408 0.749047
3.4375 45.5102 0.748617
3.44444 49.7071 0.748187
3.45139 55.3806 0.747757
3.45833 60.1311 0.747327
3.46528 61.9873 0.746898
3.47222 60.2253 0.746468
3.47917 55.7051 0.746038
3.48611 50.4411 0.745608
3.49306 46.8113 0.745178
3.5 46.5613 0.744748
3.50694 49.921 0.744318
3.51389 55.4163 0.743888
3.52083 60.6954 0.743459
3.52778 63.5682 0.743029
3.53472 62.851 0.742599
3.54167 58.9654 0.742169
3.54861 53.6601 0.741739
3.55556 49.3188 0.741309
3.5625 47.9716 0.740879
3.56944 50.3562 0.740449
3.57639 55.4537 0.740019
3.58333 61.0628 0.73959
3.59028 64.8456 0.73916
3.59722 65.2202 0.73873
3.60417 62.1322 0.7383
3.61111 57.0008 0.73787
3.61806 52.1281 0.73744
3.625 49.752 0.73701
3.63194 51.068 0.73658
3.63889 55.5631 0.73615
3.64583 61.2867 0.735721
3.65278 65.8343 0.735291
3.65972 67.3046 0.740348
3.66667 65.1479 0.747129
3.67361 60.3991 0.753911
3.68056 55.1933 0.760692
3.6875 51.8976 0.767473
3.69444 52.1006 0.774255
3.70139 55.813 0.781036
3.70833 61.4275 0.787818
3.71528 66.5663 0.794599
3.72222 69.0876 0.80138
3.72917 67.9607 0.808162
3.73611 63.7883 0.814943
3.74306 58.4604 0.821725
3.75 54.3894 0.828506
3.75694 53.4849 0.835287
3.76389 56.2677 0.842069
3.77083 61.5523 0.84885
3.77778 67.0866 0.855632
3.78472 70.5646 0.862413
3.79167 70.5266 0.869194
3.79861 67.1032 0.875976
3.80556 61.8705 0.882757
3.8125 57.1965 0.889538
3.81944 55.2365 0.89632
3.82639 56.9837 0.903101
3.83333 61.7309 0.909883
3.84028 67.4482 0.916664
3.84722 71.7456 0.923445
3.85417 72.8131 0.930227
3.86111 70.2839 0.937008
3.86806 65.3608 0.94379
3.875 60.2765 0.950571
3.88194 57.3551 0.957352
3.88889 58.0074 0.964134
3.89583 62.0322 0.970915
3.90278 67.7107 0.977697
3.90972 72.6583 0.984478
3.91667 74.8009 0.991259
3.92361 73.2766 0.998041
3.93056 68.8645 1.02649
3.9375 63.5779 1.06043
3.94444 59.8261 1.079
3.95139 59.3726 1.09757
3.95833 62.5208 1.11614
3.96528 67.9395 1.13471
3.97222 73.3454 1.15328
3.97917 76.4828 1.17185
3.98611 76.0346 1.19042
3.99306 72.3149 1.20899
4 67.0429 1.22756
4.00694 62.6228 1.24613
4.01389 61.099 1.2647
4.02083 63.2541 1.28327
4.02778 68.2038 1.30184
4.03472 73.8596 1.32041
4.04167 77.8647 1.33898
4.04861 78.5216 1.35755
4.05556 75.6498 1.37612
4.0625 70.6099 1.39469
4.06944 65.7069 1.41326
4.07639 63.191 1.43183
4.08333 64.28 1.4504
4.09028 68.5723 1.46897
4.09722 74.2592 1.48754
4.10417 78.9692 1.50611
4.11111 80.7148 1.52468
4.11806 78.8135 1.54325
4.125 74.2133 1.56182
4.13194 69.03 1.58111
4.13889 65.6386 1.60045
4.14583 65.6349 1.6198
4.15278 69.1098 1.63914
4.15972 74.6082 1.65849
4.16667 79.836 1.67783
4.17361 82.6045 1.69718
4.18056 81.7569 1.71652
4.1875 77.7857 1.73587
4.19444 72.5363 1.75521
4.20139 68.4191 1.77455
4.20833 67.3421 1.7939
4.21528 69.8744 1.81324
4.22222 74.9744 1.83259
4.22917 80.5161 1.85193
4.23611 84.1931 1.87128
4.24306 84.4405 1.89062
4.25 81.2629 1.90997
4.25694 76.1656 1.92931
4.26389 71.4987 1.95185
4.27083 69.4104 1.98424
4.27778 70.9152 2.01663
4.28472 75.4263 2.04902
4.29167 81.0673 2.08141
4.29861 85.4985 2.1138
4.30556 86.8377 2.14619
4.3125 84.5871 2.17858
4.31944 79.8537 2.21096
4.32639 74.8326 2.24335
4.33333 71.8344 2.27574
4.34028 72.2706 2.30813
4.34722 76.0284 2.34052
4.35417 81.5518 2.37291
4.36111 86.5559 2.4053
4.36806 88.9357 2.43769
4.375 87.7075 2.47007
4.38194 83.5339 2.50246
4.38889 78.3678 2.53485
4.39583 74.5954 2.56724
4.40278 73.9667 2.59963
4.40972 76.8392 2.63202
4.41667 82.0359 2.66441
4.42361 87.4141 2.6968
4.43056 90.7344 2.72918
4.4375 90.5817 2.76157
4.44444 87.1406 2.79396
4.45139 82.0458 2.82635
4.45833 77.6639 2.85874
4.46528 76.0164 2.89113
4.47222 77.9087 2.92352
4.47917 82.5871 2.95591
4.48611 88.1299 2.98829
4.49306 92.2472 3.02068
4.5 93.1793 3.05307
4.50694 90.6137 3.08546
4.51389 85.8043 3.11785
4.52083 80.9997 3.15024
4.52778 78.4187 3.18263
4.53472 79.2767 3.21502
4.54167 83.2698 3.2474
4.54861 88.7643 3.27979
4.55556 93.5043 3.31218
4.5625 95.4843 3.34457
4.56944 93.901 3.37696
4.57639 89.5778 3.40935
4.58333 84.5529 3.44174
4.59028 81.1593 3.47404
4.59722 80.9717 3.50508
4.60417 84.1422 3.53612
4.61111 89.3816 3.56716
4.61806 94.5512 3.5982
4.625 97.4939 3.62924
4.63194 96.9579 3.66028
4.63889 93.3003 3.69132
4.64583 88.2672 3.72236
4.65278 84.2128 3.7534
4.65972 83.0101 3.78443
4.66667 85.255 3.81547
4.67361 90.0478 3.84651
4.68056 95.4434 3.87755
4.6875 99.218 3.90859
4.69444 99.7506 3.93963
4.70139 96.9101 3.97067
4.70833 92.0824 4.00171
4.71528 87.5433 4.03275
4.72222 85.395 4.06379
4.72917 86.6491 4.09483
4.73611 90.8268 4.12587
4.74306 96.2405 4.15691
4.75 100.682 4.18795
4.75694 102.259 4.21899
4.76389 100.353 4.25003
4.77083 95.9349 4.28107
4.77778 91.1052 4.31211
4.78472 88.1165 4.34315
4.79167 88.3547 4.34805
4.79861 91.7766 4.33392
4.80556 97.0051 4.3198
4.8125 101.926 4.30567
4.81944 104.479 4.29155
4.82639 103.583 4.27743
4.83333 99.7594 4.2633
4.84028 94.8448 4.24918
4.84722 91.1532 4.23506
4.85417 90.391 4.22093
4.86111 92.9479 4.20681
4.86806 97.8014 4.19268
4.875 103.005 4.17856
4.88194 106.415 4.16444
4.88889 106.564 4.15031
4.89583 103.493 4.13619
4.90278 98.7042 4.12207
4.90972 94.4737 4.10794
4.91667 92.7649 4.09382
4.92361 94.3823 4.0797
4.93056 98.6921 4.06557
4.9375 103.976 4.05145
4.94444 108.09 4.03732
4.95139 109.271 4.0232
4.95833 107.08 4.00908
4.96528 102.622 3.99495
4.97222 98.0367 4.01056
4.97917 95.4707 4.03163
4.98611 96.1115 4.0527
4.99306 99.735 4.07377
5 104.901 4.09484
5.00694 109.539 4.11591
5.01389 111.697 4.13698
5.02083 110.472 4.15806
5.02778 106.535 4.17913
5.03472 101.792 4.2002
5.04167 98.4911 4.22127
5.04861 98.1566 4.24234
5.05556 100.98 4.26341
5.0625 105.841 4.28448
5.06944 110.813 4.30555
5.07639 113.845 4.32662
5.08333 113.632 4.3477
5.09028 110.378 4.36877
5.09722 105.685 4.38984
5.10417 101.799 4.41091
5.11111 100.528 4.43198
5.11806 102.47 4.45305
5.125 106.859 4.47412
5.13194 111.968 4.49519
5.13889 115.733 4.51627
5.14583 116.531 4.53734
5.15278 114.096 4.55841
5.15972 109.655 4.57948
5.16667 105.358 4.59134
5.17361 103.223 4.59402
5.18056 104.237 4.59669
5.1875 108.01 4.59937
5.19444 113.065 4.60204
5.20139 117.391 4.60472
5.20833 119.158 4.6074
5.21528 117.64 4.61007
5.22222 113.642 4.61275
5.22917 109.121 4.61542
5.23611 106.23 4.6181
5.24306 106.303 4.62077
5.25 109.345 4.62345
5.25694 114.162 4.62612
5.26389 118.867 4.6288
5.27083 121.515 4.63147
5.27778 120.967 4.63415
5.28472 117.583 4.63682
5.29167 113.036 4.6395
5.29861 109.525 4.64828
5.30556 108.682 4.69159
5.3125 110.905 4.7349
5.31944 115.32 4.77821
5.32639 120.214 4.82152
5.33333 123.615 4.86483
5.34028 124.05 4.90814
5.34722 121.419 4.95145
5.35417 117.048 4.99476
5.36111 113.076 5.03353
5.36806 111.375 5.06363
5.375 112.724 5.09373
5.38194 116.594 5.12382
5.38889 121.492 5.15392
5.39583 125.486 5.18402
5.40278 126.873 5.21412
5.40972 125.1 5.24422
5.41667 121.096 5.27431
5.42361 116.841 5.30441
5.43056 114.373 5.33451
5.4375 114.825 5.36461
5.44444 118.033 5.39471
5.45139 122.758 5.4248
5.45833 127.168 5.4549
5.46528 129.433 5.485
5.47222 128.585 5.5151
5.47917 125.12 5.5452
5.48611 120.771 5.57529
5.49306 117.656 5.60539
5.5 117.223 5.63549
5.50694 119.68 5.66559
5.51389 124.069 5.69569
5.52083 128.714 5.72578
5.52778 131.743 5.75588
5.53472 131.842 5.78598
5.54167 129.062 5.81608
5.54861 124.813 5.84618
5.55556 121.198 5.87627
5.5625 119.922 5.90637
5.56944 121.566 5.93647
5.57639 125.48 5.96657
5.58333 130.181 5.99667
5.59028 133.826 6.02496
5.59722 134.852 6.03553
5.60417 132.869 6.04611
5.61111 128.911 6.05669
5.61806 124.96 6.06726
5.625 122.918 6.07784
5.63194 123.716 6.08841
5.63889 127.039 6.09899
5.64583 131.624 6.10956
5.65278 135.717 6.12014
5.65972 137.609 6.13072
5.66667 136.499 6.14129
5.67361 133.005 6.15187
5.68056 128.899 6.16244
5.6875 126.194 6.17302
5.69444 126.146 6.1836
5.70139 128.786 6.19417
5.70833 133.1 6.20475
5.71528 137.467 6.21532
5.72222 140.124 6.2259
5.72917 139.919 6.23648
5.73611 137.039 6.24705
5.74306 132.963 6.25763
5.75 129.727 6.2682
5.75694 128.863 6.27878
5.76389 130.754 6.28936
5.77083 134.661 6.29993
5.77778 139.129 6.31051
5.78472 142.417 6.32108
5.79167 143.106 6.33166
5.79861 140.959 6.34223
5.80556 137.099 6.35281
5.8125 133.485 6.36339
5.81944 131.864 6.37396
5.82639 132.968 6.38454
5.83333 136.352 6.39511
5.84028 140.758 6.40569
5.84722 144.519 6.41627
5.85417 146.054 6.42684
5.86111 144.722 6.43742
5.86806 141.251 6.44799
5.875 137.427 6.45857
5.88194 135.139 6.46915
5.88889 135.444 6.47972
5.89583 138.215 6.4903
5.90278 142.409 6.50087
5.90972 146.474 6.51145
5.91667 148.767 6.52203
5.92361 148.292 6.5326
5.93056 145.364 6.54318
5.9375 141.505 6.55375
5.94444 138.667 6.56433
5.95139 138.191 6.5749
5.95833 140.281 6.58548
5.96528 144.13 6.59606
5.97222 148.335 6.60663
5.97917 151.265 6.61721
5.98611 151.648 6.62778
5.99306 149.384 6.63836
6 145.671 6.72753
6.00694 142.419 6.83347
6.01389 141.209 6.93941
6.02083 142.574 7.04535
6.02778 145.967 7.15129
6.03472 150.157 7.25723
6.04167 153.575 7.36318
6.04861 154.776 7.46912
6.05556 153.267 7.57506
6.0625 149.87 7.681
6.06944 146.361 7.78694
6.07639 144.489 7.89288
6.08333 145.111 7.99882
6.09028 147.96 8.10477
6.09722 151.99 8.21071
6.10417 155.738 8.31665
6.11111 157.681 8.42259
6.11806 156.976 8.52853
6.125 154.05 8.63447
6.13194 150.449 8.74041
6.13889 148.016 8.84635
6.14583 147.9 8.94436
6.15278 150.137 8.9501
6.15972 153.882 8.95584
6.16667 157.802 8.96158
6.17361 160.378 8.96733
6.18056 160.488 8.97307
6.1875 158.157 8.97881
6.19444 154.636 8.98455
6.20139 151.765 8.9903
6.20833 150.945 8.99604
6.21528 152.524 9.00178
6.22222 155.876 9.00752
6.22917 159.819 9.01327
6.23611 162.893 9.01901
6.24306 163.787 9.02475
6.25 162.147 9.03049
6.25694 158.872 9.03624
6.26389 155.706 9.05933
6.27083 154.241 9.14641
6.27778 155.136 9.23349
6.28472 158.011 9.32057
6.29167 161.84 9.40765
6.29861 165.261 9.49473
6.30556 166.874 9.58181
6.3125 165.982 9.66889
6.31944 163.106 9.75597
6.32639 159.799 9.84305
6.33333 157.774 9.93013
6.34028 157.983 10.0172
6.34722 160.314 10.1043
6.35417 163.911 10.1914
6.36111 167.528 10.2785
6.36806 169.764 10.3655
6.375 169.638 10.4526
6.38194 167.289 10.5397
6.38889 164.001 10.6268
6.39583 161.524 10.7139
6.40278 161.068 10.8009
6.40972 162.809 10.888
6.41667 166.073 10.9751
6.42361 169.744 11.0622
6.43056 172.478 11.1493
6.4375 173.097 11.2363
6.44444 171.373 11.3234
6.45139 168.265 11.4105
6.45833 165.464 11.4976
6.46528 164.39 11.5847
6.47222 165.511 11.6717
6.47917 168.36 11.7588
6.48611 171.958 11.8459
6.49306 175.048 11.933
6.5 176.358 12.0201
6.50694 175.322 12.1071
6.51389 172.544 12.1942
6.52083 169.56 12.2813
6.52778 167.937 12.3684
6.53472 168.429 12.4555
6.54167 170.802 12.5425
6.54861 174.214 12.6296
6.55556 177.517 12.7167
6.5625 179.43 12.8038
6.56944 179.109 12.8909
6.57639 176.79 12.9779
6.58333 173.772 13.065
6.59028 171.693 13.1521
6.59722 171.569 13.2392
6.60417 173.419 13.3263
6.61111 176.55 13.4133
6.61806 179.932 13.5004
6.625 182.335 13.5875
6.63194 182.717 13.6746
6.63889 180.957 13.7143
6.64583 178.058 13.7516
6.65278 175.635 13.789
6.65972 174.928 13.8264
6.66667 176.226 13.8637
6.67361 179.001 13.9011
6.68056 182.341 13.9385
6.6875 185.104 13.9758
6.69444 186.14 14.0132
6.70139 185.007 14.0505
6.70833 182.372 14.0879
6.71528 179.734 14.1253
6.72222 178.5 14.1626
6.72917 179.231 14.2
6.73611 181.593 14.2374
6.74306 184.786 14.2747
6.75 187.772 14.3121
6.75694 189.385 14.3495
6.76389 188.913 14.3868
6.77083 186.67 14.4242
6.77778 183.954 14.4616
6.78472 182.27 14.4989
6.79167 182.439 14.5358
6.79861 184.346 14.5721
6.80556 187.304 14.6085
6.8125 190.385 14.6449
6.81944 192.474 14.6812
6.82639 192.656 14.7176
6.83333 190.907 14.754
6.84028 188.255 14.7903
6.84722 186.219 14.8267
6.85417 185.849 14.863
6.86111 187.271 14.8994
6.86806 189.927 14.9358
6.875 192.989 14.9721
6.88194 195.433 15.0085
6.88889 196.23 15.0448
6.89583 195.046 15.0812
6.90278 192.597 15.1176
6.90972 190.322 15.1539
6.91667 189.456 15.1903
6.92361 190.377 15.2266
6.93056 192.679 15.263
6.9375 195.625 15.2994
6.94444 198.296 15.3357
6.95139 199.639 15.3721
6.95833 199.058 15.4084
6.96528 196.936 15.4448
6.97222 194.548 15.4669
6.97917 193.249 15.4875
6.98611 193.667 15.508
6.99306 195.578 15.5286
7 198.33 15.5492
7.00694 201.104 15.5698
7.01389 202.9 15.5903
7.02083 202.925 15.6109
7.02778 201.233 15.6315
7.03472 198.862 15.652
7.04167 197.212 15.6726
7.04861 197.142 15.6932
7.05556 198.635 15.7138
7.0625 201.131 15.7343
7.06944 203.902 15.7549
7.07639 206.041 15.7755
7.08333 206.637 15.7961
7.09028 205.449 15.8166
7.09722 203.224 15.8372
7.10417 201.323 15.8578
7.11111 200.797 15.9154
7.11806 201.857 16.0132
7.125 204.052 16.111
7.13194 206.731 16.2089
7.13889 209.093 16.3067
7.14583 210.198 16.4045
7.15278 209.555 16.5024
7.15972 207.597 16.6002
7.16667 205.556 16.698
7.17361 204.624 16.7958
7.18056 205.244 16.8937
7.1875 207.108 16.9915
7.19444 209.624 17.0893
7.20139 212.092 17.1872
7.20833 213.623 17.285
7.21528 213.532 17.3828
7.22222 211.942 17.4806
7.22917 209.879 17.5785
7.23611 208.608 17.6763
7.24306 208.798 17.7741
7.25 210.309 17.872
7.25694 212.608 17.9698
7.26389 215.081 18.0676
7.27083 216.936 18.1654
7.27778 217.37 18.2633
7.28472 216.223 18.3611
7.29167 214.258 18.4589
7.29861 212.733 18.5395
7.30556 212.514 18.614
7.3125 213.659 18.6886
7.31944 215.705 18.7632
7.32639 218.101 18.8377
7.33333 220.167 18.9123
7.34028 221.072 18.9869
7.34722 220.411 19.0614
7.35417 218.657 19.136
7.36111 216.975 19.2106
7.36806 216.386 19.2851
7.375 217.158 19.3597
7.38194 218.927 19.4342
7.38889 221.183 19.5088
7.39583 223.352 19.5834
7.40278 224.648 19.6579
7.40972 224.486 19.7325
7.41667 223.041 19.8071
7.42361 221.308 19.8816
7.43056 220.402 19.9562
7.4375 220.806 20.0308
7.44444 222.283 20.1053
7.45139 224.354 20.1799
7.45833 226.528 20.2545
7.46528 228.123 20.329
7.47222 228.438 20.4036
7.47917 227.376 20.4782
7.48611 225.7 20.5527
7.49306 224.548 20.6273
7.5 224.597 20.7019
7.50694 225.773 20.7764
7.51389 227.631 20.851
7.52083 229.735 20.9256
7.52778 231.525 21.0001
7.53472 232.267 21.0747
7.54167 231.634 21.1493
7.54861 230.12 21.2238
7.55556 228.804 21.2984
7.5625 228.527 21.373
7.56944 229.398 21.4475
7.57639 231.027 21.5221
7.58333 233.006 21.5967
7.59028 234.887 21.6712
7.59722 235.984 21.7458
7.60417 235.795 21.8204
7.61111 234.535 21.8949
7.61806 233.148 21.9695
7.625 232.586 22.0441
7.63194 233.153 22.1186
7.63889 234.546 22.1932
7.64583 236.363 22.2677
7.65278 238.245 22.3423
7.65972 239.609 22.4169
7.66667 239.848 22.4915
7.67361 238.915 22.5805
7.68056 237.552 22.6694
7.6875 236.761 22.7584
