time error errTLE
0 0 0
0.00694444 2.2417 0.042455
0.0138889 6.14183 0.08491
0.0208333 7.86425 0.127365
0.0277778 10.6774 0.16982
0.0347222 20.7558 0.212275
0.0416667 32.2363 0.25473
0.0486111 38.599 0.297185
0.0555556 38.4552 0.33964
0.0625 37.6777 0.382095
0.0694444 43.2081 0.42455
0.0763889 50.0364 0.467005
0.0833333 49.8835 0.50946
0.0902778 46.3779 0.551915
0.0972222 55.2733 0.59437
0.104167 73.886 0.636825
0.111111 84.8345 0.67928
0.118056 81.6908 0.721735
0.125 75.0651 0.76419
0.131944 82.0237 0.806645
0.138889 95.5305 0.8491
0.145833 97.2683 0.891555
0.152778 87.0767 0.93401
0.159722 88.6793 0.976465
0.166667 111.971 1.01892
0.173611 130.846 1.06137
0.180556 128.386 1.10383
0.1875 114.515 1.14628
0.194444 117.679 1.18874
0.201389 137.93 1.23119
0.208333 145.983 1.27365
0.215278 132.375 1.3161
0.222222 122.967 1.35856
0.229167 145.837 1.40101
0.236111 174.503 1.44347
0.243056 177.431 1.48592
0.25 157.808 1.52838
0.256944 151.926 1.57083
0.263889 176.071 1.61289
0.270833 193.903 1.65323
0.277778 181.749 1.69357
0.284722 160.777 1.7339
0.291667 176.309 1.77424
0.298611 214.083 1.81457
0.305556 227.025 1.85491
0.3125 205.609 1.89524
0.319444 187.35 1.93558
0.326389 209.773 1.97592
0.333333 238.958 2.01625
0.340278 233.742 2.05659
0.347222 203.997 2.09692
0.354167 205.514 2.13726
0.361111 248.51 2.17759
0.368056 275.02 2.21793
0.375 257.356 2.25827
0.381944 226.63 2.2986
0.388889 240.044 2.33894
0.395833 279.421 2.37927
0.402778 286.263 2.41961
0.409722 253.143 2.45994
0.416667 236.55 2.50028
0.423611 277.682 2.54061
0.430556 319.262 2.58095
0.4375 311.461 2.62129
0.444444 271.663 2.66162
0.451389 269.146 2.70196
0.458333 314.24 2.74229
0.465278 336.925 2.76368
0.472222 307.321 2.78491
0.479167 272.667 2.80614
0.486111 302.758 2.82738
0.493056 357.946 2.84861
0.5 365.66 2.86985
0.506944 322.947 2.89108
0.513889 300.288 2.91231
0.520833 343.37 2.93355
0.527778 383.403 2.95478
0.534722 364.545 2.97602
0.541667 316.184 2.99725
0.548611 326.289 3.01848
0.555556 389.963 3.03972
0.5625 417.392 3.06095
0.569444 379.507 3.08219
0.576389 336.841 3.10342
0.583333 368.06 3.12465
0.590278 423.77 3.14589
0.597222 422.168 3.16712
0.604167 367.71 3.18836
0.611111 351.98 3.20959
0.618056 415.245 3.23082
0.625 464.155 3.25206
0.631944 439.196 3.27329
0.638889 381.264 3.29453
0.645833 390.971 3.31576
0.652778 456.846 3.33699
0.659722 477.293 3.35823
0.666667 426.066 3.37946
0.673611 383.887 3.4007
0.680556 435.08 3.42193
0.6875 503.866 3.44316
0.694444 499.15 3.4644
0.701389 434.281 3.48563
0.708333 415.957 3.50687
0.715278 482.538 3.5281
0.722222 527.149 3.54933
0.729167 488.714 3.57057
0.736111 425.162 3.5918
0.743056 452.302 3.61304
0.75 535.206 3.63427
0.756944 556.232 3.65551
0.763889 494.714 3.67674
0.770833 447.29 3.70284
0.777778 502.149 3.73145
0.784722 569.437 3.76005
0.791667 552.341 3.78866
0.798611 476.965 3.81726
0.805556 471.153 3.84587
0.8125 557.969 3.87448
0.819444 607.428 3.90308
0.826389 559.893 3.93169
0.833333 488.415 3.96029
0.840278 518.571 3.9889
0.847222 602.672 4.0175
0.854167 613.388 4.04611
0.861111 538.15 4.07471
0.868056 496.584 4.10332
0.875 573.394 4.13193
0.881944 650.207 4.16053
0.888889 626.269 4.18914
0.895833 540.78 4.21774
0.902778 536.179 4.24635
0.909722 626.535 4.27495
0.916667 668.465 4.30356
0.923611 605.745 4.33217
0.930556 532.912 4.36077
0.9375 584.412 4.38938
0.944444 682.87 4.41798
0.951389 689.989 4.44659
0.958333 603.402 4.47519
0.965278 560.172 4.5038
0.972222 642.197 4.52608
0.979167 714.729 4.54688
0.986111 675.734 4.56769
0.993056 582.355 4.58849
1 595.642 4.6093
1.00694 704.903 4.6301
1.01389 747.357 4.6509
1.02083 673.264 4.67171
1.02778 595.261 4.69251
1.03472 652.576 4.71331
1.04167 750.224 4.73412
1.04861 743.76 4.75492
1.05556 644.293 4.77572
1.0625 612.849 4.79653
1.06944 717.317 4.81733
1.07639 795.227 4.83814
1.08333 746.13 4.85894
1.09028 644.138 4.87974
1.09722 662.356 4.90055
1.10417 774.228 4.92135
1.11111 805.662 4.94215
1.11806 715.614 4.96296
1.125 641.66 4.98376
1.13194 722.944 5.00456
1.13889 831.356 5.02537
1.14583 817.32 5.04617
1.15278 706.558 5.06698
1.15972 677.516 5.08663
1.16667 787.595 5.10411
1.17361 857.878 5.1216
1.18056 791.662 5.13908
1.1875 685.8 5.15656
1.19444 726.549 5.17405
1.20139 854.748 5.19153
1.20833 882.305 5.20902
1.21528 779.528 5.2265
1.22222 704.108 5.24398
1.22917 793.055 5.26147
1.23611 897.81 5.27895
1.24306 867.212 5.29644
1.25 745.781 5.31392
1.25694 734.501 5.33141
1.26389 866.012 5.34889
1.27083 937.156 5.36637
1.27778 858.25 5.38386
1.28472 746.47 5.40134
1.29167 795.353 5.41883
1.29861 924.164 5.441
1.30556 937.179 5.47497
1.3125 818.831 5.50895
1.31944 753.671 5.54292
1.32639 867.679 5.57689
1.33333 978.911 5.61086
1.34028 937.174 5.64484
1.34722 805.724 5.67881
1.35417 800.984 5.71278
1.36111 937.296 5.74675
1.36806 997.121 5.78073
1.375 899.891 5.8147
1.38194 789.564 5.84867
1.38889 864.418 5.88264
1.39583 1005.93 5.91662
1.40278 1010.8 5.95059
1.40972 879.458 5.98456
1.41667 817.198 6.01853
1.42361 939.544 6.05251
1.43056 1043.63 6.08648
1.4375 982.875 6.12045
1.44444 844.423 6.15442
1.45139 862.91 6.1884
1.45833 1018.25 6.22237
1.46528 1074.26 6.25634
1.47222 962.624 6.29031
1.47917 850.165 6.32429
1.48611 935.456 6.35826
1.49306 1074.66 6.39223
1.5 1061.67 6.4262
1.50694 916.478 6.46018
1.51389 871.027 6.49415
1.52083 1017.9 6.52812
1.52778 1123.71 6.56209
1.53472 1048.86 6.59607
1.54167 902.941 6.63004
1.54861 931.726 6.66401
1.55556 1089.9 6.69798
1.5625 1130.79 6.73196
1.56944 1000.7 6.76593
1.57639 896.069 6.7999
1.58333 1009.22 6.83387
1.59028 1156.69 6.86785
1.59722 1131.63 6.90182
1.60417 974.409 6.93579
1.61111 936.489 6.96976
1.61806 1091.1 7.00374
1.625 1185.83 7.03771
1.63194 1090.29 7.07168
1.63889 942.471 7.10565
1.64583 998.891 7.13963
1.65278 1172.48 7.1736
1.65972 1204.96 7.22012
1.66667 1059.79 7.27134
1.67361 957.67 7.32256
1.68056 1082.37 7.37378
1.6875 1223.86 7.425
1.69444 1178.07 7.47622
1.70139 1010.21 7.52744
1.70833 995.415 7.57866
1.71528 1172.46 7.62988
1.72222 1263.94 7.6811
1.72917 1152.16 7.73232
1.73611 1000.63 7.71684
1.74306 1070.29 7.62253
1.75 1243.72 7.52821
1.75694 1257.37 7.43389
1.76389 1094.93 7.33957
1.77083 1007.66 7.24526
1.77778 1160.39 7.15094
1.78472 1305.14 7.05662
1.79167 1243.9 6.96231
1.79861 1066.29 6.86799
1.80556 1063.46 6.77367
1.8125 1246.37 6.67935
1.81944 1322.65 6.58504
1.82639 1189.5 6.49072
1.83333 1042.46 6.3964
1.84028 1142.65 6.30208
1.84722 1326.93 6.20777
1.85417 1327.84 6.11345
1.86111 1150.89 6.01913
1.86806 1071.25 5.92482
1.875 1235.29 5.8305
1.88194 1369.88 5.73618
1.88889 1285.7 5.64186
1.89583 1102.19 5.54755
1.90278 1127.98 5.45323
1.90972 1329.83 5.35891
1.91667 1397.87 5.26459
1.92361 1247.34 5.17028
1.93056 1101.41 5.20493
1.9375 1216.6 5.25142
1.94444 1396.88 5.2979
1.95139 1375.63 5.34439
1.95833 1184.04 5.39087
1.96528 1126.39 5.43736
1.97222 1316.86 5.48384
1.97917 1449.38 5.53033
1.98611 1347.14 5.57681
1.99306 1157.5 5.6233
2 1198.99 5.66978
2.00694 1403.69 5.71627
2.01389 1452.42 5.76276
2.02083 1281.08 5.80924
2.02778 1146.98 5.85573
2.03472 1293.8 5.90221
2.04167 1479.67 5.9487
2.04861 1441.83 5.99518
2.05556 1237.63 6.04167
2.0625 1192.78 6.08815
2.06944 1392.92 6.13464
2.07639 1510.8 6.18112
2.08333 1384.35 6.22761
2.09028 1195.01 6.27409
2.09722 1269.23 6.32058
2.10417 1488.24 6.36707
2.11111 1523.94 6.41355
2.11806 1335.28 6.46004
2.125 1207.86 6.50652
2.13194 1370 6.55301
2.13889 1547.4 6.59949
2.14583 1484.66 6.64598
2.15278 1270.04 6.69246
2.15972 1253.8 6.73895
2.16667 1477.16 6.78543
2.17361 1587.55 6.83192
2.18056 1441.37 6.8784
2.1875 1250.75 6.92489
2.19444 1343.28 6.97138
2.20139 1561.16 6.97711
2.20833 1573.72 6.97001
2.21528 1366.23 6.9629
2.22222 1258.45 6.9558
2.22917 1451.41 6.9487
2.23611 1628.69 6.9416
2.24306 1546.2 6.93449
2.25 1322.3 6.92739
2.25694 1323.52 6.91691
2.26389 1553.62 6.89703
2.27083 1644.83 6.87715
2.27778 1474.32 6.85726
2.28472 1291.45 6.83738
2.29167 1419.01 6.8175
2.29861 1645.69 6.79762
2.30556 1640.86 6.77774
2.3125 1417.47 6.75785
2.31944 1322.24 6.73797
2.32639 1529.31 6.71809
2.33333 1693.27 6.69821
2.34028 1583.97 6.67833
2.34722 1355.48 6.65845
2.35417 1390.76 6.63856
2.36111 1639.5 6.61868
2.36806 1717.93 6.5988
2.375 1527.17 6.57892
2.38194 1348.88 6.55904
2.38889 1495.91 6.53916
2.39583 1716.71 6.51927
2.40278 1685.4 6.49939
2.40972 1446.77 6.47951
2.41667 1378.86 6.45963
2.42361 1614.06 6.43975
2.43056 1772.02 6.41986
2.4375 1640.71 6.39998
2.44444 1407.65 6.3801
2.45139 1464.06 6.36022
2.45833 1715.47 6.34034
2.46528 1770.34 6.32046
2.47222 1556.52 6.30057
2.47917 1394.27 6.28069
2.48611 1576.58 6.26081
2.49306 1800.11 6.24093
2.5 1747.67 6.22105
2.50694 1496.01 6.20116
2.51389 1446.31 6.18128
2.52083 1692.93 6.1614
2.52778 1832.55 6.14152
2.53472 1673.59 6.12164
2.54167 1443.26 6.10176
2.54861 1537.47 6.08187
2.55556 1801.85 6.06199
2.5625 1839.01 6.04211
2.56944 1605.77 6.02223
2.57639 1454.57 6.00235
2.58333 1655.83 5.98246
2.59028 1868.23 5.96258
2.59722 1786.73 5.9427
2.60417 1525.11 5.92282
2.61111 1509.56 5.90294
2.61806 1779.99 5.88306
2.625 1907.77 5.84831
2.63194 1725.64 5.80698
2.63889 1496.69 5.76564
2.64583 1614.26 5.7243
2.65278 1876.33 5.68297
2.65972 1885.98 5.64163
2.66667 1632.51 5.60029
2.67361 1505.93 5.55896
2.68056 1740.62 5.51762
2.6875 1949.37 5.47628
2.69444 1843.84 5.43495
2.70139 1573.58 5.39361
2.70833 1581.09 5.35227
2.71528 1858.91 5.31093
2.72222 1963.42 5.2696
2.72917 1754.12 5.22826
2.73611 1536.41 5.18692
2.74306 1693.42 5.14559
2.75 1962.04 5.10425
2.75694 1949.61 5.06291
2.76389 1679.01 5.02158
2.77083 1570.08 4.98024
2.77778 1821.51 4.9389
2.78472 2013.62 4.89757
2.79167 1877.43 4.85623
2.79861 1604.14 4.81489
2.80556 1651.18 4.77355
2.8125 1947.11 4.73222
2.81944 2034.22 4.69088
2.82639 1801.9 4.64954
2.83333 1592.46 4.60821
2.84028 1773.3 4.56687
2.84722 2033.97 4.52553
2.85417 1990.75 4.4842
2.86111 1704.48 4.44286
2.86806 1628.34 4.40152
2.875 1909.4 4.36019
2.88194 2091.43 4.31885
2.88889 1929.34 4.27751
2.89583 1653.25 4.23617
2.90278 1726.88 4.19484
2.90972 2025.07 4.1535
2.91667 2084.31 4.11216
2.92361 1826.81 4.07083
2.93056 1637.84 4.02949
2.9375 1857.47 3.98815
2.94444 2117.81 3.94682
2.95139 2048.9 3.90548
2.95833 1749.39 3.86414
2.96528 1697 3.8228
2.97222 1991.02 3.78147
2.97917 2150.88 3.74013
2.98611 1957.78 3.69879
2.99306 1687.1 3.65746
3 1803.56 3.61612
3.00694 2113.17 3.57478
3.01389 2149.95 3.53345
3.02083 1871.04 3.49211
3.02778 1697.72 3.45077
3.03472 1939.77 3.41085
3.04167 2186.16 3.37528
3.04861 2084.06 3.33971
3.05556 1775.23 3.30413
3.0625 1762.65 3.26856
3.06944 2080.81 3.23299
3.07639 2224.38 3.19742
3.08333 2004.76 3.16185
3.09028 1738.33 3.12627
3.09722 1883.15 3.08565
3.10417 2189.06 3.03766
3.11111 2193.94 2.98968
3.11806 1893.56 2.9417
3.125 1750.04 2.89372
3.13194 2027.95 2.84574
3.13889 2266.97 2.79776
3.14583 2136.56 2.74978
3.15278 1819.97 2.7018
3.15972 1836.12 2.65382
3.16667 2162.11 2.60584
3.17361 2278.22 2.55785
3.18056 2028.69 2.50987
3.1875 1777.24 2.46189
3.19444 1965.8 2.41391
3.20139 2275.8 2.36593
3.20833 2253.87 2.31795
3.21528 1935.31 2.26997
3.22222 1814.69 2.22199
3.22917 2111.78 2.17401
3.23611 2330.71 2.12602
3.24306 2165.86 2.07804
3.25 1848.02 2.03006
3.25694 1909.18 1.98208
3.26389 2252.52 1.9341
3.27083 2346.54 1.88612
3.27778 2071.31 1.83814
3.28472 1832.05 1.79016
3.29167 2048.7 1.72218
3.29861 2348.5 1.61005
3.30556 2291.43 1.49791
3.3125 1956.98 1.38578
3.31944 1874.78 1.27364
3.32639 2202.77 1.16151
3.33333 2407.4 1.04937
3.34028 2212.81 0.937238
3.34722 1894.17 0.825103
3.35417 1987.37 0.753776
3.36111 2332.35 0.753346
3.36806 2394.1 0.752916
3.375 2091.73 0.752486
3.38194 1877.62 0.752056
3.38889 2136.39 0.751626
3.39583 2432.62 0.751196
3.40278 2345.32 0.750767
3.40972 1997.6 0.750337
3.41667 1944.79 0.749907
3.42361 2287.07 0.749477
3.43056 2465.59 0.749047
3.4375 2236.71 0.748617
3.44444 1926.4 0.748187
3.45139 2067.42 0.747757
3.45833 2422.04 0.747327
3.46528 2456.54 0.746898
3.47222 2130.91 0.746468
3.47917 1937.24 0.746038
3.48611 2221.75 0.745608
3.49306 2501.01 0.745178
3.5 2376.41 0.744748
3.50694 2020.25 0.744318
3.51389 2013.01 0.743888
3.52083 2379.52 0.743459
3.52778 2537.17 0.743029
3.53472 2278.5 0.742599
3.54167 1975.58 0.742169
3.54861 2149.89 0.741739
3.55556 2499.2 0.741309
3.5625 2497.35 0.740879
3.56944 2149.21 0.740449
3.57639 1990.7 0.740019
3.58333 2313.29 0.73959
3.59028 2581.31 0.73916
3.59722 2424.16 0.73873
3.60417 2061.33 0.7383
3.61111 2088.54 0.73787
3.61806 2463.09 0.73744
3.625 2589.02 0.73701
3.63194 2297.8 0.73658
3.63889 2013.85 0.73615
3.64583 2236.09 0.735721
3.65278 2586.82 0.735291
3.65972 2553.41 0.740348
3.66667 2186.2 0.747129
3.67361 2056.03 0.753911
3.68056 2400.04 0.760692
3.6875 2644.36 0.767473
3.69444 2449.04 0.774255
3.70139 2087 0.781036
3.70833 2164.72 0.787818
3.71528 2555.61 0.794599
3.72222 2654.65 0.80138
3.72917 2335.19 0.808162
3.73611 2067.59 0.814943
3.74306 2322.05 0.821725
3.75 2660.11 0.828506
3.75694 2587.24 0.835287
3.76389 2204.12 0.842069
3.77083 2118.13 0.84885
3.77778 2494.06 0.855632
3.78472 2719.73 0.862413
3.79167 2490.89 0.869194
3.79861 2130.3 0.875976
3.80556 2245.51 0.882757
3.8125 2637.19 0.889538
3.81944 2699.51 0.89632
3.82639 2351.1 0.903101
3.83333 2113.53 0.909883
3.84028 2413.28 0.916664
3.84722 2744.34 0.923445
3.85417 2636.67 0.930227
3.86111 2240.47 0.937008
3.86806 2189.66 0.94379
3.875 2580.97 0.950571
3.88194 2776.48 0.957352
3.88889 2510.14 0.964134
3.89583 2161.07 0.970915
3.90278 2329.02 0.977697
3.90972 2728.32 0.984478
3.91667 2758.54 0.991259
3.92361 2385.18 0.998041
3.93056 2173.07 1.02649
3.9375 2501.69 1.06043
3.94444 2812.61 1.079
3.95139 2663.56 1.09757
3.95833 2260.03 1.11614
3.96528 2260.59 1.13471
3.97222 2676 1.15328
3.97917 2845.94 1.17185
3.98611 2546.65 1.19042
3.99306 2208.34 1.20899
4 2414.43 1.22756
4.00694 2806.61 1.24613
4.01389 2796.01 1.2647
4.02083 2399.28 1.28327
4.02778 2227.87 1.30184
4.03472 2596.57 1.32041
4.04167 2892.22 1.33898
4.04861 2706.41 1.35755
4.05556 2297.54 1.37612
4.0625 2338.34 1.39469
4.06944 2761.74 1.41326
4.07639 2895.6 1.43183
4.08333 2561.27 1.4504
4.09028 2246.17 1.46897
4.09722 2504.24 1.48754
4.10417 2894.94 1.50611
4.11111 2848.02 1.52468
4.11806 2431.51 1.54325
4.125 2294.07 1.56182
4.13194 2686.18 1.58111
4.13889 2954.37 1.60045
4.14583 2726.74 1.6198
4.15278 2320.95 1.63914
4.15972 2417.75 1.65849
4.16667 2856.24 1.67783
4.17361 2958.35 1.69718
4.18056 2593.36 1.71652
4.1875 2299 1.73587
4.19444 2593.28 1.75521
4.20139 2968.66 1.77455
4.20833 2877.94 1.7939
4.21528 2445.73 1.81324
4.22222 2358.35 1.83259
4.22917 2783.18 1.85193
4.23611 3028.24 1.87128
4.24306 2763.37 1.89062
4.25 2361.54 1.90997
4.25694 2501.25 1.92931
4.26389 2939.44 1.95185
4.27083 3000.32 1.98424
4.27778 2604.73 2.01663
4.28472 2345.52 2.04902
4.29167 2688.06 2.08141
4.29861 3052.82 2.1138
4.30556 2922.77 2.14619
4.3125 2477.87 2.17858
4.31944 2431.58 2.21096
4.32639 2872.63 2.24335
4.33333 3083.34 2.27574
4.34028 2777.89 2.30813
4.34722 2391.01 2.34052
4.35417 2588.31 2.37291
4.36111 3031.87 2.4053
4.36806 3055.76 2.43769
4.375 2633.69 2.47007
4.38194 2405.17 2.50246
4.38889 2779.51 2.53485
4.39583 3120.77 2.56724
4.40278 2945.29 2.59963
4.40972 2494.45 2.63202
4.41667 2505.38 2.66441
4.42361 2970.13 2.6968
4.43056 3150.49 2.72918
4.4375 2809.02 2.76157
4.44444 2436.55 2.79396
4.45139 2676.73 2.82635
4.45833 3111.13 2.85874
4.46528 3089.7 2.89113
4.47222 2643.6 2.92352
4.47917 2461.51 2.95591
4.48611 2877.7 2.98829
4.49306 3199.5 3.02068
4.5 2983.1 3.05307
4.50694 2528.49 3.08546
4.51389 2585.47 3.11785
4.52083 3057.94 3.15024
4.52778 3197.76 3.18263
4.53472 2818.89 3.21502
4.54167 2474.13 3.2474
4.54861 2770.19 3.27979
4.55556 3200.01 3.31218
4.5625 3137.47 3.34457
4.56944 2671.09 3.37696
4.57639 2528.76 3.40935
4.58333 2970.14 3.44174
4.59028 3260.57 3.47404
4.59722 2998.76 3.50508
4.60417 2549.79 3.53612
4.61111 2668.25 3.56716
4.61806 3154.3 3.5982
4.625 3257.44 3.62924
4.63194 2845.62 3.66028
4.63889 2526.25 3.69132
4.64583 2862.36 3.72236
4.65278 3273.99 3.7534
4.65972 3163.32 3.78443
4.66667 2681.69 3.81547
4.67361 2595.43 3.84651
4.68056 3070.05 3.87755
4.6875 3332.73 3.90859
4.69444 3030.05 3.93963
4.70139 2587.8 3.97067
4.70833 2754.58 4.00171
4.71528 3238.97 4.03275
4.72222 3296.33 4.06379
4.72917 2852.44 4.09483
4.73611 2573.57 4.12587
4.74306 2960.68 4.15691
4.75 3357.89 4.18795
4.75694 3203.38 4.21899
4.76389 2709.69 4.25003
4.77083 2670.52 4.28107
4.77778 3161.95 4.31211
4.78472 3385.98 4.34315
4.79167 3039.75 4.34805
4.79861 2616.18 4.33392
4.80556 2845.26 4.3198
4.8125 3332.56 4.30567
4.81944 3347.98 4.29155
4.82639 2876.26 4.27743
4.83333 2633.53 4.2633
4.84028 3055.17 4.24918
4.84722 3425.34 4.23506
4.85417 3221.41 4.22093
4.86111 2723.39 4.20681
4.86806 2747.36 4.19268
4.875 3261.83 4.17856
4.88194 3450.63 4.16444
4.88889 3065.41 4.15031
4.89583 2660.14 4.13619
4.90278 2936.77 4.12207
4.90972 3412.62 4.10794
4.91667 3378.22 4.09382
4.92361 2882.01 4.0797
4.93056 2691.63 4.06557
4.9375 3156.62 4.05145
4.94444 3502.98 4.03732
4.95139 3254.03 4.0232
4.95833 2754.07 4.00908
4.96528 2829.95 3.99495
4.97222 3351.58 4.01056
4.97917 3495.31 4.03163
4.98611 3070.49 4.0527
4.99306 2697.69 4.07377
5 3033.92 4.09484
5.00694 3501.87 4.11591
5.01389 3421.57 4.13698
5.02083 2904.81 4.15806
5.02778 2760.12 4.17913
5.03472 3251.84 4.2002
5.04167 3562.77 4.22127
5.04861 3264.9 4.24234
5.05556 2773.43 4.26341
5.0625 2916.21 4.28448
5.06944 3449.66 4.30555
5.07639 3551.71 4.32662
5.08333 3091.81 4.3477
5.09028 2749.31 4.36877
5.09722 3129.23 4.38984
5.10417 3575.93 4.41091
5.11111 3443.19 4.43198
5.11806 2911.86 4.45305
5.125 2829.37 4.47412
5.13194 3354.58 4.49519
5.13889 3633.02 4.51627
5.14583 3290.74 4.53734
5.15278 2809.02 4.55841
5.15972 3005.46 4.57948
5.16667 3535.67 4.59134
5.17361 3587.33 4.59402
5.18056 3094.07 4.59669
5.1875 2797.64 4.59937
5.19444 3231.09 4.60204
5.20139 3659.38 4.60472
5.20833 3478.31 4.6074
5.21528 2935.8 4.61007
5.22222 2906.48 4.61275
5.22917 3448.84 4.61542
5.23611 3684.23 4.6181
5.24306 3295.53 4.62077
5.25 2836.5 4.62345
5.25694 3099.86 4.62612
5.26389 3630.24 4.6288
5.27083 3635 4.63147
5.27778 3112.76 4.63415
5.28472 2858.12 4.63682
5.29167 3328.6 4.6395
5.29861 3726.13 4.64828
5.30556 3491.7 4.69159
5.3125 2946.76 4.7349
5.31944 2986.53 4.77821
5.32639 3550.97 4.82152
5.33333 3746.15 4.86483
5.34028 3315.64 4.90814
5.34722 2879.1 4.95145
5.35417 3194.52 4.99476
5.36111 3710.95 5.03353
5.36806 3661.35 5.06363
5.375 3114.39 5.09373
5.38194 2918.2 5.12382
5.38889 3433.27 5.15392
5.39583 3802.49 5.18402
5.40278 3519 5.21412
5.40972 2974.21 5.24422
5.41667 3071.76 5.27431
5.42361 3642.55 5.30441
5.43056 3788.05 5.33451
5.4375 3315.89 5.36461
5.44444 2916.84 5.39471
5.45139 3295.38 5.4248
5.45833 3800.39 5.4549
5.46528 3700.12 5.485
5.47222 3132.53 5.5151
5.47917 2988.14 5.5452
5.48611 3531.2 5.57529
5.49306 3860.8 5.60539
5.5 3524.97 5.63549
5.50694 2991.8 5.66559
5.51389 3161.63 5.69569
5.52083 3742.21 5.72578
5.52778 3840.97 5.75588
5.53472 3331.77 5.78598
5.54167 2968.16 5.81608
5.54861 3393.86 5.84618
5.55556 3874.33 5.87627
5.5625 3717.34 5.90637
5.56944 3136.13 5.93647
5.57639 3060.16 5.96657
5.58333 3636.69 5.99667
5.59028 3928.93 6.02496
5.59722 3545.25 6.03553
5.60417 3025.16 6.04611
5.61111 3253.91 6.05669
5.61806 3829.4 6.06726
5.625 3873.12 6.07784
5.63194 3329.47 6.08841
5.63889 3017.75 6.09899
5.64583 3499.26 6.10956
5.65278 3957.14 6.12014
5.65972 3747.36 6.13072
5.66667 3156.11 6.14129
5.67361 3139.49 6.15187
5.68056 3733.21 6.16244
5.6875 3977.88 6.17302
5.69444 3545.06 6.1836
5.70139 3051.95 6.19417
5.70833 3352.1 6.20475
5.71528 3924.8 6.21532
5.72222 3916.62 6.2259
5.72917 3343.03 6.23648
5.73611 3078.97 6.24705
5.74306 3599.75 6.25763
5.75 4022.99 6.2682
5.75694 3755.98 6.27878
5.76389 3164.48 6.28936
5.77083 3222.9 6.29993
5.77778 3837.48 6.31051
5.78472 4036.88 6.32108
5.79167 3559.56 6.33166
5.79861 3093.39 6.34223
5.80556 3449.95 6.35281
5.8125 4005.96 6.36339
5.81944 3938.91 6.37396
5.82639 3340.61 6.38454
5.83333 3141.24 6.39511
5.84028 3707.59 6.40569
5.84722 4097.86 6.41627
5.85417 3777.81 6.42684
5.86111 3188.85 6.43742
5.86806 3310.91 6.44799
5.875 3930.75 6.45857
5.88194 4075.8 6.46915
5.88889 3554.94 6.47972
5.89583 3131.55 6.4903
5.90278 3554.57 6.50087
5.90972 4095.41 6.51145
5.91667 3972.91 6.52203
5.92361 3354.16 6.5326
5.93056 3212.84 6.54318
5.9375 3808.17 6.55375
5.94444 4154.48 6.56433
5.95139 3778.79 6.5749
5.95833 3204.87 6.58548
5.96528 3404.51 6.59606
5.97222 4031.84 6.60663
5.97917 4125.03 6.61721
5.98611 3565.35 6.62778
5.99306 3182.82 6.63836
6 3656.22 6.72753
6.00694 4169.04 6.83347
6.01389 3985.58 6.93941
6.02083 3354.41 7.04535
6.02778 3287.83 7.15129
6.03472 3916.29 7.25723
6.04167 4220.28 7.36318
6.04861 3793.4 7.46912
6.05556 3236.18 7.57506
6.0625 3499.92 7.681
6.06944 4120.05 7.78694
6.07639 4153.52 7.89288
6.08333 3558.51 7.99882
6.09028 3233.89 8.10477
6.09722 3765.13 8.21071
6.10417 4251.01 8.31665
6.11111 4010.35 8.42259
6.11806 3370.54 8.52853
6.125 3369.56 8.63447
6.13194 4014.98 8.74041
6.13889 4266.77 8.84635
6.14583 3788.17 8.94436
6.15278 3262.51 8.9501
6.15972 3601.96 8.95584
6.16667 4216.09 8.96158
6.17361 4192.66 8.96733
6.18056 3566.97 8.97307
6.1875 3296.09 8.97881
6.19444 3868.57 8.98455
6.20139 4315.76 8.9903
6.20833 4014.06 8.99604
6.21528 3376.48 9.00178
6.22222 3456.5 9.00752
6.22917 4121.25 9.01327
6.23611 4322.63 9.01901
6.24306 3796.99 9.02475
6.25 3303.01 9.03049
6.25694 3703.08 9.03624
6.26389 4297.54 9.05933
6.27083 4210.71 9.14641
6.27778 3560.56 9.23349
6.28472 3360.79 9.32057
6.29167 3979.51 9.40765
6.29861 4388.92 9.49473
6.30556 4030.31 9.58181
6.3125 3397.94 9.66889
6.31944 3547.43 9.75597
6.32639 4216.08 9.84305
6.33333 4358.35 9.93013
6.34028 3787.49 10.0172
6.34722 3341.85 10.1043
6.35417 3811.46 10.1914
6.36111 4386.79 10.2785
6.36806 4239.75 10.3655
6.375 3569.58 10.4526
6.38194 3434.27 10.5397
6.38889 4082.66 10.6268
6.39583 4443.64 10.7139
6.40278 4026.19 10.8009
6.40972 3412.59 10.888
6.41667 3644.86 10.9751
6.42361 4318.43 11.0622
6.43056 4403.7 11.1493
6.4375 3792.41 11.2363
6.44444 3393.3 11.3234
6.45139 3916.29 11.4105
6.45833 4459.92 11.4976
6.46528 4247.71 11.5847
6.47222 3566.62 11.6717
6.47917 3512.42 11.7588
6.48611 4193.33 11.8459
6.49306 4506.89 11.933
6.5 4035.04 12.0201
6.50694 3442.06 12.1071
6.51389 3743.5 12.1942
6.52083 4407.5 12.2813
6.52778 4428.34 12.3684
6.53472 3781.07 12.4555
6.54167 3446.11 12.5425
6.54861 4028.67 12.6296
6.55556 4540.83 12.7167
6.5625 4267.08 12.8038
6.56944 3579.03 12.8909
6.57639 3596.73 12.9779
6.58333 4294.06 13.065
6.59028 4550.71 13.1521
6.59722 4024.71 13.2392
6.60417 3468.18 13.3263
6.61111 3849.46 13.4133
6.61806 4504 13.5004
6.625 4462.92 13.5875
6.63194 3784.44 13.6746
6.63889 3509.53 13.7143
6.64583 4135.04 13.7516
6.65278 4604.27 13.789
6.65972 4265.76 13.8264
6.66667 3582.72 13.8637
6.67361 3687.34 13.9011
6.68056 4402.2 13.9385
6.6875 4603.22 13.9758
6.69444 4027.79 14.0132
6.70139 3507.98 14.0505
6.70833 3953.88 14.0879
6.71528 4585.55 14.1253
6.72222 4476.55 14.1626
6.72917 3774.14 14.2
6.73611 3576.88 14.2374
6.74306 4249 14.2747
6.75 4675.51 14.3121
6.75694 4276.3 14.3495
6.76389 3601.45 14.3868
6.77083 3781.34 14.4242
6.77778 4498.43 14.4616
6.78472 4635.54 14.4989
6.79167 4013.4 14.5358
6.79861 3547.76 14.5721
6.80556 4066.03 14.6085
6.8125 4674.4 14.6449
6.81944 4500.48 14.6812
6.82639 3778.73 14.7176
6.83333 3652.45 14.754
6.84028 4354.63 14.7903
6.84722 4728.12 14.8267
6.85417 4266.99 14.863
6.86111 3614.96 14.8994
6.86806 3882.72 14.9358
6.875 4601.89 14.9721
6.88194 4676.8 15.0085
6.88889 4012.83 15.0448
6.89583 3599.64 15.0812
6.90278 4174.04 15.1176
6.90972 4746.82 15.1539
6.91667 4503.58 15.1903
6.92361 3772.69 15.2266
6.93056 3733.97 15.263
6.9375 4467.72 15.2994
6.94444 4788.6 15.3357
6.95139 4270 15.3721
6.95833 3642.81 15.4084
6.96528 3984.68 15.4448
6.97222 4691.64 15.4669
6.97917 4697.39 15.4875
6.98611 3997.02 15.508
6.99306 3654.45 15.5286
7 4289.87 15.5492
7.00694 4826.46 15.5698
7.01389 4517.39 15.5903
7.02083 3781.54 15.6109
7.02778 3821.05 15.6315
7.03472 4570.38 15.652
7.04167 4829.53 15.6726
7.04861 4254.52 15.6932
7.05556 3668.97 15.7138
7.0625 4094.6 15.7343
7.06944 4788.4 15.7549
7.07639 4727.22 15.7755
7.08333 3995.37 15.7961
7.09028 3719.32 15.8166
7.09722 4399.09 15.8372
7.10417 4888.37 15.8578
7.11111 4510.92 15.9154
7.11806 3783.17 16.0132
7.125 3915.49 16.111
7.13194 4680.23 16.2089
7.13889 4878.47 16.3067
7.14583 4251.83 16.4045
7.15278 3708.33 16.5024
7.15972 4202.37 16.6002
7.16667 4869.84 16.698
7.17361 4736.26 16.7958
7.18056 3981.26 16.8937
7.1875 3789.57 16.9915
7.19444 4515.99 17.0893
7.20139 4957.46 17.1872
7.20833 4515.62 17.285
7.21528 3799.37 17.3828
7.22222 4012.7 17.4806
7.22917 4777.72 17.5785
7.23611 4907.19 17.6763
7.24306 4232.54 17.7741
7.25 3749.31 17.872
7.25694 4318.29 17.9698
7.26389 4958.09 18.0676
7.27083 4754.9 18.1654
7.27778 3981.54 18.2633
7.28472 3867.46 18.3611
7.29167 4624.02 18.4589
7.29861 5007.74 18.5395
7.30556 4501.04 18.614
7.3125 3811.97 18.6886
7.31944 4118.1 18.7632
7.32639 4882.09 18.8377
7.33333 4944.14 18.9123
7.34028 4226.49 18.9869
7.34722 3801.89 19.0614
7.35417 4429.47 19.136
7.36111 5029.59 19.2106
7.36806 4752.99 19.2851
7.375 3972.58 19.3597
7.38194 3952.53 19.4342
7.38889 4739.41 19.5088
7.39583 5065.23 19.5834
7.40278 4498.14 19.6579
7.40972 3838.46 19.7325
7.41667 4223.47 19.8071
7.42361 4972.35 19.8816
7.43056 4960.5 19.9562
7.4375 4206.27 20.0308
7.44444 3858.96 20.1053
7.45139 4548.68 20.1799
7.45833 5107.74 20.2545
7.46528 4761.11 20.329
7.47222 3978.02 20.4036
7.47917 4042.57 20.4782
7.48611 4843.86 20.5527
7.49306 5103.06 20.6273
7.5 4477.47 20.7019
7.50694 3864.91 20.7764
7.51389 4337.4 20.851
7.52083 5069.17 20.9256
7.52778 4985.39 21.0001
7.53472 4199.67 21.0747
7.54167 3925.55 21.1493
7.54861 4660.71 21.2238
7.55556 5167.9 21.2984
7.5625 4749.37 21.373
7.56944 3977.8 21.4475
7.57639 4140.98 21.5221
7.58333 4955.26 21.5967
7.59028 5148.21 21.6712
7.59722 4468.98 21.7458
7.60417 3904.11 21.8204
7.61111 4448.55 21.8949
7.61806 5150.31 21.9695
7.625 4989.67 22.0441
7.63194 4181.87 22.1186
7.63889 3998.92 22.1932
7.64583 4780.44 22.2677
7.65278 5234.62 22.3423
7.65972 4748.13 22.4169
7.66667 3991.7 22.4915
7.67361 4241.53 22.5805
7.68056 5053.84 22.6694
7.6875 5173.12 22.7584
