time error errTLE
0 0 0
0.00694444 0.00753621 0.00162941
0.0138889 0.0153577 0.00325882
0.0208333 0.0234781 0.00488823
0.0277778 0.0318976 0.00651764
0.0347222 0.0405952 0.00814705
0.0416667 0.0495398 0.00977646
0.0486111 0.0586802 0.0114059
0.0555556 0.0679446 0.0130353
0.0625 0.077243 0.0146647
0.0694444 0.0864715 0.0162941
0.0763889 0.0955119 0.0179235
0.0833333 0.104245 0.0195529
0.0902778 0.11256 0.0211823
0.0972222 0.120357 0.0228117
0.104167 0.127592 0.0244412
0.111111 0.13428 0.0260706
0.118056 0.140526 0.0277
0.125 0.146559 0.0293294
0.131944 0.152762 0.0309588
0.138889 0.159683 0.0325882
0.145833 0.168033 0.0342176
0.152778 0.178634 0.035847
0.159722 0.192319 0.0374764
0.166667 0.20984 0.0391058
0.173611 0.231748 0.0407353
0.180556 0.258346 0.0423647
0.1875 0.289699 0.0439941
0.194444 0.325662 0.0456235
0.201389 0.365941 0.0472529
0.208333 0.410127 0.0488823
0.215278 0.457728 0.0505117
0.222222 0.508207 0.0521411
0.229167 0.560969 0.0537705
0.236111 0.615388 0.0553999
0.243056 0.67082 0.0570294
0.25 0.726607 0.0586588
0.256944 0.782081 0.0602882
0.263889 0.836588 0.0619176
0.270833 0.889485 0.063547
0.277778 0.940155 0.0651764
0.284722 0.988039 0.0668058
0.291667 1.03261 0.0684352
0.298611 1.07339 0.0700646
0.305556 1.11 0.071694
0.3125 1.14213 0.0733235
0.319444 1.16953 0.0749529
0.326389 1.19206 0.0765823
0.333333 1.20966 0.0782117
0.340278 1.22234 0.0798411
0.347222 1.23026 0.0814705
0.354167 1.23359 0.0830999
0.361111 1.23261 0.0847293
0.368056 1.22768 0.0863587
0.375 1.21922 0.0879881
0.381944 1.20767 0.0896176
0.388889 1.19356 0.091247
0.395833 1.17741 0.0928764
0.402778 1.15976 0.0945058
0.409722 1.14118 0.0961352
0.416667 1.12218 0.0977646
0.423611 1.10326 0.099394
0.430556 1.08488 0.101023
0.4375 1.06744 0.102653
0.444444 1.05126 0.104282
0.451389 1.0366 0.105912
0.458333 1.02362 0.107541
0.465278 1.01238 0.10917
0.472222 1.00289 0.1108
0.479167 0.995051 0.112429
0.486111 0.9887 0.114059
0.493056 0.983625 0.115688
0.5 0.979573 0.117318
0.506944 0.97626 0.118947
0.513889 0.973401 0.120576
0.520833 0.970714 0.122206
0.527778 0.967932 0.123999
0.534722 0.964842 0.125831
0.541667 0.96125 0.127663
0.548611 0.957023 0.129495
0.555556 0.95209 0.131327
0.5625 0.946445 0.133159
0.569444 0.940143 0.134992
0.576389 0.933322 0.136824
0.583333 0.926186 0.138656
0.590278 0.919013 0.140488
0.597222 0.912178 0.14232
0.604167 0.9061 0.144152
0.611111 0.901277 0.145984
0.618056 0.898268 0.147816
0.625 0.897671 0.149649
0.631944 0.900101 0.151481
0.638889 0.906149 0.153313
0.645833 0.916443 0.155145
0.652778 0.931457 0.156977
0.659722 0.951613 0.158809
0.666667 0.977183 0.160641
0.673611 1.00831 0.162473
0.680556 1.04498 0.164305
0.6875 1.08705 0.166138
0.694444 1.13424 0.16797
0.701389 1.18616 0.169802
0.708333 1.24232 0.171634
0.715278 1.30213 0.173466
0.722222 1.36499 0.175298
0.729167 1.43022 0.17713
0.736111 1.4971 0.178962
0.743056 1.56492 0.180795
0.75 1.63293 0.182627
0.756944 1.7004 0.184459
0.763889 1.76659 0.186291
0.770833 1.8308 0.188123
0.777778 1.89234 0.189955
0.784722 1.95059 0.191787
0.791667 2.00494 0.193619
0.798611 2.05486 0.195451
0.805556 2.0999 0.197284
0.8125 2.13967 0.199116
0.819444 2.17388 0.200948
0.826389 2.20232 0.20278
0.833333 2.22487 0.204612
0.840278 2.24153 0.206444
0.847222 2.25239 0.208276
0.854167 2.25761 0.210108
0.861111 2.25748 0.21194
0.868056 2.25235 0.213773
0.875 2.24267 0.215605
0.881944 2.22893 0.217437
0.888889 2.21171 0.219269
0.895833 2.1916 0.221101
0.902778 2.16923 0.222933
0.909722 2.14525 0.224765
0.916667 2.12031 0.226597
0.923611 2.095 0.22843
0.930556 2.06991 0.230262
0.9375 2.04557 0.232094
0.944444 2.02241 0.233926
0.951389 2.00081 0.235758
0.958333 1.98105 0.23759
0.965278 1.96331 0.239422
0.972222 1.94769 0.241254
0.979167 1.93418 0.243086
0.986111 1.92269 0.244919
0.993056 1.91305 0.246751
1 1.90505 0.248583
1.00694 1.89842 0.250647
1.01389 1.89286 0.253159
1.02083 1.88807 0.255671
1.02778 1.88372 0.258182
1.03472 1.87957 0.260694
1.04167 1.87534 0.263206
1.04861 1.87083 0.265718
1.05556 1.8659 0.268229
1.0625 1.86047 0.270741
1.06944 1.85452 0.273253
1.07639 1.84812 0.275765
1.08333 1.8414 0.278277
1.09028 1.83458 0.280788
1.09722 1.82797 0.2833
1.10417 1.82193 0.285812
1.11111 1.81689 0.288324
1.11806 1.81334 0.290835
1.125 1.81183 0.293347
1.13194 1.81293 0.295859
1.13889 1.8172 0.298371
1.14583 1.82523 0.300883
1.15278 1.83752 0.303394
1.15972 1.85457 0.305906
1.16667 1.87675 0.308418
1.17361 1.90435 0.31093
1.18056 1.93753 0.313441
1.1875 1.97632 0.315953
1.19444 2.02063 0.318465
1.20139 2.07021 0.320977
1.20833 2.12472 0.323489
1.21528 2.18366 0.326
1.22222 2.24649 0.328512
1.22917 2.31254 0.331024
1.23611 2.38109 0.333536
1.24306 2.45137 0.336047
1.25 2.52258 0.338559
1.25694 2.5939 0.341071
1.26389 2.6645 0.343583
1.27083 2.73357 0.346094
1.27778 2.80032 0.348606
1.28472 2.86401 0.351118
1.29167 2.92392 0.35363
1.29861 2.97941 0.356142
1.30556 3.02991 0.358653
1.3125 3.07492 0.361165
1.31944 3.11405 0.363677
1.32639 3.14699 0.366189
1.33333 3.17354 0.3687
1.34028 3.19358 0.371212
1.34722 3.20715 0.373724
1.35417 3.21436 0.376236
1.36111 3.21543 0.378748
1.36806 3.21069 0.381259
1.375 3.20055 0.383771
1.38194 3.18552 0.386283
1.38889 3.16619 0.388795
1.39583 3.14318 0.391306
1.40278 3.11717 0.393818
1.40972 3.08889 0.39633
1.41667 3.05904 0.398842
1.42361 3.02832 0.401354
1.43056 2.99742 0.403865
1.4375 2.96696 0.406377
1.44444 2.93751 0.408889
1.45139 2.90955 0.411401
1.45833 2.88348 0.413912
1.46528 2.8596 0.416424
1.47222 2.8381 0.418936
1.47917 2.81906 0.421448
1.48611 2.80247 0.42396
1.49306 2.78825 0.426471
1.5 2.7762 0.428983
1.50694 2.76608 0.431495
1.51389 2.75762 0.434007
1.52083 2.75049 0.436518
1.52778 2.74436 0.43903
1.53472 2.73892 0.441542
1.54167 2.73387 0.444054
1.54861 2.72893 0.446566
1.55556 2.72391 0.449077
1.5625 2.71865 0.451589
1.56944 2.71306 0.454101
1.57639 2.70713 0.456613
1.58333 2.70095 0.459124
1.59028 2.69466 0.461636
1.59722 2.6885 0.464148
1.60417 2.68278 0.46666
1.61111 2.67789 0.469172
1.61806 2.67426 0.471683
1.625 2.67241 0.474195
1.63194 2.67286 0.476707
1.63889 2.67616 0.479219
1.64583 2.68291 0.48173
1.65278 2.69362 0.484242
1.65972 2.70881 0.486754
1.66667 2.72889 0.489266
1.67361 2.75421 0.491778
1.68056 2.78503 0.494289
1.6875 2.82146 0.496801
1.69444 2.86351 0.499313
1.70139 2.91105 0.501825
1.70833 2.96381 0.504336
1.71528 3.02142 0.506848
1.72222 3.08338 0.50936
1.72917 3.14909 0.511872
1.73611 3.21787 0.514384
1.74306 3.28895 0.516895
1.75 3.36154 0.519407
1.75694 3.43478 0.521919
1.76389 3.50783 0.524431
1.77083 3.57981 0.526942
1.77778 3.64987 0.529454
1.78472 3.71719 0.531966
1.79167 3.78098 0.534478
1.79861 3.84051 0.53699
1.80556 3.89513 0.539501
1.8125 3.94424 0.542013
1.81944 3.98735 0.544525
1.82639 4.02406 0.547037
1.83333 4.05409 0.549548
1.84028 4.07724 0.55206
1.84722 4.09345 0.554572
1.85417 4.10277 0.557084
1.86111 4.10535 0.559596
1.86806 4.10148 0.562107
1.875 4.09154 0.564619
1.88194 4.07601 0.567131
1.88889 4.05546 0.569643
1.89583 4.03052 0.572154
1.90278 4.00191 0.574666
1.90972 3.97039 0.577178
1.91667 3.9367 0.57969
1.92361 3.90164 0.582202
1.93056 3.86594 0.584713
1.9375 3.83035 0.587225
1.94444 3.79551 0.589737
1.95139 3.76201 0.592249
1.95833 3.73036 0.59476
1.96528 3.70095 0.597272
1.97222 3.67409 0.599784
1.97917 3.64994 0.602296
1.98611 3.62857 0.604807
1.99306 3.60997 0.607319
2 3.59399 0.609831
2.00694 3.58045 0.612343
2.01389 3.56908 0.615144
2.02083 3.55956 0.6181
2.02778 3.55156 0.621057
2.03472 3.54475 0.624013
2.04167 3.53878 0.62697
2.04861 3.53333 0.629926
2.05556 3.52816 0.632883
2.0625 3.52305 0.635839
2.06944 3.51786 0.638796
2.07639 3.51251 0.641752
2.08333 3.50701 0.644709
2.09028 3.50144 0.647665
2.09722 3.496 0.650622
2.10417 3.49092 0.653578
2.11111 3.48655 0.656535
2.11806 3.48328 0.659491
2.125 3.48157 0.662447
2.13194 3.48193 0.665404
2.13889 3.48488 0.66836
2.14583 3.49099 0.671317
2.15278 3.50077 0.674273
2.15972 3.51474 0.67723
2.16667 3.53336 0.680186
2.17361 3.55701 0.683143
2.18056 3.58597 0.686099
2.1875 3.62044 0.689056
2.19444 3.66049 0.692012
2.20139 3.70607 0.694969
2.20833 3.75699 0.697925
2.21528 3.81294 0.700882
2.22222 3.8735 0.703838
2.22917 3.93813 0.706795
2.23611 4.00619 0.709751
2.24306 4.07697 0.712708
2.25 4.14968 0.715664
2.25694 4.22348 0.718621
2.26389 4.29753 0.721577
2.27083 4.37092 0.724534
2.27778 4.44278 0.72749
2.28472 4.51225 0.730447
2.29167 4.57849 0.733403
2.29861 4.64072 0.73636
2.30556 4.69821 0.739316
2.3125 4.7503 0.742273
2.31944 4.79644 0.745229
2.32639 4.83614 0.748186
2.33333 4.86903 0.751142
2.34028 4.89485 0.754099
2.34722 4.91346 0.757055
2.35417 4.92484 0.760012
2.36111 4.92908 0.762968
2.36806 4.9264 0.765925
2.375 4.91713 0.768881
2.38194 4.90172 0.771838
2.38889 4.88071 0.774794
2.39583 4.85472 0.77775
2.40278 4.82447 0.780707
2.40972 4.79073 0.783663
2.41667 4.75429 0.78662
2.42361 4.71596 0.789576
2.43056 4.67657 0.792533
2.4375 4.63689 0.795489
2.44444 4.59767 0.798446
2.45139 4.55959 0.801402
2.45833 4.52324 0.804359
2.46528 4.48909 0.807315
2.47222 4.45755 0.810272
2.47917 4.42887 0.813228
2.48611 4.40322 0.816185
2.49306 4.38063 0.819141
2.5 4.36104 0.822098
2.50694 4.3443 0.825054
2.51389 4.33018 0.828011
2.52083 4.31838 0.830967
2.52778 4.30859 0.833924
2.53472 4.30045 0.83688
2.54167 4.29361 0.839837
2.54861 4.28772 0.842793
2.55556 4.28249 0.84575
2.5625 4.27766 0.848706
2.56944 4.27303 0.851663
2.57639 4.26848 0.854619
2.58333 4.26395 0.857576
2.59028 4.25946 0.860532
2.59722 4.25515 0.863489
2.60417 4.2512 0.866445
2.61111 4.24789 0.869402
2.61806 4.24556 0.872358
2.625 4.24463 0.875315
2.63194 4.24556 0.878271
2.63889 4.24882 0.881228
2.64583 4.25498 0.884184
2.65278 4.26453 0.887141
2.65972 4.27797 0.890097
2.66667 4.29575 0.893053
2.67361 4.31828 0.89601
2.68056 4.34586 0.898966
2.6875 4.37873 0.901923
2.69444 4.41701 0.904879
2.70139 4.46068 0.907836
2.70833 4.50964 0.910792
2.71528 4.56364 0.913749
2.72222 4.62231 0.916705
2.72917 4.68519 0.919662
2.73611 4.75168 0.922618
2.74306 4.82114 0.925575
2.75 4.8928 0.928531
2.75694 4.96588 0.931488
2.76389 5.03953 0.934444
2.77083 5.11289 0.937401
2.77778 5.18505 0.940357
2.78472 5.25517 0.943314
2.79167 5.32239 0.94627
2.79861 5.38588 0.949227
2.80556 5.4449 0.952183
2.8125 5.49873 0.95514
2.81944 5.54677 0.958096
2.82639 5.58847 0.961053
2.83333 5.62342 0.964009
2.84028 5.65127 0.966966
2.84722 5.67182 0.969922
2.85417 5.68499 0.972879
2.86111 5.6908 0.975835
2.86806 5.68941 0.978792
2.875 5.68109 0.981748
2.88194 5.66625 0.984705
2.88889 5.64538 0.987661
2.89583 5.61908 0.990618
2.90278 5.58804 0.993574
2.90972 5.55303 0.996531
2.91667 5.51484 0.999487
2.92361 5.47431 1.00244
2.93056 5.43229 1.0054
2.9375 5.38961 1.00836
2.94444 5.34707 1.01131
2.95139 5.30541 1.01427
2.95833 5.26529 1.01723
2.96528 5.22728 1.02018
2.97222 5.19186 1.02314
2.97917 5.15936 1.0261
2.98611 5.13002 1.02905
2.99306 5.10396 1.03201
3 5.08118 1.03496
3.00694 5.0616 1.03641
3.01389 5.04501 1.03611
3.02083 5.03118 1.0358
3.02778 5.01979 1.03549
3.03472 5.01051 1.03518
3.04167 5.00298 1.03488
3.04861 4.99684 1.03457
3.05556 4.99177 1.03426
3.0625 4.98748 1.03395
3.06944 4.98373 1.03364
3.07639 4.98034 1.03334
3.08333 4.97722 1.03303
3.09028 4.97432 1.03272
3.09722 4.97172 1.03241
3.10417 4.96955 1.03211
3.11111 4.96801 1.0318
3.11806 4.9674 1.03149
3.125 4.96807 1.03118
3.13194 4.97042 1.03087
3.13889 4.9749 1.03057
3.14583 4.98199 1.03026
3.15278 4.99215 1.02995
3.15972 5.00587 1.02964
3.16667 5.02358 1.02934
3.17361 5.04566 1.02903
3.18056 5.07244 1.02872
3.1875 5.10416 1.02841
3.19444 5.14096 1.0281
3.20139 5.18289 1.0278
3.20833 5.22986 1.02749
3.21528 5.28168 1.02718
3.22222 5.33806 1.02687
3.22917 5.39858 1.02657
3.23611 5.46272 1.02626
3.24306 5.52989 1.02595
3.25 5.5994 1.02564
3.25694 5.67049 1.02533
3.26389 5.74237 1.02503
3.27083 5.81421 1.02472
3.27778 5.88516 1.02441
3.28472 5.95437 1.0241
3.29167 6.02099 1.0238
3.29861 6.08421 1.02349
3.30556 6.14326 1.02318
3.3125 6.19743 1.02287
3.31944 6.24606 1.02256
3.32639 6.2886 1.02226
3.33333 6.32457 1.02195
3.34028 6.35359 1.02164
3.34722 6.3754 1.02133
3.35417 6.38986 1.02103
3.36111 6.39693 1.02072
3.36806 6.3967 1.02041
3.375 6.38941 1.0201
3.38194 6.37538 1.01979
3.38889 6.35506 1.01949
3.39583 6.32901 1.01918
3.40278 6.29788 1.01887
3.40972 6.26241 1.01856
3.41667 6.22338 1.01826
3.42361 6.18161 1.01795
3.43056 6.13798 1.01764
3.4375 6.09334 1.01733
3.44444 6.04851 1.01702
3.45139 6.00428 1.01672
3.45833 5.96136 1.01641
3.46528 5.92039 1.0161
3.47222 5.88192 1.01579
3.47917 5.84635 1.01549
3.48611 5.814 1.01518
3.49306 5.78506 1.01487
3.5 5.7596 1.01753
3.50694 5.7376 1.02148
3.51389 5.71893 1.02542
3.52083 5.70339 1.02937
3.52778 5.69069 1.03332
3.53472 5.68054 1.03727
3.54167 5.67259 1.04122
3.54861 5.66649 1.04517
3.55556 5.6619 1.04911
3.5625 5.65851 1.05306
3.56944 5.65607 1.05701
3.57639 5.65435 1.06096
3.58333 5.6532 1.06491
3.59028 5.65254 1.06886
3.59722 5.65238 1.0728
3.60417 5.65277 1.07675
3.61111 5.65388 1.0807
3.61806 5.65591 1.08465
3.625 5.65916 1.0886
3.63194 5.66395 1.09255
3.63889 5.67063 1.09649
3.64583 5.67968 1.10044
3.65278 5.69148 1.10439
3.65972 5.70646 1.10834
3.66667 5.725 1.11229
3.67361 5.74747 1.11624
3.68056 5.77416 1.12018
3.6875 5.80532 1.12413
3.69444 5.84109 1.12808
3.70139 5.88154 1.13203
3.70833 5.92661 1.13598
3.71528 5.97616 1.13993
3.72222 6.02996 1.14387
3.72917 6.08763 1.14782
3.73611 6.14874 1.15177
3.74306 6.21275 1.15572
3.75 6.27904 1.15967
3.75694 6.34694 1.16362
3.76389 6.41571 1.16756
3.77083 6.48459 1.17151
3.77778 6.55278 1.17546
3.78472 6.61948 1.17941
3.79167 6.68388 1.18336
3.79861 6.74521 1.18731
3.80556 6.8027 1.19125
3.8125 6.85567 1.1952
3.81944 6.90346 1.19915
3.82639 6.94549 1.2031
3.83333 6.98127 1.20705
3.84028 7.0104 1.211
3.84722 7.03258 1.21494
3.85417 7.04761 1.21889
3.86111 7.05541 1.22284
3.86806 7.05602 1.22679
3.875 7.04959 1.23074
3.88194 7.0364 1.23469
3.88889 7.01684 1.23863
3.89583 6.99142 1.24258
3.90278 6.96071 1.24653
3.90972 6.92543 1.25048
3.91667 6.88631 1.25443
3.92361 6.84416 1.25838
3.93056 6.79983 1.26232
3.9375 6.75416 1.26627
3.94444 6.70799 1.27022
3.95139 6.66214 1.27417
3.95833 6.61735 1.27812
3.96528 6.57431 1.28207
3.97222 6.53361 1.28601
3.97917 6.49573 1.28996
3.98611 6.46105 1.29391
3.99306 6.42983 1.29786
4 6.40224 1.30181
4.00694 6.37829 1.30576
4.01389 6.35795 1.31078
4.02083 6.34106 1.31593
4.02778 6.3274 1.32108
4.03472 6.31671 1.32624
4.04167 6.30868 1.33139
4.04861 6.30296 1.33654
4.05556 6.29925 1.34169
4.0625 6.29721 1.34684
4.06944 6.29658 1.35199
4.07639 6.2971 1.35714
4.08333 6.29858 1.36229
4.09028 6.3009 1.36744
4.09722 6.30401 1.37259
4.10417 6.30789 1.37774
4.11111 6.31263 1.38289
4.11806 6.31836 1.38804
4.125 6.32529 1.39319
4.13194 6.33366 1.39834
4.13889 6.34378 1.40349
4.14583 6.35596 1.40864
4.15278 6.37055 1.41379
4.15972 6.38791 1.41894
4.16667 6.40834 1.42409
4.17361 6.43217 1.42924
4.18056 6.45965 1.43439
4.1875 6.49098 1.43954
4.19444 6.52632 1.44469
4.20139 6.56571 1.44984
4.20833 6.60913 1.45499
4.21528 6.65647 1.46014
4.22222 6.70753 1.46529
4.22917 6.76201 1.47044
4.23611 6.81953 1.47559
4.24306 6.87963 1.48074
4.25 6.94178 1.4859
4.25694 7.00539 1.49105
4.26389 7.06981 1.4962
4.27083 7.13434 1.50135
4.27778 7.19828 1.5065
4.28472 7.26091 1.51165
4.29167 7.32147 1.5168
4.29861 7.37926 1.52195
4.30556 7.43356 1.5271
4.3125 7.48372 1.53225
4.31944 7.52912 1.5374
4.32639 7.56919 1.54255
4.33333 7.60344 1.5477
4.34028 7.63147 1.55285
4.34722 7.65295 1.558
4.35417 7.66765 1.56315
4.36111 7.67545 1.5683
4.36806 7.67634 1.57345
4.375 7.67042 1.5786
4.38194 7.6579 1.58375
4.38889 7.6391 1.5889
4.39583 7.61446 1.59405
4.40278 7.58451 1.5992
4.40972 7.54988 1.60435
4.41667 7.51125 1.6095
4.42361 7.4694 1.61465
4.43056 7.42512 1.6198
4.4375 7.37923 1.62495
4.44444 7.33258 1.6301
4.45139 7.28596 1.63525
4.45833 7.24014 1.64041
4.46528 7.19584 1.64556
4.47222 7.15368 1.65071
4.47917 7.11421 1.65586
4.48611 7.07785 1.66101
4.49306 7.04496 1.66616
4.5 7.01575 1.67131
4.50694 6.99034 1.67646
4.51389 6.96874 1.68161
4.52083 6.95089 1.68676
4.52778 6.93663 1.69191
4.53472 6.92575 1.69706
4.54167 6.91798 1.70221
4.54861 6.91304 1.70736
4.55556 6.91062 1.71251
4.5625 6.91041 1.71766
4.56944 6.91212 1.72281
4.57639 6.9155 1.72796
4.58333 6.92032 1.73311
4.59028 6.92641 1.73826
4.59722 6.93366 1.74341
4.60417 6.94199 1.74856
4.61111 6.95141 1.75371
4.61806 6.96195 1.75886
4.625 6.97375 1.76401
4.63194 6.98693 1.76916
4.63889 7.00167 1.77431
4.64583 7.01825 1.77946
4.65278 7.03688 1.78461
4.65972 7.05782 1.78976
4.66667 7.08132 1.79491
4.67361 7.10758 1.80007
4.68056 7.13683 1.80522
4.6875 7.16921 1.81037
4.69444 7.20483 1.81552
4.70139 7.24374 1.82067
4.70833 7.28591 1.82582
4.71528 7.33125 1.83097
4.72222 7.3796 1.83612
4.72917 7.43071 1.84127
4.73611 7.48427 1.84642
4.74306 7.53989 1.85157
4.75 7.59714 1.85672
4.75694 7.65552 1.86187
4.76389 7.71447 1.86702
4.77083 7.77342 1.87217
4.77778 7.83174 1.87732
4.78472 7.88882 1.88247
4.79167 7.94401 1.88762
4.79861 7.99666 1.89277
4.80556 8.04616 1.89792
4.8125 8.09192 1.90307
4.81944 8.13335 1.90822
4.82639 8.16996 1.91337
4.83333 8.20127 1.91852
4.84028 8.22687 1.92367
4.84722 8.24647 1.92882
4.85417 8.2598 1.93397
4.86111 8.26672 1.93912
4.86806 8.26718 1.94427
4.875 8.26122 1.94942
4.88194 8.249 1.95457
4.88889 8.23077 1.95973
4.89583 8.20688 1.96488
4.90278 8.1778 1.97003
4.90972 8.14408 1.97518
4.91667 8.10635 1.98033
4.92361 8.06528 1.98548
4.93056 8.02164 1.99063
4.9375 7.9762 1.99578
4.94444 7.92975 2.00093
4.95139 7.88309 2.00608
4.95833 7.83697 2.01123
4.96528 7.79211 2.01638
4.97222 7.74919 2.02153
4.97917 7.70876 2.02668
4.98611 7.67134 2.03183
4.99306 7.63731 2.03698
5 7.60697 2.04213
5.00694 7.58053 2.04623
5.01389 7.55808 2.05028
5.02083 7.53964 2.05434
5.02778 7.52511 2.0584
5.03472 7.51437 2.06246
5.04167 7.50723 2.06652
5.04861 7.50342 2.07058
5.05556 7.5027 2.07464
5.0625 7.50478 2.0787
5.06944 7.50937 2.08276
5.07639 7.51622 2.08681
5.08333 7.52507 2.09087
5.09028 7.53571 2.09493
5.09722 7.54797 2.09899
5.10417 7.56172 2.10305
5.11111 7.57685 2.10711
5.11806 7.59333 2.11117
5.125 7.61117 2.11523
5.13194 7.63039 2.11929
5.13889 7.65108 2.12334
5.14583 7.67333 2.1274
5.15278 7.69728 2.13146
5.15972 7.72307 2.13552
5.16667 7.75082 2.13958
5.17361 7.78068 2.14364
5.18056 7.81276 2.1477
5.1875 7.84714 2.15176
5.19444 7.88389 2.15582
5.20139 7.92301 2.15987
5.20833 7.96447 2.16393
5.21528 8.00818 2.16799
5.22222 8.05401 2.17205
5.22917 8.10176 2.17611
5.23611 8.15118 2.18017
5.24306 8.20196 2.18423
5.25 8.25376 2.18829
5.25694 8.30617 2.19234
5.26389 8.35877 2.1964
5.27083 8.41108 2.20046
5.27778 8.4626 2.20452
5.28472 8.51284 2.20858
5.29167 8.56125 2.21264
5.29861 8.60731 2.2167
5.30556 8.65051 2.22076
5.3125 8.69034 2.22482
5.31944 8.7263 2.22887
5.32639 8.75796 2.23293
5.33333 8.7849 2.23699
5.34028 8.80675 2.24105
5.34722 8.82322 2.24511
5.35417 8.83407 2.24917
5.36111 8.83912 2.25323
5.36806 8.83831 2.25729
5.375 8.83162 2.26135
5.38194 8.81917 2.2654
5.38889 8.80113 2.26946
5.39583 8.77779 2.27352
5.40278 8.74951 2.27758
5.40972 8.71679 2.28164
5.41667 8.68014 2.2857
5.42361 8.64018 2.28976
5.43056 8.59758 2.29382
5.4375 8.55307 2.29788
5.44444 8.50736 2.30193
5.45139 8.46123 2.30599
5.45833 8.4154 2.31005
5.46528 8.37058 2.31411
5.47222 8.32746 2.31817
5.47917 8.28664 2.32223
5.48611 8.24865 2.32629
5.49306 8.21396 2.33035
5.5 8.18294 2.3344
5.50694 8.15585 2.33846
5.51389 8.1329 2.34252
5.52083 8.11417 2.34658
5.52778 8.09968 2.35064
5.53472 8.08939 2.3547
5.54167 8.08316 2.35876
5.54861 8.08082 2.36282
5.55556 8.08215 2.36688
5.5625 8.08693 2.37093
5.56944 8.09488 2.37499
5.57639 8.10574 2.37905
5.58333 8.11925 2.38311
5.59028 8.13515 2.38717
5.59722 8.15323 2.39123
5.60417 8.17327 2.39529
5.61111 8.19509 2.39935
5.61806 8.21855 2.40341
5.625 8.24353 2.40746
5.63194 8.26996 2.41152
5.63889 8.29773 2.41558
5.64583 8.3269 2.41964
5.65278 8.35739 2.4237
5.65972 8.38925 2.42776
5.66667 8.42247 2.43182
5.67361 8.45707 2.43588
5.68056 8.49306 2.43994
5.6875 8.53045 2.44399
5.69444 8.56923 2.44805
5.70139 8.60935 2.45211
5.70833 8.65076 2.45617
5.71528 8.69336 2.46023
5.72222 8.73704 2.46429
5.72917 8.78162 2.46835
5.73611 8.82693 2.47241
5.74306 8.87272 2.47646
5.75 8.91875 2.48052
5.75694 8.96472 2.48458
5.76389 9.01031 2.48864
5.77083 9.05518 2.4927
5.77778 9.09897 2.49676
5.78472 9.14129 2.50082
5.79167 9.18177 2.50488
5.79861 9.21999 2.50894
5.80556 9.25556 2.51299
5.8125 9.2881 2.51705
5.81944 9.31721 2.52111
5.82639 9.34255 2.52517
5.83333 9.36378 2.52923
5.84028 9.38058 2.53329
5.84722 9.3927 2.53735
5.85417 9.39993 2.54141
5.86111 9.40209 2.54547
5.86806 9.39909 2.54952
5.875 9.3909 2.55358
5.88194 9.37757 2.55764
5.88889 9.35922 2.5617
5.89583 9.33606 2.56576
5.90278 9.30837 2.56982
5.90972 9.27655 2.57388
5.91667 9.24101 2.57794
5.92361 9.2023 2.58199
5.93056 9.16098 2.58605
5.9375 9.1177 2.59011
5.94444 9.07311 2.59417
5.95139 9.02793 2.59823
5.95833 8.98284 2.60229
5.96528 8.93852 2.60635
5.97222 8.89567 2.61041
5.97917 8.85489 2.61447
5.98611 8.81676 2.61852
5.99306 8.7818 2.62258
6 8.75043 2.62664
6.00694 8.72302 2.6307
6.01389 8.69984 2.63476
6.02083 8.6811 2.63882
6.02778 8.66689 2.64288
6.03472 8.65726 2.64739
6.04167 8.65219 2.65354
6.04861 8.65156 2.65968
6.05556 8.65524 2.66583
6.0625 8.66304 2.67198
6.06944 8.67472 2.67812
6.07639 8.69003 2.68427
6.08333 8.70871 2.69042
6.09028 8.73046 2.69656
6.09722 8.75502 2.70271
6.10417 8.78211 2.70886
6.11111 8.81144 2.715
6.11806 8.84278 2.72115
6.125 8.87588 2.72729
6.13194 8.91052 2.73344
6.13889 8.94652 2.73959
6.14583 8.98369 2.74573
6.15278 9.02187 2.75188
6.15972 9.06092 2.75803
6.16667 9.10073 2.76417
6.17361 9.14116 2.77032
6.18056 9.18213 2.77647
6.1875 9.22353 2.78261
6.19444 9.26526 2.78876
6.20139 9.30723 2.79491
6.20833 9.34933 2.80105
6.21528 9.39144 2.8072
6.22222 9.43347 2.81335
6.22917 9.47526 2.81949
6.23611 9.51668 2.82564
6.24306 9.55757 2.83179
6.25 9.59776 2.83793
6.25694 9.63706 2.84408
6.26389 9.67528 2.85022
6.27083 9.7122 2.85637
6.27778 9.74759 2.86252
6.28472 9.78123 2.86866
6.29167 9.81287 2.87481
6.29861 9.84226 2.88096
6.30556 9.86914 2.8871
6.3125 9.89326 2.89325
6.31944 9.91435 2.8994
6.32639 9.93218 2.90554
6.33333 9.9465 2.91169
6.34028 9.95708 2.91784
6.34722 9.96372 2.92398
6.35417 9.96625 2.93013
6.36111 9.96451 2.93628
6.36806 9.95842 2.94242
6.375 9.94792 2.94857
6.38194 9.93301 2.95471
6.38889 9.91377 2.96086
6.39583 9.89033 2.96701
6.40278 9.86289 2.97315
6.40972 9.83173 2.9793
6.41667 9.7972 2.98545
6.42361 9.75972 2.99159
6.43056 9.71976 2.99774
6.4375 9.67788 3.00389
6.44444 9.63464 3.01003
6.45139 9.59068 3.01618
6.45833 9.54664 3.02233
6.46528 9.50317 3.02847
6.47222 9.46093 3.03462
6.47917 9.42054 3.04077
6.48611 9.38259 3.04691
6.49306 9.34765 3.05306
6.5 9.31622 3.05921
6.50694 9.28873 3.06535
6.51389 9.26555 3.0715
6.52083 9.24697 3.07764
6.52778 9.2332 3.08379
6.53472 9.2244 3.08994
6.54167 9.22062 3.09608
6.54861 9.22187 3.10223
6.55556 9.22806 3.10838
6.5625 9.23908 3.11452
6.56944 9.25473 3.12067
6.57639 9.27479 3.12682
6.58333 9.29899 3.13296
6.59028 9.327 3.13911
6.59722 9.35853 3.14526
6.60417 9.39322 3.1514
6.61111 9.43069 3.15755
6.61806 9.4706 3.1637
6.625 9.51258 3.16984
6.63194 9.55627 3.17599
6.63889 9.6013 3.18213
6.64583 9.64739 3.18828
6.65278 9.69419 3.19443
6.65972 9.74142 3.20057
6.66667 9.78879 3.20672
6.67361 9.83604 3.21287
6.68056 9.88294 3.21901
6.6875 9.92929 3.22516
6.69444 9.97488 3.23131
6.70139 10.0195 3.23745
6.70833 10.0631 3.2436
6.71528 10.1055 3.24975
6.72222 10.1464 3.25589
6.72917 10.186 3.26204
6.73611 10.2239 3.26819
6.74306 10.2602 3.27433
6.75 10.2947 3.28048
6.75694 10.3274 3.28663
6.76389 10.3581 3.29277
6.77083 10.3869 3.29892
6.77778 10.4136 3.30506
6.78472 10.4381 3.31121
6.79167 10.4603 3.31736
6.79861 10.4802 3.3235
6.80556 10.4976 3.32965
6.8125 10.5124 3.3358
6.81944 10.5246 3.34194
6.82639 10.534 3.34809
6.83333 10.5404 3.35424
6.84028 10.5438 3.36038
6.84722 10.544 3.36653
6.85417 10.5408 3.37268
6.86111 10.5343 3.37882
6.86806 10.5243 3.38497
6.875 10.5107 3.39112
6.88194 10.4935 3.39726
6.88889 10.4728 3.40341
6.89583 10.4485 3.40955
6.90278 10.4209 3.4157
6.90972 10.3901 3.42185
6.91667 10.3564 3.42799
6.92361 10.32 3.43414
6.93056 10.2814 3.44029
6.9375 10.2409 3.44643
6.94444 10.1992 3.45258
6.95139 10.1566 3.45873
6.95833 10.1138 3.46487
6.96528 10.0714 3.47102
6.97222 10.03 3.47717
6.97917 9.99025 3.48331
6.98611 9.95274 3.48946
6.99306 9.91805 3.49561
7 9.88676 3.50015
7.00694 9.85936 3.49754
7.01389 9.83632 3.49494
7.02083 9.81802 3.49233
7.02778 9.80479 3.48973
7.03472 9.79688 3.48712
7.04167 9.79446 3.48451
7.04861 9.79762 3.48191
7.05556 9.80638 3.4793
7.0625 9.82069 3.4767
7.06944 9.8404 3.47409
7.07639 9.86532 3.47149
7.08333 9.89519 3.46888
7.09028 9.92968 3.46628
7.09722 9.96844 3.46367
7.10417 10.011 3.46107
7.11111 10.057 3.45846
7.11806 10.106 3.45585
7.125 10.1573 3.45325
7.13194 10.2106 3.45064
7.13889 10.2654 3.44804
7.14583 10.321 3.44543
7.15278 10.3772 3.44283
7.15972 10.4333 3.44022
7.16667 10.4891 3.43762
7.17361 10.5439 3.43501
7.18056 10.5976 3.4324
7.1875 10.6497 3.4298
7.19444 10.7 3.42719
7.20139 10.7482 3.42459
7.20833 10.794 3.42198
7.21528 10.8373 3.41938
7.22222 10.878 3.41677
7.22917 10.9158 3.41417
7.23611 10.9509 3.41156
7.24306 10.983 3.40895
7.25 11.0123 3.40635
7.25694 11.0386 3.40374
7.26389 11.0621 3.40114
7.27083 11.0827 3.39853
7.27778 11.1006 3.39593
7.28472 11.1158 3.39332
7.29167 11.1284 3.39072
7.29861 11.1384 3.38811
7.30556 11.146 3.38551
7.3125 11.151 3.3829
7.31944 11.1537 3.38029
7.32639 11.1539 3.37769
7.33333 11.1518 3.37508
7.34028 11.1472 3.37248
7.34722 11.1402 3.36987
7.35417 11.1306 3.36727
7.36111 11.1186 3.36466
7.36806 11.1039 3.36206
7.375 11.0865 3.35945
7.38194 11.0664 3.35684
7.38889 11.0436 3.35424
7.39583 11.0181 3.35163
7.40278 10.9899 3.34903
7.40972 10.9591 3.34642
7.41667 10.9259 3.34382
7.42361 10.8905 3.34121
7.43056 10.853 3.33861
7.4375 10.814 3.336
7.44444 10.7737 3.33339
7.45139 10.7326 3.33079
7.45833 10.6911 3.32818
7.46528 10.65 3.32558
7.47222 10.6096 3.32297
7.47917 10.5706 3.32037
7.48611 10.5337 3.31776
7.49306 10.4995 3.31516
7.5 10.4685 3.31255
7.50694 10.4413 3.30995
7.51389 10.4185 3.30734
7.52083 10.4005 3.30473
7.52778 10.3878 3.30213
7.53472 10.3808 3.29952
7.54167 10.3797 3.29692
7.54861 10.3847 3.29431
7.55556 10.396 3.29171
7.5625 10.4135 3.2891
7.56944 10.4372 3.2865
7.57639 10.4669 3.28389
7.58333 10.5024 3.28128
7.59028 10.5433 3.27868
7.59722 10.5893 3.27607
7.60417 10.6399 3.27347
7.61111 10.6945 3.27086
7.61806 10.7526 3.26826
7.625 10.8136 3.26565
7.63194 10.8767 3.26305
7.63889 10.9415 3.26044
7.64583 11.0071 3.25783
7.65278 11.073 3.25523
7.65972 11.1386 3.25262
7.66667 11.2033 3.25002
7.67361 11.2664 3.24741
7.68056 11.3275 3.24481
7.6875 11.386 3.2422
7.69444 11.4417 3.2396
7.70139 11.4941 3.23699
7.70833 11.5429 3.23438
7.71528 11.5879 3.23178
7.72222 11.629 3.22917
7.72917 11.6659 3.22657
7.73611 11.6987 3.22396
7.74306 11.7273 3.22136
7.75 11.7518 3.21875
7.75694 11.7723 3.21615
7.76389 11.789 3.21354
7.77083 11.8019 3.21094
7.77778 11.8113 3.20833
7.78472 11.8174 3.20572
7.79167 11.8204 3.20312
7.79861 11.8205 3.20051
7.80556 11.8181 3.19791
7.8125 11.8131 3.1953
7.81944 11.806 3.1927
7.82639 11.7968 3.19009
7.83333 11.7856 3.18749
7.84028 11.7726 3.18488
7.84722 11.7579 3.18227
7.85417 11.7414 3.17967
7.86111 11.7233 3.17706
7.86806 11.7033 3.17446
7.875 11.6817 3.14966
7.88194 11.6582 3.12064
7.88889 11.6328 3.09161
7.89583 11.6056 3.06259
7.90278 11.5764 3.03357
7.90972 11.5453 3.00454
7.91667 11.5124 2.97552
7.92361 11.4776 2.9465
7.93056 11.4413 2.91748
7.9375 11.4035 2.88845
7.94444 11.3647 2.85943
7.95139 11.325 2.83041
7.95833 11.2851 2.80138
7.96528 11.2452 2.77236
7.97222 11.206 2.74334
7.97917 11.168 2.71431
7.98611 11.1318 2.68529
7.99306 11.0981 2.65627
8 11.0675 2.62724
8.00694 11.0407 2.59822
8.01389 11.0181 2.5692
8.02083 11.0005 2.54018
8.02778 10.9884 2.51115
8.03472 10.9822 2.48213
8.04167 10.9823 2.45311
8.04861 10.989 2.42408
8.05556 11.0026 2.39506
8.0625 11.0231 2.36604
8.06944 11.0505 2.33701
8.07639 11.0847 2.30799
8.08333 11.1256 2.27897
8.09028 11.1727 2.24995
8.09722 11.2257 2.22092
8.10417 11.284 2.1919
8.11111 11.3471 2.16288
8.11806 11.4142 2.13385
8.125 11.4846 2.10483
8.13194 11.5576 2.07581
8.13889 11.6324 2.04678
8.14583 11.7081 2.01776
8.15278 11.784 1.98874
8.15972 11.8592 1.95971
8.16667 11.933 1.93069
8.17361 12.0047 1.90167
8.18056 12.0736 1.87265
8.1875 12.1392 1.84362
8.19444 12.2008 1.8146
8.20139 12.258 1.78558
8.20833 12.3104 1.75655
8.21528 12.3578 1.72753
8.22222 12.3999 1.69851
8.22917 12.4366 1.66948
8.23611 12.4679 1.64046
8.24306 12.4937 1.61144
8.25 12.5143 1.58241
8.25694 12.5296 1.6082
8.26389 12.54 1.64138
8.27083 12.5458 1.67456
8.27778 12.5472 1.70775
8.28472 12.5446 1.74093
8.29167 12.5384 1.77411
8.29861 12.529 1.80729
8.30556 12.5167 1.84048
8.3125 12.502 1.87366
8.31944 12.4851 1.90684
8.32639 12.4664 1.94002
8.33333 12.4461 1.97321
8.34028 12.4246 2.00639
8.34722 12.4019 2.03957
8.35417 12.3782 2.07276
8.36111 12.3536 2.10594
8.36806 12.3282 2.13912
8.375 12.3018 2.1723
8.38194 12.2746 2.20549
8.38889 12.2463 2.23867
8.39583 12.217 2.27185
8.40278 12.1866 2.30503
8.40972 12.1549 2.33822
8.41667 12.122 2.3714
8.42361 12.0878 2.40458
8.43056 12.0524 2.43776
8.4375 12.0159 2.47095
8.44444 11.9784 2.50413
8.45139 11.9403 2.53731
8.45833 11.9018 2.57049
8.46528 11.8634 2.60368
8.47222 11.8254 2.63686
8.47917 11.7885 2.67004
8.48611 11.7533 2.70323
8.49306 11.7202 2.73641
8.5 11.6902 2.76959
8.50694 11.6637 2.80277
8.51389 11.6415 2.83596
8.52083 11.6243 2.86914
8.52778 11.6126 2.90232
8.53472 11.6071 2.9355
8.54167 11.6082 2.96869
8.54861 11.6164 3.00187
8.55556 11.632 3.03505
8.5625 11.6551 3.06823
8.56944 11.6859 3.10142
8.57639 11.7242 3.1346
8.58333 11.77 3.16778
8.59028 11.8228 3.20096
8.59722 11.8823 3.23415
8.60417 11.9479 3.26733
8.61111 12.0189 3.30051
8.61806 12.0946 3.3337
8.625 12.1741 3.36688
8.63194 12.2565 3.40006
8.63889 12.341 3.43324
8.64583 12.4265 3.46643
8.65278 12.5121 3.49961
8.65972 12.5969 3.53279
8.66667 12.6799 3.56597
8.67361 12.7603 3.59916
8.68056 12.8372 3.63234
8.6875 12.9099 3.66552
8.69444 12.9778 3.6987
8.70139 13.0403 3.73189
8.70833 13.0969 3.76507
8.71528 13.1472 3.79825
8.72222 13.1911 3.83144
8.72917 13.2283 3.86462
8.73611 13.2588 3.8978
8.74306 13.2826 3.93098
8.75 13.2999 3.96417
8.75694 13.3109 3.99735
8.76389 13.3158 4.03053
8.77083 13.3152 4.06371
8.77778 13.3094 4.0969
8.78472 13.2988 4.13008
8.79167 13.2841 4.16326
8.79861 13.2656 4.19644
8.80556 13.2441 4.22963
8.8125 13.2199 4.26281
8.81944 13.1936 4.29599
8.82639 13.1657 4.32917
8.83333 13.1365 4.36236
8.84028 13.1065 4.39554
8.84722 13.0759 4.42872
8.85417 13.045 4.46191
8.86111 13.0139 4.49509
8.86806 12.9828 4.52827
8.875 12.9517 4.56145
8.88194 12.9205 4.59464
8.88889 12.8892 4.62782
8.89583 12.8576 4.661
8.90278 12.8257 4.69418
8.90972 12.7932 4.72737
8.91667 12.7602 4.76055
8.92361 12.7264 4.79373
8.93056 12.6919 4.82691
8.9375 12.6566 4.8601
8.94444 12.6206 4.89328
8.95139 12.584 4.92646
8.95833 12.5471 4.95965
8.96528 12.5102 4.99283
8.97222 12.4737 5.02601
8.97917 12.438 5.05919
8.98611 12.4038 5.09238
8.99306 12.3717 5.12556
9 12.3422 5.15874
9.00694 12.3163 5.16925
9.01389 12.2945 5.08709
9.02083 12.2776 5.00494
9.02778 12.2664 4.92278
9.03472 12.2615 4.84062
9.04167 12.2634 4.75846
9.04861 12.2728 4.67631
9.05556 12.29 4.59415
9.0625 12.3154 4.51199
9.06944 12.3489 4.42983
9.07639 12.3908 4.34767
9.08333 12.4408 4.26552
9.09028 12.4987 4.18336
9.09722 12.5639 4.1012
9.10417 12.636 4.01904
9.11111 12.7142 3.93689
9.11806 12.7977 3.85473
9.125 12.8856 3.77257
9.13194 12.9769 3.69041
9.13889 13.0704 3.60825
9.14583 13.1652 3.5261
9.15278 13.2601 3.44394
9.15972 13.3541 3.36178
9.16667 13.446 3.27962
9.17361 13.5348 3.19747
9.18056 13.6197 3.11531
9.1875 13.6996 3.03315
9.19444 13.7739 2.95099
9.20139 13.8419 2.86883
9.20833 13.903 2.78668
9.21528 13.9568 2.70452
9.22222 14.0029 2.62236
9.22917 14.0412 2.5402
9.23611 14.0716 2.45805
9.24306 14.0942 2.37589
9.25 14.1091 2.29373
9.25694 14.1165 2.24468
9.26389 14.117 2.28401
9.27083 14.1108 2.32335
9.27778 14.0986 2.36268
9.28472 14.0809 2.40201
9.29167 14.0584 2.44134
9.29861 14.0318 2.48067
9.30556 14.0017 2.52
9.3125 13.9687 2.55933
9.31944 13.9336 2.59866
9.32639 13.897 2.63799
9.33333 13.8594 2.67733
9.34028 13.8212 2.71666
9.34722 13.7831 2.75599
9.35417 13.7452 2.79532
9.36111 13.7078 2.83465
9.36806 13.6711 2.87398
9.375 13.6352 2.91331
9.38194 13.6001 2.95264
9.38889 13.5656 2.99197
9.39583 13.5318 3.03131
9.40278 13.4983 3.07064
9.40972 13.4651 3.10997
9.41667 13.4319 3.1493
9.42361 13.3986 3.18863
9.43056 13.3649 3.22796
9.4375 13.3309 3.26729
9.44444 13.2964 3.30662
9.45139 13.2615 3.34595
9.45833 13.2263 3.38529
9.46528 13.1911 3.42462
9.47222 13.1562 3.46395
9.47917 13.122 3.50328
9.48611 13.0891 3.54261
9.49306 13.058 3.58194
9.5 13.0295 3.62127
9.50694 13.0042 3.6606
9.51389 12.9829 3.69993
9.52083 12.9665 3.73927
9.52778 12.9557 3.7786
9.53472 12.9512 3.81793
9.54167 12.9539 3.85726
9.54861 12.9641 3.89659
9.55556 12.9826 3.93592
9.5625 13.0096 3.97525
9.56944 13.0454 4.01458
9.57639 13.0901 4.05392
9.58333 13.1436 4.09325
9.59028 13.2056 4.13258
9.59722 13.2757 4.17191
9.60417 13.3534 4.21124
9.61111 13.4378 4.25057
9.61806 13.5281 4.2899
9.625 13.6234 4.32923
9.63194 13.7224 4.36856
9.63889 13.8241 4.4079
9.64583 13.9273 4.44723
9.65278 14.0307 4.48656
9.65972 14.1332 4.52589
9.66667 14.2334 4.56522
9.67361 14.3302 4.60455
9.68056 14.4226 4.64388
9.6875 14.5096 4.68321
9.69444 14.5903 4.72254
9.70139 14.6638 4.76188
9.70833 14.7296 4.80121
9.71528 14.787 4.84054
9.72222 14.8359 4.87987
9.72917 14.8758 4.9192
9.73611 14.9068 4.95853
9.74306 14.9288 4.99786
9.75 14.9421 5.03719
9.75694 14.9469 5.07652
9.76389 14.9437 5.11586
9.77083 14.933 5.15519
9.77778 14.9154 5.19452
9.78472 14.8915 5.23385
9.79167 14.8623 5.27318
9.79861 14.8284 5.31251
9.80556 14.7906 5.35184
9.8125 14.7497 5.39117
9.81944 14.7066 5.4305
9.82639 14.662 5.46984
9.83333 14.6166 5.50917
9.84028 14.571 5.5485
9.84722 14.5257 5.58783
9.85417 14.4813 5.62716
9.86111 14.4379 5.66649
9.86806 14.396 5.70582
9.875 14.3555 5.74515
9.88194 14.3166 5.78449
9.88889 14.2792 5.82382
9.89583 14.2432 5.86315
9.90278 14.2083 5.90248
9.90972 14.1743 5.94181
9.91667 14.1411 5.98114
9.92361 14.1082 6.02047
9.93056 14.0755 6.0598
9.9375 14.0429 6.09913
9.94444 14.01 6.13847
9.95139 13.977 6.1778
9.95833 13.9438 6.21713
9.96528 13.9106 6.25646
9.97222 13.8776 6.29579
9.97917 13.8452 6.33512
9.98611 13.8139 6.37445
9.99306 13.7842 6.40804
10 13.7568 6.41393
10.0069 13.7325 6.41982
10.0139 13.712 6.42572
10.0208 13.6961 6.43161
10.0278 13.6858 6.4375
10.0347 13.6818 6.44339
10.0417 13.6849 6.44928
10.0486 13.6958 6.45517
10.0556 13.7151 6.46107
10.0625 13.7433 6.46696
10.0694 13.7807 6.47285
10.0764 13.8275 6.47874
10.0833 13.8835 6.48463
10.0903 13.9487 6.49053
10.0972 14.0226 6.49642
10.1042 14.1046 6.50231
10.1111 14.1941 6.5082
10.1181 14.29 6.51409
10.125 14.3914 6.51999
10.1319 14.497 6.52588
10.1389 14.6057 6.53177
10.1458 14.7162 6.53766
10.1528 14.8271 6.54355
10.1597 14.937 6.54945
10.1667 15.0447 6.55534
10.1736 15.1488 6.56123
10.1806 15.2482 6.56712
10.1875 15.3417 6.57301
10.1944 15.4284 6.57891
10.2014 15.5073 6.5848
10.2083 15.5777 6.59069
10.2153 15.639 6.59658
10.2222 15.6908 6.60247
10.2292 15.7328 6.60836
10.2361 15.7649 6.61426
10.2431 15.787 6.62015
10.25 15.7994 6.62604
10.2569 15.8024 6.63193
10.2639 15.7965 6.63782
10.2708 15.7821 6.64372
10.2778 15.7601 6.64961
10.2847 15.7312 6.6555
10.2917 15.6962 6.66139
10.2986 15.656 6.66728
10.3056 15.6116 6.67318
10.3125 15.5638 6.67907
10.3194 15.5136 6.68496
10.3264 15.4619 6.69085
10.3333 15.4095 6.69674
10.3403 15.3571 6.70264
10.3472 15.3054 6.70853
10.3542 15.255 6.71442
10.3611 15.2062 6.72031
10.3681 15.1594 6.7262
10.375 15.1148 6.73209
10.3819 15.0724 6.73799
10.3889 15.0323 6.74388
10.3958 14.9943 6.74977
10.4028 14.9582 6.75566
10.4097 14.9237 6.76155
10.4167 14.8905 6.76745
10.4236 14.8584 6.77334
10.4306 14.8269 6.77923
10.4375 14.7958 6.78512
10.4444 14.7649 6.79101
10.4514 14.7341 6.79691
10.4583 14.7032 6.8028
10.4653 14.6723 6.80869
10.4722 14.6417 6.81458
10.4792 14.6115 6.82047
10.4861 14.5822 6.82637
10.4931 14.5543 6.83242
10.5 14.5285 6.83989
10.5069 14.5055 6.84736
10.5139 14.486 6.85483
10.5208 14.471 6.8623
10.5278 14.4613 6.86977
10.5347 14.4578 6.87724
10.5417 14.4614 6.88471
10.5486 14.4727 6.89218
10.5556 14.4926 6.89965
10.5625 14.5214 6.90712
10.5694 14.5597 6.91459
10.5764 14.6077 6.92206
10.5833 14.6654 6.92953
10.5903 14.7327 6.93701
10.5972 14.8092 6.94448
10.6042 14.8944 6.95195
10.6111 14.9875 6.95942
10.6181 15.0876 6.96689
10.625 15.1937 6.97436
10.6319 15.3045 6.98183
10.6389 15.4188 6.9893
10.6458 15.5351 6.99677
10.6528 15.6521 7.00424
10.6597 15.7684 7.01171
10.6667 15.8824 7.01918
10.6736 15.9928 7.02665
10.6806 16.0983 7.03412
10.6875 16.1977 7.04159
10.6944 16.2898 7.04906
10.7014 16.3737 7.05653
10.7083 16.4486 7.064
10.7153 16.5137 7.07147
10.7222 16.5686 7.07894
10.7292 16.6128 7.08641
10.7361 16.6464 7.09388
10.7431 16.6691 7.10135
10.75 16.6813 7.10882
10.7569 16.6832 7.11629
10.7639 16.6754 7.12376
10.7708 16.6584 7.13123
10.7778 16.6329 7.1387
10.7847 16.5999 7.14617
10.7917 16.5602 7.15364
10.7986 16.5148 7.16111
10.8056 16.4648 7.16858
10.8125 16.4111 7.17605
10.8194 16.3549 7.18352
10.8264 16.297 7.19099
10.8333 16.2385 7.19846
10.8403 16.1801 7.20593
10.8472 16.1228 7.2134
10.8542 16.067 7.22087
10.8611 16.0134 7.22834
10.8681 15.9623 7.23582
10.875 15.914 7.24329
10.8819 15.8686 7.25076
10.8889 15.8261 7.25823
10.8958 15.7864 7.2657
10.9028 15.7494 7.27317
10.9097 15.7146 7.28064
10.9167 15.6818 7.28811
10.9236 15.6506 7.29558
10.9306 15.6206 7.30305
10.9375 15.5915 7.31052
10.9444 15.5629 7.31799
10.9514 15.5346 7.32546
10.9583 15.5065 7.33293
10.9653 15.4784 7.3404
10.9722 15.4506 7.34787
10.9792 15.4232 7.35534
10.9861 15.3965 7.36281
10.9931 15.371 7.37028
11 15.3473 7.37775
11.0069 15.3261 7.38522
11.0139 15.3082 7.39269
11.0208 15.2944 7.40016
11.0278 15.2856 7.40763
11.0347 15.2828 7.4151
11.0417 15.2868 7.42257
11.0486 15.2985 7.43004
11.0556 15.3186 7.43751
11.0625 15.3477 7.44498
11.0694 15.3863 7.45245
11.0764 15.4348 7.45992
11.0833 15.4932 7.46739
11.0903 15.5615 7.47486
11.0972 15.6394 7.48233
11.1042 15.7263 7.4898
11.1111 15.8217 7.49727
11.1181 15.9244 7.50474
11.125 16.0337 7.51221
11.1319 16.148 7.51968
11.1389 16.2663 7.52715
11.1458 16.387 7.53463
11.1528 16.5087 7.5421
11.1597 16.6298 7.54957
11.1667 16.7488 7.55704
11.1736 16.8643 7.56451
11.1806 16.9749 7.57198
11.1875 17.0792 7.57945
11.1944 17.176 7.58692
11.2014 17.2643 7.59439
11.2083 17.3432 7.60186
11.2153 17.4118 7.60933
11.2222 17.4697 7.6168
11.2292 17.5163 7.62427
11.2361 17.5515 7.63174
11.2431 17.5753 7.63921
11.25 17.5878 7.64668
11.2569 17.5893 7.65415
11.2639 17.5803 7.66162
11.2708 17.5615 7.66909
11.2778 17.5335 7.67656
11.2847 17.4973 7.68403
11.2917 17.454 7.6915
11.2986 17.4044 7.69897
11.3056 17.3498 7.70644
11.3125 17.2912 7.71391
11.3194 17.2299 7.72138
11.3264 17.1668 7.72885
11.3333 17.1031 7.73632
11.3403 17.0396 7.74379
11.3472 16.9773 7.75126
11.3542 16.917 7.75873
11.3611 16.8591 7.7662
11.3681 16.8043 7.77367
11.375 16.7528 7.78114
11.3819 16.7048 7.78861
11.3889 16.6604 7.79608
11.3958 16.6194 7.80355
11.4028 16.5817 7.81102
11.4097 16.547 7.81849
11.4167 16.5149 7.82596
11.4236 16.485 7.83344
11.4306 16.4569 7.84091
11.4375 16.4301 7.84838
11.4444 16.4042 7.85585
11.4514 16.379 7.86332
11.4583 16.3541 7.87079
11.4653 16.3295 7.87826
11.4722 16.3051 7.88573
11.4792 16.2811 7.8932
11.4861 16.2577 7.90067
11.4931 16.2352 7.90814
11.5 16.2143 7.91561
11.5069 16.1956 7.92172
11.5139 16.1798 7.92642
11.5208 16.1678 7.93113
11.5278 16.1604 7.93584
11.5347 16.1586 7.94055
11.5417 16.1633 7.94526
11.5486 16.1753 7.94997
11.5556 16.1955 7.95467
11.5625 16.2246 7.95938
11.5694 16.2631 7.96409
11.5764 16.3114 7.9688
11.5833 16.3696 7.97351
11.5903 16.4379 7.97822
11.5972 16.5159 7.98293
11.6042 16.6033 7.98763
11.6111 16.6993 7.99234
11.6181 16.8032 7.99705
11.625 16.9139 8.00176
11.6319 17.0301 8.00647
11.6389 17.1506 8.01118
11.6458 17.274 8.01589
11.6528 17.3986 8.02059
11.6597 17.5229 8.0253
11.6667 17.6455 8.03001
11.6736 17.7647 8.03472
11.6806 17.879 8.03943
11.6875 17.9871 8.04414
11.6944 18.0877 8.04885
11.7014 18.1797 8.05355
11.7083 18.2619 8.05826
11.7153 18.3336 8.06297
11.7222 18.3942 8.06768
11.7292 18.4431 8.07239
11.7361 18.4801 8.0771
11.7431 18.5051 8.08181
11.75 18.5183 8.08651
11.7569 18.5199 8.09122
11.7639 18.5103 8.09593
11.7708 18.4904 8.10064
11.7778 18.4607 8.10535
11.7847 18.4223 8.11006
11.7917 18.3761 8.11477
11.7986 18.3233 8.11947
11.8056 18.2651 8.12418
11.8125 18.2026 8.12889
11.8194 18.1371 8.1336
11.8264 18.0697 8.13831
11.8333 18.0016 8.14302
11.8403 17.9338 8.14772
11.8472 17.8674 8.15243
11.8542 17.8031 8.15714
11.8611 17.7417 8.16185
11.8681 17.6837 8.16656
11.875 17.6294 8.17127
11.8819 17.5793 8.17598
11.8889 17.5333 8.18068
11.8958 17.4914 8.18539
11.9028 17.4535 8.1901
11.9097 17.4191 8.19481
11.9167 17.3881 8.19952
11.9236 17.3598 8.20423
11.9306 17.3339 8.20894
11.9375 17.3098 8.21364
11.9444 17.2871 8.21835
11.9514 17.2654 8.22306
11.9583 17.2444 8.22777
11.9653 17.2239 8.23248
11.9722 17.2036 8.23719
11.9792 17.1837 8.2419
11.9861 17.1644 8.2466
11.9931 17.1458 8.25131
12 17.1286 8.25602
12.0069 17.1131 8.26073
12.0139 17.1002 8.26544
12.0208 17.0907 8.27623
12.0278 17.0853 8.29
12.0347 17.085 8.30377
12.0417 17.0907 8.31753
12.0486 17.1034 8.3313
12.0556 17.1237 8.34506
12.0625 17.1526 8.35883
12.0694 17.1906 8.3726
12.0764 17.2381 8.38636
12.0833 17.2955 8.40013
12.0903 17.3628 8.41389
12.0972 17.4398 8.42766
12.1042 17.5263 8.44143
12.1111 17.6217 8.45519
12.1181 17.7251 8.46896
12.125 17.8355 8.48272
12.1319 17.9519 8.49649
12.1389 18.0729 8.51026
12.1458 18.1971 8.52402
12.1528 18.3229 8.53779
12.1597 18.4488 8.55156
12.1667 18.5732 8.56532
12.1736 18.6946 8.57909
12.1806 18.8113 8.59285
12.1875 18.9219 8.60662
12.1944 19.0251 8.62039
12.2014 19.1197 8.63415
12.2083 19.2045 8.64792
12.2153 19.2787 8.66168
12.2222 19.3415 8.67545
12.2292 19.3924 8.68922
12.2361 19.4311 8.70298
12.2431 19.4574 8.71675
12.25 19.4714 8.73052
12.2569 19.4734 8.74428
12.2639 19.4639 8.75805
12.2708 19.4433 8.77181
12.2778 19.4126 8.78558
12.2847 19.3727 8.79935
12.2917 19.3245 8.81311
12.2986 19.2693 8.82688
12.3056 19.2083 8.84064
12.3125 19.1428 8.85441
12.3194 19.0739 8.86818
12.3264 19.003 8.88194
12.3333 18.9313 8.89571
12.3403 18.86 8.90947
12.3472 18.7901 8.92324
12.3542 18.7224 8.93701
12.3611 18.6579 8.95077
12.3681 18.5972 8.96454
12.375 18.5407 8.97831
12.3819 18.4888 8.99207
12.3889 18.4415 9.00584
12.3958 18.399 9.0196
12.4028 18.3611 9.03337
12.4097 18.3274 9.04714
12.4167 18.2976 9.0609
12.4236 18.2713 9.07467
12.4306 18.2479 9.08843
12.4375 18.227 9.1022
12.4444 18.208 9.11597
12.4514 18.1904 9.12973
12.4583 18.1738 9.1435
12.4653 18.1579 9.15438
12.4722 18.1426 9.1636
12.4792 18.1277 9.17283
12.4861 18.1132 9.18205
12.4931 18.0994 9.19128
12.5 18.0867 9.2005
12.5069 18.0755 9.20972
12.5139 18.0664 9.21895
12.5208 18.0602 9.22817
12.5278 18.0576 9.2374
12.5347 18.0595 9.24662
12.5417 18.0669 9.25585
12.5486 18.0805 9.26507
12.5556 18.1013 9.2743
12.5625 18.1301 9.28352
12.5694 18.1674 9.29274
12.5764 18.2139 9.30197
12.5833 18.2698 9.31119
12.5903 18.3354 9.32042
12.5972 18.4105 9.32964
12.6042 18.495 9.33887
12.6111 18.5883 9.34809
12.6181 18.6897 9.35731
12.625 18.7984 9.36654
12.6319 18.9132 9.37576
12.6389 19.0328 9.38499
12.6458 19.156 9.39421
12.6528 19.2812 9.40344
12.6597 19.4069 9.41266
12.6667 19.5315 9.42189
12.6736 19.6533 9.43111
12.6806 19.7708 9.44033
12.6875 19.8825 9.44956
12.6944 19.9871 9.45878
12.7014 20.0831 9.46801
12.7083 20.1696 9.47723
12.7153 20.2454 9.48646
12.7222 20.3099 9.49568
12.7292 20.3624 9.5049
12.7361 20.4024 9.51413
12.7431 20.43 9.52335
12.75 20.4449 9.53258
12.7569 20.4475 9.5418
12.7639 20.4382 9.55103
12.7708 20.4175 9.56025
12.7778 20.3863 9.56948
12.7847 20.3454 9.5787
12.7917 20.2959 9.58792
12.7986 20.2391 9.59715
12.8056 20.176 9.60637
12.8125 20.1081 9.6156
12.8194 20.0366 9.62482
12.8264 19.9629 9.63405
12.8333 19.8883 9.64327
12.8403 19.8139 9.65249
12.8472 19.741 9.66172
12.8542 19.6706 9.67094
12.8611 19.6034 9.68017
12.8681 19.5403 9.68939
12.875 19.4819 9.69862
12.8819 19.4284 9.70784
12.8889 19.3801 9.71707
12.8958 19.3371 9.72629
12.9028 19.2993 9.73551
12.9097 19.2665 9.74474
12.9167 19.2382 9.75396
12.9236 19.2141 9.76319
12.9306 19.1935 9.77241
12.9375 19.176 9.78164
12.9444 19.161 9.79086
12.9514 19.148 9.80009
12.9583 19.1364 9.80931
12.9653 19.1259 9.81849
12.9722 19.1161 9.82766
12.9792 19.107 9.83682
12.9861 19.0983 9.84598
12.9931 19.0903 9.85514
13 19.0831 9.8643
13.0069 19.0771 9.87347
13.0139 19.0728 9.88263
13.0208 19.0709 9.89179
13.0278 19.0721 9.90095
13.0347 19.0771 9.91012
13.0417 19.0869 9.91928
13.0486 19.1022 9.92844
13.0556 19.124 9.9376
13.0625 19.1529 9.94676
13.0694 19.1898 9.95593
13.0764 19.2351 9.96509
13.0833 19.2893 9.97425
13.0903 19.3526 9.98341
13.0972 19.4251 9.99258
13.1042 19.5066 10.0017
13.1111 19.5967 10.0109
13.1181 19.6949 10.0201
13.125 19.8003 10.0292
13.1319 19.9119 10.0384
13.1389 20.0286 10.0475
13.1458 20.1491 10.0567
13.1528 20.2719 10.0659
13.1597 20.3956 10.075
13.1667 20.5185 10.0842
13.1736 20.6391 10.0934
13.1806 20.7558 10.1025
13.1875 20.8671 10.1117
13.1944 20.9716 10.1208
13.2014 21.0679 10.13
13.2083 21.1549 10.1392
13.2153 21.2315 10.1483
13.2222 21.2968 10.1575
13.2292 21.3503 10.1667
13.2361 21.3913 10.1758
13.2431 21.4198 10.185
13.25 21.4355 10.1941
13.2569 21.4388 10.2033
13.2639 21.4299 10.2125
13.2708 21.4094 10.2216
13.2778 21.378 10.2308
13.2847 21.3366 10.24
13.2917 21.2864 10.2491
13.2986 21.2284 10.2583
13.3056 21.1638 10.2674
13.3125 21.0941 10.2766
13.3194 21.0206 10.2858
13.3264 20.9447 10.2949
13.3333 20.8676 10.3041
13.3403 20.7908 10.3133
13.3472 20.7153 10.3224
13.3542 20.6423 10.3316
13.3611 20.5728 10.3407
13.3681 20.5076 10.3499
13.375 20.4473 10.3591
13.3819 20.3924 10.3682
13.3889 20.3431 10.3774
13.3958 20.2997 10.3866
13.4028 20.2621 10.3957
13.4097 20.2301 10.4049
13.4167 20.2033 10.414
13.4236 20.1813 10.4232
13.4306 20.1637 10.4324
13.4375 20.1498 10.4415
13.4444 20.1391 10.4507
13.4514 20.1309 10.4598
13.4583 20.1247 10.469
13.4653 20.1201 10.4782
13.4722 20.1166 10.4873
13.4792 20.1139 10.4965
13.4861 20.1119 10.5057
13.4931 20.1105 10.5148
13.5 20.1098 10.524
13.5069 20.1102 10.5331
13.5139 20.1118 10.5423
13.5208 20.1154 10.5515
13.5278 20.1214 10.5606
13.5347 20.1306 10.5698
13.5417 20.1438 10.579
13.5486 20.1617 10.5881
13.5556 20.1851 10.5973
13.5625 20.2149 10.6064
13.5694 20.2517 10.6156
13.5764 20.2961 10.6248
13.5833 20.3486 10.6339
13.5903 20.4095 10.6431
13.5972 20.4789 10.6523
13.6042 20.5568 10.6614
13.6111 20.643 10.6706
13.6181 20.7368 10.6797
13.625 20.8377 10.6889
13.6319 20.9448 10.6981
13.6389 21.057 10.7072
13.6458 21.1732 10.7164
13.6528 21.2919 10.7256
13.6597 21.4118 10.7347
13.6667 21.5314 10.7439
13.6736 21.6491 10.753
13.6806 21.7633 10.7622
13.6875 21.8727 10.7714
13.6944 21.9756 10.7805
13.7014 22.0709 10.7897
13.7083 22.1572 10.7989
13.7153 22.2335 10.808
13.7222 22.2988 10.8172
13.7292 22.3525 10.8263
13.7361 22.394 10.8355
13.7431 22.423 10.8447
13.75 22.4394 10.8538
13.7569 22.4432 10.863
13.7639 22.4347 10.8721
13.7708 22.4145 10.8813
13.7778 22.3832 10.8905
13.7847 22.3418 10.8996
13.7917 22.2911 10.9088
13.7986 22.2324 10.918
13.8056 22.1669 10.9271
13.8125 22.0959 10.9363
13.8194 22.0208 10.9454
13.8264 21.9431 10.9546
13.8333 21.864 10.9638
13.8403 21.785 10.9729
13.8472 21.7072 10.9821
13.8542 21.632 10.9913
13.8611 21.5603 11.0004
13.8681 21.4929 11.0096
13.875 21.4308 11.0187
13.8819 21.3744 11.0279
13.8889 21.324 11.0371
13.8958 21.2801 11.0462
13.9028 21.2424 11.0554
13.9097 21.211 11.0646
13.9167 21.1855 11.0737
13.9236 21.1656 11.0829
13.9306 21.1508 11.092
13.9375 21.1404 11.1012
13.9444 21.1339 11.1104
13.9514 21.1308 11.1195
13.9583 21.1302 11.1287
13.9653 21.1318 11.1388
13.9722 21.135 11.1489
13.9792 21.1394 11.159
13.9861 21.1447 11.1691
13.9931 21.1508 11.1792
14 21.1576 11.1894
14.0069 21.1652 11.1995
14.0139 21.1739 11.2096
14.0208 21.1841 11.2197
14.0278 21.1961 11.2298
14.0347 21.2107 11.2399
14.0417 21.2284 11.25
14.0486 21.25 11.2601
14.0556 21.2762 11.2703
14.0625 21.3077 11.2804
14.0694 21.3452 11.2905
14.0764 21.3893 11.3006
14.0833 21.4405 11.3107
14.0903 21.4991 11.3208
14.0972 21.5655 11.3309
14.1042 21.6395 11.341
14.1111 21.7211 11.3511
14.1181 21.81 11.3613
14.125 21.9055 11.3714
14.1319 22.007 11.3815
14.1389 22.1135 11.3916
14.1458 22.2239 11.4017
14.1528 22.3371 11.4118
14.1597 22.4518 11.4219
14.1667 22.5664 11.432
14.1736 22.6796 11.4422
14.1806 22.7898 11.4523
14.1875 22.8956 11.4624
14.1944 22.9956 11.4725
14.2014 23.0884 11.4826
14.2083 23.1729 11.4927
14.2153 23.2477 11.5028
14.2222 23.3121 11.5129
14.2292 23.3653 11.523
14.2361 23.4066 11.5332
14.2431 23.4356 11.5433
14.25 23.4522 11.5534
14.2569 23.4563 11.5635
14.2639 23.4483 11.5736
14.2708 23.4285 11.5837
14.2778 23.3975 11.5938
14.2847 23.3561 11.6039
14.2917 23.3054 11.6141
14.2986 23.2464 11.6242
14.3056 23.1803 11.6343
14.3125 23.1084 11.6444
14.3194 23.0322 11.6545
14.3264 22.953 11.6646
14.3333 22.8723 11.6747
14.3403 22.7913 11.6848
14.3472 22.7115 11.6949
14.3542 22.6341 11.7051
14.3611 22.5602 11.7152
14.3681 22.4908 11.7253
14.375 22.4267 11.7354
14.3819 22.3685 11.7455
14.3889 22.3168 11.7556
14.3958 22.2719 11.7657
14.4028 22.2338 11.7758
14.4097 22.2025 11.786
14.4167 22.1779 11.7961
14.4236 22.1596 11.8062
14.4306 22.1472 11.8163
14.4375 22.14 11.8264
14.4444 22.1375 11.8365
14.4514 22.1392 11.8466
14.4583 22.1442 11.8567
14.4653 22.152 11.8668
14.4722 22.1621 11.877
14.4792 22.1739 11.8871
14.4861 22.187 11.8972
14.4931 22.2012 11.9073
14.5 22.2162 11.9174
14.5069 22.2321 11.9275
14.5139 22.2488 11.9376
14.5208 22.2667 11.9477
14.5278 22.286 11.9579
14.5347 22.3072 11.968
14.5417 22.3307 11.9781
14.5486 22.3573 11.9882
14.5556 22.3874 11.9983
14.5625 22.4218 12.0084
14.5694 22.461 12.0185
14.5764 22.5057 12.0286
14.5833 22.5563 12.0387
14.5903 22.6133 12.0489
14.5972 22.6769 12.059
14.6042 22.7473 12.0691
14.6111 22.8243 12.0792
14.6181 22.9079 12.0893
14.625 22.9975 12.0994
14.6319 23.0927 12.1095
14.6389 23.1925 12.1196
14.6458 23.2962 12.1297
14.6528 23.4027 12.1399
14.6597 23.5107 12.15
14.6667 23.619 12.1601
14.6736 23.7263 12.1702
14.6806 23.831 12.1803
14.6875 23.9319 12.1904
