time error errTLE
0 0 0
0.00694444 0.00742561 0.00162941
0.0138889 0.0147925 0.00325882
0.0208333 0.0219421 0.00488823
0.0277778 0.0287188 0.00651764
0.0347222 0.0349677 0.00814705
0.0416667 0.0405444 0.00977646
0.0486111 0.0453104 0.0114059
0.0555556 0.0491359 0.0130353
0.0625 0.0519024 0.0146647
0.0694444 0.053506 0.0162941
0.0763889 0.0538572 0.0179235
0.0833333 0.0528863 0.0195529
0.0902778 0.0505495 0.0211823
0.0972222 0.0468295 0.0228117
0.104167 0.0417682 0.0244412
0.111111 0.0355041 0.0260706
0.118056 0.0284109 0.0277
0.125 0.0215701 0.0293294
0.131944 0.0181055 0.0309588
0.138889 0.0222771 0.0325882
0.145833 0.0328148 0.0342176
0.152778 0.046641 0.035847
0.159722 0.0623804 0.0374764
0.166667 0.0794553 0.0391058
0.173611 0.0975268 0.0407353
0.180556 0.116333 0.0423647
0.1875 0.135635 0.0439941
0.194444 0.155202 0.0456235
0.201389 0.174796 0.0472529
0.208333 0.194176 0.0488823
0.215278 0.213095 0.0505117
0.222222 0.231303 0.0521411
0.229167 0.248548 0.0537705
0.236111 0.264578 0.0553999
0.243056 0.279144 0.0570294
0.25 0.292004 0.0586588
0.256944 0.302925 0.0602882
0.263889 0.311686 0.0619176
0.270833 0.318081 0.063547
0.277778 0.321924 0.0651764
0.284722 0.323047 0.0668058
0.291667 0.321307 0.0684352
0.298611 0.316588 0.0700646
0.305556 0.308802 0.071694
0.3125 0.297889 0.0733235
0.319444 0.283824 0.0749529
0.326389 0.266611 0.0765823
0.333333 0.246293 0.0782117
0.340278 0.222942 0.0798411
0.347222 0.196669 0.0814705
0.354167 0.167616 0.0830999
0.361111 0.135962 0.0847293
0.368056 0.101923 0.0863587
0.375 0.065763 0.0879881
0.381944 0.0279322 0.0896176
0.388889 0.0134784 0.091247
0.395833 0.0536516 0.0928764
0.402778 0.0955223 0.0945058
0.409722 0.138069 0.0961352
0.416667 0.180873 0.0977646
0.423611 0.223544 0.099394
0.430556 0.265694 0.101023
0.4375 0.306933 0.102653
0.444444 0.346872 0.104282
0.451389 0.385127 0.105912
0.458333 0.421323 0.107541
0.465278 0.455095 0.10917
0.472222 0.486094 0.1108
0.479167 0.513988 0.112429
0.486111 0.538467 0.114059
0.493056 0.559246 0.115688
0.5 0.576065 0.117318
0.506944 0.588694 0.118947
0.513889 0.596934 0.120576
0.520833 0.600622 0.122206
0.527778 0.599627 0.123999
0.534722 0.593856 0.125831
0.541667 0.583253 0.127663
0.548611 0.567804 0.129495
0.555556 0.547529 0.131327
0.5625 0.522495 0.133159
0.569444 0.492805 0.134992
0.576389 0.458607 0.136824
0.583333 0.420093 0.138656
0.590278 0.377502 0.140488
0.597222 0.331128 0.14232
0.604167 0.281339 0.144152
0.611111 0.228626 0.145984
0.618056 0.173746 0.147816
0.625 0.118315 0.149649
0.631944 0.0682758 0.151481
0.638889 0.0545023 0.153313
0.645833 0.0975084 0.155145
0.652778 0.156972 0.156977
0.659722 0.220177 0.158809
0.666667 0.284376 0.160641
0.673611 0.348414 0.162473
0.680556 0.411522 0.164305
0.6875 0.473065 0.166138
0.694444 0.532459 0.16797
0.701389 0.589153 0.169802
0.708333 0.642621 0.171634
0.715278 0.692356 0.173466
0.722222 0.737873 0.175298
0.729167 0.778715 0.17713
0.736111 0.814453 0.178962
0.743056 0.844691 0.180795
0.75 0.869068 0.182627
0.756944 0.887266 0.184459
0.763889 0.899008 0.186291
0.770833 0.904065 0.188123
0.777778 0.902262 0.189955
0.784722 0.893473 0.191787
0.791667 0.877631 0.193619
0.798611 0.854726 0.195451
0.805556 0.824808 0.197284
0.8125 0.78799 0.199116
0.819444 0.744446 0.200948
0.826389 0.694416 0.20278
0.833333 0.638206 0.204612
0.840278 0.576191 0.206444
0.847222 0.508824 0.208276
0.854167 0.436653 0.210108
0.861111 0.360373 0.21194
0.868056 0.280952 0.213773
0.875 0.200132 0.215605
0.881944 0.122877 0.217437
0.888889 0.0745566 0.219269
0.895833 0.111674 0.221101
0.902778 0.190736 0.222933
0.909722 0.278028 0.224765
0.916667 0.36702 0.226597
0.923611 0.455548 0.22843
0.930556 0.542375 0.230262
0.9375 0.626555 0.232094
0.944444 0.707267 0.233926
0.951389 0.783757 0.235758
0.958333 0.855327 0.23759
0.965278 0.921324 0.239422
0.972222 0.98114 0.241254
0.979167 1.03422 0.243086
0.986111 1.08006 0.244919
0.993056 1.11821 0.246751
1 1.14828 0.248583
1.00694 1.16994 0.250647
1.01389 1.18293 0.253159
1.02083 1.18706 0.255671
1.02778 1.18219 0.258182
1.03472 1.16826 0.260694
1.04167 1.14531 0.263206
1.04861 1.1134 0.265718
1.05556 1.07271 0.268229
1.0625 1.02348 0.270741
1.06944 0.966015 0.273253
1.07639 0.900713 0.275765
1.08333 0.828054 0.278277
1.09028 0.748617 0.280788
1.09722 0.6631 0.2833
1.10417 0.572382 0.285812
1.11111 0.477649 0.288324
1.11806 0.380732 0.290835
1.125 0.285169 0.293347
1.13194 0.20001 0.295859
1.13889 0.152192 0.298371
1.14583 0.179635 0.300883
1.15278 0.260866 0.303394
1.15972 0.361171 0.305906
1.16667 0.467535 0.308418
1.17361 0.575172 0.31093
1.18056 0.681699 0.313441
1.1875 0.785566 0.315953
1.19444 0.885574 0.318465
1.20139 0.980697 0.320977
1.20833 1.07002 0.323489
1.21528 1.1527 0.326
1.22222 1.22797 0.328512
1.22917 1.29511 0.331024
1.23611 1.3535 0.333536
1.24306 1.40254 0.336047
1.25 1.44172 0.338559
1.25694 1.47063 0.341071
1.26389 1.48889 0.343583
1.27083 1.49623 0.346094
1.27778 1.49247 0.348606
1.28472 1.4775 0.351118
1.29167 1.45131 0.35363
1.29861 1.41398 0.356142
1.30556 1.3657 0.358653
1.3125 1.30675 0.361165
1.31944 1.2375 0.363677
1.32639 1.15846 0.366189
1.33333 1.07022 0.3687
1.34028 0.973544 0.371212
1.34722 0.869332 0.373724
1.35417 0.758742 0.376236
1.36111 0.643326 0.378748
1.36806 0.525415 0.381259
1.375 0.409182 0.383771
1.38194 0.303865 0.386283
1.38889 0.232744 0.388795
1.39583 0.235054 0.391306
1.40278 0.310985 0.393818
1.40972 0.422422 0.39633
1.41667 0.546879 0.398842
1.42361 0.675292 0.401354
1.43056 0.803422 0.403865
1.4375 0.928771 0.406377
1.44444 1.04957 0.408889
1.45139 1.16442 0.411401
1.45833 1.27211 0.413912
1.46528 1.37157 0.416424
1.47222 1.46188 0.418936
1.47917 1.54216 0.421448
1.48611 1.61169 0.42396
1.49306 1.66981 0.426471
1.5 1.71595 0.428983
1.50694 1.74967 0.431495
1.51389 1.7706 0.434007
1.52083 1.77849 0.436518
1.52778 1.77319 0.43903
1.53472 1.75467 0.441542
1.54167 1.72299 0.444054
1.54861 1.67834 0.446566
1.55556 1.621 0.449077
1.5625 1.5514 0.451589
1.56944 1.47007 0.454101
1.57639 1.37766 0.456613
1.58333 1.27499 0.459124
1.59028 1.16304 0.461636
1.59722 1.04303 0.464148
1.60417 0.916517 0.46666
1.61111 0.785639 0.469172
1.61806 0.653654 0.471683
1.625 0.52623 0.474195
1.63194 0.414642 0.476707
1.63889 0.341732 0.479219
1.64583 0.338339 0.48173
1.65278 0.408101 0.484242
1.65972 0.522395 0.486754
1.66667 0.65712 0.489266
1.67361 0.799967 0.491778
1.68056 0.944696 0.494289
1.6875 1.08767 0.496801
1.69444 1.22644 0.499313
1.70139 1.35914 0.501825
1.70833 1.48421 0.504336
1.71528 1.60036 0.506848
1.72222 1.70641 0.50936
1.72917 1.80132 0.511872
1.73611 1.88418 0.514384
1.74306 1.95418 0.516895
1.75 2.01063 0.519407
1.75694 2.05295 0.521919
1.76389 2.08067 0.524431
1.77083 2.09344 0.526942
1.77778 2.09105 0.529454
1.78472 2.07339 0.531966
1.79167 2.04051 0.534478
1.79861 1.99257 0.53699
1.80556 1.92988 0.539501
1.8125 1.8529 0.542013
1.81944 1.76224 0.544525
1.82639 1.65866 0.547037
1.83333 1.54314 0.549548
1.84028 1.41688 0.55206
1.84722 1.28136 0.554572
1.85417 1.13852 0.557084
1.86111 0.990988 0.559596
1.86806 0.842652 0.562107
1.875 0.699849 0.564619
1.88194 0.573877 0.567131
1.88889 0.484829 0.569643
1.89583 0.459751 0.572154
1.90278 0.510455 0.574666
1.90972 0.61862 0.577178
1.91667 0.758666 0.57969
1.92361 0.91368 0.582202
1.93056 1.07419 0.584713
1.9375 1.23465 0.587225
1.94444 1.39144 0.589737
1.95139 1.54194 0.592249
1.95833 1.6841 0.59476
1.96528 1.81624 0.597272
1.97222 1.9369 0.599784
1.97917 2.04484 0.602296
1.98611 2.139 0.604807
1.99306 2.21844 0.607319
2 2.28239 0.609831
2.00694 2.33023 0.612343
2.01389 2.36148 0.615144
2.02083 2.37579 0.6181
2.02778 2.37297 0.621057
2.03472 2.35299 0.624013
2.04167 2.31595 0.62697
2.04861 2.26212 0.629926
2.05556 2.19193 0.632883
2.0625 2.10596 0.635839
2.06944 2.00499 0.638796
2.07639 1.88998 0.641752
2.08333 1.76211 0.644709
2.09028 1.62285 0.647665
2.09722 1.47402 0.650622
2.10417 1.31799 0.653578
2.11111 1.15799 0.656535
2.11806 0.998698 0.659491
2.125 0.847499 0.662447
2.13194 0.716566 0.665404
2.13889 0.625211 0.66836
2.14583 0.59667 0.671317
2.15278 0.641705 0.674273
2.15972 0.747287 0.67723
2.16667 0.890798 0.680186
2.17361 1.05446 0.683143
2.18056 1.22713 0.686099
2.1875 1.40189 0.689056
2.19444 1.5742 0.692012
2.20139 1.74078 0.694969
2.20833 1.89912 0.697925
2.21528 2.04716 0.700882
2.22222 2.18318 0.703838
2.22917 2.3057 0.706795
2.23611 2.41344 0.709751
2.24306 2.50529 0.712708
2.25 2.58033 0.715664
2.25694 2.63778 0.718621
2.26389 2.67704 0.721577
2.27083 2.69767 0.724534
2.27778 2.69939 0.72749
2.28472 2.68209 0.730447
2.29167 2.64585 0.733403
2.29861 2.59091 0.73636
2.30556 2.51773 0.739316
2.3125 2.42693 0.742273
2.31944 2.31938 0.745229
2.32639 2.19616 0.748186
2.33333 2.05866 0.751142
2.34028 1.90857 0.754099
2.34722 1.74807 0.757055
2.35417 1.57992 0.760012
2.36111 1.40788 0.762968
2.36806 1.23722 0.765925
2.375 1.07574 0.768881
2.38194 0.935274 0.771838
2.38889 0.832885 0.774794
2.39583 0.788376 0.77775
2.40278 0.813898 0.780707
2.40972 0.903922 0.783663
2.41667 1.04054 0.78662
2.42361 1.20547 0.789576
2.43056 1.38523 0.792533
2.4375 1.57077 0.795489
2.44444 1.75595 0.798446
2.45139 1.93637 0.801402
2.45833 2.10872 0.804359
2.46528 2.2704 0.807315
2.47222 2.41924 0.810272
2.47917 2.55345 0.813228
2.48611 2.67153 0.816185
2.49306 2.7722 0.819141
2.5 2.85439 0.822098
2.50694 2.91727 0.825054
2.51389 2.96019 0.828011
2.52083 2.98268 0.830967
2.52778 2.9845 0.833924
2.53472 2.96557 0.83688
2.54167 2.92605 0.839837
2.54861 2.86627 0.842793
2.55556 2.7868 0.84575
2.5625 2.68841 0.848706
2.56944 2.57211 0.851663
2.57639 2.43921 0.854619
2.58333 2.2913 0.857576
2.59028 2.13037 0.860532
2.59722 1.95891 0.863489
2.60417 1.78013 0.866445
2.61111 1.59831 0.869402
2.61806 1.41932 0.872358
2.625 1.25162 0.875315
2.63194 1.10736 0.878271
2.63889 1.00295 0.881228
2.64583 0.956177 0.884184
2.65278 0.978021 0.887141
2.65972 1.06478 0.890097
2.66667 1.20128 0.893053
2.67361 1.37027 0.89601
2.68056 1.55779 0.898966
2.6875 1.75387 0.901923
2.69444 1.95148 0.904879
2.70139 2.14554 0.907836
2.70833 2.33219 0.910792
2.71528 2.50838 0.913749
2.72222 2.67161 0.916705
2.72917 2.81981 0.919662
2.73611 2.95123 0.922618
2.74306 3.06439 0.925575
2.75 3.15805 0.928531
2.75694 3.23121 0.931488
2.76389 3.28307 0.934444
2.77083 3.31308 0.937401
2.77778 3.32088 0.940357
2.78472 3.30634 0.943314
2.79167 3.26956 0.94627
2.79861 3.21087 0.949227
2.80556 3.13084 0.952183
2.8125 3.03031 0.95514
2.81944 2.91039 0.958096
2.82639 2.77253 0.961053
2.83333 2.61852 0.964009
2.84028 2.45064 0.966966
2.84722 2.2717 0.969922
2.85417 2.08533 0.972879
2.86111 1.89625 0.975835
2.86806 1.71078 0.978792
2.875 1.53748 0.981748
2.88194 1.38789 0.984705
2.88889 1.27652 0.987661
2.89583 1.21859 0.990618
2.90278 1.22451 0.993574
2.90972 1.29414 0.996531
2.91667 1.41708 0.999487
2.92361 1.57846 1.00244
2.93056 1.76423 1.0054
2.9375 1.9632 1.00836
2.94444 2.16697 1.01131
2.95139 2.36927 1.01427
2.95833 2.56529 1.01723
2.96528 2.75127 1.02018
2.97222 2.92416 1.02314
2.97917 3.08146 1.0261
2.98611 3.22111 1.02905
2.99306 3.34138 1.03201
3 3.44087 1.03496
3.00694 3.51845 1.03641
3.01389 3.57326 1.03611
3.02083 3.6047 1.0358
3.02778 3.61243 1.03549
3.03472 3.59632 1.03518
3.04167 3.55655 1.03488
3.04861 3.49353 1.03457
3.05556 3.40795 1.03426
3.0625 3.30078 1.03395
3.06944 3.1733 1.03364
3.07639 3.02714 1.03334
3.08333 2.86434 1.03303
3.09028 2.68742 1.03272
3.09722 2.49953 1.03241
3.10417 2.30467 1.03211
3.11111 2.10798 1.0318
3.11806 1.91622 1.03149
3.125 1.73833 1.03118
3.13194 1.5859 1.03087
3.13889 1.47294 1.03057
3.14583 1.4136 1.03026
3.15278 1.41744 1.02995
3.15972 1.48483 1.02964
3.16667 1.60688 1.02934
3.17361 1.76996 1.02903
3.18056 1.9604 1.02872
3.1875 2.16672 1.02841
3.19444 2.37999 1.0281
3.20139 2.59337 1.0278
3.20833 2.80154 1.02749
3.21528 3.0003 1.02718
3.22222 3.18625 1.02687
3.22917 3.35659 1.02657
3.23611 3.50898 1.02626
3.24306 3.64148 1.02595
3.25 3.7525 1.02564
3.25694 3.84073 1.02533
3.26389 3.90518 1.02503
3.27083 3.94511 1.02472
3.27778 3.96009 1.02441
3.28472 3.94994 1.0241
3.29167 3.91477 1.0238
3.29861 3.85499 1.02349
3.30556 3.77131 1.02318
3.3125 3.66475 1.02287
3.31944 3.53671 1.02256
3.32639 3.38897 1.02226
3.33333 3.22377 1.02195
3.34028 3.0439 1.02164
3.34722 2.85284 1.02133
3.35417 2.65493 1.02103
3.36111 2.45565 1.02072
3.36806 2.26197 1.02041
3.375 2.08271 1.0201
3.38194 1.92872 1.01979
3.38889 1.81241 1.01949
3.39583 1.74592 1.01918
3.40278 1.7379 1.01887
3.40972 1.79014 1.01856
3.41667 1.89694 1.01826
3.42361 2.04753 1.01795
3.43056 2.22959 1.01764
3.4375 2.4317 1.01733
3.44444 2.6443 1.01702
3.45139 2.85967 1.01672
3.45833 3.07166 1.01641
3.46528 3.27534 1.0161
3.47222 3.4667 1.01579
3.47917 3.64246 1.01549
3.48611 3.79992 1.01518
3.49306 3.93683 1.01487
3.5 4.05139 1.01753
3.50694 4.14213 1.02148
3.51389 4.20796 1.02542
3.52083 4.24808 1.02937
3.52778 4.26204 1.03332
3.53472 4.24967 1.03727
3.54167 4.21114 1.04122
3.54861 4.14693 1.04517
3.55556 4.05784 1.04911
3.5625 3.94505 1.05306
3.56944 3.81009 1.05701
3.57639 3.65494 1.06096
3.58333 3.48206 1.06491
3.59028 3.29447 1.06886
3.59722 3.09593 1.0728
3.60417 2.89109 1.07675
3.61111 2.68577 1.0807
3.61806 2.48723 1.08465
3.625 2.30448 1.0886
3.63194 2.14835 1.09255
3.63889 2.03091 1.09649
3.64583 1.96363 1.10044
3.65278 1.95463 1.10439
3.65972 2.00581 1.10834
3.66667 2.11216 1.11229
3.67361 2.2638 1.11624
3.68056 2.44896 1.12018
3.6875 2.65635 1.12413
3.69444 2.8762 1.12808
3.70139 3.10047 1.13203
3.70833 3.32263 1.13598
3.71528 3.53739 1.13993
3.72222 3.74041 1.14387
3.72917 3.92812 1.14782
3.73611 4.09755 1.15177
3.74306 4.24625 1.15572
3.75 4.3722 1.15967
3.75694 4.47379 1.16362
3.76389 4.54977 1.16756
3.77083 4.59921 1.17151
3.77778 4.62158 1.17546
3.78472 4.61662 1.17941
3.79167 4.58448 1.18336
3.79861 4.52561 1.18731
3.80556 4.44085 1.19125
3.8125 4.33143 1.1952
3.81944 4.19901 1.19915
3.82639 4.0457 1.2031
3.83333 3.87414 1.20705
3.84028 3.68763 1.211
3.84722 3.49017 1.21494
3.85417 3.28667 1.21889
3.86111 3.08315 1.22284
3.86806 2.88691 1.22679
3.875 2.70665 1.23074
3.88194 2.55239 1.23469
3.88889 2.43483 1.23863
3.89583 2.36392 1.24258
3.90278 2.34684 1.24653
3.90972 2.38593 1.25048
3.91667 2.47807 1.25443
3.92361 2.61567 1.25838
3.93056 2.78872 1.26232
3.9375 2.9868 1.26627
3.94444 3.20025 1.27022
3.95139 3.42068 1.27417
3.95833 3.64104 1.27812
3.96528 3.85546 1.28207
3.97222 4.05907 1.28601
3.97917 4.24783 1.28996
3.98611 4.4184 1.29391
3.99306 4.56801 1.29786
4 4.69441 1.30181
4.00694 4.79579 1.30576
4.01389 4.87079 1.31078
4.02083 4.91841 1.31593
4.02778 4.93807 1.32108
4.03472 4.92953 1.32624
4.04167 4.89295 1.33139
4.04861 4.82887 1.33654
4.05556 4.73823 1.34169
4.0625 4.62235 1.34684
4.06944 4.48305 1.35199
4.07639 4.32261 1.35714
4.08333 4.14388 1.36229
4.09028 3.95034 1.36744
4.09722 3.74624 1.37259
4.10417 3.53675 1.37774
4.11111 3.3281 1.38289
4.11806 3.1278 1.38804
4.125 2.94465 1.39319
4.13194 2.78862 1.39834
4.13889 2.67016 1.40349
4.14583 2.59884 1.40864
4.15278 2.5815 1.41379
4.15972 2.62045 1.41894
4.16667 2.7129 1.42409
4.17361 2.85174 1.42924
4.18056 3.02742 1.43439
4.1875 3.22976 1.43954
4.19444 3.44911 1.44469
4.20139 3.67694 1.44984
4.20833 3.90596 1.45499
4.21528 4.13007 1.46014
4.22222 4.34412 1.46529
4.22917 4.54383 1.47044
4.23611 4.72564 1.47559
4.24306 4.88658 1.48074
4.25 5.0242 1.4859
4.25694 5.13655 1.49105
4.26389 5.22212 1.4962
4.27083 5.27981 1.50135
4.27778 5.30894 1.5065
4.28472 5.3092 1.51165
4.29167 5.28073 1.5168
4.29861 5.22405 1.52195
4.30556 5.14013 1.5271
4.3125 5.03036 1.53225
4.31944 4.89664 1.5374
4.32639 4.7414 1.54255
4.33333 4.56766 1.5477
4.34028 4.37909 1.55285
4.34722 4.18014 1.558
4.35417 3.97614 1.56315
4.36111 3.77339 1.5683
4.36806 3.57926 1.57345
4.375 3.40214 1.5786
4.38194 3.25119 1.58375
4.38889 3.13569 1.5889
4.39583 3.06395 1.59405
4.40278 3.04197 1.5992
4.40972 3.07207 1.60435
4.41667 3.1525 1.6095
4.42361 3.2778 1.61465
4.43056 3.44 1.6198
4.4375 3.63006 1.62495
4.44444 3.83893 1.6301
4.45139 4.0582 1.63525
4.45833 4.28044 1.64041
4.46528 4.4992 1.64556
4.47222 4.70898 1.65071
4.47917 4.90513 1.65586
4.48611 5.08376 1.66101
4.49306 5.2416 1.66616
4.5 5.376 1.67131
4.50694 5.48482 1.67646
4.51389 5.56642 1.68161
4.52083 5.61962 1.68676
4.52778 5.6437 1.69191
4.53472 5.63834 1.69706
4.54167 5.60372 1.70221
4.54861 5.5404 1.70736
4.55556 5.44944 1.71251
4.5625 5.33235 1.71766
4.56944 5.19116 1.72281
4.57639 5.02843 1.72796
4.58333 4.84736 1.73311
4.59028 4.65181 1.73826
4.59722 4.44641 1.74341
4.60417 4.23667 1.74856
4.61111 4.02907 1.75371
4.61806 3.83111 1.75886
4.625 3.65123 1.76401
4.63194 3.49853 1.76916
4.63889 3.38215 1.77431
4.64583 3.31012 1.77946
4.65278 3.28825 1.78461
4.65972 3.31882 1.78976
4.66667 3.40019 1.79491
4.67361 3.52716 1.80007
4.68056 3.69207 1.80522
4.6875 3.88607 1.81037
4.69444 4.10019 1.81552
4.70139 4.32601 1.82067
4.70833 4.55596 1.82582
4.71528 4.78345 1.83097
4.72222 5.00279 1.83612
4.72917 5.20916 1.84127
4.73611 5.39846 1.84642
4.74306 5.56729 1.85157
4.75 5.71281 1.85672
4.75694 5.83277 1.86187
4.76389 5.92539 1.86702
4.77083 5.98941 1.87217
4.77778 6.024 1.87732
4.78472 6.02883 1.88247
4.79167 6.004 1.88762
4.79861 5.95011 1.89277
4.80556 5.86822 1.89792
4.8125 5.75991 1.90307
4.81944 5.62729 1.90822
4.82639 5.47305 1.91337
4.83333 5.30051 1.91852
4.84028 5.11368 1.92367
4.84722 4.9173 1.92882
4.85417 4.71694 1.93397
4.86111 4.51904 1.93912
4.86806 4.33084 1.94427
4.875 4.16029 1.94942
4.88194 4.01571 1.95457
4.88889 3.90518 1.95973
4.89583 3.83573 1.96488
4.90278 3.81237 1.97003
4.90972 3.83721 1.97518
4.91667 3.90918 1.98033
4.92361 4.02415 1.98548
4.93056 4.17574 1.99063
4.9375 4.35622 1.99578
4.94444 4.5574 2.00093
4.95139 4.77129 2.00608
4.95833 4.99047 2.01123
4.96528 5.2083 2.01638
4.97222 5.41891 2.02153
4.97917 5.61726 2.02668
4.98611 5.79903 2.03183
4.99306 5.96059 2.03698
5 6.09893 2.04213
5.00694 6.21165 2.04623
5.01389 6.29686 2.05028
5.02083 6.35322 2.05434
5.02778 6.37989 2.0584
5.03472 6.37651 2.06246
5.04167 6.34322 2.06652
5.04861 6.28067 2.07058
5.05556 6.19001 2.07464
5.0625 6.0729 2.0787
5.06944 5.93158 2.08276
5.07639 5.76886 2.08681
5.08333 5.58822 2.09087
5.09028 5.3938 2.09493
5.09722 5.1905 2.09899
5.10417 4.98405 2.10305
5.11111 4.78098 2.10711
5.11806 4.58864 2.11117
5.125 4.41499 2.11523
5.13194 4.26831 2.11929
5.13889 4.15658 2.12334
5.14583 4.08669 2.1274
5.15278 4.06351 2.13146
5.15972 4.0891 2.13552
5.16667 4.16241 2.13958
5.17361 4.27946 2.14364
5.18056 4.43402 2.1477
5.1875 4.61847 2.15176
5.19444 4.82473 2.15582
5.20139 5.0448 2.15987
5.20833 5.27123 2.16393
5.21528 5.49726 2.16799
5.22222 5.71693 2.17205
5.22917 5.92507 2.17611
5.23611 6.11722 2.18017
5.24306 6.28962 2.18423
5.25 6.43915 2.18829
5.25694 6.56329 2.19234
5.26389 6.66006 2.1964
5.27083 6.72804 2.20046
5.27778 6.76632 2.20452
5.28472 6.7745 2.20858
5.29167 6.7527 2.21264
5.29861 6.70158 2.2167
5.30556 6.6223 2.22076
5.3125 6.51659 2.22482
5.31944 6.38676 2.22887
5.32639 6.2357 2.23293
5.33333 6.06698 2.23699
5.34028 5.88484 2.24105
5.34722 5.69421 2.24511
5.35417 5.50079 2.24917
5.36111 5.31096 2.25323
5.36806 5.13174 2.25729
5.375 4.97055 2.26135
5.38194 4.8349 2.2654
5.38889 4.73186 2.26946
5.39583 4.66739 2.27352
5.40278 4.64566 2.27758
5.40972 4.66849 2.28164
5.41667 4.73508 2.2857
5.42361 4.84216 2.28976
5.43056 4.98445 2.29382
5.4375 5.15531 2.29788
5.44444 5.34744 2.30193
5.45139 5.55345 2.30599
5.45833 5.76621 2.31005
5.46528 5.97914 2.31411
5.47222 6.18627 2.31817
5.47917 6.38237 2.32223
5.48611 6.56289 2.32629
5.49306 6.72395 2.33035
5.5 6.86232 2.3344
5.50694 6.97536 2.33846
5.51389 7.06105 2.34252
5.52083 7.1179 2.34658
5.52778 7.14501 2.35064
5.53472 7.14198 2.3547
5.54167 7.10896 2.35876
5.54861 7.04667 2.36282
5.55556 6.95636 2.36688
5.5625 6.83983 2.37093
5.56944 6.69951 2.37499
5.57639 6.53842 2.37905
5.58333 6.36023 2.38311
5.59028 6.16931 2.38717
5.59722 5.97072 2.39123
5.60417 5.77026 2.39529
5.61111 5.57442 2.39935
5.61806 5.39025 2.40341
5.625 5.22521 2.40746
5.63194 5.08678 2.41152
5.63889 4.98199 2.41558
5.64583 4.91664 2.41964
5.65278 4.89487 2.4237
5.65972 4.91842 2.42776
5.66667 4.9865 2.43182
5.67361 5.09588 2.43588
5.68056 5.24134 2.43994
5.6875 5.41632 2.44399
5.69444 5.61357 2.44805
5.70139 5.8257 2.45211
5.70833 6.04555 2.45617
5.71528 6.2665 2.46023
5.72222 6.48251 2.46429
5.72917 6.68826 2.46835
5.73611 6.87912 2.47241
5.74306 7.05111 2.47646
5.75 7.20091 2.48052
5.75694 7.32582 2.48458
5.76389 7.42372 2.48864
5.77083 7.4931 2.4927
5.77778 7.53298 2.49676
5.78472 7.54294 2.50082
5.79167 7.52314 2.50488
5.79861 7.47429 2.50894
5.80556 7.39766 2.51299
5.8125 7.29511 2.51705
5.81944 7.16911 2.52111
5.82639 7.02274 2.52517
5.83333 6.85974 2.52923
5.84028 6.6845 2.53329
5.84722 6.50204 2.53735
5.85417 6.31805 2.54141
5.86111 6.13879 2.54547
5.86806 5.97091 2.54952
5.875 5.82131 2.55358
5.88194 5.69671 2.55764
5.88889 5.60328 2.5617
5.89583 5.54607 2.56576
5.90278 5.52854 2.56982
5.90972 5.55212 2.57388
5.91667 5.61611 2.57794
5.92361 5.71773 2.58199
5.93056 5.85245 2.58605
5.9375 6.0145 2.59011
5.94444 6.19738 2.59417
5.95139 6.39429 2.59823
5.95833 6.59855 2.60229
5.96528 6.80381 2.60635
5.97222 7.00421 2.61041
5.97917 7.19451 2.61447
5.98611 7.37009 2.61852
5.99306 7.52696 2.62258
6 7.66176 2.62664
6.00694 7.77178 2.6307
6.01389 7.85488 2.63476
6.02083 7.90954 2.63882
6.02778 7.9348 2.64288
6.03472 7.93027 2.64739
6.04167 7.89617 2.65354
6.04861 7.83328 2.65968
6.05556 7.74294 2.66583
6.0625 7.62712 2.67198
6.06944 7.48839 2.67812
6.07639 7.32993 2.68427
6.08333 7.15559 2.69042
6.09028 6.96987 2.69656
6.09722 6.7779 2.70271
6.10417 6.58546 2.70886
6.11111 6.39886 2.715
6.11806 6.22483 2.72115
6.125 6.07026 2.72729
6.13194 5.94187 2.73344
6.13889 5.84579 2.73959
6.14583 5.78701 2.74573
6.15278 5.76893 2.75188
6.15972 5.79294 2.75803
6.16667 5.8583 2.76417
6.17361 5.96223 2.77032
6.18056 6.10022 2.77647
6.1875 6.26651 2.78261
6.19444 6.4546 2.78876
6.20139 6.65769 2.79491
6.20833 6.86908 2.80105
6.21528 7.08239 2.8072
6.22222 7.29172 2.81335
6.22917 7.49177 2.81949
6.23611 7.67786 2.82564
6.24306 7.84594 2.83179
6.25 7.99261 2.83793
6.25694 8.11509 2.84408
6.26389 8.2112 2.85022
6.27083 8.27938 2.85637
6.27778 8.31865 2.86252
6.28472 8.32862 2.86866
6.29167 8.30948 2.87481
6.29861 8.26204 2.88096
6.30556 8.18766 2.8871
6.3125 8.08835 2.89325
6.31944 7.9667 2.8994
6.32639 7.82594 2.90554
6.33333 7.66991 2.91169
6.34028 7.5031 2.91784
6.34722 7.33054 2.92398
6.35417 7.15782 2.93013
6.36111 6.99097 2.93628
6.36806 6.83625 2.94242
6.375 6.69996 2.94857
6.38194 6.58812 2.95471
6.38889 6.50606 2.96086
6.39583 6.45804 2.96701
6.40278 6.44684 2.97315
6.40972 6.47352 2.9793
6.41667 6.53731 2.98545
6.42361 6.63572 2.99159
6.43056 6.76472 2.99774
6.4375 6.91918 3.00389
6.44444 7.09325 3.01003
6.45139 7.28072 3.01618
6.45833 7.47536 3.02233
6.46528 7.67119 3.02847
6.47222 7.86255 3.03462
6.47917 8.04436 3.04077
6.48611 8.21204 3.04691
6.49306 8.36164 3.05306
6.5 8.4898 3.05921
6.50694 8.5938 3.06535
6.51389 8.6715 3.0715
6.52083 8.72138 3.07764
6.52778 8.74253 3.08379
6.53472 8.73462 3.08994
6.54167 8.69792 3.09608
6.54861 8.63332 3.10223
6.55556 8.54229 3.10838
6.5625 8.42693 3.11452
6.56944 8.28994 3.12067
6.57639 8.13466 3.12682
6.58333 7.96503 3.13296
6.59028 7.78564 3.13911
6.59722 7.60161 3.14526
6.60417 7.41862 3.1514
6.61111 7.24274 3.15755
6.61806 7.0803 3.1637
6.625 6.93761 3.16984
6.63194 6.8207 3.17599
6.63889 6.7349 3.18213
6.64583 6.68436 3.18828
6.65278 6.67187 3.19443
6.65972 6.69843 3.20057
6.66667 6.76324 3.20672
6.67361 6.86375 3.21287
6.68056 6.99593 3.21901
6.6875 7.15462 3.22516
6.69444 7.33394 3.23131
6.70139 7.52766 3.23745
6.70833 7.72955 3.2436
6.71528 7.93355 3.24975
6.72222 8.13402 3.25589
6.72917 8.32581 3.26204
6.73611 8.50433 3.26819
6.74306 8.66557 3.27433
6.75 8.80616 3.28048
6.75694 8.92334 3.28663
6.76389 9.01495 3.29277
6.77083 9.07945 3.29892
6.77778 9.11593 3.30506
6.78472 9.12404 3.31121
6.79167 9.10408 3.31736
6.79861 9.05695 3.3235
6.80556 8.98414 3.32965
6.8125 8.88777 3.3358
6.81944 8.77056 3.34194
6.82639 8.63585 3.34809
6.83333 8.48755 3.35424
6.84028 8.33016 3.36038
6.84722 8.16867 3.36653
6.85417 8.0085 3.37268
6.86111 7.85537 3.37882
6.86806 7.71513 3.38497
6.875 7.59348 3.39112
6.88194 7.49573 3.39726
6.88889 7.42646 3.40341
6.89583 7.38918 3.40955
6.90278 7.38608 3.4157
6.90972 7.41781 3.42185
6.91667 7.48346 3.42799
6.92361 7.58064 3.43414
6.93056 7.70567 3.44029
6.9375 7.85388 3.44643
6.94444 8.01992 3.45258
6.95139 8.19812 3.45873
6.95833 8.38271 3.46487
6.96528 8.56806 3.47102
6.97222 8.74885 3.47717
6.97917 8.9202 3.48331
6.98611 9.07772 3.48946
6.99306 9.21759 3.49561
7 9.33655 3.50015
7.00694 9.43196 3.49754
7.01389 9.50178 3.49494
7.02083 9.54456 3.49233
7.02778 9.55949 3.48973
7.03472 9.54634 3.48712
7.04167 9.50551 3.48451
7.04861 9.438 3.48191
7.05556 9.34544 3.4793
7.0625 9.23004 3.4767
7.06944 9.09465 3.47409
7.07639 8.94272 3.47149
7.08333 8.77827 3.46888
7.09028 8.60589 3.46628
7.09722 8.43067 3.46367
7.10417 8.2581 3.46107
7.11111 8.09398 3.45846
7.11806 7.94418 3.45585
7.125 7.81445 3.45325
7.13194 7.71012 3.45064
7.13889 7.63573 3.44804
7.14583 7.5948 3.44543
7.15278 7.58945 3.44283
7.15972 7.62031 3.44022
7.16667 7.6864 3.43762
7.17361 7.78528 3.43501
7.18056 7.91322 3.4324
7.1875 8.0655 3.4298
7.19444 8.23674 3.42719
7.20139 8.42121 3.42459
7.20833 8.61311 3.42198
7.21528 8.8068 3.41938
7.22222 8.99691 3.41677
7.22917 9.17855 3.41417
7.23611 9.34731 3.41156
7.24306 9.49933 3.40895
7.25 9.63137 3.40635
7.25694 9.74075 3.40374
7.26389 9.82544 3.40114
7.27083 9.88399 3.39853
7.27778 9.91559 3.39593
7.28472 9.92003 3.39332
7.29167 9.89772 3.39072
7.29861 9.84969 3.38811
7.30556 9.77756 3.38551
7.3125 9.68358 3.3829
7.31944 9.57058 3.38029
7.32639 9.44199 3.37769
7.33333 9.30175 3.37508
7.34028 9.15435 3.37248
7.34722 9.00464 3.36987
7.35417 8.85784 3.36727
7.36111 8.71933 3.36466
7.36806 8.59449 3.36206
7.375 8.48843 3.35945
7.38194 8.40578 3.35684
7.38889 8.35041 3.35424
7.39583 8.32514 3.35163
7.40278 8.33157 3.34903
7.40972 8.36994 3.34642
7.41667 8.43916 3.34382
7.42361 8.53682 3.34121
7.43056 8.65945 3.33861
7.4375 8.8027 3.336
7.44444 8.96166 3.33339
7.45139 9.13105 3.33079
7.45833 9.30554 3.32818
7.46528 9.4799 3.32558
7.47222 9.64914 3.32297
7.47917 9.80868 3.32037
7.48611 9.95437 3.31776
7.49306 10.0826 3.31516
7.5 10.1903 3.31255
7.50694 10.275 3.30995
7.51389 10.3348 3.30734
7.52083 10.3685 3.30473
7.52778 10.3753 3.30213
7.53472 10.3552 3.29952
7.54167 10.3088 3.29692
7.54861 10.2371 3.29431
7.55556 10.1421 3.29171
7.5625 10.026 3.2891
7.56944 9.89191 3.2865
7.57639 9.74325 3.28389
7.58333 9.58414 3.28128
7.59028 9.41915 3.27868
7.59722 9.25325 3.27607
7.60417 9.09174 3.27347
7.61111 8.94006 3.27086
7.61806 8.80365 3.26826
7.625 8.68766 3.26565
7.63194 8.59674 3.26305
7.63889 8.53478 3.26044
7.64583 8.50454 3.25783
7.65278 8.5076 3.25523
7.65972 8.54416 3.25262
7.66667 8.61306 3.25002
7.67361 8.71183 3.24741
7.68056 8.83693 3.24481
7.6875 8.98394 3.2422
7.69444 9.14789 3.2396
7.70139 9.32347 3.23699
7.70833 9.50528 3.23438
7.71528 9.68808 3.23178
7.72222 9.86684 3.22917
7.72917 10.037 3.22657
7.73611 10.1943 3.22396
7.74306 10.3352 3.22136
7.75 10.4566 3.21875
7.75694 10.5561 3.21615
7.76389 10.6318 3.21354
7.77083 10.6824 3.21094
7.77778 10.7072 3.20833
7.78472 10.7063 3.20572
7.79167 10.6801 3.20312
7.79861 10.6299 3.20051
7.80556 10.5575 3.19791
7.8125 10.4652 3.1953
7.81944 10.356 3.1927
7.82639 10.2333 3.19009
7.83333 10.1012 3.18749
7.84028 9.964 3.18488
7.84722 9.82645 3.18227
7.85417 9.69351 3.17967
7.86111 9.57019 3.17706
7.86806 9.46136 3.17446
7.875 9.37155 3.14966
7.88194 9.30475 3.12064
7.88889 9.2641 3.09161
7.89583 9.25181 3.06259
7.90278 9.2689 3.03357
7.90972 9.3152 3.00454
7.91667 9.38936 2.97552
7.92361 9.48893 2.9465
7.93056 9.61051 2.91748
7.9375 9.74999 2.88845
7.94444 9.90276 2.85943
7.95139 10.0639 2.83041
7.95833 10.2285 2.80138
7.96528 10.3917 2.77236
7.97222 10.5488 2.74334
7.97917 10.6956 2.71431
7.98611 10.8283 2.68529
7.99306 10.9434 2.65627
8 11.0383 2.62724
8.00694 11.1106 2.59822
8.01389 11.1586 2.5692
8.02083 11.1814 2.54018
8.02778 11.1785 2.51115
8.03472 11.1499 2.48213
8.04167 11.0966 2.45311
8.04861 11.0197 2.42408
8.05556 10.9213 2.39506
8.0625 10.8039 2.36604
8.06944 10.6706 2.33701
8.07639 10.525 2.30799
8.08333 10.3712 2.27897
8.09028 10.2137 2.24995
8.09722 10.0574 2.22092
8.10417 9.90735 2.1919
8.11111 9.76858 2.16288
8.11806 9.64606 2.13385
8.125 9.54437 2.10483
8.13194 9.46751 2.07581
8.13889 9.41864 2.04678
8.14583 9.39995 2.01776
8.15278 9.41243 1.98874
8.15972 9.45585 1.95971
8.16667 9.52879 1.93069
8.17361 9.62873 1.90167
8.18056 9.75218 1.87265
8.1875 9.89497 1.84362
8.19444 10.0524 1.8146
8.20139 10.2196 1.78558
8.20833 10.3914 1.75655
8.21528 10.563 1.72753
8.22222 10.7298 1.69851
8.22917 10.8874 1.66948
8.23611 11.032 1.64046
8.24306 11.1604 1.61144
8.25 11.2696 1.58241
8.25694 11.3574 1.6082
8.26389 11.4223 1.64138
8.27083 11.4631 1.67456
8.27778 11.4795 1.70775
8.28472 11.4716 1.74093
8.29167 11.4402 1.77411
8.29861 11.3866 1.80729
8.30556 11.3129 1.84048
8.3125 11.2215 1.87366
8.31944 11.1155 1.90684
8.32639 10.9984 1.94002
8.33333 10.8743 1.97321
8.34028 10.7473 2.00639
8.34722 10.622 2.03957
8.35417 10.5032 2.07276
8.36111 10.3953 2.10594
8.36806 10.3029 2.13912
8.375 10.2298 2.1723
8.38194 10.1793 2.20549
8.38889 10.154 2.23867
8.39583 10.1554 2.27185
8.40278 10.1841 2.30503
8.40972 10.2393 2.33822
8.41667 10.3195 2.3714
8.42361 10.4221 2.40458
8.43056 10.5438 2.43776
8.4375 10.6805 2.47095
8.44444 10.8279 2.50413
8.45139 10.9815 2.53731
8.45833 11.1365 2.57049
8.46528 11.2885 2.60368
8.47222 11.4332 2.63686
8.47917 11.5667 2.67004
8.48611 11.6855 2.70323
8.49306 11.7865 2.73641
8.5 11.8672 2.76959
8.50694 11.9257 2.80277
8.51389 11.9606 2.83596
8.52083 11.9711 2.86914
8.52778 11.957 2.90232
8.53472 11.9187 2.9355
8.54167 11.8572 2.96869
8.54861 11.7741 3.00187
8.55556 11.6715 3.03505
8.5625 11.5521 3.06823
8.56944 11.4191 3.10142
8.57639 11.2762 3.1346
8.58333 11.1276 3.16778
8.59028 10.9777 3.20096
8.59722 10.8312 3.23415
8.60417 10.6928 3.26733
8.61111 10.5673 3.30051
8.61806 10.459 3.3337
8.625 10.372 3.36688
8.63194 10.3097 3.40006
8.63889 10.2746 3.43324
8.64583 10.2681 3.46643
8.65278 10.2908 3.49961
8.65972 10.342 3.53279
8.66667 10.42 3.56597
8.67361 10.5221 3.59916
8.68056 10.645 3.63234
8.6875 10.7844 3.66552
8.69444 10.9361 3.6987
8.70139 11.0952 3.73189
8.70833 11.2573 3.76507
8.71528 11.4176 3.79825
8.72222 11.572 3.83144
8.72917 11.7164 3.86462
8.73611 11.8474 3.8978
8.74306 11.962 3.93098
8.75 12.0576 3.96417
8.75694 12.1324 3.99735
8.76389 12.1849 4.03053
8.77083 12.2145 4.06371
8.77778 12.221 4.0969
8.78472 12.2047 4.13008
8.79167 12.1667 4.16326
8.79861 12.1087 4.19644
8.80556 12.0327 4.22963
8.8125 11.9414 4.26281
8.81944 11.838 4.29599
8.82639 11.7261 4.32917
8.83333 11.6095 4.36236
8.84028 11.4926 4.39554
8.84722 11.3797 4.42872
8.85417 11.275 4.46191
8.86111 11.1828 4.49509
8.86806 11.1069 4.52827
8.875 11.0508 4.56145
8.88194 11.017 4.59464
8.88889 11.0075 4.62782
8.89583 11.0232 4.661
8.90278 11.064 4.69418
8.90972 11.1289 4.72737
8.91667 11.2161 4.76055
8.92361 11.3226 4.79373
8.93056 11.4453 4.82691
8.9375 11.5801 4.8601
8.94444 11.7229 4.89328
8.95139 11.8694 4.92646
8.95833 12.0151 4.95965
8.96528 12.1561 4.99283
8.97222 12.2882 5.02601
8.97917 12.408 5.05919
8.98611 12.5122 5.09238
8.99306 12.5983 5.12556
9 12.6639 5.15874
9.00694 12.7076 5.16925
9.01389 12.7282 5.08709
9.02083 12.7253 5.00494
9.02778 12.6989 4.92278
9.03472 12.6498 4.84062
9.04167 12.5791 4.75846
9.04861 12.4888 4.67631
9.05556 12.3812 4.59415
9.0625 12.2592 4.51199
9.06944 12.1262 4.42983
9.07639 11.9858 4.34767
9.08333 11.8423 4.26552
9.09028 11.6999 4.18336
9.09722 11.5632 4.1012
9.10417 11.4367 4.01904
9.11111 11.3246 3.93689
9.11806 11.2309 3.85473
9.125 11.1589 3.77257
9.13194 11.1116 3.69041
9.13889 11.0906 3.60825
9.14583 11.0969 3.5261
9.15278 11.1305 3.44394
9.15972 11.1902 3.36178
9.16667 11.2741 3.27962
9.17361 11.3792 3.19747
9.18056 11.5023 3.11531
9.1875 11.6391 3.03315
9.19444 11.7856 2.95099
9.20139 11.9372 2.86883
9.20833 12.0897 2.78668
9.21528 12.2387 2.70452
9.22222 12.3804 2.62236
9.22917 12.5111 2.5402
9.23611 12.6277 2.45805
9.24306 12.7276 2.37589
9.25 12.8086 2.29373
9.25694 12.869 2.24468
9.26389 12.908 2.28401
9.27083 12.925 2.32335
9.27778 12.9202 2.36268
9.28472 12.8944 2.40201
9.29167 12.8487 2.44134
9.29861 12.7851 2.48067
9.30556 12.7059 2.52
9.3125 12.614 2.55933
9.31944 12.5126 2.59866
9.32639 12.4053 2.63799
9.33333 12.2961 2.67733
9.34028 12.1891 2.71666
9.34722 12.0883 2.75599
9.35417 11.9978 2.79532
9.36111 11.9213 2.83465
9.36806 11.8622 2.87398
9.375 11.8232 2.91331
9.38194 11.8063 2.95264
9.38889 11.8129 2.99197
9.39583 11.8433 3.03131
9.40278 11.8968 3.07064
9.40972 11.972 3.10997
9.41667 12.0667 3.1493
9.42361 12.1779 3.18863
9.43056 12.3022 3.22796
9.4375 12.4358 3.26729
9.44444 12.5746 3.30662
9.45139 12.7144 3.34595
9.45833 12.8512 3.38529
9.46528 12.9812 3.42462
9.47222 13.1007 3.46395
9.47917 13.2065 3.50328
9.48611 13.2958 3.54261
9.49306 13.3662 3.58194
9.5 13.4161 3.62127
9.50694 13.444 3.6606
9.51389 13.4494 3.69993
9.52083 13.4321 3.73927
9.52778 13.3925 3.7786
9.53472 13.3316 3.81793
9.54167 13.251 3.85726
9.54861 13.1528 3.89659
9.55556 13.0396 3.93592
9.5625 12.9145 3.97525
9.56944 12.781 4.01458
9.57639 12.6429 4.05392
9.58333 12.5043 4.09325
9.59028 12.3695 4.13258
9.59722 12.2427 4.17191
9.60417 12.1282 4.21124
9.61111 12.0298 4.25057
9.61806 11.9509 4.2899
9.625 11.8944 4.32923
9.63194 11.8623 4.36856
9.63889 11.856 4.4079
9.64583 11.8756 4.44723
9.65278 11.9206 4.48656
9.65972 11.9895 4.52589
9.66667 12.0799 4.56522
9.67361 12.1888 4.60455
9.68056 12.3127 4.64388
9.6875 12.4476 4.68321
9.69444 12.5893 4.72254
9.70139 12.7338 4.76188
9.70833 12.8768 4.80121
9.71528 13.0146 4.84054
9.72222 13.1433 4.87987
9.72917 13.2599 4.9192
9.73611 13.3615 4.95853
9.74306 13.4459 4.99786
9.75 13.5113 5.03719
9.75694 13.5565 5.07652
9.76389 13.5807 5.11586
9.77083 13.584 5.15519
9.77778 13.5669 5.19452
9.78472 13.5303 5.23385
9.79167 13.4759 5.27318
9.79861 13.4058 5.31251
9.80556 13.3225 5.35184
9.8125 13.2292 5.39117
9.81944 13.1292 5.4305
9.82639 13.0262 5.46984
9.83333 12.9241 5.50917
9.84028 12.8267 5.5485
9.84722 12.738 5.58783
9.85417 12.6616 5.62716
9.86111 12.6009 5.66649
9.86806 12.5586 5.70582
9.875 12.5369 5.74515
9.88194 12.5372 5.78449
9.88889 12.5602 5.82382
9.89583 12.6055 5.86315
9.90278 12.6721 5.90248
9.90972 12.758 5.94181
9.91667 12.8608 5.98114
9.92361 12.9773 6.02047
9.93056 13.1038 6.0598
9.9375 13.2367 6.09913
9.94444 13.3718 6.13847
9.95139 13.5054 6.1778
9.95833 13.6335 6.21713
9.96528 13.7526 6.25646
9.97222 13.8593 6.29579
9.97917 13.9509 6.33512
9.98611 14.0248 6.37445
9.99306 14.0792 6.40804
10 14.1126 6.41393
10.0069 14.1241 6.41982
10.0139 14.1135 6.42572
10.0208 14.081 6.43161
10.0278 14.0273 6.4375
10.0347 13.9539 6.44339
10.0417 13.8626 6.44928
10.0486 13.7559 6.45517
10.0556 13.6366 6.46107
10.0625 13.508 6.46696
10.0694 13.3737 6.47285
10.0764 13.2377 6.47874
10.0833 13.1041 6.48463
10.0903 12.9769 6.49053
10.0972 12.8603 6.49642
10.1042 12.7581 6.50231
10.1111 12.6736 6.5082
10.1181 12.6099 6.51409
10.125 12.5692 6.51999
10.1319 12.5528 6.52588
10.1389 12.5615 6.53177
10.1458 12.595 6.53766
10.1528 12.652 6.54355
10.1597 12.7306 6.54945
10.1667 12.8281 6.55534
10.1736 12.9414 6.56123
10.1806 13.0667 6.56712
10.1875 13.2001 6.57301
10.1944 13.3376 6.57891
10.2014 13.4752 6.5848
10.2083 13.6089 6.59069
10.2153 13.7353 6.59658
10.2222 13.8509 6.60247
10.2292 13.953 6.60836
10.2361 14.0391 6.61426
10.2431 14.1073 6.62015
10.25 14.1563 6.62604
10.2569 14.1852 6.63193
10.2639 14.1937 6.63782
10.2708 14.1823 6.64372
10.2778 14.1517 6.64961
10.2847 14.1034 6.6555
10.2917 14.0392 6.66139
10.2986 13.9617 6.66728
10.3056 13.8737 6.67318
10.3125 13.7784 6.67907
10.3194 13.6793 6.68496
10.3264 13.5801 6.69085
10.3333 13.4847 6.69674
10.3403 13.3968 6.70264
10.3472 13.3201 6.70853
10.3542 13.2579 6.71442
10.3611 13.213 6.72031
10.3681 13.1877 6.7262
10.375 13.1835 6.73209
10.3819 13.2013 6.73799
10.3889 13.2409 6.74388
10.3958 13.3015 6.74977
10.4028 13.3816 6.75566
10.4097 13.4787 6.76155
10.4167 13.59 6.76745
10.4236 13.7121 6.77334
10.4306 13.8413 6.77923
10.4375 13.9738 6.78512
10.4444 14.1057 6.79101
10.4514 14.2332 6.79691
10.4583 14.3528 6.8028
10.4653 14.4609 6.80869
10.4722 14.5548 6.81458
10.4792 14.6319 6.82047
10.4861 14.6902 6.82637
10.4931 14.728 6.83242
10.5 14.7443 6.83989
10.5069 14.7388 6.84736
10.5139 14.7115 6.85483
10.5208 14.663 6.8623
10.5278 14.5945 6.86977
10.5347 14.5079 6.87724
10.5417 14.4053 6.88471
10.5486 14.2895 6.89218
10.5556 14.1637 6.89965
10.5625 14.0312 6.90712
10.5694 13.8961 6.91459
10.5764 13.7621 6.92206
10.5833 13.6335 6.92953
10.5903 13.5142 6.93701
10.5972 13.4079 6.94448
10.6042 13.3183 6.95195
10.6111 13.2483 6.95942
10.6181 13.2003 6.96689
10.625 13.1758 6.97436
10.6319 13.1758 6.98183
10.6389 13.2002 6.9893
10.6458 13.248 6.99677
10.6528 13.3175 7.00424
10.6597 13.4065 7.01171
10.6667 13.5117 7.01918
10.6736 13.6299 7.02665
10.6806 13.7571 7.03412
10.6875 13.8895 7.04159
10.6944 14.0231 7.04906
10.7014 14.154 7.05653
10.7083 14.2786 7.064
10.7153 14.3935 7.07147
10.7222 14.4958 7.07894
10.7292 14.583 7.08641
10.7361 14.653 7.09388
10.7431 14.7043 7.10135
10.75 14.7361 7.10882
10.7569 14.7478 7.11629
10.7639 14.7397 7.12376
10.7708 14.7125 7.13123
10.7778 14.6675 7.1387
10.7847 14.6064 7.14617
10.7917 14.5317 7.15364
10.7986 14.446 7.16111
10.8056 14.3524 7.16858
10.8125 14.2544 7.17605
10.8194 14.1557 7.18352
10.8264 14.06 7.19099
10.8333 13.9712 7.19846
10.8403 13.8928 7.20593
10.8472 13.8281 7.2134
10.8542 13.7802 7.22087
10.8611 13.7514 7.22834
10.8681 13.7433 7.23582
10.875 13.7569 7.24329
10.8819 13.7924 7.25076
10.8889 13.849 7.25823
10.8958 13.9254 7.2657
10.9028 14.0193 7.27317
10.9097 14.128 7.28064
10.9167 14.2483 7.28811
10.9236 14.3764 7.29558
10.9306 14.5087 7.30305
10.9375 14.6412 7.31052
10.9444 14.7701 7.31799
10.9514 14.8918 7.32546
10.9583 15.0028 7.33293
10.9653 15.1 7.3404
10.9722 15.1809 7.34787
10.9792 15.2432 7.35534
10.9861 15.2853 7.36281
10.9931 15.3061 7.37028
11 15.3048 7.37775
11.0069 15.2815 7.38522
11.0139 15.2367 7.39269
11.0208 15.1716 7.40016
11.0278 15.0876 7.40763
11.0347 14.9871 7.4151
11.0417 14.8726 7.42257
11.0486 14.7472 7.43004
11.0556 14.6144 7.43751
11.0625 14.4779 7.44498
11.0694 14.3417 7.45245
11.0764 14.2098 7.45992
11.0833 14.0864 7.46739
11.0903 13.9752 7.47486
11.0972 13.8798 7.48233
11.1042 13.8034 7.4898
11.1111 13.7484 7.49727
11.1181 13.7167 7.50474
11.125 13.7092 7.51221
11.1319 13.7262 7.51968
11.1389 13.7668 7.52715
11.1458 13.8297 7.53463
11.1528 13.9126 7.5421
11.1597 14.0126 7.54957
11.1667 14.1262 7.55704
11.1736 14.2499 7.56451
11.1806 14.3796 7.57198
11.1875 14.5114 7.57945
11.1944 14.6414 7.58692
11.2014 14.7658 7.59439
11.2083 14.8813 7.60186
11.2153 14.9847 7.60933
11.2222 15.0734 7.6168
11.2292 15.1452 7.62427
11.2361 15.1986 7.63174
11.2431 15.2324 7.63921
11.25 15.2461 7.64668
11.2569 15.2398 7.65415
11.2639 15.214 7.66162
11.2708 15.17 7.66909
11.2778 15.1095 7.67656
11.2847 15.0348 7.68403
11.2917 14.9484 7.6915
11.2986 14.8536 7.69897
11.3056 14.7537 7.70644
11.3125 14.6525 7.71391
11.3194 14.5538 7.72138
11.3264 14.4613 7.72885
11.3333 14.3789 7.73632
11.3403 14.3099 7.74379
11.3472 14.2575 7.75126
11.3542 14.2241 7.75873
11.3611 14.2117 7.7662
11.3681 14.2213 7.77367
11.375 14.2532 7.78114
11.3819 14.3069 7.78861
11.3889 14.3811 7.79608
11.3958 14.4738 7.80355
11.4028 14.5821 7.81102
11.4097 14.7029 7.81849
11.4167 14.8326 7.82596
11.4236 14.9672 7.83344
11.4306 15.103 7.84091
11.4375 15.2358 7.84838
11.4444 15.3619 7.85585
11.4514 15.4779 7.86332
11.4583 15.5803 7.87079
11.4653 15.6666 7.87826
11.4722 15.7342 7.88573
11.4792 15.7815 7.8932
11.4861 15.807 7.90067
11.4931 15.81 7.90814
11.5 15.7905 7.91561
11.5069 15.7487 7.92172
11.5139 15.6857 7.92642
11.5208 15.6031 7.93113
11.5278 15.5029 7.93584
11.5347 15.3877 7.94055
11.5417 15.2606 7.94526
11.5486 15.125 7.94997
11.5556 14.9848 7.95467
11.5625 14.844 7.95938
11.5694 14.7066 7.96409
11.5764 14.5769 7.9688
11.5833 14.4589 7.97351
11.5903 14.3562 7.97822
11.5972 14.2723 7.98293
11.6042 14.2097 7.98763
11.6111 14.1705 7.99234
11.6181 14.156 7.99705
11.625 14.1665 8.00176
11.6319 14.2014 8.00647
11.6389 14.2594 8.01118
11.6458 14.3383 8.01589
11.6528 14.4354 8.02059
11.6597 14.5472 8.0253
11.6667 14.67 8.03001
11.6736 14.7999 8.03472
11.6806 14.9327 8.03943
11.6875 15.0644 8.04414
11.6944 15.1912 8.04885
11.7014 15.3094 8.05355
11.7083 15.4158 8.05826
11.7153 15.5076 8.06297
11.7222 15.5825 8.06768
11.7292 15.6386 8.07239
11.7361 15.6747 8.0771
11.7431 15.6902 8.08181
11.75 15.685 8.08651
11.7569 15.6597 8.09122
11.7639 15.6152 8.09593
11.7708 15.5533 8.10064
11.7778 15.4763 8.10535
11.7847 15.3867 8.11006
11.7917 15.2877 8.11477
11.7986 15.1829 8.11947
11.8056 15.0759 8.12418
11.8125 14.9708 8.12889
11.8194 14.8716 8.1336
11.8264 14.782 8.13831
11.8333 14.7059 8.14302
11.8403 14.6465 8.14772
11.8472 14.6065 8.15243
11.8542 14.5881 8.15714
11.8611 14.5926 8.16185
11.8681 14.6205 8.16656
11.875 14.6714 8.17127
11.8819 14.7441 8.17598
11.8889 14.8366 8.18068
11.8958 14.9462 8.18539
11.9028 15.0697 8.1901
11.9097 15.2033 8.19481
11.9167 15.343 8.19952
11.9236 15.4848 8.20423
11.9306 15.6244 8.20894
11.9375 15.7579 8.21364
11.9444 15.8816 8.21835
11.9514 15.992 8.22306
11.9583 16.086 8.22777
11.9653 16.1611 8.23248
11.9722 16.2153 8.23719
11.9792 16.247 8.2419
11.9861 16.2554 8.2466
11.9931 16.2402 8.25131
12 16.2016 8.25602
12.0069 16.1405 8.26073
12.0139 16.0584 8.26544
12.0208 15.9573 8.27623
12.0278 15.8399 8.29
12.0347 15.7092 8.30377
12.0417 15.5687 8.31753
12.0486 15.4223 8.3313
12.0556 15.2742 8.34506
12.0625 15.1286 8.35883
12.0694 14.99 8.3726
12.0764 14.8625 8.38636
12.0833 14.7502 8.40013
12.0903 14.6566 8.41389
12.0972 14.5847 8.42766
12.1042 14.5368 8.44143
12.1111 14.5145 8.45519
12.1181 14.5182 8.46896
12.125 14.5478 8.48272
12.1319 14.6018 8.49649
12.1389 14.6783 8.51026
12.1458 14.7745 8.52402
12.1528 14.8868 8.53779
12.1597 15.0116 8.55156
12.1667 15.1446 8.56532
12.1736 15.2816 8.57909
12.1806 15.4183 8.59285
12.1875 15.5506 8.60662
12.1944 15.6746 8.62039
12.2014 15.787 8.63415
12.2083 15.8845 8.64792
12.2153 15.9647 8.66168
12.2222 16.0254 8.67545
12.2292 16.0654 8.68922
12.2361 16.0837 8.70298
12.2431 16.0802 8.71675
12.25 16.0552 8.73052
12.2569 16.0097 8.74428
12.2639 15.9454 8.75805
12.2708 15.8644 8.77181
12.2778 15.7695 8.78558
12.2847 15.6639 8.79935
12.2917 15.5511 8.81311
12.2986 15.4352 8.82688
12.3056 15.3202 8.84064
12.3125 15.2105 8.85441
12.3194 15.1101 8.86818
12.3264 15.0232 8.88194
12.3333 14.9533 8.89571
12.3403 14.9036 8.90947
12.3472 14.8765 8.92324
12.3542 14.8736 8.93701
12.3611 14.8957 8.95077
12.3681 14.9427 8.96454
12.375 15.0134 8.97831
12.3819 15.1061 8.99207
12.3889 15.2179 9.00584
12.3958 15.3454 9.0196
12.4028 15.485 9.03337
12.4097 15.6322 9.04714
12.4167 15.7829 9.0609
12.4236 15.9325 9.07467
12.4306 16.0767 9.08843
12.4375 16.2115 9.1022
12.4444 16.3331 9.11597
12.4514 16.4382 9.12973
12.4583 16.5238 9.1435
12.4653 16.5878 9.15438
12.4722 16.6283 9.1636
12.4792 16.6441 9.17283
12.4861 16.6349 9.18205
12.4931 16.6006 9.19128
12.5 16.5421 9.2005
12.5069 16.4607 9.20972
12.5139 16.3585 9.21895
12.5208 16.2379 9.22817
12.5278 16.1022 9.2374
12.5347 15.9549 9.24662
12.5417 15.8 9.25585
12.5486 15.6419 9.26507
12.5556 15.4852 9.2743
12.5625 15.3344 9.28352
12.5694 15.1941 9.29274
12.5764 15.0688 9.30197
12.5833 14.9624 9.31119
12.5903 14.8783 9.32042
12.5972 14.8193 9.32964
12.6042 14.7871 9.33887
12.6111 14.7827 9.34809
12.6181 14.8061 9.35731
12.625 14.8561 9.36654
12.6319 14.9307 9.37576
12.6389 15.0272 9.38499
12.6458 15.142 9.39421
12.6528 15.2711 9.40344
12.6597 15.4102 9.41266
12.6667 15.5546 9.42189
12.6736 15.6999 9.43111
12.6806 15.8415 9.44033
12.6875 15.9752 9.44956
12.6944 16.0973 9.45878
12.7014 16.2042 9.46801
12.7083 16.2932 9.47723
12.7153 16.3618 9.48646
12.7222 16.4084 9.49568
12.7292 16.4319 9.5049
12.7361 16.4319 9.51413
12.7431 16.4085 9.52335
12.75 16.3627 9.53258
12.7569 16.2961 9.5418
12.7639 16.2106 9.55103
12.7708 16.1092 9.56025
12.7778 15.9951 9.56948
12.7847 15.872 9.5787
12.7917 15.7441 9.58792
12.7986 15.6158 9.59715
12.8056 15.4917 9.60637
12.8125 15.3764 9.6156
12.8194 15.2743 9.62482
12.8264 15.1895 9.63405
12.8333 15.1257 9.64327
12.8403 15.0858 9.65249
12.8472 15.0718 9.66172
12.8542 15.085 9.67094
12.8611 15.1256 9.68017
12.8681 15.1926 9.68939
12.875 15.2844 9.69862
12.8819 15.3981 9.70784
12.8889 15.5304 9.71707
12.8958 15.6772 9.72629
12.9028 15.834 9.73551
12.9097 15.9962 9.74474
12.9167 16.1588 9.75396
12.9236 16.3172 9.76319
12.9306 16.467 9.77241
12.9375 16.6038 9.78164
12.9444 16.7239 9.79086
12.9514 16.8242 9.80009
12.9583 16.9018 9.80931
12.9653 16.9546 9.81849
12.9722 16.9813 9.82766
12.9792 16.981 9.83682
12.9861 16.9536 9.84598
12.9931 16.8996 9.85514
13 16.8203 9.8643
13.0069 16.7176 9.87347
13.0139 16.5941 9.88263
13.0208 16.4528 9.89179
13.0278 16.2974 9.90095
13.0347 16.1322 9.91012
13.0417 15.9617 9.91928
13.0486 15.7907 9.92844
13.0556 15.6243 9.9376
13.0625 15.4675 9.94676
13.0694 15.3252 9.95593
13.0764 15.2018 9.96509
13.0833 15.1015 9.97425
13.0903 15.0273 9.98341
13.0972 14.9818 9.99258
13.1042 14.9663 10.0017
13.1111 14.9811 10.0109
13.1181 15.0254 10.0201
13.125 15.0974 10.0292
13.1319 15.1943 10.0384
13.1389 15.3124 10.0475
13.1458 15.4476 10.0567
13.1528 15.5951 10.0659
13.1597 15.7501 10.075
13.1667 15.9076 10.0842
13.1736 16.0625 10.0934
13.1806 16.2103 10.1025
13.1875 16.3467 10.1117
13.1944 16.4677 10.1208
13.2014 16.57 10.13
13.2083 16.651 10.1392
13.2153 16.7084 10.1483
13.2222 16.7409 10.1575
13.2292 16.7478 10.1667
13.2361 16.729 10.1758
13.2431 16.6852 10.185
13.25 16.6177 10.1941
13.2569 16.5288 10.2033
13.2639 16.421 10.2125
13.2708 16.2977 10.2216
13.2778 16.1628 10.2308
13.2847 16.0207 10.24
13.2917 15.8761 10.2491
13.2986 15.7339 10.2583
13.3056 15.5992 10.2674
13.3125 15.4772 10.2766
13.3194 15.3723 10.2858
13.3264 15.2891 10.2949
13.3333 15.231 10.3041
13.3403 15.2009 10.3133
13.3472 15.2004 10.3224
13.3542 15.2303 10.3316
13.3611 15.2902 10.3407
13.3681 15.3784 10.3499
13.375 15.4923 10.3591
13.3819 15.6285 10.3682
13.3889 15.7828 10.3774
13.3958 15.9502 10.3866
13.4028 16.1258 10.3957
13.4097 16.3042 10.4049
13.4167 16.4802 10.414
13.4236 16.6488 10.4232
13.4306 16.8052 10.4324
13.4375 16.9451 10.4415
13.4444 17.0647 10.4507
13.4514 17.1608 10.4598
13.4583 17.2308 10.469
13.4653 17.2729 10.4782
13.4722 17.2859 10.4873
13.4792 17.2692 10.4965
13.4861 17.2233 10.5057
13.4931 17.149 10.5148
13.5 17.0481 10.524
13.5069 16.9231 10.5331
13.5139 16.777 10.5423
13.5208 16.6136 10.5515
13.5278 16.4371 10.5606
13.5347 16.2525 10.5698
13.5417 16.0648 10.579
13.5486 15.8795 10.5881
13.5556 15.7022 10.5973
13.5625 15.5383 10.6064
13.5694 15.393 10.6156
13.5764 15.2711 10.6248
13.5833 15.1766 10.6339
13.5903 15.1126 10.6431
13.5972 15.0812 10.6523
13.6042 15.0832 10.6614
13.6111 15.1183 10.6706
13.6181 15.185 10.6797
13.625 15.2806 10.6889
13.6319 15.4015 10.6981
13.6389 15.5431 10.7072
13.6458 15.7006 10.7164
13.6528 15.8685 10.7256
13.6597 16.0413 10.7347
13.6667 16.2135 10.7439
13.6736 16.3799 10.753
13.6806 16.5355 10.7622
13.6875 16.6759 10.7714
13.6944 16.7971 10.7805
13.7014 16.896 10.7897
13.7083 16.9698 10.7989
13.7153 17.0167 10.808
13.7222 17.0355 10.8172
13.7292 17.0259 10.8263
13.7361 16.9882 10.8355
13.7431 16.9235 10.8447
13.75 16.8337 10.8538
13.7569 16.7214 10.863
13.7639 16.59 10.8721
13.7708 16.4435 10.8813
13.7778 16.2862 10.8905
13.7847 16.1233 10.8996
13.7917 15.9602 10.9088
13.7986 15.8024 10.918
13.8056 15.6556 10.9271
13.8125 15.5253 10.9363
13.8194 15.4166 10.9454
13.8264 15.3339 10.9546
13.8333 15.281 10.9638
13.8403 15.2604 10.9729
13.8472 15.2735 10.9821
13.8542 15.3206 10.9913
13.8611 15.4005 11.0004
13.8681 15.5109 11.0096
13.875 15.6483 11.0187
13.8819 15.8083 11.0279
13.8889 15.986 11.0371
13.8958 16.1757 11.0462
13.9028 16.3716 11.0554
13.9097 16.568 11.0646
13.9167 16.759 11.0737
13.9236 16.9392 11.0829
13.9306 17.1037 11.092
13.9375 17.2481 11.1012
13.9444 17.3683 11.1104
13.9514 17.4614 11.1195
13.9583 17.5247 11.1287
13.9653 17.5567 11.1388
13.9722 17.5564 11.1489
13.9792 17.5235 11.159
13.9861 17.4589 11.1691
13.9931 17.3639 11.1792
14 17.2408 11.1894
14.0069 17.0925 11.1995
14.0139 16.9227 11.2096
14.0208 16.7358 11.2197
14.0278 16.5367 11.2298
14.0347 16.331 11.2399
14.0417 16.1244 11.25
14.0486 15.923 11.2601
14.0556 15.7332 11.2703
14.0625 15.5607 11.2804
14.0694 15.4113 11.2905
14.0764 15.29 11.3006
14.0833 15.2008 11.3107
14.0903 15.1468 11.3208
14.0972 15.1297 11.3309
14.1042 15.1498 11.341
14.1111 15.2063 11.3511
14.1181 15.2966 11.3613
14.125 15.4173 11.3714
14.1319 15.5638 11.3815
14.1389 15.7308 11.3916
14.1458 15.9125 11.4017
14.1528 16.1026 11.4118
14.1597 16.2952 11.4219
14.1667 16.4842 11.432
14.1736 16.664 11.4422
14.1806 16.8293 11.4523
14.1875 16.9755 11.4624
14.1944 17.0987 11.4725
14.2014 17.1955 11.4826
14.2083 17.2635 11.4927
14.2153 17.3009 11.5028
14.2222 17.3068 11.5129
14.2292 17.2812 11.523
14.2361 17.2248 11.5332
14.2431 17.1391 11.5433
14.25 17.0266 11.5534
14.2569 16.8903 11.5635
14.2639 16.7343 11.5736
14.2708 16.5631 11.5837
14.2778 16.382 11.5938
14.2847 16.1966 11.6039
14.2917 16.0132 11.6141
14.2986 15.8379 11.6242
14.3056 15.6771 11.6343
14.3125 15.5368 11.6444
14.3194 15.4226 11.6545
14.3264 15.3393 11.6646
14.3333 15.2905 11.6747
14.3403 15.2789 11.6848
14.3472 15.3055 11.6949
14.3542 15.3699 11.7051
14.3611 15.4704 11.7152
14.3681 15.6037 11.7253
14.375 15.7656 11.7354
14.3819 15.9508 11.7455
14.3889 16.1533 11.7556
14.3958 16.3669 11.7657
14.4028 16.5848 11.7758
14.4097 16.8008 11.786
14.4167 17.0085 11.7961
14.4236 17.2022 11.8062
14.4306 17.3765 11.8163
14.4375 17.5269 11.8264
14.4444 17.6494 11.8365
14.4514 17.7408 11.8466
14.4583 17.7987 11.8567
14.4653 17.8216 11.8668
14.4722 17.8087 11.877
14.4792 17.7603 11.8871
14.4861 17.6773 11.8972
14.4931 17.5616 11.9073
14.5 17.4158 11.9174
14.5069 17.2436 11.9275
14.5139 17.0492 11.9376
14.5208 16.8376 11.9477
14.5278 16.6144 11.9579
14.5347 16.3858 11.968
14.5417 16.1585 11.9781
14.5486 15.9393 11.9882
14.5556 15.7349 11.9983
14.5625 15.5521 12.0084
14.5694 15.397 12.0185
14.5764 15.2749 12.0286
14.5833 15.1901 12.0387
14.5903 15.1455 12.0489
14.5972 15.1425 12.059
14.6042 15.181 12.0691
14.6111 15.2593 12.0792
14.6181 15.3742 12.0893
14.625 15.5212 12.0994
14.6319 15.6948 12.1095
14.6389 15.8887 12.1196
14.6458 16.0963 12.1297
14.6528 16.3106 12.1399
14.6597 16.525 12.15
14.6667 16.7328 12.1601
14.6736 16.928 12.1702
14.6806 17.105 12.1803
14.6875 17.259 12.1904
