time error errTLE
0 0 0
0.00694444 0.0104895 0.00211895
0.0138889 0.0207784 0.0042379
0.0208333 0.0309107 0.00635685
0.0277778 0.0409408 0.0084758
0.0347222 0.0509409 0.0105947
0.0416667 0.061003 0.0127137
0.0486111 0.0712394 0.0148326
0.0555556 0.081785 0.0169516
0.0625 0.092801 0.0190705
0.0694444 0.104472 0.0211895
0.0763889 0.117002 0.0233084
0.0833333 0.130611 0.0254274
0.0902778 0.145522 0.0275463
0.0972222 0.161948 0.0296653
0.104167 0.180085 0.0317842
0.111111 0.200094 0.0339032
0.118056 0.222087 0.0360221
0.125 0.246133 0.0381411
0.131944 0.272238 0.04026
0.138889 0.300341 0.042379
0.145833 0.330339 0.0444979
0.152778 0.362052 0.0466169
0.159722 0.395252 0.0487358
0.166667 0.429664 0.0508548
0.173611 0.464965 0.0529737
0.180556 0.500778 0.0550927
0.1875 0.536717 0.0572116
0.194444 0.572353 0.0593306
0.201389 0.607233 0.0614495
0.208333 0.640915 0.0635685
0.215278 0.672935 0.0656874
0.222222 0.702842 0.0678064
0.229167 0.730208 0.0699253
0.236111 0.754632 0.0720443
0.243056 0.775727 0.0741632
0.25 0.793179 0.0762822
0.256944 0.806714 0.0784011
0.263889 0.816112 0.0805201
0.270833 0.821254 0.082639
0.277778 0.822076 0.084758
0.284722 0.818614 0.0868769
0.291667 0.811013 0.0889959
0.298611 0.799527 0.0911148
0.305556 0.784515 0.0932337
0.3125 0.766503 0.0953527
0.319444 0.746145 0.0974716
0.326389 0.724251 0.0995906
0.333333 0.701818 0.10171
0.340278 0.679984 0.103828
0.347222 0.660034 0.105947
0.354167 0.643343 0.108066
0.361111 0.631277 0.110185
0.368056 0.625057 0.112304
0.375 0.625619 0.114423
0.381944 0.633462 0.116542
0.388889 0.648585 0.118661
0.395833 0.6705 0.12078
0.402778 0.698337 0.122899
0.409722 0.730981 0.125018
0.416667 0.767205 0.127137
0.423611 0.805781 0.129256
0.430556 0.845565 0.131375
0.4375 0.885506 0.133494
0.444444 0.924691 0.135613
0.451389 0.962344 0.137732
0.458333 0.997798 0.139851
0.465278 1.03053 0.14197
0.472222 1.06012 0.144089
0.479167 1.08625 0.146207
0.486111 1.1087 0.148326
0.493056 1.12738 0.150445
0.5 1.14224 0.152564
0.506944 1.15332 0.154683
0.513889 1.16076 0.156802
0.520833 1.16474 0.158921
0.527778 1.16551 0.16104
0.534722 1.16338 0.163159
0.541667 1.15869 0.165278
0.548611 1.15183 0.167397
0.555556 1.14322 0.169516
0.5625 1.13329 0.171635
0.569444 1.12249 0.173754
0.576389 1.11126 0.175873
0.583333 1.10004 0.177992
0.590278 1.08925 0.180111
0.597222 1.07925 0.18223
0.604167 1.07037 0.184349
0.611111 1.06288 0.186467
0.618056 1.05699 0.188586
0.625 1.05281 0.190705
0.631944 1.05039 0.192824
0.638889 1.0497 0.194943
0.645833 1.05061 0.197062
0.652778 1.05293 0.199181
0.659722 1.05641 0.2013
0.666667 1.06072 0.203419
0.673611 1.0655 0.205538
0.680556 1.07035 0.207657
0.6875 1.07485 0.209776
0.694444 1.07857 0.211895
0.701389 1.08109 0.214014
0.708333 1.08198 0.216133
0.715278 1.08086 0.218252
0.722222 1.07736 0.220371
0.729167 1.07115 0.22249
0.736111 1.06193 0.224609
0.743056 1.04948 0.226728
0.75 1.03359 0.228846
0.756944 1.01414 0.230965
0.763889 0.991048 0.233084
0.770833 0.964295 0.235203
0.777778 0.933927 0.237322
0.784722 0.900045 0.239441
0.791667 0.862798 0.24156
0.798611 0.822389 0.243679
0.805556 0.779089 0.245798
0.8125 0.733183 0.247917
0.819444 0.685011 0.250036
0.826389 0.634922 0.252155
0.833333 0.583374 0.254274
0.840278 0.530776 0.256393
0.847222 0.477606 0.258512
0.854167 0.424395 0.260631
0.861111 0.37179 0.26275
0.868056 0.320669 0.264869
0.875 0.27231 0.266988
0.881944 0.228839 0.269106
0.888889 0.193867 0.271225
0.895833 0.172884 0.273344
0.902778 0.171463 0.275463
0.909722 0.190502 0.277582
0.916667 0.225449 0.279701
0.923611 0.270904 0.28182
0.930556 0.32324 0.283939
0.9375 0.380433 0.286058
0.944444 0.441422 0.288177
0.951389 0.505641 0.290296
0.958333 0.572744 0.292415
0.965278 0.642495 0.294534
0.972222 0.714679 0.296653
0.979167 0.789056 0.298772
0.986111 0.86535 0.300891
0.993056 0.943248 0.30301
1 1.02237 0.305129
1.00694 1.10228 0.307248
1.01389 1.18254 0.309367
1.02083 1.26263 0.311485
1.02778 1.34203 0.313604
1.03472 1.42021 0.315723
1.04167 1.49662 0.317842
1.04861 1.57072 0.319961
1.05556 1.64199 0.32208
1.0625 1.70994 0.324199
1.06944 1.7741 0.326318
1.07639 1.83408 0.328437
1.08333 1.88949 0.330556
1.09028 1.94004 0.332675
1.09722 1.98548 0.334794
1.10417 2.02564 0.336913
1.11111 2.0604 0.339032
1.11806 2.08974 0.341151
1.125 2.11368 0.34327
1.13194 2.13233 0.345389
1.13889 2.14588 0.347508
1.14583 2.15455 0.349627
1.15278 2.15867 0.351746
1.15972 2.15859 0.353864
1.16667 2.15473 0.355983
1.17361 2.14753 0.358102
1.18056 2.13752 0.360221
1.1875 2.12518 0.36234
1.19444 2.11108 0.364459
1.20139 2.09577 0.366578
1.20833 2.07976 0.368697
1.21528 2.06362 0.370816
1.22222 2.04782 0.372935
1.22917 2.03283 0.375054
1.23611 2.01905 0.377173
1.24306 2.00683 0.379292
1.25 1.99644 0.381411
1.25694 1.98807 0.38353
1.26389 1.98183 0.385649
1.27083 1.97773 0.387768
1.27778 1.97569 0.389887
1.28472 1.97556 0.392006
1.29167 1.9771 0.394124
1.29861 1.97998 0.396243
1.30556 1.98384 0.398362
1.3125 1.98825 0.400481
1.31944 1.99273 0.4026
1.32639 1.99682 0.404719
1.33333 1.99999 0.406838
1.34028 2.00174 0.408957
1.34722 2.00159 0.411076
1.35417 1.99905 0.413195
1.36111 1.99368 0.415314
1.36806 1.9851 0.417433
1.375 1.97295 0.419552
1.38194 1.95692 0.421671
1.38889 1.93682 0.42379
1.39583 1.91246 0.425909
1.40278 1.88376 0.428028
1.40972 1.85071 0.430147
1.41667 1.81339 0.432266
1.42361 1.77193 0.434385
1.43056 1.72658 0.436503
1.4375 1.67763 0.438622
1.44444 1.62549 0.440741
1.45139 1.57065 0.44286
1.45833 1.51366 0.444979
1.46528 1.45516 0.447098
1.47222 1.39592 0.449217
1.47917 1.33675 0.451336
1.48611 1.27858 0.453455
1.49306 1.22247 0.455574
1.5 1.16954 0.457693
1.50694 1.12104 0.459812
1.51389 1.07832 0.461931
1.52083 1.04273 0.46405
1.52778 1.01562 0.466169
1.53472 0.998215 0.468288
1.54167 0.991497 0.470407
1.54861 0.996115 0.472526
1.55556 1.01233 0.474645
1.5625 1.03996 0.476763
1.56944 1.07845 0.478882
1.57639 1.127 0.481001
1.58333 1.18462 0.48312
1.59028 1.25024 0.485239
1.59722 1.32282 0.487358
1.60417 1.40131 0.489477
1.61111 1.48475 0.491596
1.61806 1.57221 0.493715
1.625 1.66282 0.495834
1.63194 1.75574 0.497953
1.63889 1.85018 0.500072
1.64583 1.94536 0.502191
1.65278 2.04054 0.50431
1.65972 2.13496 0.506429
1.66667 2.22794 0.508548
1.67361 2.31876 0.510667
1.68056 2.40678 0.512786
1.6875 2.49137 0.514905
1.69444 2.57195 0.517024
1.70139 2.64798 0.519142
1.70833 2.71898 0.521261
1.71528 2.78453 0.52338
1.72222 2.84428 0.525499
1.72917 2.89793 0.527618
1.73611 2.94528 0.529737
1.74306 2.9862 0.531856
1.75 3.02063 0.533975
1.75694 3.0486 0.536094
1.76389 3.07023 0.538213
1.77083 3.08569 0.540332
1.77778 3.09525 0.542451
1.78472 3.09924 0.54457
1.79167 3.09806 0.546689
1.79861 3.09216 0.548808
1.80556 3.08205 0.550927
1.8125 3.06828 0.553046
1.81944 3.05143 0.555165
1.82639 3.03208 0.557284
1.83333 3.01092 0.559402
1.84028 2.98854 0.561521
1.84722 2.96553 0.56364
1.85417 2.94249 0.565759
1.86111 2.91995 0.567878
1.86806 2.89842 0.569997
1.875 2.87833 0.572116
1.88194 2.86003 0.574235
1.88889 2.84381 0.576354
1.89583 2.82987 0.578473
1.90278 2.8183 0.580592
1.90972 2.8091 0.582711
1.91667 2.8022 0.58483
1.92361 2.79739 0.586949
1.93056 2.79443 0.589068
1.9375 2.79296 0.591187
1.94444 2.79258 0.593306
1.95139 2.79284 0.595425
1.95833 2.79321 0.597544
1.96528 2.79318 0.599663
1.97222 2.7922 0.601781
1.97917 2.78972 0.6039
1.98611 2.78521 0.606019
1.99306 2.77817 0.608138
2 2.76811 0.610257
2.00694 2.75462 0.612376
2.01389 2.73733 0.614495
2.02083 2.71593 0.616614
2.02778 2.6902 0.618733
2.03472 2.65999 0.620852
2.04167 2.62523 0.622971
2.04861 2.58594 0.62509
2.05556 2.54226 0.627209
2.0625 2.49439 0.629328
2.06944 2.44263 0.631447
2.07639 2.38741 0.633566
2.08333 2.32923 0.635685
2.09028 2.26869 0.637804
2.09722 2.2065 0.639923
2.10417 2.14346 0.642041
2.11111 2.08046 0.64416
2.11806 2.0185 0.646279
2.125 1.95863 0.648398
2.13194 1.902 0.650517
2.13889 1.84984 0.652636
2.14583 1.80337 0.654755
2.15278 1.76384 0.656874
2.15972 1.73244 0.658993
2.16667 1.71028 0.661112
2.17361 1.69829 0.663231
2.18056 1.69722 0.66535
2.1875 1.70753 0.667469
2.19444 1.72941 0.669588
2.20139 1.76275 0.671707
2.20833 1.80717 0.673826
2.21528 1.86205 0.675945
2.22222 1.92662 0.678064
2.22917 1.99996 0.680183
2.23611 2.08108 0.682302
2.24306 2.16897 0.68442
2.25 2.26256 0.686539
2.25694 2.36082 0.688658
2.26389 2.46274 0.690777
2.27083 2.5673 0.692896
2.27778 2.67352 0.695015
2.28472 2.78046 0.697134
2.29167 2.88718 0.699253
2.29861 2.9928 0.701372
2.30556 3.09646 0.703491
2.3125 3.19733 0.70561
2.31944 3.29465 0.707729
2.32639 3.3877 0.709848
2.33333 3.47581 0.711967
2.34028 3.5584 0.714086
2.34722 3.63492 0.716205
2.35417 3.70493 0.718324
2.36111 3.76805 0.720443
2.36806 3.824 0.722562
2.375 3.87258 0.72468
2.38194 3.91367 0.726799
2.38889 3.94726 0.728918
2.39583 3.97341 0.731037
2.40278 3.99229 0.733156
2.40972 4.00414 0.735275
2.41667 4.00927 0.737394
2.42361 4.0081 0.739513
2.43056 4.00108 0.741632
2.4375 3.98875 0.743751
2.44444 3.97168 0.74587
2.45139 3.95051 0.747989
2.45833 3.92587 0.750108
2.46528 3.89845 0.752227
2.47222 3.86894 0.754346
2.47917 3.838 0.756465
2.48611 3.8063 0.758584
2.49306 3.77447 0.760703
2.5 3.74309 0.762822
2.50694 3.71269 0.764941
2.51389 3.68374 0.767059
2.52083 3.65663 0.768067
2.52778 3.63164 0.766848
2.53472 3.60901 0.76563
2.54167 3.58882 0.764412
2.54861 3.5711 0.763193
2.55556 3.55577 0.761975
2.5625 3.54263 0.760757
2.56944 3.53143 0.759538
2.57639 3.52182 0.75832
2.58333 3.51339 0.757102
2.59028 3.50567 0.755883
2.59722 3.49816 0.754665
2.60417 3.4903 0.753446
2.61111 3.48153 0.752228
2.61806 3.47133 0.75101
2.625 3.45912 0.749791
2.63194 3.44441 0.748573
2.63889 3.42672 0.747355
2.64583 3.40562 0.746136
2.65278 3.38075 0.744918
2.65972 3.35184 0.7437
2.66667 3.31866 0.742481
2.67361 3.2811 0.741263
2.68056 3.23915 0.740045
2.6875 3.19285 0.738826
2.69444 3.1424 0.737608
2.70139 3.08808 0.73639
2.70833 3.03028 0.735171
2.71528 2.96949 0.733953
2.72222 2.90632 0.732735
2.72917 2.84149 0.731516
2.73611 2.7758 0.730298
2.74306 2.71019 0.72908
2.75 2.64565 0.727861
2.75694 2.58327 0.726643
2.76389 2.52423 0.725425
2.77083 2.46974 0.724206
2.77778 2.42105 0.722988
2.78472 2.3794 0.721769
2.79167 2.34598 0.720551
2.79861 2.32191 0.719333
2.80556 2.30817 0.718114
2.8125 2.30556 0.716896
2.81944 2.31466 0.715678
2.82639 2.33576 0.714459
2.83333 2.36901 0.713241
2.84028 2.41416 0.712023
2.84722 2.4708 0.710804
2.85417 2.53828 0.709586
2.86111 2.61579 0.708368
2.86806 2.70242 0.707149
2.875 2.79713 0.705931
2.88194 2.89885 0.704713
2.88889 3.00648 0.703494
2.89583 3.11889 0.702276
2.90278 3.23495 0.701058
2.90972 3.35356 0.699839
2.91667 3.47361 0.698621
2.92361 3.59402 0.697403
2.93056 3.71377 0.696184
2.9375 3.83184 0.694966
2.94444 3.94725 0.693748
2.95139 4.05912 0.692529
2.95833 4.16657 0.691311
2.96528 4.2688 0.690092
2.97222 4.3651 0.688874
2.97917 4.45481 0.687656
2.98611 4.53736 0.686437
2.99306 4.61228 0.685219
3 4.67919 0.684001
3.00694 4.73777 0.682782
3.01389 4.78787 0.681564
3.02083 4.82936 0.680346
3.02778 4.86227 0.679127
3.03472 4.8867 0.677909
3.04167 4.90285 0.676691
3.04861 4.91101 0.675472
3.05556 4.91156 0.674254
3.0625 4.90495 0.673036
3.06944 4.89171 0.671817
3.07639 4.87244 0.670599
3.08333 4.84776 0.669381
3.09028 4.81837 0.668162
3.09722 4.78499 0.666944
3.10417 4.74833 0.665726
3.11111 4.70914 0.664507
3.11806 4.66815 0.663289
3.125 4.62606 0.662071
3.13194 4.58355 0.660852
3.13889 4.54125 0.659634
3.14583 4.49972 0.658415
3.15278 4.45947 0.657197
3.15972 4.42091 0.655979
3.16667 4.38437 0.65476
3.17361 4.35009 0.653542
3.18056 4.31821 0.652324
3.1875 4.28877 0.651105
3.19444 4.2617 0.649887
3.20139 4.23686 0.648669
3.20833 4.214 0.64745
3.21528 4.1928 0.646232
3.22222 4.17286 0.645014
3.22917 4.15375 0.643795
3.23611 4.13495 0.642577
3.24306 4.11596 0.641359
3.25 4.09623 0.64014
3.25694 4.07522 0.638922
3.26389 4.05242 0.637704
3.27083 4.02733 0.636485
3.27778 3.99949 0.635267
3.28472 3.96851 0.634049
3.29167 3.93406 0.63283
3.29861 3.89588 0.631612
3.30556 3.85382 0.630394
3.3125 3.80777 0.629175
3.31944 3.75778 0.627957
3.32639 3.70399 0.626738
3.33333 3.64662 0.62552
3.34028 3.58603 0.624302
3.34722 3.52271 0.623083
3.35417 3.45722 0.621865
3.36111 3.39025 0.620647
3.36806 3.32264 0.619428
3.375 3.25528 0.61821
3.38194 3.18918 0.616992
3.38889 3.12545 0.615773
3.39583 3.06525 0.614555
3.40278 3.00984 0.613337
3.40972 2.96045 0.612118
3.41667 2.91836 0.6109
3.42361 2.88476 0.609682
3.43056 2.86084 0.608463
3.4375 2.84759 0.607245
3.44444 2.84588 0.606027
3.45139 2.85639 0.604808
3.45833 2.87954 0.60359
3.46528 2.91551 0.602372
3.47222 2.96423 0.601153
3.47917 3.02537 0.599935
3.48611 3.09838 0.598717
3.49306 3.18256 0.597498
3.5 3.277 0.59628
3.50694 3.38071 0.595061
3.51389 3.49261 0.593843
3.52083 3.61152 0.592625
3.52778 3.73626 0.591406
3.53472 3.86562 0.590188
3.54167 3.99838 0.58897
3.54861 4.13331 0.587751
3.55556 4.26923 0.586533
3.5625 4.40495 0.585315
3.56944 4.53933 0.584096
3.57639 4.67127 0.582878
3.58333 4.79971 0.58166
3.59028 4.92367 0.580441
3.59722 5.0422 0.579223
3.60417 5.15445 0.578005
3.61111 5.25964 0.576786
3.61806 5.3571 0.575568
3.625 5.44619 0.57435
3.63194 5.52645 0.573131
3.63889 5.59747 0.571913
3.64583 5.65895 0.570695
3.65278 5.71073 0.569476
3.65972 5.75273 0.568258
3.66667 5.78498 0.56704
3.67361 5.80761 0.565821
3.68056 5.82088 0.564603
3.6875 5.82511 0.563384
3.69444 5.82072 0.562166
3.70139 5.80825 0.560948
3.70833 5.78824 0.559729
3.71528 5.76136 0.558511
3.72222 5.7283 0.557293
3.72917 5.6898 0.556074
3.73611 5.64661 0.554856
3.74306 5.59955 0.553638
3.75 5.54937 0.552419
3.75694 5.49687 0.551201
3.76389 5.4428 0.549983
3.77083 5.38787 0.548764
3.77778 5.33276 0.547546
3.78472 5.27808 0.546328
3.79167 5.22437 0.545109
3.79861 5.17208 0.543891
3.80556 5.1216 0.542673
3.8125 5.07318 0.541454
3.81944 5.02701 0.540236
3.82639 4.98314 0.539018
3.83333 4.94162 0.537799
3.84028 4.90231 0.536581
3.84722 4.865 0.535363
3.85417 4.82942 0.534144
3.86111 4.7952 0.532926
3.86806 4.76196 0.531708
3.875 4.72923 0.530489
3.88194 4.69653 0.529271
3.88889 4.66337 0.528052
3.89583 4.62925 0.526834
3.90278 4.59368 0.525616
3.90972 4.55621 0.524397
3.91667 4.51644 0.523179
3.92361 4.47401 0.521961
3.93056 4.42864 0.520742
3.9375 4.38011 0.519524
3.94444 4.32832 0.518306
3.95139 4.27325 0.517087
3.95833 4.21498 0.515869
3.96528 4.15372 0.514651
3.97222 4.08978 0.513432
3.97917 4.02357 0.512214
3.98611 3.95565 0.510996
3.99306 3.8867 0.509777
4 3.81747 0.508559
4.00694 3.74887 0.507341
4.01389 3.68191 0.506122
4.02083 3.61764 0.504904
4.02778 3.55726 0.503686
4.03472 3.502 0.502467
4.04167 3.45312 0.501249
4.04861 3.41187 0.500031
4.05556 3.37952 0.498812
4.0625 3.35722 0.497594
4.06944 3.34604 0.496375
4.07639 3.34692 0.495157
4.08333 3.36057 0.493939
4.09028 3.3875 0.49272
4.09722 3.42798 0.491502
4.10417 3.48202 0.490284
4.11111 3.54938 0.489065
4.11806 3.62962 0.487847
4.125 3.72206 0.486629
4.13194 3.82585 0.48541
4.13889 3.94002 0.484192
4.14583 4.06345 0.482974
4.15278 4.19498 0.481755
4.15972 4.33335 0.480537
4.16667 4.47727 0.479319
4.17361 4.62543 0.4781
4.18056 4.77653 0.476882
4.1875 4.92924 0.475664
4.19444 5.08227 0.474445
4.20139 5.23437 0.473227
4.20833 5.38427 0.472009
4.21528 5.53082 0.47079
4.22222 5.67287 0.469572
4.22917 5.80936 0.468354
4.23611 5.93928 0.467135
4.24306 6.06176 0.465917
4.25 6.17595 0.464698
4.25694 6.28114 0.46348
4.26389 6.37671 0.462262
4.27083 6.46215 0.461043
4.27778 6.53706 0.459825
4.28472 6.60116 0.458607
4.29167 6.65429 0.457388
4.29861 6.69638 0.45617
4.30556 6.72752 0.454952
4.3125 6.74786 0.453733
4.31944 6.75769 0.452515
4.32639 6.75739 0.451297
4.33333 6.74742 0.450078
4.34028 6.72835 0.44886
4.34722 6.70081 0.447642
4.35417 6.66549 0.446423
4.36111 6.62314 0.445205
4.36806 6.57456 0.443987
4.375 6.52054 0.442768
4.38194 6.46194 0.44155
4.38889 6.39959 0.440332
4.39583 6.33431 0.439113
4.40278 6.26691 0.437895
4.40972 6.19815 0.442878
4.41667 6.12874 0.460344
4.42361 6.05933 0.47781
4.43056 5.99052 0.495276
4.4375 5.9228 0.512742
4.44444 5.8566 0.530208
4.45139 5.79224 0.547674
4.45833 5.72994 0.56514
4.46528 5.66984 0.582606
4.47222 5.61198 0.600072
4.47917 5.55629 0.617538
4.48611 5.50264 0.635004
4.49306 5.4508 0.65247
4.5 5.40048 0.669936
4.50694 5.35133 0.687402
4.51389 5.30296 0.704868
4.52083 5.25494 0.722334
4.52778 5.20683 0.7398
4.53472 5.15821 0.757266
4.54167 5.10864 0.774732
4.54861 5.05772 0.792198
4.55556 5.00511 0.809664
4.5625 4.95052 0.82713
4.56944 4.89372 0.844596
4.57639 4.83457 0.862062
4.58333 4.77302 0.879528
4.59028 4.70911 0.896994
4.59722 4.64301 0.91446
4.60417 4.57498 0.931926
4.61111 4.50539 0.949392
4.61806 4.43477 0.966858
4.625 4.36372 0.984323
4.63194 4.29299 1.00179
4.63889 4.22344 1.01926
4.64583 4.15602 1.03672
4.65278 4.09181 1.05419
4.65972 4.03194 1.07165
4.66667 3.97764 1.08912
4.67361 3.93015 1.10659
4.68056 3.89074 1.12405
4.6875 3.86065 1.14152
4.69444 3.84106 1.15898
4.70139 3.83308 1.17645
4.70833 3.83765 1.19392
4.71528 3.85555 1.21138
4.72222 3.88737 1.22885
4.72917 3.93342 1.24631
4.73611 3.99378 1.26378
4.74306 4.06833 1.28125
4.75 4.15663 1.29871
4.75694 4.2581 1.31618
4.76389 4.37193 1.33364
4.77083 4.49715 1.35111
4.77778 4.63266 1.36857
4.78472 4.77728 1.38604
4.79167 4.92969 1.40351
4.79861 5.08857 1.42097
4.80556 5.25253 1.43844
4.8125 5.42018 1.4559
4.81944 5.59009 1.47337
4.82639 5.76084 1.49084
4.83333 5.93111 1.5083
4.84028 6.09952 1.52577
4.84722 6.26476 1.54323
4.85417 6.42557 1.5607
4.86111 6.58075 1.57817
4.86806 6.72919 1.59563
4.875 6.86986 1.6131
4.88194 7.00179 1.63056
4.88889 7.12415 1.64803
4.89583 7.2362 1.6655
4.90278 7.33731 1.68296
4.90972 7.42698 1.70043
4.91667 7.5048 1.71789
4.92361 7.57052 1.73536
4.93056 7.62399 1.75283
4.9375 7.66518 1.77029
4.94444 7.6942 1.78776
4.95139 7.71126 1.80522
4.95833 7.71666 1.82269
4.96528 7.71085 1.84016
4.97222 7.69434 1.85762
4.97917 7.66773 1.87509
4.98611 7.6317 1.89255
4.99306 7.58701 1.91002
5 7.53444 1.92749
5.00694 7.47484 1.94495
5.01389 7.40908 1.96242
5.02083 7.33802 1.97988
5.02778 7.26257 1.99735
5.03472 7.18359 2.01482
5.04167 7.10192 2.01856
5.04861 7.01837 2.01535
5.05556 6.93372 2.01214
5.0625 6.84864 2.00893
5.06944 6.76377 2.00572
5.07639 6.67967 2.00251
5.08333 6.59681 1.9993
5.09028 6.51555 1.9961
5.09722 6.43618 1.99289
5.10417 6.35889 1.98968
5.11111 6.28377 1.98647
5.11806 6.21084 1.98326
5.125 6.14 1.98005
5.13194 6.0711 1.97684
5.13889 6.00392 1.97363
5.14583 5.93818 1.97042
5.15278 5.87355 1.96721
5.15972 5.80969 1.96401
5.16667 5.74623 1.9608
5.17361 5.68279 1.95759
5.18056 5.61903 1.95438
5.1875 5.55463 1.95117
5.19444 5.48929 1.94796
5.20139 5.42282 1.94475
5.20833 5.35504 1.94154
5.21528 5.2859 1.93833
5.22222 5.21541 1.93512
5.22917 5.14369 1.93192
5.23611 5.07096 1.92871
5.24306 4.99759 1.9255
5.25 4.924 1.92229
5.25694 4.85079 1.91908
5.26389 4.77864 1.91587
5.27083 4.70837 1.91266
5.27778 4.64088 1.90945
5.28472 4.57722 1.90624
5.29167 4.51847 1.90303
5.29861 4.46581 1.89983
5.30556 4.42048 1.89662
5.3125 4.38369 1.89341
5.31944 4.35669 1.8902
5.32639 4.34065 1.88699
5.33333 4.33666 1.88378
5.34028 4.34571 1.88057
5.34722 4.36859 1.87736
5.35417 4.40591 1.87415
5.36111 4.45806 1.87094
5.36806 4.52519 1.86774
5.375 4.60718 1.86453
5.38194 4.70372 1.86132
5.38889 4.81426 1.85811
5.39583 4.93801 1.8549
5.40278 5.07406 1.85169
5.40972 5.22132 1.84848
5.41667 5.37857 1.84527
5.42361 5.54451 1.84206
5.43056 5.71777 1.83885
5.4375 5.8969 1.83565
5.44444 6.08044 1.83244
5.45139 6.2669 1.82923
5.45833 6.45478 1.82602
5.46528 6.64261 1.82281
5.47222 6.82895 1.8196
5.47917 7.01235 1.81639
5.48611 7.19146 1.81318
5.49306 7.36497 1.80997
5.5 7.53164 1.80676
5.50694 7.69031 1.80356
5.51389 7.83992 1.80035
5.52083 7.9795 1.79714
5.52778 8.1082 1.79393
5.53472 8.22528 1.79072
5.54167 8.33012 1.78751
5.54861 8.4222 1.7843
5.55556 8.50118 1.78109
5.5625 8.56681 1.77788
5.56944 8.61897 1.77467
5.57639 8.65768 1.77147
5.58333 8.68307 1.76826
5.59028 8.6954 1.76505
5.59722 8.69504 1.76184
5.60417 8.68245 1.75863
5.61111 8.6582 1.75542
5.61806 8.62297 1.75221
5.625 8.57745 1.749
5.63194 8.52245 1.74579
5.63889 8.45883 1.74258
5.64583 8.38746 1.73938
5.65278 8.30926 1.73617
5.65972 8.22515 1.73296
5.66667 8.13606 1.72975
5.67361 8.0429 1.72654
5.68056 7.94657 1.72333
5.6875 7.8479 1.72012
5.69444 7.7477 1.71691
5.70139 7.64673 1.7137
5.70833 7.54564 1.71049
5.71528 7.44504 1.70729
5.72222 7.34545 1.70408
5.72917 7.24728 1.70087
5.73611 7.15087 1.69766
5.74306 7.05648 1.69445
5.75 6.96425 1.69124
5.75694 6.87425 1.68803
5.76389 6.78647 1.68482
5.77083 6.70083 1.68161
5.77778 6.61716 1.6784
5.78472 6.53528 1.6752
5.79167 6.45492 1.67199
5.79861 6.37582 1.66878
5.80556 6.2977 1.66557
5.8125 6.22025 1.66236
5.81944 6.14321 1.65915
5.82639 6.06631 1.65594
5.83333 5.98941 1.65273
5.84028 5.91234 1.64952
5.84722 5.83503 1.64631
5.85417 5.75748 1.64311
5.86111 5.67979 1.6399
5.86806 5.60216 1.63669
5.875 5.52488 1.63348
5.88194 5.44837 1.63027
5.88889 5.37317 1.62706
5.89583 5.2999 1.62385
5.90278 5.22932 1.62064
5.90972 5.16231 1.61743
5.91667 5.09981 1.61422
5.92361 5.04288 1.61102
5.93056 4.99265 1.60781
5.9375 4.95027 1.6046
5.94444 4.91694 1.60139
5.95139 4.89384 1.59818
5.95833 4.88212 1.59497
5.96528 4.88285 1.59176
5.97222 4.897 1.58855
5.97917 4.92537 1.58534
5.98611 4.96857 1.58213
5.99306 5.02704 1.57893
6 5.10094 1.57572
6.00694 5.19024 1.57251
6.01389 5.29467 1.5693
6.02083 5.4137 1.56609
6.02778 5.54663 1.56288
6.03472 5.69257 1.55967
6.04167 5.85045 1.55646
6.04861 6.01908 1.55325
6.05556 6.19716 1.55004
6.0625 6.38327 1.54684
6.06944 6.57596 1.54363
6.07639 6.77371 1.54042
6.08333 6.97498 1.53721
6.09028 7.17822 1.534
6.09722 7.38187 1.53079
6.10417 7.58439 1.52758
6.11111 7.78428 1.52437
6.11806 7.98007 1.52116
6.125 8.17036 1.51795
6.13194 8.3538 1.51475
6.13889 8.52914 1.51154
6.14583 8.69521 1.50833
6.15278 8.85094 1.50512
6.15972 8.99536 1.50191
6.16667 9.12764 1.4987
6.17361 9.24703 1.49549
6.18056 9.35295 1.49228
6.1875 9.44493 1.48907
6.19444 9.52263 1.48586
6.20139 9.58586 1.48266
6.20833 9.63453 1.47945
6.21528 9.66871 1.47624
6.22222 9.68858 1.47303
6.22917 9.69445 1.46982
6.23611 9.68673 1.46661
6.24306 9.66595 1.4634
6.25 9.63271 1.46019
6.25694 9.58773 1.45698
6.26389 9.53178 1.45377
6.27083 9.46569 1.45057
6.27778 9.39037 1.44736
6.28472 9.30675 1.44415
6.29167 9.21576 1.44094
6.29861 9.11838 1.43773
6.30556 9.01558 1.43452
6.3125 8.90831 1.43131
6.31944 8.79748 1.4281
6.32639 8.68399 1.42489
6.33333 8.56868 1.42168
6.34028 8.45232 1.41848
6.34722 8.33563 1.41527
6.35417 8.21925 1.41206
6.36111 8.10372 1.40885
6.36806 7.98954 1.40564
6.375 7.87708 1.40243
6.38194 7.76663 1.39922
6.38889 7.65843 1.39601
6.39583 7.55258 1.3928
6.40278 7.44915 1.38959
6.40972 7.34813 1.38639
6.41667 7.24942 1.38318
6.42361 7.15291 1.37997
6.43056 7.05843 1.37676
6.4375 6.96579 1.37355
6.44444 6.87477 1.37034
6.45139 6.78519 1.36713
6.45833 6.69685 1.36392
6.46528 6.60961 1.36071
6.47222 6.52334 1.3575
6.47917 6.43798 1.3543
6.48611 6.35355 1.35109
6.49306 6.27014 1.34788
6.5 6.18792 1.34467
6.50694 6.10717 1.34146
6.51389 6.02826 1.33825
6.52083 5.95167 1.33504
6.52778 5.87798 1.33183
6.53472 5.80791 1.32862
6.54167 5.74224 1.32541
6.54861 5.68185 1.32221
6.55556 5.62776 1.319
6.5625 5.58097 1.31579
6.56944 5.5426 1.31258
6.57639 5.51376 1.30937
6.58333 5.49556 1.30616
6.59028 5.48908 1.30295
6.59722 5.49535 1.29974
6.60417 5.51529 1.29653
6.61111 5.54966 1.29332
6.61806 5.59909 1.29012
6.625 5.66398 1.28691
6.63194 5.74455 1.2837
6.63889 5.84079 1.28049
6.64583 5.95246 1.27728
6.65278 6.07909 1.27407
6.65972 6.22004 1.27086
6.66667 6.37445 1.26765
6.67361 6.54129 1.26444
6.68056 6.71942 1.26123
6.6875 6.90753 1.25803
6.69444 7.10424 1.25482
6.70139 7.30808 1.25161
6.70833 7.51751 1.2484
6.71528 7.73097 1.24519
6.72222 7.94687 1.24198
6.72917 8.1636 1.23877
6.73611 8.37956 1.23556
6.74306 8.59321 1.23235
6.75 8.80298 1.22914
6.75694 9.00742 1.22594
6.76389 9.2051 1.22273
6.77083 9.39467 1.21952
6.77778 9.57489 1.21631
6.78472 9.74461 1.2131
6.79167 9.90275 1.20989
6.79861 10.0484 1.20668
6.80556 10.1807 1.20347
6.8125 10.2991 1.20026
6.81944 10.4028 1.19705
6.82639 10.4916 1.19385
6.83333 10.5651 1.19064
6.84028 10.6232 1.18743
6.84722 10.6658 1.18422
6.85417 10.6932 1.18101
6.86111 10.7054 1.1778
6.86806 10.7029 1.17459
6.875 10.6862 1.17138
6.88194 10.6557 1.16817
6.88889 10.6123 1.16496
6.89583 10.5566 1.16176
6.90278 10.4894 1.15855
6.90972 10.4116 1.15534
6.91667 10.3242 1.15213
6.92361 10.2282 1.14892
6.93056 10.1245 1.14571
6.9375 10.014 1.1425
6.94444 9.89791 1.13929
6.95139 9.7771 1.13608
6.95833 9.65252 1.13287
6.96528 9.5251 1.12967
6.97222 9.39572 1.12646
6.97917 9.26517 1.12325
6.98611 9.1342 1.12004
6.99306 9.00348 1.11683
7 8.87361 1.11362
7.00694 8.7451 1.11041
7.01389 8.61838 1.1072
7.02083 8.49379 1.10399
7.02778 8.3716 1.10078
7.03472 8.25201 1.09758
7.04167 8.13512 1.09437
7.04861 8.02099 1.09116
7.05556 7.90961 1.08795
7.0625 7.80094 1.08474
7.06944 7.69488 1.08153
7.07639 7.59133 1.07832
7.08333 7.49017 1.07511
7.09028 7.39128 1.0719
7.09722 7.29458 1.06869
7.10417 7.19998 1.06549
7.11111 7.10746 1.06228
7.11806 7.01705 1.05907
7.125 6.92885 1.05586
7.13194 6.84303 1.05265
7.13889 6.75984 1.04944
7.14583 6.67961 1.04623
7.15278 6.6028 1.04302
7.15972 6.52993 1.03981
7.16667 6.46164 1.0366
7.17361 6.39865 1.0334
7.18056 6.34179 1.03019
7.1875 6.29193 1.02698
7.19444 6.25003 1.02377
7.20139 6.21708 1.02056
7.20833 6.1941 1.01735
7.21528 6.18211 1.01414
7.22222 6.1821 1.01093
7.22917 6.195 1.00772
7.23611 6.22164 1.00451
7.24306 6.26275 1.00131
7.25 6.3189 0.998097
7.25694 6.39047 0.994888
7.26389 6.47768 0.991679
7.27083 6.58052 0.98847
7.27778 6.69879 0.985261
7.28472 6.83206 0.982052
7.29167 6.97973 0.978843
7.29861 7.141 0.975634
7.30556 7.31491 0.972425
7.3125 7.50032 0.969216
7.31944 7.69601 0.966007
7.32639 7.90061 0.962798
7.33333 8.11267 0.959589
7.34028 8.33069 0.95638
7.34722 8.55309 0.953171
7.35417 8.77827 0.949962
7.36111 9.00461 0.946753
7.36806 9.23051 0.943544
7.375 9.45435 0.940335
7.38194 9.67458 0.937126
7.38889 9.88966 0.933917
7.39583 10.0981 0.930708
7.40278 10.2986 0.927499
7.40972 10.4897 0.92429
7.41667 10.6703 0.921081
7.42361 10.8392 0.917872
7.43056 10.9955 0.914663
7.4375 11.1382 0.911454
7.44444 11.2666 0.908245
7.45139 11.38 0.905036
7.45833 11.478 0.901827
7.46528 11.5602 0.898618
7.47222 11.6263 0.895409
7.47917 11.6764 0.8922
7.48611 11.7103 0.888991
7.49306 11.7284 0.885782
7.5 11.7309 0.882573
7.50694 11.7181 0.879364
7.51389 11.6907 0.876155
7.52083 11.6493 0.872946
7.52778 11.5945 0.869737
7.53472 11.5272 0.866528
7.54167 11.4482 0.863319
7.54861 11.3585 0.86011
7.55556 11.2589 0.856901
7.5625 11.1506 0.86046
7.56944 11.0345 0.864048
7.57639 10.9116 0.867637
7.58333 10.783 0.871225
7.59028 10.6497 0.874813
7.59722 10.5126 0.878401
7.60417 10.3726 0.881989
7.61111 10.2307 0.885577
7.61806 10.0877 0.889166
7.625 9.94433 0.892754
7.63194 9.8013 0.896342
7.63889 9.65925 0.89993
7.64583 9.51871 0.903518
7.65278 9.38015 0.907106
7.65972 9.24397 0.910695
7.66667 9.11047 0.914283
7.67361 8.9799 0.917871
7.68056 8.85245 0.921459
7.6875 8.72821 0.925047
7.69444 8.60726 0.928636
7.70139 8.48963 0.932224
7.70833 8.37531 0.935812
7.71528 8.26427 0.9394
7.72222 8.15649 0.942988
7.72917 8.05193 0.946576
7.73611 7.95058 0.950165
7.74306 7.85248 0.953753
7.75 7.75766 0.957341
7.75694 7.66625 0.960929
7.76389 7.57843 0.964517
7.77083 7.49443 0.968106
7.77778 7.41458 0.971694
7.78472 7.33927 0.975282
7.79167 7.26898 0.97887
7.79861 7.20428 0.982458
7.80556 7.14583 0.986046
7.8125 7.09434 0.989635
7.81944 7.05061 0.993223
7.82639 7.01542 0.996811
7.83333 6.98974 1.0004
7.84028 6.97441 1.00399
7.84722 6.97034 1.00758
7.85417 6.97838 1.01116
7.86111 6.99935 1.01475
7.86806 7.03398 1.01834
7.875 7.0829 1.02193
7.88194 7.1466 1.02552
7.88889 7.22542 1.0291
7.89583 7.31952 1.03269
7.90278 7.42891 1.03628
7.90972 7.55338 1.03987
7.91667 7.69255 1.04346
7.92361 7.84583 1.04705
7.93056 8.0125 1.05063
7.9375 8.19163 1.05422
7.94444 8.38218 1.05781
7.95139 8.58295 1.0614
7.95833 8.79265 1.06499
7.96528 9.00988 1.06857
7.97222 9.23317 1.07216
7.97917 9.46098 1.07575
7.98611 9.69173 1.07934
7.99306 9.92386 1.08293
8 10.1557 1.08652
8.00694 10.3857 1.0901
8.01389 10.6123 1.09369
8.02083 10.834 1.09728
8.02778 11.0492 1.10087
8.03472 11.2565 1.10446
8.04167 11.4546 1.10804
8.04861 11.6423 1.11163
8.05556 11.8183 1.11522
8.0625 11.9817 1.11881
8.06944 12.1314 1.1224
8.07639 12.2668 1.12599
8.08333 12.387 1.12957
8.09028 12.4915 1.13316
8.09722 12.58 1.13675
8.10417 12.6521 1.14034
8.11111 12.7076 1.14393
8.11806 12.7466 1.14751
8.125 12.7692 1.1511
8.13194 12.7757 1.15469
8.13889 12.7662 1.15828
8.14583 12.7415 1.16187
8.15278 12.7019 1.16546
8.15972 12.6483 1.16904
8.16667 12.5813 1.17263
8.17361 12.5018 1.17622
8.18056 12.4106 1.17981
8.1875 12.3088 1.18432
8.19444 12.1973 1.1907
8.20139 12.0771 1.19709
8.20833 11.9493 1.20347
8.21528 11.8149 1.20986
8.22222 11.6749 1.21624
8.22917 11.5303 1.22263
8.23611 11.3822 1.22901
8.24306 11.2314 1.2354
8.25 11.0789 1.24179
8.25694 10.9254 1.24817
8.26389 10.7719 1.25456
8.27083 10.6189 1.26094
8.27778 10.4672 1.26733
8.28472 10.3174 1.27371
8.29167 10.1698 1.2801
8.29861 10.0249 1.28648
8.30556 9.88323 1.29287
8.3125 9.74491 1.29925
8.31944 9.61022 1.30564
8.32639 9.47936 1.31202
8.33333 9.35244 1.31841
8.34028 9.22959 1.3248
8.34722 9.11086 1.33118
8.35417 8.99632 1.33757
8.36111 8.88602 1.34395
8.36806 8.78002 1.35034
8.375 8.67839 1.35672
8.38194 8.58124 1.36311
8.38889 8.48871 1.36949
8.39583 8.40098 1.37588
8.40278 8.3183 1.38226
8.40972 8.24097 1.38865
8.41667 8.16934 1.39504
8.42361 8.10385 1.40142
8.43056 8.045 1.40781
8.4375 7.99335 1.41419
8.44444 7.94953 1.42058
8.45139 7.9142 1.42696
8.45833 7.88808 1.43335
8.46528 7.8719 1.43973
8.47222 7.8664 1.44612
8.47917 7.87234 1.4525
8.48611 7.89041 1.45889
8.49306 7.9213 1.46527
8.5 7.9656 1.47166
8.50694 8.02381 1.47805
8.51389 8.09632 1.48443
8.52083 8.18337 1.49082
8.52778 8.28509 1.4972
8.53472 8.40143 1.50359
8.54167 8.53216 1.50997
8.54861 8.67691 1.51636
8.55556 8.83516 1.52274
8.5625 9.00618 1.52913
8.56944 9.18912 1.53551
8.57639 9.38301 1.5419
8.58333 9.5867 1.54828
8.59028 9.799 1.55467
8.59722 10.0186 1.56106
8.60417 10.244 1.56744
8.61111 10.4738 1.57383
8.61806 10.7065 1.58021
8.625 10.9406 1.5866
8.63194 11.1744 1.59298
8.63889 11.4064 1.59937
8.64583 11.6351 1.60575
8.65278 11.859 1.61214
8.65972 12.0766 1.61852
8.66667 12.2865 1.62491
8.67361 12.4873 1.6313
8.68056 12.6778 1.63768
8.6875 12.8568 1.64407
8.69444 13.0232 1.65045
8.70139 13.1762 1.65684
8.70833 13.3147 1.66322
8.71528 13.4382 1.66961
8.72222 13.5461 1.67599
8.72917 13.6378 1.68238
8.73611 13.713 1.68876
8.74306 13.7716 1.69515
8.75 13.8135 1.70153
8.75694 13.8387 1.70792
8.76389 13.8474 1.71431
8.77083 13.84 1.72069
8.77778 13.8168 1.72708
8.78472 13.7784 1.73346
8.79167 13.7254 1.73985
8.79861 13.6585 1.74623
8.80556 13.5785 1.75262
8.8125 13.4863 1.759
8.81944 13.3828 1.76539
8.82639 13.269 1.77177
8.83333 13.1458 1.77816
8.84028 13.0144 1.78454
8.84722 12.8757 1.79093
8.85417 12.7307 1.79732
8.86111 12.5806 1.8037
8.86806 12.4262 1.81009
8.875 12.2687 1.81647
8.88194 12.1089 1.82286
8.88889 11.9477 1.82924
8.89583 11.7861 1.83563
8.90278 11.6247 1.84201
8.90972 11.4643 1.8484
8.91667 11.3056 1.85478
8.92361 11.1492 1.86117
8.93056 10.9955 1.86756
8.9375 10.8452 1.87394
8.94444 10.6985 1.88033
8.95139 10.5559 1.88671
8.95833 10.4175 1.8931
8.96528 10.2838 1.89948
8.97222 10.1548 1.90587
8.97917 10.0307 1.91225
8.98611 9.91176 1.91864
8.99306 9.79806 1.92502
9 9.68972 1.93141
9.00694 9.5869 1.93779
9.01389 9.48976 1.94418
9.02083 9.39845 1.95057
9.02778 9.31319 1.95695
9.03472 9.23424 1.96334
9.04167 9.16185 1.96972
9.04861 9.09637 1.97611
9.05556 9.03819 1.98249
9.0625 8.98771 1.98888
9.06944 8.94542 1.99526
9.07639 8.91182 2.00165
9.08333 8.88747 2.00803
9.09028 8.87292 2.01442
9.09722 8.86876 2.0208
9.10417 8.87557 2.02719
9.11111 8.89392 2.03358
9.11806 8.92436 2.03996
9.125 8.96738 2.04635
9.13194 9.02341 2.05273
9.13889 9.09282 2.05912
9.14583 9.17584 2.0655
9.15278 9.27263 2.07189
9.15972 9.3832 2.07827
9.16667 9.50745 2.08466
9.17361 9.6451 2.09104
9.18056 9.79579 2.09743
9.1875 9.95896 2.10382
9.19444 10.1339 2.1102
9.20139 10.32 2.11659
9.20833 10.516 2.12297
9.21528 10.7211 2.12936
9.22222 10.9341 2.13574
9.22917 11.1538 2.14213
9.23611 11.3788 2.14851
9.24306 11.6077 2.1549
9.25 11.8391 2.16128
9.25694 12.0716 2.16767
9.26389 12.3037 2.17405
9.27083 12.5339 2.18044
9.27778 12.7607 2.18683
9.28472 12.9826 2.19321
9.29167 13.1983 2.1996
9.29861 13.4064 2.20598
9.30556 13.6055 2.21237
9.3125 13.7945 2.21875
9.31944 13.9722 2.22514
9.32639 14.1375 2.23152
9.33333 14.2895 2.23791
9.34028 14.4273 2.24429
9.34722 14.5503 2.25068
9.35417 14.6577 2.25706
9.36111 14.7492 2.26345
9.36806 14.8244 2.26984
9.375 14.8829 2.27622
9.38194 14.9249 2.28261
9.38889 14.9502 2.28899
9.39583 14.9589 2.29538
9.40278 14.9515 2.30176
9.40972 14.9282 2.30815
9.41667 14.8895 2.31453
9.42361 14.836 2.32092
9.43056 14.7684 2.3273
9.4375 14.6875 2.33369
9.44444 14.5939 2.34008
9.45139 14.4887 2.34646
9.45833 14.3728 2.35285
9.46528 14.2471 2.35923
9.47222 14.1127 2.36562
9.47917 13.9705 2.372
9.48611 13.8217 2.37839
9.49306 13.6672 2.38477
9.5 13.5081 2.39116
9.50694 13.3454 2.39754
9.51389 13.18 2.40393
9.52083 13.0129 2.41031
9.52778 12.845 2.4167
9.53472 12.6772 2.42309
9.54167 12.5102 2.42947
9.54861 12.3448 2.43586
9.55556 12.1816 2.44224
9.5625 12.0214 2.44863
9.56944 11.8646 2.45501
9.57639 11.7118 2.4614
9.58333 11.5634 2.46778
9.59028 11.4198 2.47417
9.59722 11.2814 2.48055
9.60417 11.1485 2.48694
9.61111 11.0214 2.49333
9.61806 10.9002 2.49971
9.625 10.7854 2.5061
9.63194 10.677 2.51248
9.63889 10.5753 2.51887
9.64583 10.4804 2.52525
9.65278 10.3927 2.53164
9.65972 10.3123 2.53802
9.66667 10.2395 2.54441
9.67361 10.1745 2.55079
9.68056 10.1177 2.55718
9.6875 10.0693 2.56356
9.69444 10.0298 2.56995
9.70139 9.99949 2.57634
9.70833 9.97877 2.58272
9.71528 9.96804 2.58911
9.72222 9.96774 2.59549
9.72917 9.97827 2.60188
9.73611 10 2.60826
9.74306 10.0334 2.61465
9.75 10.0788 2.62103
9.75694 10.1364 2.62742
9.76389 10.2066 2.6338
9.77083 10.2894 2.64019
9.77778 10.3851 2.64657
9.78472 10.4936 2.65296
9.79167 10.6148 2.65935
9.79861 10.7485 2.66573
9.80556 10.8944 2.67212
9.8125 11.0521 2.6785
9.81944 11.2209 2.68489
9.82639 11.4002 2.69127
9.83333 11.5894 2.69766
9.84028 11.7873 2.70404
9.84722 11.9932 2.71043
9.85417 12.2059 2.71681
9.86111 12.4242 2.7232
9.86806 12.647 2.72959
9.875 12.8729 2.73597
9.88194 13.1006 2.74236
9.88889 13.3289 2.74874
9.89583 13.5562 2.75513
9.90278 13.7812 2.76151
9.90972 14.0025 2.7679
9.91667 14.2188 2.77428
9.92361 14.4287 2.78067
9.93056 14.631 2.78705
9.9375 14.8244 2.79344
9.94444 15.0077 2.79982
9.95139 15.1799 2.80621
9.95833 15.3398 2.8126
9.96528 15.4868 2.81898
9.97222 15.6198 2.82537
9.97917 15.7382 2.83175
9.98611 15.8414 2.83814
9.99306 15.929 2.84452
10 16.0005 2.85091
10.0069 16.0557 2.85729
10.0139 16.0945 2.86368
10.0208 16.117 2.87006
10.0278 16.1231 2.87645
10.0347 16.1132 2.88283
10.0417 16.0875 2.88922
10.0486 16.0466 2.89561
10.0556 15.9909 2.90199
10.0625 15.9211 2.90838
10.0694 15.8379 2.91476
10.0764 15.742 2.91311
10.0833 15.6344 2.89495
10.0903 15.5158 2.8768
10.0972 15.3873 2.85864
10.1042 15.2499 2.84049
10.1111 15.1044 2.82233
10.1181 14.9521 2.80418
10.125 14.7937 2.78602
10.1319 14.6305 2.76787
10.1389 14.4634 2.74971
10.1458 14.2935 2.73156
10.1528 14.1216 2.7134
10.1597 13.9487 2.69525
10.1667 13.7757 2.67709
10.1736 13.6034 2.65894
10.1806 13.4328 2.64078
10.1875 13.2645 2.62263
10.1944 13.0992 2.60447
10.2014 12.9376 2.58632
10.2083 12.7803 2.56816
10.2153 12.6278 2.55001
10.2222 12.4807 2.53185
10.2292 12.3395 2.5137
10.2361 12.2044 2.49554
10.2431 12.076 2.47739
10.25 11.9546 2.45923
10.2569 11.8405 2.44108
10.2639 11.7339 2.42292
10.2708 11.6352 2.40477
10.2778 11.5447 2.38661
10.2847 11.4626 2.36846
10.2917 11.3892 2.3503
10.2986 11.3246 2.33215
10.3056 11.2693 2.31399
10.3125 11.2234 2.29584
10.3194 11.1873 2.27768
10.3264 11.1611 2.25953
10.3333 11.1452 2.24137
10.3403 11.1398 2.22322
10.3472 11.1453 2.20506
10.3542 11.1618 2.18691
10.3611 11.1897 2.16875
10.3681 11.229 2.1506
10.375 11.2801 2.13244
10.3819 11.343 2.11429
10.3889 11.4179 2.09613
10.3958 11.5048 2.07798
10.4028 11.6037 2.05982
10.4097 11.7145 2.04167
10.4167 11.8371 2.02351
10.4236 11.9713 2.00536
10.4306 12.1166 1.9872
10.4375 12.2727 1.96905
10.4444 12.439 1.95089
10.4514 12.615 1.93274
10.4583 12.8 1.91458
10.4653 12.9932 1.89643
10.4722 13.1938 1.87827
10.4792 13.4007 1.86012
10.4861 13.613 1.84196
10.4931 13.8297 1.82381
10.5 14.0495 1.80565
10.5069 14.2713 1.7875
10.5139 14.4939 1.76934
10.5208 14.716 1.75119
10.5278 14.9365 1.73303
10.5347 15.1539 1.71488
10.5417 15.3671 1.69672
10.5486 15.5748 1.67857
10.5556 15.7758 1.66041
10.5625 15.9689 1.64226
10.5694 16.1529 1.6241
10.5764 16.3269 1.60595
10.5833 16.4898 1.58779
10.5903 16.6406 1.56964
10.5972 16.7786 1.55148
10.6042 16.9029 1.53333
10.6111 17.0129 1.51517
10.6181 17.1081 1.49702
10.625 17.1879 1.47886
10.6319 17.2521 1.46071
10.6389 17.3005 1.44255
10.6458 17.3328 1.4244
10.6528 17.3492 1.40624
10.6597 17.3496 1.38809
10.6667 17.3344 1.36993
10.6736 17.3037 1.35178
10.6806 17.2581 1.33362
10.6875 17.1979 1.31547
10.6944 17.1239 1.29731
10.7014 17.0366 1.27916
10.7083 16.9368 1.27357
10.7153 16.8253 1.27437
10.7222 16.703 1.27518
10.7292 16.5707 1.27599
10.7361 16.4294 1.27679
10.7431 16.2801 1.2776
10.75 16.1238 1.2784
10.7569 15.9614 1.27921
10.7639 15.7941 1.28002
10.7708 15.6227 1.28082
10.7778 15.4483 1.28163
10.7847 15.2719 1.28244
10.7917 15.0944 1.28324
10.7986 14.9168 1.28405
10.8056 14.74 1.28486
10.8125 14.5648 1.28566
10.8194 14.3921 1.28647
10.8264 14.2225 1.28727
10.8333 14.057 1.28808
10.8403 13.8962 1.28889
10.8472 13.7407 1.28969
10.8542 13.5911 1.2905
10.8611 13.4481 1.29131
10.8681 13.3121 1.29211
10.875 13.1835 1.29292
10.8819 13.063 1.29373
10.8889 12.9508 1.29453
10.8958 12.8475 1.29534
10.9028 12.7532 1.29614
10.9097 12.6684 1.29695
10.9167 12.5934 1.29776
10.9236 12.5285 1.29856
10.9306 12.4739 1.29937
10.9375 12.4299 1.30018
10.9444 12.3967 1.30098
10.9514 12.3746 1.30179
10.9583 12.3637 1.3026
10.9653 12.3643 1.3034
10.9722 12.3764 1.30421
10.9792 12.4003 1.30501
10.9861 12.4359 1.30582
10.9931 12.4834 1.30663
11 12.5428 1.30743
11.0069 12.6141 1.30824
11.0139 12.6972 1.30905
11.0208 12.7919 1.30985
11.0278 12.8983 1.31066
11.0347 13.0159 1.31147
11.0417 13.1446 1.31227
11.0486 13.284 1.31308
11.0556 13.4337 1.31388
11.0625 13.5932 1.31469
11.0694 13.762 1.3155
11.0764 13.9395 1.3163
11.0833 14.1249 1.31711
11.0903 14.3176 1.31792
11.0972 14.5167 1.31872
11.1042 14.7214 1.31953
11.1111 14.9307 1.32034
11.1181 15.1437 1.32114
11.125 15.3594 1.32195
11.1319 15.5766 1.32275
11.1389 15.7944 1.32356
11.1458 16.0115 1.32437
11.1528 16.2269 1.32517
11.1597 16.4394 1.32598
11.1667 16.648 1.32679
11.1736 16.8513 1.32759
11.1806 17.0485 1.3284
11.1875 17.2382 1.32921
11.1944 17.4196 1.33001
11.2014 17.5917 1.33082
11.2083 17.7533 1.33162
11.2153 17.9038 1.33243
11.2222 18.0422 1.33324
11.2292 18.1677 1.33404
11.2361 18.2799 1.33485
11.2431 18.3779 1.33566
11.25 18.4615 1.33646
11.2569 18.5301 1.33727
11.2639 18.5835 1.33808
11.2708 18.6215 1.33888
11.2778 18.644 1.33969
11.2847 18.6509 1.34049
11.2917 18.6425 1.3413
11.2986 18.6188 1.34211
11.3056 18.5802 1.34291
11.3125 18.5271 1.34372
11.3194 18.4599 1.34453
11.3264 18.3792 1.34533
11.3333 18.2856 1.34614
11.3403 18.1798 1.34694
11.3472 18.0626 1.34775
11.3542 17.9348 1.34856
11.3611 17.7972 1.34936
11.3681 17.6507 1.35017
11.375 17.4964 1.35098
11.3819 17.335 1.35178
11.3889 17.1677 1.35259
11.3958 16.9954 1.3534
11.4028 16.8191 1.3542
11.4097 16.6398 1.35501
11.4167 16.4585 1.35581
11.4236 16.2761 1.35662
11.4306 16.0937 1.35743
11.4375 15.9122 1.35823
11.4444 15.7324 1.35904
11.4514 15.5553 1.35985
11.4583 15.3817 1.36065
11.4653 15.2124 1.36146
11.4722 15.0482 1.36227
11.4792 14.8899 1.36307
11.4861 14.7381 1.36388
11.4931 14.5936 1.36468
11.5 14.4569 1.36549
11.5069 14.3287 1.3663
11.5139 14.2095 1.3671
11.5208 14.0997 1.36791
11.5278 14 1.36872
11.5347 13.9108 1.36952
11.5417 13.8323 1.37033
11.5486 13.7651 1.37114
11.5556 13.7095 1.37194
11.5625 13.6657 1.37275
11.5694 13.634 1.37355
11.5764 13.6146 1.37436
11.5833 13.6077 1.37517
11.5903 13.6134 1.37597
11.5972 13.6318 1.37678
11.6042 13.6629 1.37759
11.6111 13.7068 1.37839
11.6181 13.7633 1.3792
11.625 13.8324 1.38001
11.6319 13.9139 1.38081
11.6389 14.0075 1.38162
11.6458 14.113 1.38242
11.6528 14.2301 1.38323
11.6597 14.3584 1.38404
11.6667 14.4975 1.38484
11.6736 14.6468 1.38565
11.6806 14.8059 1.38646
11.6875 14.9741 1.38726
11.6944 15.1507 1.38807
11.7014 15.3352 1.38888
11.7083 15.5266 1.38968
11.7153 15.7244 1.39049
11.7222 15.9275 1.39129
11.7292 16.1351 1.3921
11.7361 16.3464 1.39291
11.7431 16.5604 1.39371
11.75 16.7761 1.39452
11.7569 16.9925 1.39533
11.7639 17.2086 1.39613
11.7708 17.4234 1.39694
11.7778 17.6359 1.39775
11.7847 17.8451 1.39855
11.7917 18.0499 1.39936
11.7986 18.2493 1.40016
11.8056 18.4423 1.40097
11.8125 18.628 1.40178
11.8194 18.8054 1.40258
11.8264 18.9735 1.40339
11.8333 19.1317 1.4042
11.8403 19.279 1.405
11.8472 19.4147 1.40581
11.8542 19.5381 1.40662
11.8611 19.6486 1.40742
11.8681 19.7457 1.40823
11.875 19.8289 1.40903
11.8819 19.8977 1.40984
11.8889 19.9519 1.41065
11.8958 19.9913 1.41145
11.9028 20.0156 1.41226
11.9097 20.025 1.41307
11.9167 20.0194 1.41387
11.9236 19.9989 1.41468
11.9306 19.9638 1.41549
11.9375 19.9143 1.41629
11.9444 19.8508 1.4171
11.9514 19.7738 1.4179
11.9583 19.6839 1.41871
11.9653 19.5815 1.422
11.9722 19.4674 1.4303
11.9792 19.3423 1.43861
11.9861 19.2069 1.44692
11.9931 19.0621 1.45523
12 18.9087 1.46354
12.0069 18.7477 1.47185
12.0139 18.5799 1.48016
12.0208 18.4063 1.48847
12.0278 18.2278 1.49677
12.0347 18.0455 1.50508
12.0417 17.8602 1.51339
12.0486 17.6731 1.5217
12.0556 17.4851 1.53001
12.0625 17.2971 1.53832
12.0694 17.1101 1.54663
12.0764 16.9251 1.55493
12.0833 16.743 1.56324
12.0903 16.5647 1.57155
12.0972 16.3911 1.57986
12.1042 16.223 1.58817
12.1111 16.0614 1.59648
12.1181 15.9069 1.60479
12.125 15.7604 1.61309
12.1319 15.6226 1.6214
12.1389 15.4942 1.62971
12.1458 15.3759 1.63802
12.1528 15.2683 1.64633
12.1597 15.1719 1.65464
12.1667 15.0873 1.66295
12.1736 15.0149 1.67125
12.1806 14.9553 1.67956
12.1875 14.9088 1.68787
12.1944 14.8757 1.69618
12.2014 14.8563 1.70449
12.2083 14.8508 1.7128
12.2153 14.8593 1.72111
12.2222 14.8819 1.72941
12.2292 14.9187 1.73772
12.2361 14.9695 1.74603
12.2431 15.0342 1.75434
12.25 15.1126 1.76265
12.2569 15.2044 1.77096
12.2639 15.3094 1.77927
12.2708 15.427 1.78757
12.2778 15.5567 1.79588
12.2847 15.6982 1.80419
12.2917 15.8506 1.8125
12.2986 16.0135 1.82081
12.3056 16.186 1.82912
12.3125 16.3675 1.83743
12.3194 16.557 1.84573
12.3264 16.7539 1.85404
12.3333 16.9571 1.86235
12.3403 17.1658 1.87066
12.3472 17.379 1.87897
12.3542 17.5958 1.88728
12.3611 17.8151 1.89559
12.3681 18.0361 1.9039
12.375 18.2578 1.9122
12.3819 18.479 1.92051
12.3889 18.6988 1.92882
12.3958 18.9163 1.93713
12.4028 19.1304 1.94544
12.4097 19.3402 1.95375
12.4167 19.5448 1.96206
12.4236 19.7431 1.97036
12.4306 19.9343 1.97867
12.4375 20.1176 1.98698
12.4444 20.2921 1.99529
12.4514 20.457 2.0036
12.4583 20.6116 2.01191
12.4653 20.7551 2.02022
12.4722 20.887 2.02852
12.4792 21.0067 2.03683
12.4861 21.1135 2.04514
12.4931 21.2071 2.05345
12.5 21.287 2.06176
12.5069 21.3529 2.07007
12.5139 21.4046 2.07838
12.5208 21.4418 2.08668
12.5278 21.4645 2.09499
12.5347 21.4725 2.1033
12.5417 21.4659 2.11161
12.5486 21.4449 2.11992
12.5556 21.4096 2.12823
12.5625 21.3602 2.13654
12.5694 21.297 2.14484
12.5764 21.2205 2.15315
12.5833 21.1312 2.16146
12.5903 21.0294 2.16977
12.5972 20.9159 2.17808
12.6042 20.7911 2.18639
12.6111 20.6559 2.1947
12.6181 20.511 2.203
12.625 20.357 2.21131
12.6319 20.1949 2.21962
12.6389 20.0255 2.22793
12.6458 19.8496 2.23624
12.6528 19.6682 2.24455
12.6597 19.4822 2.25286
12.6667 19.2925 2.26116
12.6736 19.1002 2.26947
12.6806 18.9061 2.27778
12.6875 18.7113 2.28609
12.6944 18.5167 2.2944
12.7014 18.3233 2.30271
12.7083 18.132 2.31102
12.7153 17.944 2.31933
12.7222 17.76 2.32763
12.7292 17.5812 2.33594
12.7361 17.4083 2.34425
12.7431 17.2423 2.35256
12.75 17.0841 2.36087
12.7569 16.9346 2.36918
12.7639 16.7946 2.37749
12.7708 16.6649 2.38579
12.7778 16.5463 2.3941
12.7847 16.4396 2.40241
12.7917 16.3453 2.41072
12.7986 16.2642 2.41903
12.8056 16.1967 2.42734
12.8125 16.1435 2.43565
12.8194 16.105 2.44395
12.8264 16.0815 2.45226
12.8333 16.0733 2.46057
12.8403 16.0807 2.46888
12.8472 16.1039 2.47719
12.8542 16.1427 2.4855
12.8611 16.1972 2.49381
12.8681 16.2673 2.50211
12.875 16.3526 2.51042
12.8819 16.4529 2.51873
12.8889 16.5677 2.52704
12.8958 16.6966 2.53535
12.9028 16.8388 2.54366
12.9097 16.9938 2.55197
12.9167 17.1608 2.56027
12.9236 17.339 2.56858
12.9306 17.5274 2.57689
12.9375 17.7252 2.5852
12.9444 17.9314 2.59351
12.9514 18.1449 2.60182
12.9583 18.3647 2.61013
12.9653 18.5896 2.61843
12.9722 18.8187 2.62674
12.9792 19.0507 2.63505
12.9861 19.2845 2.64336
12.9931 19.5191 2.65167
13 19.7533 2.65998
13.0069 19.9861 2.66829
13.0139 20.2163 2.6766
13.0208 20.4429 2.6849
13.0278 20.6649 2.69321
13.0347 20.8814 2.70152
13.0417 21.0913 2.70983
13.0486 21.2937 2.71814
13.0556 21.4879 2.72645
13.0625 21.673 2.73476
13.0694 21.8482 2.74306
13.0764 22.0128 2.75137
13.0833 22.1663 2.75968
13.0903 22.3079 2.76799
13.0972 22.4372 2.7763
13.1042 22.5537 2.78461
13.1111 22.6569 2.79292
13.1181 22.7466 2.80122
13.125 22.8223 2.80953
13.1319 22.8839 2.81784
13.1389 22.9312 2.82615
13.1458 22.964 2.83446
13.1528 22.9825 2.84277
13.1597 22.9864 2.85108
13.1667 22.976 2.85938
13.1736 22.9514 2.86769
13.1806 22.9127 2.876
13.1875 22.8602 2.88431
13.1944 22.7942 2.89262
13.2014 22.7152 2.90093
13.2083 22.6234 2.90924
13.2153 22.5194 2.91754
13.2222 22.4038 2.92585
13.2292 22.277 2.92757
13.2361 22.1397 2.92928
13.2431 21.9926 2.93098
13.25 21.8363 2.93269
13.2569 21.6716 2.93439
13.2639 21.4992 2.9361
13.2708 21.32 2.9378
13.2778 21.1348 2.9395
13.2847 20.9444 2.94121
13.2917 20.7498 2.94291
13.2986 20.5518 2.94462
13.3056 20.3513 2.94632
13.3125 20.1493 2.94802
13.3194 19.9468 2.94973
13.3264 19.7447 2.95143
13.3333 19.5441 2.95314
13.3403 19.3458 2.95484
13.3472 19.1508 2.95655
13.3542 18.9603 2.95825
13.3611 18.7751 2.95995
13.3681 18.5963 2.96166
13.375 18.4249 2.96336
13.3819 18.2617 2.96507
13.3889 18.1079 2.96677
13.3958 17.9642 2.96847
13.4028 17.8318 2.97018
13.4097 17.7113 2.97188
13.4167 17.6036 2.97359
13.4236 17.5097 2.97529
13.4306 17.4301 2.977
13.4375 17.3656 2.9787
13.4444 17.3168 2.9804
13.4514 17.2841 2.98211
13.4583 17.2682 2.98381
13.4653 17.2692 2.98552
13.4722 17.2876 2.98722
13.4792 17.3233 2.98892
13.4861 17.3765 2.99063
13.4931 17.447 2.99233
13.5 17.5347 2.99404
13.5069 17.6392 2.99574
13.5139 17.7602 2.99745
13.5208 17.897 2.99915
13.5278 18.049 3.00085
13.5347 18.2154 3.00256
13.5417 18.3955 3.00426
13.5486 18.5882 3.00597
13.5556 18.7925 3.00767
13.5625 19.0074 3.00938
13.5694 19.2315 3.01108
13.5764 19.4639 3.01278
13.5833 19.7031 3.01449
13.5903 19.9479 3.01619
13.5972 20.1971 3.0179
13.6042 20.4491 3.0196
13.6111 20.7029 3.0213
13.6181 20.9569 3.02301
13.625 21.21 3.02471
13.6319 21.4609 3.02642
13.6389 21.7083 3.02812
13.6458 21.9511 3.02983
13.6528 22.1881 3.03153
13.6597 22.4182 3.03323
13.6667 22.6405 3.03494
13.6736 22.8538 3.03664
13.6806 23.0575 3.03835
13.6875 23.2505 3.04005
13.6944 23.4322 3.04175
13.7014 23.6019 3.04346
13.7083 23.759 3.04516
13.7153 23.903 3.04687
13.7222 24.0333 3.04857
13.7292 24.1497 3.05028
13.7361 24.2518 3.05198
13.7431 24.3393 3.05368
13.75 24.4121 3.05539
13.7569 24.4701 3.05709
13.7639 24.5131 3.0588
13.7708 24.5413 3.0605
13.7778 24.5547 3.0622
13.7847 24.5534 3.06391
13.7917 24.5376 3.06561
13.7986 24.5076 3.06732
13.8056 24.4635 3.06902
13.8125 24.4057 3.07073
13.8194 24.3346 3.07243
13.8264 24.2505 3.07413
13.8333 24.1539 3.07584
13.8403 24.0454 3.07754
13.8472 23.9254 3.07925
13.8542 23.7944 3.08016
13.8611 23.653 3.0795
13.8681 23.5019 3.07883
13.875 23.3417 3.07816
13.8819 23.1731 3.07749
13.8889 22.9967 3.07682
13.8958 22.8133 3.07615
13.9028 22.6237 3.07548
13.9097 22.4285 3.07481
13.9167 22.2287 3.07414
13.9236 22.025 3.07348
13.9306 21.8183 3.07281
13.9375 21.6095 3.07214
13.9444 21.3994 3.07147
13.9514 21.189 3.0708
13.9583 20.9792 3.07013
13.9653 20.771 3.06946
13.9722 20.5654 3.06879
13.9792 20.3633 3.06813
13.9861 20.1657 3.06746
13.9931 19.9737 3.06679
14 19.7884 3.06612
14.0069 19.6106 3.06545
14.0139 19.4416 3.06478
14.0208 19.2823 3.06411
14.0278 19.1337 3.06344
14.0347 18.9969 3.06278
14.0417 18.8729 3.06211
14.0486 18.7625 3.06144
14.0556 18.6668 3.06077
14.0625 18.5865 3.0601
14.0694 18.5225 3.05943
14.0764 18.4754 3.05876
14.0833 18.446 3.05809
14.0903 18.4347 3.05742
14.0972 18.442 3.05676
14.1042 18.4683 3.05609
14.1111 18.5136 3.05542
14.1181 18.5781 3.05475
14.125 18.6616 3.05408
14.1319 18.7641 3.05341
14.1389 18.8851 3.05274
14.1458 19.024 3.05207
14.1528 19.1804 3.05141
14.1597 19.3534 3.05074
14.1667 19.5421 3.05007
14.1736 19.7456 3.0494
14.1806 19.9627 3.04873
14.1875 20.1922 3.04806
14.1944 20.4328 3.04739
14.2014 20.6832 3.04672
14.2083 20.9419 3.04605
14.2153 21.2073 3.04539
14.2222 21.4781 3.04472
14.2292 21.7526 3.04405
14.2361 22.0294 3.04338
14.2431 22.3068 3.04271
14.25 22.5833 3.04204
14.2569 22.8575 3.04137
14.2639 23.1279 3.0407
14.2708 23.393 3.04004
14.2778 23.6516 3.03937
14.2847 23.9023 3.0387
14.2917 24.144 3.03803
14.2986 24.3756 3.03736
14.3056 24.5959 3.03669
14.3125 24.8042 3.03602
14.3194 24.9994 3.03535
14.3264 25.181 3.03468
14.3333 25.3483 3.03402
14.3403 25.5008 3.03335
14.3472 25.6379 3.03268
14.3542 25.7594 3.03201
14.3611 25.865 3.03134
14.3681 25.9545 3.03067
14.375 26.0279 3.03
14.3819 26.0852 3.02933
14.3889 26.1265 3.02867
14.3958 26.1518 3.028
14.4028 26.1615 3.02733
14.4097 26.1557 3.02666
14.4167 26.1348 3.02599
14.4236 26.0991 3.02532
14.4306 26.0491 3.02465
14.4375 25.9852 3.02398
14.4444 25.9078 3.02332
14.4514 25.8175 3.02265
14.4583 25.7148 3.02198
14.4653 25.6002 3.02131
14.4722 25.4743 3.02064
14.4792 25.3377 3.01997
14.4861 25.1909 3.0193
14.4931 25.0347 3.01863
14.5 24.8695 3.01796
14.5069 24.6961 3.0173
14.5139 24.5151 3.01663
14.5208 24.3272 3.01596
14.5278 24.133 3.01529
14.5347 23.9333 3.01462
14.5417 23.7287 3.01395
14.5486 23.5201 3.01328
14.5556 23.3081 3.01261
14.5625 23.0935 3.01195
14.5694 22.8772 3.01128
14.5764 22.66 3.01061
14.5833 22.4426 3.00994
14.5903 22.2261 3.00927
14.5972 22.0113 3.0086
14.6042 21.7991 3.00793
14.6111 21.5906 3.00726
14.6181 21.3867 3.00659
14.625 21.1884 3.00593
14.6319 20.9968 3.00526
14.6389 20.8129 3.00459
14.6458 20.6379 3.00392
14.6528 20.4728 3.00325
14.6597 20.3187 3.00258
14.6667 20.1767 3.00191
14.6736 20.0479 3.00124
14.6806 19.9334 3.00058
14.6875 19.8341 2.99991
