time error errTLE
0 0 0
0.00694444 0.0108196 0.00211895
0.0138889 0.0219798 0.0042379
0.0208333 0.033334 0.00635685
0.0277778 0.0447267 0.0084758
0.0347222 0.0560026 0.0105947
0.0416667 0.0670083 0.0127137
0.0486111 0.0775911 0.0148326
0.0555556 0.0875964 0.0169516
0.0625 0.0968811 0.0190705
0.0694444 0.105303 0.0211895
0.0763889 0.112726 0.0233084
0.0833333 0.119028 0.0254274
0.0902778 0.124091 0.0275463
0.0972222 0.127812 0.0296653
0.104167 0.130101 0.0317842
0.111111 0.130888 0.0339032
0.118056 0.130112 0.0360221
0.125 0.127748 0.0381411
0.131944 0.123794 0.04026
0.138889 0.11828 0.042379
0.145833 0.111303 0.0444979
0.152778 0.103028 0.0466169
0.159722 0.0937512 0.0487358
0.166667 0.083993 0.0508548
0.173611 0.074653 0.0529737
0.180556 0.0672232 0.0550927
0.1875 0.0638878 0.0572116
0.194444 0.0667378 0.0593306
0.201389 0.0763373 0.0614495
0.208333 0.0915987 0.0635685
0.215278 0.110974 0.0656874
0.222222 0.133251 0.0678064
0.229167 0.157613 0.0699253
0.236111 0.183493 0.0720443
0.243056 0.210469 0.0741632
0.25 0.238209 0.0762822
0.256944 0.26642 0.0784011
0.263889 0.294832 0.0805201
0.270833 0.323199 0.082639
0.277778 0.351276 0.084758
0.284722 0.378827 0.0868769
0.291667 0.405621 0.0889959
0.298611 0.431434 0.0911148
0.305556 0.45604 0.0932337
0.3125 0.479226 0.0953527
0.319444 0.500782 0.0974716
0.326389 0.520503 0.0995906
0.333333 0.538199 0.10171
0.340278 0.553685 0.103828
0.347222 0.566787 0.105947
0.354167 0.577348 0.108066
0.361111 0.585221 0.110185
0.368056 0.590274 0.112304
0.375 0.592394 0.114423
0.381944 0.591485 0.116542
0.388889 0.587466 0.118661
0.395833 0.580285 0.12078
0.402778 0.569905 0.122899
0.409722 0.556316 0.125018
0.416667 0.539536 0.127137
0.423611 0.519613 0.129256
0.430556 0.496625 0.131375
0.4375 0.470696 0.133494
0.444444 0.442 0.135613
0.451389 0.410773 0.137732
0.458333 0.377349 0.139851
0.465278 0.342195 0.14197
0.472222 0.305992 0.144089
0.479167 0.269785 0.146207
0.486111 0.235231 0.148326
0.493056 0.204994 0.150445
0.5 0.18318 0.152564
0.506944 0.174828 0.154683
0.513889 0.183305 0.156802
0.520833 0.207659 0.158921
0.527778 0.24386 0.16104
0.534722 0.287841 0.163159
0.541667 0.33669 0.165278
0.548611 0.388496 0.167397
0.555556 0.441976 0.169516
0.5625 0.49623 0.171635
0.569444 0.550563 0.173754
0.576389 0.604407 0.175873
0.583333 0.657282 0.177992
0.590278 0.708752 0.180111
0.597222 0.758419 0.18223
0.604167 0.805918 0.184349
0.611111 0.850903 0.186467
0.618056 0.893046 0.188586
0.625 0.932044 0.190705
0.631944 0.967608 0.192824
0.638889 0.999469 0.194943
0.645833 1.02738 0.197062
0.652778 1.05111 0.199181
0.659722 1.07047 0.2013
0.666667 1.08525 0.203419
0.673611 1.09533 0.205538
0.680556 1.10055 0.207657
0.6875 1.10083 0.209776
0.694444 1.09609 0.211895
0.701389 1.08629 0.214014
0.708333 1.07144 0.216133
0.715278 1.05157 0.218252
0.722222 1.02676 0.220371
0.729167 0.997121 0.22249
0.736111 0.962839 0.224609
0.743056 0.924139 0.226728
0.75 0.881331 0.228846
0.756944 0.834803 0.230965
0.763889 0.785053 0.233084
0.770833 0.732735 0.235203
0.777778 0.678693 0.237322
0.784722 0.624054 0.239441
0.791667 0.570351 0.24156
0.798611 0.519674 0.243679
0.805556 0.474833 0.245798
0.8125 0.439463 0.247917
0.819444 0.417677 0.250036
0.826389 0.413102 0.252155
0.833333 0.427315 0.254274
0.840278 0.459303 0.256393
0.847222 0.506038 0.258512
0.854167 0.563881 0.260631
0.861111 0.62953 0.26275
0.868056 0.700318 0.264869
0.875 0.774207 0.266988
0.881944 0.849616 0.269106
0.888889 0.925293 0.271225
0.895833 1.00024 0.273344
0.902778 1.07359 0.275463
0.909722 1.14462 0.277582
0.916667 1.2127 0.279701
0.923611 1.27724 0.28182
0.930556 1.33773 0.283939
0.9375 1.39371 0.286058
0.944444 1.44475 0.288177
0.951389 1.49047 0.290296
0.958333 1.53053 0.292415
0.965278 1.56463 0.294534
0.972222 1.5925 0.296653
0.979167 1.61392 0.298772
0.986111 1.62871 0.300891
0.993056 1.63673 0.30301
1 1.6379 0.305129
1.00694 1.63217 0.307248
1.01389 1.61954 0.309367
1.02083 1.60008 0.311485
1.02778 1.57389 0.313604
1.03472 1.54116 0.315723
1.04167 1.50213 0.317842
1.04861 1.45711 0.319961
1.05556 1.40651 0.32208
1.0625 1.35084 0.324199
1.06944 1.29072 0.326318
1.07639 1.22692 0.328437
1.08333 1.16039 0.330556
1.09028 1.09232 0.332675
1.09722 1.02418 0.334794
1.10417 0.957824 0.336913
1.11111 0.895556 0.339032
1.11806 0.840165 0.341151
1.125 0.794914 0.34327
1.13194 0.763254 0.345389
1.13889 0.748299 0.347508
1.14583 0.752133 0.349627
1.15278 0.775178 0.351746
1.15972 0.816141 0.353864
1.16667 0.872497 0.355983
1.17361 0.941168 0.358102
1.18056 1.01908 0.360221
1.1875 1.10349 0.36234
1.19444 1.19205 0.364459
1.20139 1.2828 0.366578
1.20833 1.37411 0.368697
1.21528 1.46462 0.370816
1.22222 1.55315 0.372935
1.22917 1.6387 0.375054
1.23611 1.7204 0.377173
1.24306 1.79746 0.379292
1.25 1.86922 0.381411
1.25694 1.93507 0.38353
1.26389 1.99447 0.385649
1.27083 2.04695 0.387768
1.27778 2.0921 0.389887
1.28472 2.12956 0.392006
1.29167 2.15905 0.394124
1.29861 2.18034 0.396243
1.30556 2.19323 0.398362
1.3125 2.19764 0.400481
1.31944 2.19349 0.4026
1.32639 2.1808 0.404719
1.33333 2.15967 0.406838
1.34028 2.13024 0.408957
1.34722 2.09274 0.411076
1.35417 2.04749 0.413195
1.36111 1.99491 0.415314
1.36806 1.93551 0.417433
1.375 1.86991 0.419552
1.38194 1.7989 0.421671
1.38889 1.7234 0.42379
1.39583 1.64455 0.425909
1.40278 1.5637 0.428028
1.40972 1.48249 0.430147
1.41667 1.40291 0.432266
1.42361 1.32732 0.434385
1.43056 1.25849 0.436503
1.4375 1.19954 0.438622
1.44444 1.1538 0.440741
1.45139 1.12444 0.44286
1.45833 1.11402 0.444979
1.46528 1.12395 0.447098
1.47222 1.15423 0.449217
1.47917 1.20343 0.451336
1.48611 1.26914 0.453455
1.49306 1.34837 0.455574
1.5 1.43807 0.457693
1.50694 1.53535 0.459812
1.51389 1.63762 0.461931
1.52083 1.74265 0.46405
1.52778 1.84848 0.466169
1.53472 1.95344 0.468288
1.54167 2.0561 0.470407
1.54861 2.15521 0.472526
1.55556 2.24968 0.474645
1.5625 2.33855 0.476763
1.56944 2.421 0.478882
1.57639 2.49628 0.481001
1.58333 2.56377 0.48312
1.59028 2.62291 0.485239
1.59722 2.67323 0.487358
1.60417 2.71437 0.489477
1.61111 2.74602 0.491596
1.61806 2.76794 0.493715
1.625 2.78001 0.495834
1.63194 2.78217 0.497953
1.63889 2.77445 0.500072
1.64583 2.75695 0.502191
1.65278 2.72989 0.50431
1.65972 2.69359 0.506429
1.66667 2.64844 0.508548
1.67361 2.59498 0.510667
1.68056 2.53387 0.512786
1.6875 2.46589 0.514905
1.69444 2.39199 0.517024
1.70139 2.31329 0.519142
1.70833 2.23111 0.521261
1.71528 2.14698 0.52338
1.72222 2.06269 0.525499
1.72917 1.9803 0.527618
1.73611 1.90214 0.529737
1.74306 1.83076 0.531856
1.75 1.76894 0.533975
1.75694 1.71948 0.536094
1.76389 1.685 0.538213
1.77083 1.66771 0.540332
1.77778 1.66908 0.542451
1.78472 1.68963 0.54457
1.79167 1.72891 0.546689
1.79861 1.78555 0.548808
1.80556 1.85746 0.550927
1.8125 1.94221 0.553046
1.81944 2.03715 0.555165
1.82639 2.13972 0.557284
1.83333 2.24741 0.559402
1.84028 2.358 0.561521
1.84722 2.46947 0.56364
1.85417 2.58 0.565759
1.86111 2.68799 0.567878
1.86806 2.79203 0.569997
1.875 2.89086 0.572116
1.88194 2.98338 0.574235
1.88889 3.06862 0.576354
1.89583 3.14573 0.578473
1.90278 3.214 0.580592
1.90972 3.27278 0.582711
1.91667 3.32159 0.58483
1.92361 3.35999 0.586949
1.93056 3.38768 0.589068
1.9375 3.40444 0.591187
1.94444 3.41016 0.593306
1.95139 3.40482 0.595425
1.95833 3.38853 0.597544
1.96528 3.36148 0.599663
1.97222 3.32398 0.601781
1.97917 3.27647 0.6039
1.98611 3.21952 0.606019
1.99306 3.15381 0.608138
2 3.08021 0.610257
2.00694 2.99971 0.612376
2.01389 2.91351 0.614495
2.02083 2.823 0.616614
2.02778 2.72977 0.618733
2.03472 2.63567 0.620852
2.04167 2.54278 0.622971
2.04861 2.45346 0.62509
2.05556 2.37025 0.627209
2.0625 2.29593 0.629328
2.06944 2.23329 0.631447
2.07639 2.18507 0.633566
2.08333 2.15371 0.635685
2.09028 2.14108 0.637804
2.09722 2.1483 0.639923
2.10417 2.17561 0.642041
2.11111 2.22232 0.64416
2.11806 2.2869 0.646279
2.125 2.36725 0.648398
2.13194 2.46088 0.650517
2.13889 2.56512 0.652636
2.14583 2.67732 0.654755
2.15278 2.79492 0.656874
2.15972 2.91554 0.658993
2.16667 3.03701 0.661112
2.17361 3.15739 0.663231
2.18056 3.2749 0.66535
2.1875 3.38801 0.667469
2.19444 3.49533 0.669588
2.20139 3.59565 0.671707
2.20833 3.68791 0.673826
2.21528 3.77119 0.675945
2.22222 3.84472 0.678064
2.22917 3.90784 0.680183
2.23611 3.96004 0.682302
2.24306 4.00091 0.68442
2.25 4.03017 0.686539
2.25694 4.04767 0.688658
2.26389 4.05336 0.690777
2.27083 4.04733 0.692896
2.27778 4.0298 0.695015
2.28472 4.00112 0.697134
2.29167 3.96176 0.699253
2.29861 3.91235 0.701372
2.30556 3.85366 0.703491
2.3125 3.78662 0.70561
2.31944 3.71235 0.707729
2.32639 3.6321 0.709848
2.33333 3.54735 0.711967
2.34028 3.45975 0.714086
2.34722 3.37114 0.716205
2.35417 3.28358 0.718324
2.36111 3.19927 0.720443
2.36806 3.12058 0.722562
2.375 3.04995 0.72468
2.38194 2.98982 0.726799
2.38889 2.94249 0.728918
2.39583 2.91004 0.731037
2.40278 2.89411 0.733156
2.40972 2.89581 0.735275
2.41667 2.91562 0.737394
2.42361 2.95333 0.739513
2.43056 3.00805 0.741632
2.4375 3.07839 0.743751
2.44444 3.16248 0.74587
2.45139 3.25815 0.747989
2.45833 3.36313 0.750108
2.46528 3.47503 0.752227
2.47222 3.59155 0.754346
2.47917 3.71047 0.756465
2.48611 3.82974 0.758584
2.49306 3.94741 0.760703
2.5 4.06174 0.762822
2.50694 4.17115 0.764941
2.51389 4.27422 0.767059
2.52083 4.36969 0.768067
2.52778 4.45645 0.766848
2.53472 4.53355 0.76563
2.54167 4.60019 0.764412
2.54861 4.6557 0.763193
2.55556 4.69954 0.761975
2.5625 4.73133 0.760757
2.56944 4.75082 0.759538
2.57639 4.75788 0.75832
2.58333 4.75254 0.757102
2.59028 4.73495 0.755883
2.59722 4.70543 0.754665
2.60417 4.66441 0.753446
2.61111 4.61253 0.752228
2.61806 4.55051 0.75101
2.625 4.47931 0.749791
2.63194 4.40003 0.748573
2.63889 4.31393 0.747355
2.64583 4.2225 0.746136
2.65278 4.1274 0.744918
2.65972 4.03048 0.7437
2.66667 3.93378 0.742481
2.67361 3.83954 0.741263
2.68056 3.7501 0.740045
2.6875 3.66795 0.738826
2.69444 3.59556 0.737608
2.70139 3.53535 0.73639
2.70833 3.48955 0.735171
2.71528 3.46007 0.733953
2.72222 3.44835 0.732735
2.72917 3.45526 0.731516
2.73611 3.48106 0.730298
2.74306 3.52531 0.72908
2.75 3.587 0.727861
2.75694 3.66457 0.726643
2.76389 3.75607 0.725425
2.77083 3.85929 0.724206
2.77778 3.97186 0.722988
2.78472 4.09137 0.721769
2.79167 4.21545 0.720551
2.79861 4.34182 0.719333
2.80556 4.46834 0.718114
2.8125 4.59304 0.716896
2.81944 4.7141 0.715678
2.82639 4.82989 0.714459
2.83333 4.93892 0.713241
2.84028 5.03992 0.712023
2.84722 5.13176 0.710804
2.85417 5.21348 0.709586
2.86111 5.28428 0.708368
2.86806 5.34352 0.707149
2.875 5.39072 0.705931
2.88194 5.42554 0.704713
2.88889 5.4478 0.703494
2.89583 5.45749 0.702276
2.90278 5.45473 0.701058
2.90972 5.43982 0.699839
2.91667 5.4132 0.698621
2.92361 5.37548 0.697403
2.93056 5.32744 0.696184
2.9375 5.27003 0.694966
2.94444 5.20436 0.693748
2.95139 5.13172 0.692529
2.95833 5.05356 0.691311
2.96528 4.97152 0.690092
2.97222 4.88738 0.688874
2.97917 4.80308 0.687656
2.98611 4.72068 0.686437
2.99306 4.64231 0.685219
3 4.57019 0.684001
3.00694 4.50647 0.682782
3.01389 4.45324 0.681564
3.02083 4.4124 0.680346
3.02778 4.38557 0.679127
3.03472 4.37403 0.677909
3.04167 4.37863 0.676691
3.04861 4.39972 0.675472
3.05556 4.43715 0.674254
3.0625 4.49029 0.673036
3.06944 4.55807 0.671817
3.07639 4.63901 0.670599
3.08333 4.73139 0.669381
3.09028 4.83322 0.668162
3.09722 4.94243 0.666944
3.10417 5.0569 0.665726
3.11111 5.17451 0.664507
3.11806 5.29318 0.663289
3.125 5.41097 0.662071
3.13194 5.52603 0.660852
3.13889 5.63665 0.659634
3.14583 5.74128 0.658415
3.15278 5.83851 0.657197
3.15972 5.92711 0.655979
3.16667 6.00599 0.65476
3.17361 6.07425 0.653542
3.18056 6.13112 0.652324
3.1875 6.17601 0.651105
3.19444 6.20849 0.649887
3.20139 6.22828 0.648669
3.20833 6.23529 0.64745
3.21528 6.22956 0.646232
3.22222 6.21131 0.645014
3.22917 6.18093 0.643795
3.23611 6.139 0.642577
3.24306 6.08622 0.641359
3.25 6.02351 0.64014
3.25694 5.95194 0.638922
3.26389 5.87277 0.637704
3.27083 5.78745 0.636485
3.27778 5.69755 0.635267
3.28472 5.60486 0.634049
3.29167 5.5113 0.63283
3.29861 5.41892 0.631612
3.30556 5.32987 0.630394
3.3125 5.24638 0.629175
3.31944 5.17067 0.627957
3.32639 5.1049 0.626738
3.33333 5.05111 0.62552
3.34028 5.0111 0.624302
3.34722 4.98637 0.623083
3.35417 4.97803 0.621865
3.36111 4.98676 0.620647
3.36806 5.01271 0.619428
3.375 5.05558 0.61821
3.38194 5.11457 0.616992
3.38889 5.18845 0.615773
3.39583 5.27568 0.614555
3.40278 5.3744 0.613337
3.40972 5.48258 0.612118
3.41667 5.5981 0.6109
3.42361 5.71879 0.609682
3.43056 5.84248 0.608463
3.4375 5.96711 0.607245
3.44444 6.09068 0.606027
3.45139 6.21135 0.604808
3.45833 6.32741 0.60359
3.46528 6.43731 0.602372
3.47222 6.53966 0.601153
3.47917 6.63325 0.599935
3.48611 6.71703 0.598717
3.49306 6.79014 0.597498
3.5 6.85188 0.59628
3.50694 6.90172 0.595061
3.51389 6.93931 0.593843
3.52083 6.96449 0.592625
3.52778 6.97724 0.591406
3.53472 6.97774 0.590188
3.54167 6.96633 0.58897
3.54861 6.94355 0.587751
3.55556 6.91006 0.586533
3.5625 6.86675 0.585315
3.56944 6.81465 0.584096
3.57639 6.75496 0.582878
3.58333 6.68904 0.58166
3.59028 6.6184 0.580441
3.59722 6.54469 0.579223
3.60417 6.46968 0.578005
3.61111 6.39525 0.576786
3.61806 6.3233 0.575568
3.625 6.25582 0.57435
3.63194 6.19472 0.573131
3.63889 6.14187 0.571913
3.64583 6.099 0.570695
3.65278 6.06763 0.569476
3.65972 6.04904 0.568258
3.66667 6.04419 0.56704
3.67361 6.05371 0.565821
3.68056 6.07779 0.564603
3.6875 6.11631 0.563384
3.69444 6.1687 0.562166
3.70139 6.23407 0.560948
3.70833 6.31122 0.559729
3.71528 6.39868 0.558511
3.72222 6.49479 0.557293
3.72917 6.59776 0.556074
3.73611 6.7057 0.554856
3.74306 6.81669 0.553638
3.75 6.92885 0.552419
3.75694 7.04033 0.551201
3.76389 7.14935 0.549983
3.77083 7.25428 0.548764
3.77778 7.35356 0.547546
3.78472 7.4458 0.546328
3.79167 7.52976 0.545109
3.79861 7.60437 0.543891
3.80556 7.66867 0.542673
3.8125 7.72193 0.541454
3.81944 7.76354 0.540236
3.82639 7.79312 0.539018
3.83333 7.81037 0.537799
3.84028 7.81525 0.536581
3.84722 7.80786 0.535363
3.85417 7.78848 0.534144
3.86111 7.75759 0.532926
3.86806 7.71581 0.531708
3.875 7.66395 0.530489
3.88194 7.603 0.529271
3.88889 7.53412 0.528052
3.89583 7.45862 0.526834
3.90278 7.37798 0.525616
3.90972 7.29382 0.524397
3.91667 7.2079 0.523179
3.92361 7.12206 0.521961
3.93056 7.03824 0.520742
3.9375 6.95842 0.519524
3.94444 6.88459 0.518306
3.95139 6.81865 0.517087
3.95833 6.76245 0.515869
3.96528 6.71765 0.514651
3.97222 6.68569 0.513432
3.97917 6.66771 0.512214
3.98611 6.66457 0.510996
3.99306 6.67669 0.509777
4 6.70418 0.508559
4.00694 6.74672 0.507341
4.01389 6.80361 0.506122
4.02083 6.87384 0.504904
4.02778 6.9561 0.503686
4.03472 7.04883 0.502467
4.04167 7.15031 0.501249
4.04861 7.25869 0.500031
4.05556 7.37203 0.498812
4.0625 7.48842 0.497594
4.06944 7.60596 0.496375
4.07639 7.7228 0.495157
4.08333 7.8372 0.493939
4.09028 7.94753 0.49272
4.09722 8.05228 0.491502
4.10417 8.15013 0.490284
4.11111 8.23988 0.489065
4.11806 8.3205 0.487847
4.125 8.39115 0.486629
4.13194 8.45116 0.48541
4.13889 8.5 0.484192
4.14583 8.53739 0.482974
4.15278 8.56316 0.481755
4.15972 8.57735 0.480537
4.16667 8.58019 0.479319
4.17361 8.57207 0.4781
4.18056 8.55355 0.476882
4.1875 8.52536 0.475664
4.19444 8.48842 0.474445
4.20139 8.44378 0.473227
4.20833 8.39265 0.472009
4.21528 8.33637 0.47079
4.22222 8.27641 0.469572
4.22917 8.21434 0.468354
4.23611 8.15181 0.467135
4.24306 8.09051 0.465917
4.25 8.03217 0.464698
4.25694 7.97848 0.46348
4.26389 7.93107 0.462262
4.27083 7.89149 0.461043
4.27778 7.8611 0.459825
4.28472 7.8411 0.458607
4.29167 7.83245 0.457388
4.29861 7.83583 0.45617
4.30556 7.85163 0.454952
4.3125 7.87994 0.453733
4.31944 7.92055 0.452515
4.32639 7.97292 0.451297
4.33333 8.03626 0.450078
4.34028 8.10953 0.44886
4.34722 8.19145 0.447642
4.35417 8.28062 0.446423
4.36111 8.37547 0.445205
4.36806 8.47438 0.443987
4.375 8.57567 0.442768
4.38194 8.67766 0.44155
4.38889 8.7787 0.440332
4.39583 8.87721 0.439113
4.40278 8.97169 0.437895
4.40972 9.06073 0.442878
4.41667 9.14305 0.460344
4.42361 9.21753 0.47781
4.43056 9.28314 0.495276
4.4375 9.33906 0.512742
4.44444 9.38461 0.530208
4.45139 9.41927 0.547674
4.45833 9.4427 0.56514
4.46528 9.45472 0.582606
4.47222 9.45534 0.600072
4.47917 9.44474 0.617538
4.48611 9.42326 0.635004
4.49306 9.39144 0.65247
4.5 9.34997 0.669936
4.50694 9.2997 0.687402
4.51389 9.24167 0.704868
4.52083 9.17704 0.722334
4.52778 9.10712 0.7398
4.53472 9.03336 0.757266
4.54167 8.95731 0.774732
4.54861 8.88062 0.792198
4.55556 8.80497 0.809664
4.5625 8.73212 0.82713
4.56944 8.66379 0.844596
4.57639 8.60169 0.862062
4.58333 8.54742 0.879528
4.59028 8.50247 0.896994
4.59722 8.46814 0.91446
4.60417 8.44555 0.931926
4.61111 8.43554 0.949392
4.61806 8.43867 0.966858
4.625 8.45521 0.984323
4.63194 8.48512 1.00179
4.63889 8.52805 1.01926
4.64583 8.58335 1.03672
4.65278 8.65013 1.05419
4.65972 8.72722 1.07165
4.66667 8.81331 1.08912
4.67361 8.9069 1.10659
4.68056 9.0064 1.12405
4.6875 9.11015 1.14152
4.69444 9.21646 1.15898
4.70139 9.32367 1.17645
4.70833 9.43015 1.19392
4.71528 9.53434 1.21138
4.72222 9.63479 1.22885
4.72917 9.73015 1.24631
4.73611 9.81922 1.26378
4.74306 9.90093 1.28125
4.75 9.97436 1.29871
4.75694 10.0388 1.31618
4.76389 10.0935 1.33364
4.77083 10.1383 1.35111
4.77778 10.1728 1.36857
4.78472 10.1969 1.38604
4.79167 10.2108 1.40351
4.79861 10.2147 1.42097
4.80556 10.2091 1.43844
4.8125 10.1945 1.4559
4.81944 10.1717 1.47337
4.82639 10.1417 1.49084
4.83333 10.1054 1.5083
4.84028 10.064 1.52577
4.84722 10.0187 1.54323
4.85417 9.97103 1.5607
4.86111 9.92227 1.57817
4.86806 9.87389 1.59563
4.875 9.82739 1.6131
4.88194 9.78423 1.63056
4.88889 9.74578 1.64803
4.89583 9.71339 1.6655
4.90278 9.68825 1.68296
4.90972 9.67139 1.70043
4.91667 9.6637 1.71789
4.92361 9.66583 1.73536
4.93056 9.6782 1.75283
4.9375 9.701 1.77029
4.94444 9.73418 1.78776
4.95139 9.77741 1.80522
4.95833 9.83018 1.82269
4.96528 9.89172 1.84016
4.97222 9.96109 1.85762
4.97917 10.0372 1.87509
4.98611 10.1188 1.89255
4.99306 10.2045 1.91002
5 10.2929 1.92749
5.00694 10.3827 1.94495
5.01389 10.4723 1.96242
5.02083 10.5604 1.97988
5.02778 10.6456 1.99735
5.03472 10.7265 2.01482
5.04167 10.8021 2.01856
5.04861 10.8711 2.01535
5.05556 10.9328 2.01214
5.0625 10.9861 2.00893
5.06944 11.0304 2.00572
5.07639 11.0652 2.00251
5.08333 11.0902 1.9993
5.09028 11.105 1.9961
5.09722 11.1096 1.99289
5.10417 11.1042 1.98968
5.11111 11.0889 1.98647
5.11806 11.0643 1.98326
5.125 11.0309 1.98005
5.13194 10.9894 1.97684
5.13889 10.9408 1.97363
5.14583 10.8861 1.97042
5.15278 10.8263 1.96721
5.15972 10.7629 1.96401
5.16667 10.697 1.9608
5.17361 10.6302 1.95759
5.18056 10.5639 1.95438
5.1875 10.4996 1.95117
5.19444 10.4388 1.94796
5.20139 10.383 1.94475
5.20833 10.3336 1.94154
5.21528 10.2917 1.93833
5.22222 10.2587 1.93512
5.22917 10.2355 1.93192
5.23611 10.2227 1.92871
5.24306 10.2211 1.9255
5.25 10.231 1.92229
5.25694 10.2523 1.91908
5.26389 10.285 1.91587
5.27083 10.3286 1.91266
5.27778 10.3825 1.90945
5.28472 10.4459 1.90624
5.29167 10.5177 1.90303
5.29861 10.5967 1.89983
5.30556 10.6817 1.89662
5.3125 10.7714 1.89341
5.31944 10.8642 1.8902
5.32639 10.9588 1.88699
5.33333 11.0537 1.88378
5.34028 11.1475 1.88057
5.34722 11.239 1.87736
5.35417 11.3269 1.87415
5.36111 11.41 1.87094
5.36806 11.4874 1.86774
5.375 11.5582 1.86453
5.38194 11.6216 1.86132
5.38889 11.677 1.85811
5.39583 11.724 1.8549
5.40278 11.7623 1.85169
5.40972 11.7918 1.84848
5.41667 11.8125 1.84527
5.42361 11.8245 1.84206
5.43056 11.8282 1.83885
5.4375 11.8241 1.83565
5.44444 11.8129 1.83244
5.45139 11.7952 1.82923
5.45833 11.7719 1.82602
5.46528 11.744 1.82281
5.47222 11.7126 1.8196
5.47917 11.6789 1.81639
5.48611 11.6439 1.81318
5.49306 11.6089 1.80997
5.5 11.5753 1.80676
5.50694 11.5441 1.80356
5.51389 11.5165 1.80035
5.52083 11.4937 1.79714
5.52778 11.4766 1.79393
5.53472 11.4661 1.79072
5.54167 11.4629 1.78751
5.54861 11.4676 1.7843
5.55556 11.4806 1.78109
5.5625 11.502 1.77788
5.56944 11.5318 1.77467
5.57639 11.5699 1.77147
5.58333 11.6158 1.76826
5.59028 11.6689 1.76505
5.59722 11.7286 1.76184
5.60417 11.7939 1.75863
5.61111 11.8639 1.75542
5.61806 11.9374 1.75221
5.625 12.0133 1.749
5.63194 12.0905 1.74579
5.63889 12.1677 1.74258
5.64583 12.2437 1.73938
5.65278 12.3173 1.73617
5.65972 12.3874 1.73296
5.66667 12.453 1.72975
5.67361 12.5131 1.72654
5.68056 12.5669 1.72333
5.6875 12.6135 1.72012
5.69444 12.6525 1.71691
5.70139 12.6832 1.7137
5.70833 12.7053 1.71049
5.71528 12.7187 1.70729
5.72222 12.7232 1.70408
5.72917 12.719 1.70087
5.73611 12.7063 1.69766
5.74306 12.6854 1.69445
5.75 12.6568 1.69124
5.75694 12.6212 1.68803
5.76389 12.5794 1.68482
5.77083 12.5323 1.68161
5.77778 12.4809 1.6784
5.78472 12.4261 1.6752
5.79167 12.3693 1.67199
5.79861 12.3117 1.66878
5.80556 12.2544 1.66557
5.8125 12.1989 1.66236
5.81944 12.1462 1.65915
5.82639 12.0978 1.65594
5.83333 12.0546 1.65273
5.84028 12.0178 1.64952
5.84722 11.9884 1.64631
5.85417 11.9672 1.64311
5.86111 11.9548 1.6399
5.86806 11.9518 1.63669
5.875 11.9584 1.63348
5.88194 11.9747 1.63027
5.88889 12.0006 1.62706
5.89583 12.0359 1.62385
5.90278 12.08 1.62064
5.90972 12.1323 1.61743
5.91667 12.192 1.61422
5.92361 12.2582 1.61102
5.93056 12.3298 1.60781
5.9375 12.4058 1.6046
5.94444 12.4849 1.60139
5.95139 12.566 1.59818
5.95833 12.6478 1.59497
5.96528 12.7292 1.59176
5.97222 12.8091 1.58855
5.97917 12.8864 1.58534
5.98611 12.9601 1.58213
5.99306 13.0293 1.57893
6 13.0933 1.57572
6.00694 13.1513 1.57251
6.01389 13.2029 1.5693
6.02083 13.2476 1.56609
6.02778 13.2852 1.56288
6.03472 13.3155 1.55967
6.04167 13.3386 1.55646
6.04861 13.3545 1.55325
6.05556 13.3636 1.55004
6.0625 13.3662 1.54684
6.06944 13.363 1.54363
6.07639 13.3544 1.54042
6.08333 13.3413 1.53721
6.09028 13.3244 1.534
6.09722 13.3047 1.53079
6.10417 13.2831 1.52758
6.11111 13.2607 1.52437
6.11806 13.2382 1.52116
6.125 13.217 1.51795
6.13194 13.1977 1.51475
6.13889 13.1815 1.51154
6.14583 13.1692 1.50833
6.15278 13.1615 1.50512
6.15972 13.1592 1.50191
6.16667 13.1628 1.4987
6.17361 13.1727 1.49549
6.18056 13.1891 1.49228
6.1875 13.2123 1.48907
6.19444 13.2421 1.48586
6.20139 13.2783 1.48266
6.20833 13.3207 1.47945
6.21528 13.3688 1.47624
6.22222 13.4218 1.47303
6.22917 13.4792 1.46982
6.23611 13.54 1.46661
6.24306 13.6034 1.4634
6.25 13.6684 1.46019
6.25694 13.7341 1.45698
6.26389 13.7993 1.45377
6.27083 13.8633 1.45057
6.27778 13.9249 1.44736
6.28472 13.9832 1.44415
6.29167 14.0374 1.44094
6.29861 14.0867 1.43773
6.30556 14.1303 1.43452
6.3125 14.1677 1.43131
6.31944 14.1984 1.4281
6.32639 14.2219 1.42489
6.33333 14.238 1.42168
6.34028 14.2465 1.41848
6.34722 14.2474 1.41527
6.35417 14.2409 1.41206
6.36111 14.2271 1.40885
6.36806 14.2065 1.40564
6.375 14.1794 1.40243
6.38194 14.1466 1.39922
6.38889 14.1086 1.39601
6.39583 14.0663 1.3928
6.40278 14.0205 1.38959
6.40972 13.9723 1.38639
6.41667 13.9226 1.38318
6.42361 13.8725 1.37997
6.43056 13.823 1.37676
6.4375 13.7752 1.37355
6.44444 13.7301 1.37034
6.45139 13.6889 1.36713
6.45833 13.6523 1.36392
6.46528 13.6213 1.36071
6.47222 13.5966 1.3575
6.47917 13.579 1.3543
6.48611 13.5688 1.35109
6.49306 13.5666 1.34788
6.5 13.5724 1.34467
6.50694 13.5863 1.34146
6.51389 13.6083 1.33825
6.52083 13.6381 1.33504
6.52778 13.6752 1.33183
6.53472 13.7192 1.32862
6.54167 13.7693 1.32541
6.54861 13.8248 1.32221
6.55556 13.8849 1.319
6.5625 13.9485 1.31579
6.56944 14.0149 1.31258
6.57639 14.0829 1.30937
6.58333 14.1516 1.30616
6.59028 14.2201 1.30295
6.59722 14.2873 1.29974
6.60417 14.3525 1.29653
6.61111 14.4148 1.29332
6.61806 14.4735 1.29012
6.625 14.5279 1.28691
6.63194 14.5776 1.2837
6.63889 14.622 1.28049
6.64583 14.6609 1.27728
6.65278 14.6941 1.27407
6.65972 14.7214 1.27086
6.66667 14.743 1.26765
6.67361 14.759 1.26444
6.68056 14.7696 1.26123
6.6875 14.7752 1.25803
6.69444 14.7762 1.25482
6.70139 14.7734 1.25161
6.70833 14.7671 1.2484
6.71528 14.7583 1.24519
6.72222 14.7475 1.24198
6.72917 14.7356 1.23877
6.73611 14.7235 1.23556
6.74306 14.7118 1.23235
6.75 14.7015 1.22914
6.75694 14.6932 1.22594
6.76389 14.6878 1.22273
6.77083 14.6858 1.21952
6.77778 14.6878 1.21631
6.78472 14.6943 1.2131
6.79167 14.7056 1.20989
6.79861 14.7221 1.20668
6.80556 14.7438 1.20347
6.8125 14.7708 1.20026
6.81944 14.8029 1.19705
6.82639 14.84 1.19385
6.83333 14.8815 1.19064
6.84028 14.9272 1.18743
6.84722 14.9763 1.18422
6.85417 15.0283 1.18101
6.86111 15.0825 1.1778
6.86806 15.1381 1.17459
6.875 15.1942 1.17138
6.88194 15.2501 1.16817
6.88889 15.3049 1.16496
6.89583 15.3578 1.16176
6.90278 15.408 1.15855
6.90972 15.4547 1.15534
6.91667 15.4974 1.15213
6.92361 15.5353 1.14892
6.93056 15.5679 1.14571
6.9375 15.5947 1.1425
6.94444 15.6155 1.13929
6.95139 15.6298 1.13608
6.95833 15.6377 1.13287
6.96528 15.6389 1.12967
6.97222 15.6337 1.12646
6.97917 15.6221 1.12325
6.98611 15.6045 1.12004
6.99306 15.5813 1.11683
7 15.5528 1.11362
7.00694 15.5198 1.11041
7.01389 15.4828 1.1072
7.02083 15.4426 1.10399
7.02778 15.4 1.10078
7.03472 15.3559 1.09758
7.04167 15.311 1.09437
7.04861 15.2664 1.09116
7.05556 15.2229 1.08795
7.0625 15.1815 1.08474
7.06944 15.1429 1.08153
7.07639 15.108 1.07832
7.08333 15.0775 1.07511
7.09028 15.0522 1.0719
7.09722 15.0326 1.06869
7.10417 15.0191 1.06549
7.11111 15.0121 1.06228
7.11806 15.0119 1.05907
7.125 15.0185 1.05586
7.13194 15.0319 1.05265
7.13889 15.0519 1.04944
7.14583 15.0783 1.04623
7.15278 15.1107 1.04302
7.15972 15.1485 1.03981
7.16667 15.1912 1.0366
7.17361 15.2381 1.0334
7.18056 15.2885 1.03019
7.1875 15.3415 1.02698
7.19444 15.3965 1.02377
7.20139 15.4525 1.02056
7.20833 15.5088 1.01735
7.21528 15.5647 1.01414
7.22222 15.6192 1.01093
7.22917 15.6718 1.00772
7.23611 15.7219 1.00451
7.24306 15.7688 1.00131
7.25 15.8121 0.998097
7.25694 15.8515 0.994888
7.26389 15.8865 0.991679
7.27083 15.9172 0.98847
7.27778 15.9432 0.985261
7.28472 15.9647 0.982052
7.29167 15.9818 0.978843
7.29861 15.9946 0.975634
7.30556 16.0035 0.972425
7.3125 16.0088 0.969216
7.31944 16.011 0.966007
7.32639 16.0106 0.962798
7.33333 16.0082 0.959589
7.34028 16.0043 0.95638
7.34722 15.9997 0.953171
7.35417 15.995 0.949962
7.36111 15.9908 0.946753
7.36806 15.9878 0.943544
7.375 15.9866 0.940335
7.38194 15.9877 0.937126
7.38889 15.9918 0.933917
7.39583 15.9992 0.930708
7.40278 16.0104 0.927499
7.40972 16.0255 0.92429
7.41667 16.0449 0.921081
7.42361 16.0685 0.917872
7.43056 16.0963 0.914663
7.4375 16.1283 0.911454
7.44444 16.1641 0.908245
7.45139 16.2035 0.905036
7.45833 16.2461 0.901827
7.46528 16.2914 0.898618
7.47222 16.3387 0.895409
7.47917 16.3875 0.8922
7.48611 16.4371 0.888991
7.49306 16.4869 0.885782
7.5 16.5361 0.882573
7.50694 16.5839 0.879364
7.51389 16.6298 0.876155
7.52083 16.673 0.872946
7.52778 16.7129 0.869737
7.53472 16.7489 0.866528
7.54167 16.7805 0.863319
7.54861 16.8072 0.86011
7.55556 16.8286 0.856901
7.5625 16.8445 0.86046
7.56944 16.8546 0.864048
7.57639 16.8589 0.867637
7.58333 16.8573 0.871225
7.59028 16.8498 0.874813
7.59722 16.8368 0.878401
7.60417 16.8183 0.881989
7.61111 16.7949 0.885577
7.61806 16.7669 0.889166
7.625 16.7349 0.892754
7.63194 16.6994 0.896342
7.63889 16.6612 0.89993
7.64583 16.6209 0.903518
7.65278 16.5792 0.907106
7.65972 16.537 0.910695
7.66667 16.4951 0.914283
7.67361 16.4541 0.917871
7.68056 16.415 0.921459
7.6875 16.3784 0.925047
7.69444 16.345 0.928636
7.70139 16.3155 0.932224
7.70833 16.2905 0.935812
7.71528 16.2704 0.9394
7.72222 16.2555 0.942988
7.72917 16.2463 0.946576
7.73611 16.2429 0.950165
7.74306 16.2454 0.953753
7.75 16.2537 0.957341
7.75694 16.2677 0.960929
7.76389 16.2871 0.964517
7.77083 16.3116 0.968106
7.77778 16.3409 0.971694
7.78472 16.3742 0.975282
7.79167 16.4112 0.97887
7.79861 16.4512 0.982458
7.80556 16.4935 0.986046
7.8125 16.5374 0.989635
7.81944 16.5823 0.993223
7.82639 16.6275 0.996811
7.83333 16.6723 1.0004
7.84028 16.7161 1.00399
7.84722 16.7583 1.00758
7.85417 16.7984 1.01116
7.86111 16.836 1.01475
7.86806 16.8706 1.01834
7.875 16.9019 1.02193
7.88194 16.9298 1.02552
7.88889 16.9541 1.0291
7.89583 16.9748 1.03269
7.90278 16.9918 1.03628
7.90972 17.0054 1.03987
7.91667 17.0157 1.04346
7.92361 17.023 1.04705
7.93056 17.0276 1.05063
7.9375 17.0301 1.05422
7.94444 17.0308 1.05781
7.95139 17.0302 1.0614
7.95833 17.029 1.06499
7.96528 17.0276 1.06857
7.97222 17.0267 1.07216
7.97917 17.0268 1.07575
7.98611 17.0284 1.07934
7.99306 17.032 1.08293
8 17.0382 1.08652
8.00694 17.0473 1.0901
8.01389 17.0596 1.09369
8.02083 17.0755 1.09728
8.02778 17.095 1.10087
8.03472 17.1183 1.10446
8.04167 17.1455 1.10804
8.04861 17.1763 1.11163
8.05556 17.2106 1.11522
8.0625 17.2481 1.11881
8.06944 17.2885 1.1224
8.07639 17.3314 1.12599
8.08333 17.3762 1.12957
8.09028 17.4224 1.13316
8.09722 17.4694 1.13675
8.10417 17.5165 1.14034
8.11111 17.5632 1.14393
8.11806 17.6087 1.14751
8.125 17.6524 1.1511
8.13194 17.6937 1.15469
8.13889 17.732 1.15828
8.14583 17.7667 1.16187
8.15278 17.7973 1.16546
8.15972 17.8234 1.16904
8.16667 17.8445 1.17263
8.17361 17.8604 1.17622
8.18056 17.8709 1.17981
8.1875 17.8758 1.18432
8.19444 17.8751 1.1907
8.20139 17.8687 1.19709
8.20833 17.857 1.20347
8.21528 17.8399 1.20986
8.22222 17.818 1.21624
8.22917 17.7915 1.22263
8.23611 17.7609 1.22901
8.24306 17.7267 1.2354
8.25 17.6896 1.24179
8.25694 17.6501 1.24817
8.26389 17.609 1.25456
8.27083 17.567 1.26094
8.27778 17.5247 1.26733
8.28472 17.4829 1.27371
8.29167 17.4424 1.2801
8.29861 17.4038 1.28648
8.30556 17.3678 1.29287
8.3125 17.3351 1.29925
8.31944 17.306 1.30564
8.32639 17.2812 1.31202
8.33333 17.2611 1.31841
8.34028 17.2458 1.3248
8.34722 17.2358 1.33118
8.35417 17.231 1.33757
8.36111 17.2315 1.34395
8.36806 17.2372 1.35034
8.375 17.2479 1.35672
8.38194 17.2634 1.36311
8.38889 17.2833 1.36949
8.39583 17.3071 1.37588
8.40278 17.3344 1.38226
8.40972 17.3647 1.38865
8.41667 17.3973 1.39504
8.42361 17.4316 1.40142
8.43056 17.4671 1.40781
8.4375 17.5031 1.41419
8.44444 17.539 1.42058
8.45139 17.5742 1.42696
8.45833 17.6082 1.43335
8.46528 17.6405 1.43973
8.47222 17.6707 1.44612
8.47917 17.6984 1.4525
8.48611 17.7233 1.45889
8.49306 17.7452 1.46527
8.5 17.7639 1.47166
8.50694 17.7795 1.47805
8.51389 17.7919 1.48443
8.52083 17.8013 1.49082
8.52778 17.8078 1.4972
8.53472 17.8117 1.50359
8.54167 17.8134 1.50997
8.54861 17.8132 1.51636
8.55556 17.8116 1.52274
8.5625 17.8091 1.52913
8.56944 17.8062 1.53551
8.57639 17.8034 1.5419
8.58333 17.8013 1.54828
8.59028 17.8005 1.55467
8.59722 17.8013 1.56106
8.60417 17.8044 1.56744
8.61111 17.8102 1.57383
8.61806 17.819 1.58021
8.625 17.8313 1.5866
8.63194 17.8471 1.59298
8.63889 17.8668 1.59937
8.64583 17.8904 1.60575
8.65278 17.9179 1.61214
8.65972 17.9492 1.61852
8.66667 17.9841 1.62491
8.67361 18.0223 1.6313
8.68056 18.0634 1.63768
8.6875 18.1071 1.64407
8.69444 18.1528 1.65045
8.70139 18.2 1.65684
8.70833 18.248 1.66322
8.71528 18.2963 1.66961
8.72222 18.3441 1.67599
8.72917 18.3907 1.68238
8.73611 18.4357 1.68876
8.74306 18.4781 1.69515
8.75 18.5176 1.70153
8.75694 18.5534 1.70792
8.76389 18.5851 1.71431
8.77083 18.6121 1.72069
8.77778 18.6341 1.72708
8.78472 18.6508 1.73346
8.79167 18.6619 1.73985
8.79861 18.6672 1.74623
8.80556 18.6667 1.75262
8.8125 18.6605 1.759
8.81944 18.6485 1.76539
8.82639 18.6311 1.77177
8.83333 18.6085 1.77816
8.84028 18.5811 1.78454
8.84722 18.5493 1.79093
8.85417 18.5137 1.79732
8.86111 18.4748 1.8037
8.86806 18.4333 1.81009
8.875 18.3899 1.81647
8.88194 18.3452 1.82286
8.88889 18.3 1.82924
8.89583 18.2551 1.83563
8.90278 18.2111 1.84201
8.90972 18.1688 1.8484
8.91667 18.1288 1.85478
8.92361 18.0918 1.86117
8.93056 18.0584 1.86756
8.9375 18.029 1.87394
8.94444 18.0041 1.88033
8.95139 17.9839 1.88671
8.95833 17.9687 1.8931
8.96528 17.9588 1.89948
8.97222 17.9539 1.90587
8.97917 17.9542 1.91225
8.98611 17.9595 1.91864
8.99306 17.9694 1.92502
9 17.9837 1.93141
9.00694 18.0019 1.93779
9.01389 18.0235 1.94418
9.02083 18.048 1.95057
9.02778 18.0749 1.95695
9.03472 18.1034 1.96334
9.04167 18.133 1.96972
9.04861 18.163 1.97611
9.05556 18.1929 1.98249
9.0625 18.222 1.98888
9.06944 18.2498 1.99526
9.07639 18.2758 2.00165
9.08333 18.2996 2.00803
9.09028 18.3208 2.01442
9.09722 18.339 2.0208
9.10417 18.3541 2.02719
9.11111 18.366 2.03358
9.11806 18.3745 2.03996
9.125 18.3798 2.04635
9.13194 18.382 2.05273
9.13889 18.3813 2.05912
9.14583 18.3779 2.0655
9.15278 18.3723 2.07189
9.15972 18.3648 2.07827
9.16667 18.356 2.08466
9.17361 18.3464 2.09104
9.18056 18.3366 2.09743
9.1875 18.3272 2.10382
9.19444 18.3187 2.1102
9.20139 18.3118 2.11659
9.20833 18.307 2.12297
9.21528 18.305 2.12936
9.22222 18.3061 2.13574
9.22917 18.3109 2.14213
9.23611 18.3196 2.14851
9.24306 18.3327 2.1549
9.25 18.3503 2.16128
9.25694 18.3725 2.16767
9.26389 18.3993 2.17405
9.27083 18.4306 2.18044
9.27778 18.4662 2.18683
9.28472 18.5058 2.19321
9.29167 18.549 2.1996
9.29861 18.5954 2.20598
9.30556 18.6444 2.21237
9.3125 18.6954 2.21875
9.31944 18.7476 2.22514
9.32639 18.8004 2.23152
9.33333 18.853 2.23791
9.34028 18.9047 2.24429
9.34722 18.9548 2.25068
9.35417 19.0024 2.25706
9.36111 19.0468 2.26345
9.36806 19.0875 2.26984
9.375 19.1238 2.27622
9.38194 19.1551 2.28261
9.38889 19.1809 2.28899
9.39583 19.2009 2.29538
9.40278 19.2148 2.30176
9.40972 19.2223 2.30815
9.41667 19.2234 2.31453
9.42361 19.218 2.32092
9.43056 19.2061 2.3273
9.4375 19.1881 2.33369
9.44444 19.1642 2.34008
9.45139 19.1347 2.34646
9.45833 19.1001 2.35285
9.46528 19.0611 2.35923
9.47222 19.0181 2.36562
9.47917 18.9719 2.372
9.48611 18.9233 2.37839
9.49306 18.8729 2.38477
9.5 18.8217 2.39116
9.50694 18.7704 2.39754
9.51389 18.7198 2.40393
9.52083 18.6708 2.41031
9.52778 18.6241 2.4167
9.53472 18.5804 2.42309
9.54167 18.5404 2.42947
9.54861 18.5046 2.43586
9.55556 18.4736 2.44224
9.5625 18.4477 2.44863
9.56944 18.4272 2.45501
9.57639 18.4124 2.4614
9.58333 18.4031 2.46778
9.59028 18.3995 2.47417
9.59722 18.4013 2.48055
9.60417 18.4083 2.48694
9.61111 18.42 2.49333
9.61806 18.4361 2.49971
9.625 18.456 2.5061
9.63194 18.479 2.51248
9.63889 18.5046 2.51887
9.64583 18.532 2.52525
9.65278 18.5605 2.53164
9.65972 18.5894 2.53802
9.66667 18.618 2.54441
9.67361 18.6456 2.55079
9.68056 18.6716 2.55718
9.6875 18.6953 2.56356
9.69444 18.7163 2.56995
9.70139 18.7341 2.57634
9.70833 18.7483 2.58272
9.71528 18.7587 2.58911
9.72222 18.765 2.59549
9.72917 18.7673 2.60188
9.73611 18.7656 2.60826
9.74306 18.7599 2.61465
9.75 18.7505 2.62103
9.75694 18.7378 2.62742
9.76389 18.7222 2.6338
9.77083 18.7041 2.64019
9.77778 18.6841 2.64657
9.78472 18.663 2.65296
9.79167 18.6413 2.65935
9.79861 18.6198 2.66573
9.80556 18.5992 2.67212
9.8125 18.5803 2.6785
9.81944 18.5639 2.68489
9.82639 18.5506 2.69127
9.83333 18.5411 2.69766
9.84028 18.5359 2.70404
9.84722 18.5357 2.71043
9.85417 18.5407 2.71681
9.86111 18.5515 2.7232
9.86806 18.568 2.72959
9.875 18.5906 2.73597
9.88194 18.619 2.74236
9.88889 18.6532 2.74874
9.89583 18.6929 2.75513
9.90278 18.7376 2.76151
9.90972 18.7868 2.7679
9.91667 18.84 2.77428
9.92361 18.8964 2.78067
9.93056 18.9551 2.78705
9.9375 19.0155 2.79344
9.94444 19.0765 2.79982
9.95139 19.1373 2.80621
9.95833 19.1969 2.8126
9.96528 19.2545 2.81898
9.97222 19.309 2.82537
9.97917 19.3598 2.83175
9.98611 19.4059 2.83814
9.99306 19.4467 2.84452
10 19.4815 2.85091
10.0069 19.5098 2.85729
10.0139 19.531 2.86368
10.0208 19.5449 2.87006
10.0278 19.5513 2.87645
10.0347 19.5499 2.88283
10.0417 19.5409 2.88922
10.0486 19.5243 2.89561
10.0556 19.5004 2.90199
10.0625 19.4696 2.90838
10.0694 19.4324 2.91476
10.0764 19.3892 2.91311
10.0833 19.3409 2.89495
10.0903 19.2881 2.8768
10.0972 19.2318 2.85864
10.1042 19.1727 2.84049
10.1111 19.1119 2.82233
10.1181 19.0503 2.80418
10.125 18.9889 2.78602
10.1319 18.9288 2.76787
10.1389 18.8707 2.74971
10.1458 18.8157 2.73156
10.1528 18.7646 2.7134
10.1597 18.7182 2.69525
10.1667 18.6771 2.67709
10.1736 18.6419 2.65894
10.1806 18.613 2.64078
10.1875 18.5907 2.62263
10.1944 18.5753 2.60447
10.2014 18.5667 2.58632
10.2083 18.5648 2.56816
10.2153 18.5694 2.55001
10.2222 18.58 2.53185
10.2292 18.5962 2.5137
10.2361 18.6173 2.49554
10.2431 18.6426 2.47739
10.25 18.6714 2.45923
10.2569 18.7028 2.44108
10.2639 18.7359 2.42292
10.2708 18.7698 2.40477
10.2778 18.8035 2.38661
10.2847 18.8363 2.36846
10.2917 18.8673 2.3503
10.2986 18.8956 2.33215
10.3056 18.9206 2.31399
10.3125 18.9415 2.29584
10.3194 18.958 2.27768
10.3264 18.9694 2.25953
10.3333 18.9756 2.24137
10.3403 18.9763 2.22322
10.3472 18.9714 2.20506
10.3542 18.961 2.18691
10.3611 18.9452 2.16875
10.3681 18.9245 2.1506
10.375 18.8992 2.13244
10.3819 18.8698 2.11429
10.3889 18.8371 2.09613
10.3958 18.8017 2.07798
10.4028 18.7646 2.05982
10.4097 18.7265 2.04167
10.4167 18.6885 2.02351
10.4236 18.6515 2.00536
10.4306 18.6166 1.9872
10.4375 18.5847 1.96905
10.4444 18.5567 1.95089
10.4514 18.5335 1.93274
10.4583 18.516 1.91458
10.4653 18.5048 1.89643
10.4722 18.5006 1.87827
10.4792 18.5039 1.86012
10.4861 18.5149 1.84196
10.4931 18.5338 1.82381
10.5 18.5606 1.80565
10.5069 18.5952 1.7875
10.5139 18.6372 1.76934
10.5208 18.6861 1.75119
10.5278 18.7414 1.73303
10.5347 18.8022 1.71488
10.5417 18.8676 1.69672
10.5486 18.9367 1.67857
10.5556 19.0084 1.66041
10.5625 19.0815 1.64226
10.5694 19.155 1.6241
10.5764 19.2275 1.60595
10.5833 19.2981 1.58779
10.5903 19.3654 1.56964
10.5972 19.4284 1.55148
10.6042 19.4861 1.53333
10.6111 19.5375 1.51517
10.6181 19.5818 1.49702
10.625 19.6183 1.47886
10.6319 19.6463 1.46071
10.6389 19.6654 1.44255
10.6458 19.6752 1.4244
10.6528 19.6755 1.40624
10.6597 19.6664 1.38809
10.6667 19.6478 1.36993
10.6736 19.6202 1.35178
10.6806 19.5838 1.33362
10.6875 19.5392 1.31547
10.6944 19.4872 1.29731
10.7014 19.4284 1.27916
10.7083 19.3639 1.27357
10.7153 19.2947 1.27437
10.7222 19.2218 1.27518
10.7292 19.1464 1.27599
10.7361 19.0698 1.27679
10.7431 18.9932 1.2776
10.75 18.9178 1.2784
10.7569 18.845 1.27921
10.7639 18.7757 1.28002
10.7708 18.7113 1.28082
10.7778 18.6526 1.28163
10.7847 18.6006 1.28244
10.7917 18.556 1.28324
10.7986 18.5195 1.28405
10.8056 18.4915 1.28486
10.8125 18.4723 1.28566
10.8194 18.4619 1.28647
10.8264 18.4602 1.28727
10.8333 18.4669 1.28808
10.8403 18.4815 1.28889
10.8472 18.5035 1.28969
10.8542 18.532 1.2905
10.8611 18.5661 1.29131
10.8681 18.6048 1.29211
10.875 18.647 1.29292
10.8819 18.6916 1.29373
10.8889 18.7372 1.29453
10.8958 18.7829 1.29534
10.9028 18.8273 1.29614
10.9097 18.8694 1.29695
10.9167 18.908 1.29776
10.9236 18.9422 1.29856
10.9306 18.9711 1.29937
10.9375 18.9939 1.30018
10.9444 19.01 1.30098
10.9514 19.0189 1.30179
10.9583 19.0203 1.3026
10.9653 19.0139 1.3034
10.9722 18.9998 1.30421
10.9792 18.9782 1.30501
10.9861 18.9492 1.30582
10.9931 18.9134 1.30663
11 18.8715 1.30743
11.0069 18.8241 1.30824
11.0139 18.7722 1.30905
11.0208 18.7169 1.30985
11.0278 18.6592 1.31066
11.0347 18.6005 1.31147
11.0417 18.5419 1.31227
11.0486 18.4847 1.31308
11.0556 18.4304 1.31388
11.0625 18.3803 1.31469
11.0694 18.3355 1.3155
11.0764 18.2973 1.3163
11.0833 18.2667 1.31711
11.0903 18.2448 1.31792
11.0972 18.2323 1.31872
11.1042 18.2298 1.31953
11.1111 18.2377 1.32034
11.1181 18.2562 1.32114
11.125 18.2854 1.32195
11.1319 18.3248 1.32275
11.1389 18.3742 1.32356
11.1458 18.4327 1.32437
11.1528 18.4996 1.32517
11.1597 18.5738 1.32598
11.1667 18.6541 1.32679
11.1736 18.7392 1.32759
11.1806 18.8276 1.3284
11.1875 18.918 1.32921
11.1944 19.0087 1.33001
11.2014 19.0983 1.33082
11.2083 19.1852 1.33162
11.2153 19.2679 1.33243
11.2222 19.3452 1.33324
11.2292 19.4157 1.33404
11.2361 19.4781 1.33485
11.2431 19.5315 1.33566
11.25 19.575 1.33646
11.2569 19.6077 1.33727
11.2639 19.6292 1.33808
11.2708 19.6389 1.33888
11.2778 19.6368 1.33969
11.2847 19.6228 1.34049
11.2917 19.597 1.3413
11.2986 19.5598 1.34211
11.3056 19.5117 1.34291
11.3125 19.4534 1.34372
11.3194 19.3858 1.34453
11.3264 19.31 1.34533
11.3333 19.2271 1.34614
11.3403 19.1385 1.34694
11.3472 19.0455 1.34775
11.3542 18.9496 1.34856
11.3611 18.8525 1.34936
11.3681 18.7558 1.35017
11.375 18.661 1.35098
11.3819 18.5698 1.35178
11.3889 18.4837 1.35259
11.3958 18.4041 1.3534
11.4028 18.3324 1.3542
11.4097 18.2697 1.35501
11.4167 18.2169 1.35581
11.4236 18.175 1.35662
11.4306 18.1444 1.35743
11.4375 18.1254 1.35823
11.4444 18.1181 1.35904
11.4514 18.1222 1.35985
11.4583 18.1375 1.36065
11.4653 18.1631 1.36146
11.4722 18.1982 1.36227
11.4792 18.2417 1.36307
11.4861 18.2923 1.36388
11.4931 18.3487 1.36468
11.5 18.4094 1.36549
11.5069 18.4729 1.3663
11.5139 18.5374 1.3671
11.5208 18.6016 1.36791
11.5278 18.6637 1.36872
11.5347 18.7223 1.36952
11.5417 18.7761 1.37033
11.5486 18.8236 1.37114
11.5556 18.8638 1.37194
11.5625 18.8956 1.37275
11.5694 18.9183 1.37355
11.5764 18.9311 1.37436
11.5833 18.9336 1.37517
11.5903 18.9255 1.37597
11.5972 18.9069 1.37678
11.6042 18.8778 1.37759
11.6111 18.8386 1.37839
11.6181 18.79 1.3792
11.625 18.7326 1.38001
11.6319 18.6675 1.38081
11.6389 18.5958 1.38162
11.6458 18.5188 1.38242
11.6528 18.4379 1.38323
11.6597 18.3548 1.38404
11.6667 18.2712 1.38484
11.6736 18.1887 1.38565
11.6806 18.1091 1.38646
11.6875 18.0342 1.38726
11.6944 17.9657 1.38807
11.7014 17.9053 1.38888
11.7083 17.8544 1.38968
11.7153 17.8145 1.39049
11.7222 17.7866 1.39129
11.7292 17.7717 1.3921
11.7361 17.7704 1.39291
11.7431 17.7832 1.39371
11.75 17.81 1.39452
11.7569 17.8507 1.39533
11.7639 17.9047 1.39613
11.7708 17.9713 1.39694
11.7778 18.0493 1.39775
11.7847 18.1374 1.39855
11.7917 18.2342 1.39936
11.7986 18.3379 1.40016
11.8056 18.4467 1.40097
11.8125 18.5587 1.40178
11.8194 18.672 1.40258
11.8264 18.7846 1.40339
11.8333 18.8945 1.4042
11.8403 18.9999 1.405
11.8472 19.0989 1.40581
11.8542 19.1898 1.40662
11.8611 19.2712 1.40742
11.8681 19.3417 1.40823
11.875 19.4 1.40903
11.8819 19.4451 1.40984
11.8889 19.4763 1.41065
11.8958 19.493 1.41145
11.9028 19.4949 1.41226
11.9097 19.4817 1.41307
11.9167 19.4538 1.41387
11.9236 19.4113 1.41468
11.9306 19.3549 1.41549
11.9375 19.2854 1.41629
11.9444 19.2038 1.4171
11.9514 19.1113 1.4179
11.9583 19.0094 1.41871
11.9653 18.8996 1.422
11.9722 18.7837 1.4303
11.9792 18.6637 1.43861
11.9861 18.5414 1.44692
11.9931 18.4189 1.45523
12 18.2983 1.46354
12.0069 18.1817 1.47185
12.0139 18.0712 1.48016
12.0208 17.9686 1.48847
12.0278 17.8757 1.49677
12.0347 17.7942 1.50508
12.0417 17.7255 1.51339
12.0486 17.6707 1.5217
12.0556 17.6306 1.53001
12.0625 17.6058 1.53832
12.0694 17.5965 1.54663
12.0764 17.6025 1.55493
12.0833 17.6233 1.56324
12.0903 17.6581 1.57155
12.0972 17.7058 1.57986
12.1042 17.7651 1.58817
12.1111 17.8342 1.59648
12.1181 17.9115 1.60479
12.125 17.9951 1.61309
12.1319 18.0828 1.6214
12.1389 18.1726 1.62971
12.1458 18.2624 1.63802
12.1528 18.3502 1.64633
12.1597 18.4339 1.65464
12.1667 18.5118 1.66295
12.1736 18.5821 1.67125
12.1806 18.6432 1.67956
12.1875 18.6937 1.68787
12.1944 18.7325 1.69618
12.2014 18.7586 1.70449
12.2083 18.7714 1.7128
12.2153 18.7703 1.72111
12.2222 18.7552 1.72941
12.2292 18.726 1.73772
12.2361 18.6832 1.74603
12.2431 18.6273 1.75434
12.25 18.5591 1.76265
12.2569 18.4797 1.77096
12.2639 18.3903 1.77927
12.2708 18.2926 1.78757
12.2778 18.1883 1.79588
12.2847 18.0792 1.80419
12.2917 17.9675 1.8125
12.2986 17.8553 1.82081
12.3056 17.745 1.82912
12.3125 17.6388 1.83743
12.3194 17.539 1.84573
12.3264 17.4479 1.85404
12.3333 17.3676 1.86235
12.3403 17.3001 1.87066
12.3472 17.247 1.87897
12.3542 17.21 1.88728
12.3611 17.1901 1.89559
12.3681 17.188 1.9039
12.375 17.2042 1.9122
12.3819 17.2387 1.92051
12.3889 17.291 1.92882
12.3958 17.3604 1.93713
12.4028 17.4457 1.94544
12.4097 17.5452 1.95375
12.4167 17.6574 1.96206
12.4236 17.78 1.97036
12.4306 17.9109 1.97867
12.4375 18.0476 1.98698
12.4444 18.1877 1.99529
12.4514 18.3287 2.0036
12.4583 18.468 2.01191
12.4653 18.6033 2.02022
12.4722 18.7322 2.02852
12.4792 18.8526 2.03683
12.4861 18.9623 2.04514
12.4931 19.0595 2.05345
12.5 19.1427 2.06176
12.5069 19.2104 2.07007
12.5139 19.2615 2.07838
12.5208 19.2951 2.08668
12.5278 19.3106 2.09499
12.5347 19.3077 2.1033
12.5417 19.2862 2.11161
12.5486 19.2465 2.11992
12.5556 19.189 2.12823
12.5625 19.1144 2.13654
12.5694 19.024 2.14484
12.5764 18.9188 2.15315
12.5833 18.8007 2.16146
12.5903 18.6712 2.16977
12.5972 18.5325 2.17808
12.6042 18.3868 2.18639
12.6111 18.2365 2.1947
12.6181 18.084 2.203
12.625 17.932 2.21131
12.6319 17.7831 2.21962
12.6389 17.64 2.22793
12.6458 17.5053 2.23624
12.6528 17.3815 2.24455
12.6597 17.2708 2.25286
12.6667 17.1753 2.26116
12.6736 17.0968 2.26947
12.6806 17.0367 2.27778
12.6875 16.9959 2.28609
12.6944 16.975 2.2944
12.7014 16.9743 2.30271
12.7083 16.9932 2.31102
12.7153 17.0312 2.31933
12.7222 17.0869 2.32763
12.7292 17.1588 2.33594
12.7361 17.245 2.34425
12.7431 17.3432 2.35256
12.75 17.4512 2.36087
12.7569 17.5663 2.36918
12.7639 17.6859 2.37749
12.7708 17.8073 2.38579
12.7778 17.9279 2.3941
12.7847 18.045 2.40241
12.7917 18.1562 2.41072
12.7986 18.2592 2.41903
12.8056 18.3519 2.42734
12.8125 18.4323 2.43565
12.8194 18.4988 2.44395
12.8264 18.5501 2.45226
12.8333 18.585 2.46057
12.8403 18.6027 2.46888
12.8472 18.6027 2.47719
12.8542 18.5847 2.4855
12.8611 18.5488 2.49381
12.8681 18.4955 2.50211
12.875 18.4254 2.51042
12.8819 18.3396 2.51873
12.8889 18.2395 2.52704
12.8958 18.1265 2.53535
12.9028 18.0027 2.54366
12.9097 17.8701 2.55197
12.9167 17.7311 2.56027
12.9236 17.5884 2.56858
12.9306 17.4447 2.57689
12.9375 17.3028 2.5852
12.9444 17.1656 2.59351
12.9514 17.0362 2.60182
12.9583 16.9174 2.61013
12.9653 16.812 2.61843
12.9722 16.7225 2.62674
12.9792 16.6513 2.63505
12.9861 16.6001 2.64336
12.9931 16.5706 2.65167
13 16.5638 2.65998
13.0069 16.5802 2.66829
13.0139 16.6197 2.6766
13.0208 16.6819 2.6849
13.0278 16.7657 2.69321
13.0347 16.8695 2.70152
13.0417 16.9914 2.70983
13.0486 17.129 2.71814
13.0556 17.2796 2.72645
13.0625 17.4405 2.73476
13.0694 17.6085 2.74306
13.0764 17.7806 2.75137
13.0833 17.9536 2.75968
13.0903 18.1245 2.76799
13.0972 18.2902 2.7763
13.1042 18.448 2.78461
13.1111 18.5951 2.79292
13.1181 18.7292 2.80122
13.125 18.8481 2.80953
13.1319 18.9497 2.81784
13.1389 19.0325 2.82615
13.1458 19.0952 2.83446
13.1528 19.1366 2.84277
13.1597 19.1561 2.85108
13.1667 19.1533 2.85938
13.1736 19.1281 2.86769
13.1806 19.0807 2.876
13.1875 19.0118 2.88431
13.1944 18.9222 2.89262
13.2014 18.8132 2.90093
13.2083 18.6864 2.90924
13.2153 18.5436 2.91754
13.2222 18.3869 2.92585
13.2292 18.2189 2.92757
13.2361 18.042 2.92928
13.2431 17.8593 2.93098
13.25 17.6738 2.93269
13.2569 17.4886 2.93439
13.2639 17.3072 2.9361
13.2708 17.1328 2.9378
13.2778 16.9687 2.9395
13.2847 16.8181 2.94121
13.2917 16.6838 2.94291
13.2986 16.5686 2.94462
13.3056 16.4747 2.94632
13.3125 16.404 2.94802
13.3194 16.3578 2.94973
13.3264 16.3368 2.95143
13.3333 16.3413 2.95314
13.3403 16.3707 2.95484
13.3472 16.4241 2.95655
13.3542 16.5 2.95825
13.3611 16.5962 2.95995
13.3681 16.7102 2.96166
13.375 16.8394 2.96336
13.3819 16.9805 2.96507
13.3889 17.1303 2.96677
13.3958 17.2855 2.96847
13.4028 17.4428 2.97018
13.4097 17.5988 2.97188
13.4167 17.7504 2.97359
13.4236 17.8945 2.97529
13.4306 18.0284 2.977
13.4375 18.1494 2.9787
13.4444 18.2553 2.9804
13.4514 18.3442 2.98211
13.4583 18.4142 2.98381
13.4653 18.4642 2.98552
13.4722 18.493 2.98722
13.4792 18.5 2.98892
13.4861 18.4849 2.99063
13.4931 18.4479 2.99233
13.5 18.3892 2.99404
13.5069 18.3097 2.99574
13.5139 18.2105 2.99745
13.5208 18.0932 2.99915
13.5278 17.9595 3.00085
13.5347 17.8117 3.00256
13.5417 17.6522 3.00426
13.5486 17.4839 3.00597
13.5556 17.3097 3.00767
13.5625 17.1331 3.00938
13.5694 16.9574 3.01108
13.5764 16.7862 3.01278
13.5833 16.6233 3.01449
13.5903 16.4722 3.01619
13.5972 16.3364 3.0179
13.6042 16.2194 3.0196
13.6111 16.1239 3.0213
13.6181 16.0526 3.02301
13.625 16.0076 3.02471
13.6319 15.9904 3.02642
13.6389 16.0017 3.02812
13.6458 16.0416 3.02983
13.6528 16.1097 3.03153
13.6597 16.2046 3.03323
13.6667 16.3246 3.03494
13.6736 16.4672 3.03664
13.6806 16.6294 3.03835
13.6875 16.8082 3.04005
13.6944 16.9999 3.04175
13.7014 17.2007 3.04346
13.7083 17.407 3.04516
13.7153 17.6149 3.04687
13.7222 17.8207 3.04857
13.7292 18.0209 3.05028
13.7361 18.2119 3.05198
13.7431 18.3907 3.05368
13.75 18.5544 3.05539
13.7569 18.7003 3.05709
13.7639 18.8261 3.0588
13.7708 18.93 3.0605
13.7778 19.0103 3.0622
13.7847 19.0657 3.06391
13.7917 19.0954 3.06561
13.7986 19.0988 3.06732
13.8056 19.0758 3.06902
13.8125 19.0266 3.07073
13.8194 18.9518 3.07243
13.8264 18.8523 3.07413
13.8333 18.7295 3.07584
13.8403 18.5851 3.07754
13.8472 18.4211 3.07925
13.8542 18.24 3.08016
13.8611 18.0445 3.0795
13.8681 17.8377 3.07883
13.875 17.6228 3.07816
13.8819 17.4035 3.07749
13.8889 17.1836 3.07682
13.8958 16.967 3.07615
13.9028 16.7577 3.07548
13.9097 16.5598 3.07481
13.9167 16.3773 3.07414
13.9236 16.2137 3.07348
13.9306 16.0726 3.07281
13.9375 15.957 3.07214
13.9444 15.8693 3.07147
13.9514 15.8113 3.0708
13.9583 15.7842 3.07013
13.9653 15.7883 3.06946
13.9722 15.8233 3.06879
13.9792 15.888 3.06813
13.9861 15.9806 3.06746
13.9931 16.0985 3.06679
14 16.2386 3.06612
14.0069 16.3977 3.06545
14.0139 16.5718 3.06478
14.0208 16.757 3.06411
14.0278 16.9492 3.06344
14.0347 17.1444 3.06278
14.0417 17.3385 3.06211
14.0486 17.5278 3.06144
14.0556 17.7087 3.06077
14.0625 17.8777 3.0601
14.0694 18.0319 3.05943
14.0764 18.1686 3.05876
14.0833 18.2853 3.05809
14.0903 18.38 3.05742
14.0972 18.4511 3.05676
14.1042 18.4975 3.05609
14.1111 18.5181 3.05542
14.1181 18.5126 3.05475
14.125 18.481 3.05408
14.1319 18.4235 3.05341
14.1389 18.341 3.05274
14.1458 18.2345 3.05207
14.1528 18.1058 3.05141
14.1597 17.9568 3.05074
14.1667 17.7897 3.05007
14.1736 17.6075 3.0494
14.1806 17.4131 3.04873
14.1875 17.2101 3.04806
14.1944 17.0022 3.04739
14.2014 16.7933 3.04672
14.2083 16.5878 3.04605
14.2153 16.39 3.04539
14.2222 16.2041 3.04472
14.2292 16.0346 3.04405
14.2361 15.8856 3.04338
14.2431 15.7609 3.04271
14.25 15.6639 3.04204
14.2569 15.5973 3.04137
14.2639 15.5633 3.0407
14.2708 15.5632 3.04004
14.2778 15.5973 3.03937
14.2847 15.6654 3.0387
14.2917 15.766 3.03803
14.2986 15.8973 3.03736
14.3056 16.0564 3.03669
14.3125 16.2398 3.03602
14.3194 16.4439 3.03535
14.3264 16.6643 3.03468
14.3333 16.8968 3.03402
14.3403 17.1367 3.03335
14.3472 17.3797 3.03268
14.3542 17.6212 3.03201
14.3611 17.8573 3.03134
14.3681 18.0837 3.03067
14.375 18.2969 3.03
14.3819 18.4935 3.02933
14.3889 18.6703 3.02867
14.3958 18.8248 3.028
14.4028 18.9546 3.02733
14.4097 19.0577 3.02666
14.4167 19.1328 3.02599
14.4236 19.1786 3.02532
14.4306 19.1944 3.02465
14.4375 19.18 3.02398
14.4444 19.1354 3.02332
14.4514 19.0612 3.02265
14.4583 18.9583 3.02198
14.4653 18.828 3.02131
14.4722 18.6721 3.02064
14.4792 18.4927 3.01997
14.4861 18.2925 3.0193
14.4931 18.0744 3.01863
14.5 17.8416 3.01796
14.5069 17.598 3.0173
14.5139 17.3474 3.01663
14.5208 17.0942 3.01596
14.5278 16.843 3.01529
14.5347 16.5983 3.01462
14.5417 16.365 3.01395
14.5486 16.1478 3.01328
14.5556 15.9513 3.01261
14.5625 15.7797 3.01195
14.5694 15.6368 3.01128
14.5764 15.526 3.01061
14.5833 15.4497 3.00994
14.5903 15.4096 3.00927
14.5972 15.4066 3.0086
14.6042 15.4404 3.00793
14.6111 15.51 3.00726
14.6181 15.6132 3.00659
14.625 15.7472 3.00593
14.6319 15.9086 3.00526
14.6389 16.0933 3.00459
14.6458 16.2969 3.00392
14.6528 16.5147 3.00325
14.6597 16.7418 3.00258
14.6667 16.9735 3.00191
14.6736 17.2052 3.00124
14.6806 17.4324 3.00058
14.6875 17.6508 2.99991
