time error errTLE
0 0 0
0.0347222 0.133773 0.0105947
0.0694444 0.471137 0.0211895
0.104167 0.966045 0.0317842
0.138889 1.57786 0.042379
0.173611 2.31512 0.0529737
0.208333 3.22293 0.0635685
0.243056 4.32424 0.0741632
0.277778 5.5736 0.084758
0.3125 6.86339 0.0953527
0.347222 8.06591 0.105947
0.381944 9.08218 0.116542
0.416667 9.88037 0.127137
0.451389 10.5105 0.137732
0.486111 11.0787 0.148326
0.520833 11.6767 0.158921
0.555556 12.3026 0.169516
0.590278 12.8409 0.180111
0.625 13.1255 0.190705
0.659722 13.042 0.2013
0.694444 12.6195 0.211895
0.729167 12.0889 0.22249
0.763889 11.8692 0.233084
0.798611 12.3835 0.243679
0.833333 13.7425 0.254274
0.868056 15.6564 0.264869
0.902778 17.6716 0.275463
0.9375 19.3954 0.286058
0.972222 20.5944 0.296653
1.00694 21.2292 0.307248
1.04167 21.4621 0.317842
1.07639 21.6134 0.328437
1.11111 22.0315 0.339032
1.14583 22.893 0.349627
1.18056 24.0704 0.360221
1.21528 25.1955 0.370816
1.25 25.8575 0.381411
1.28472 25.7923 0.392006
1.31944 25.0092 0.4026
1.35417 23.8545 0.413195
1.38889 22.9819 0.42379
1.42361 23.1084 0.434385
1.45833 24.5439 0.444979
1.49306 26.9351 0.455574
1.52778 29.5512 0.466169
1.5625 31.7064 0.476763
1.59722 32.9856 0.487358
1.63194 33.3201 0.497953
1.66667 32.9949 0.508548
1.70139 32.5749 0.519142
1.73611 32.6865 0.529737
1.77083 33.6677 0.540332
1.80556 35.3269 0.550927
1.84028 37.0571 0.561521
1.875 38.1794 0.572116
1.90972 38.2431 0.582711
1.94444 37.199 0.593306
1.97917 35.4749 0.6039
2.01389 33.9357 0.614495
2.04861 33.5913 0.62509
2.08333 34.9887 0.635685
2.11806 37.7767 0.646279
2.15278 40.9882 0.656874
2.1875 43.6402 0.667469
2.22222 45.104 0.678064
2.25694 45.2371 0.688658
2.29167 44.4018 0.699253
2.32639 43.3768 0.709848
2.36111 43.0758 0.720443
2.39583 44.0534 0.731037
2.43056 46.1182 0.741632
2.46528 48.4531 0.752227
2.5 50.1008 0.762822
2.53472 50.3942 0.76563
2.56944 49.1893 0.759538
2.60417 46.9588 0.753446
2.63889 44.7495 0.747355
2.67361 43.8582 0.741263
2.70833 45.1055 0.735171
2.74306 48.2061 0.72908
2.77778 51.998 0.722988
2.8125 55.2 0.716896
2.84722 56.9433 0.710804
2.88194 56.9744 0.704713
2.91667 55.6923 0.698621
2.95139 54.057 0.692529
2.98611 53.2641 0.686437
3.02083 54.1253 0.680346
3.05556 56.5119 0.674254
3.09028 59.4337 0.668162
3.125 61.6542 0.662071
3.15972 62.2662 0.655979
3.19444 60.9984 0.649887
3.22917 58.3332 0.643795
3.26389 55.4679 0.637704
3.29861 53.9721 0.631612
3.33333 54.9654 0.62552
3.36806 58.289 0.619428
3.40278 62.6322 0.613337
3.4375 66.4217 0.607245
3.47222 68.5275 0.601153
3.50694 68.5527 0.595061
3.54167 66.8965 0.58897
3.57639 64.6662 0.582878
3.61111 63.3251 0.576786
3.64583 63.969 0.570695
3.68056 66.589 0.564603
3.71528 70.0653 0.558511
3.75 72.8899 0.552419
3.78472 73.897 0.546328
3.81944 72.6595 0.540236
3.85417 69.6365 0.534144
3.88889 66.1441 0.528052
3.92361 64.0047 0.521961
3.95833 64.6517 0.515869
3.99306 68.1065 0.509777
4.02778 72.9597 0.503686
4.0625 77.359 0.497594
4.09722 79.8982 0.491502
4.13194 80.0084 0.48541
4.16667 78.0555 0.479319
4.20139 75.2606 0.473227
4.23611 73.3352 0.467135
4.27083 73.6735 0.461043
4.30556 76.4374 0.454952
4.34028 80.425 0.44886
4.375 83.8705 0.442768
4.40972 85.3374 0.442878
4.44444 84.2169 0.530208
4.47917 80.9153 0.617538
4.51389 76.8359 0.704868
4.54861 74.0304 0.792198
4.58333 74.2511 0.879528
4.61806 77.7455 0.966858
4.65278 83.0581 1.05419
4.6875 88.0769 1.14152
4.72222 91.1087 1.22885
4.75694 91.3884 1.31618
4.79167 89.2177 1.40351
4.82639 85.8997 1.49084
4.86111 83.37 1.57817
4.89583 83.3272 1.6655
4.93056 86.1473 1.75283
4.96528 90.5948 1.84016
5 94.6665 1.92749
5.03472 96.647 2.01482
5.06944 95.7239 2.00572
5.10417 92.2222 1.98968
5.13889 87.6032 1.97363
5.17361 84.1225 1.95759
5.20833 83.8486 1.94154
5.24306 87.2936 1.9255
5.27778 93.0081 1.90945
5.3125 98.6455 1.89341
5.34722 102.219 1.87736
5.38194 102.747 1.86132
5.41667 100.437 1.84527
5.45139 96.6439 1.82923
5.48611 93.5032 1.81318
5.52083 93.0153 1.79714
5.55556 95.8065 1.78109
5.59028 100.657 1.76505
5.625 105.351 1.749
5.65972 107.89 1.73296
5.69444 107.239 1.71691
5.72917 103.614 1.70087
5.76389 98.5074 1.68482
5.79861 94.3522 1.66878
5.83333 93.5255 1.65273
5.86806 96.835 1.63669
5.90278 102.889 1.62064
5.9375 109.136 1.6046
5.97222 113.293 1.58855
6.00694 114.14 1.57251
6.04167 111.768 1.55646
6.07639 107.553 1.54042
6.11111 103.804 1.52437
6.14583 102.817 1.50833
6.18056 105.497 1.49228
6.21528 110.691 1.47624
6.25 115.996 1.46019
6.28472 119.132 1.44415
6.31944 118.821 1.4281
6.35417 115.149 1.41206
6.38889 109.609 1.39601
6.42361 104.787 1.37997
6.45833 103.357 1.36392
6.49306 106.448 1.34788
6.52778 112.776 1.33183
6.5625 119.617 1.31579
6.59722 124.393 1.29974
6.63194 125.627 1.2837
6.66667 123.268 1.26765
6.70139 118.686 1.25161
6.73611 114.337 1.23556
6.77083 112.803 1.21952
6.80556 115.295 1.20347
6.84028 120.767 1.18743
6.875 126.668 1.17138
6.90972 130.433 1.15534
6.94444 130.528 1.13929
6.97917 126.883 1.12325
7.01389 120.966 1.1072
7.04861 115.49 1.09116
7.08333 113.412 1.07511
7.11806 116.202 1.05907
7.15278 122.735 1.04302
7.1875 130.149 1.02698
7.22222 135.573 1.01093
7.25694 137.26 0.994888
7.29167 134.989 0.978843
7.32639 130.098 0.962798
7.36111 125.162 0.946753
7.39583 123.039 0.930708
7.43056 125.263 0.914663
7.46528 130.948 0.898618
7.5 137.424 0.882573
7.53472 141.849 0.866528
7.56944 142.414 0.864048
7.60417 138.869 0.881989
7.63889 132.632 0.89993
7.67361 126.517 0.917871
7.70833 123.749 0.935812
7.74306 126.157 0.953753
7.77778 132.822 0.971694
7.8125 140.782 0.989635
7.84722 146.884 1.00758
7.88194 149.088 1.02552
7.91667 146.979 1.04346
7.95139 141.836 1.0614
7.98611 136.33 1.07934
8.02083 133.578 1.09728
8.05556 135.455 1.11522
8.09028 141.282 1.13316
8.125 148.308 1.1511
8.15972 153.421 1.16904
8.19444 154.521 1.1907
8.22917 151.153 1.22263
8.26389 144.655 1.25456
8.29861 137.918 1.28648
8.33333 134.42 1.31841
8.36806 136.361 1.35034
8.40278 143.079 1.38226
8.4375 151.556 1.41419
8.47222 158.36 1.44612
8.50694 161.145 1.47805
8.54167 159.276 1.50997
8.57639 153.942 1.5419
8.61111 147.885 1.57383
8.64583 144.463 1.60575
8.68056 145.913 1.63768
8.71528 151.805 1.66961
8.75 159.352 1.70153
8.78472 165.179 1.73346
8.81944 166.88 1.76539
8.85417 163.767 1.79732
8.88889 157.072 1.82924
8.92361 149.732 1.86117
8.95833 145.463 1.8931
8.99306 146.85 1.92502
9.02778 153.535 1.95695
9.0625 162.491 1.98888
9.09722 170.02 2.0208
9.13194 173.453 2.05273
9.16667 171.905 2.08466
9.20139 166.446 2.11659
9.23611 159.857 2.14851
9.27083 155.728 2.18044
9.30556 156.663 2.21237
9.34028 162.535 2.24429
9.375 170.567 2.27622
9.40972 177.133 2.30815
9.44444 179.504 2.34008
9.47917 176.731 2.372
9.51389 169.906 2.40393
9.54861 161.988 2.43586
9.58333 156.908 2.46778
9.61806 157.647 2.49971
9.65278 164.202 2.53164
9.6875 173.592 2.56356
9.72222 181.867 2.59549
9.75694 186.016 2.62742
9.79167 184.875 2.65935
9.82639 179.362 2.69127
9.86111 172.267 2.7232
9.89583 167.39 2.75513
9.93056 167.718 2.78705
9.96528 173.476 2.81898
10 181.947 2.85091
10.0347 189.273 2.88283
10.0694 192.386 2.91476
10.1042 190.043 2.84049
10.1389 183.166 2.74971
10.1736 174.697 2.65894
10.2083 168.766 2.56816
10.2431 168.758 2.47739
10.2778 175.076 2.38661
10.3125 184.844 2.29584
10.3472 193.879 2.20506
10.3819 198.814 2.11429
10.4167 198.174 2.02351
10.4514 192.686 1.93274
10.4861 185.118 1.84196
10.5208 179.455 1.75119
10.5556 179.077 1.66041
10.5903 184.612 1.56964
10.625 193.464 1.47886
10.6597 201.567 1.38809
10.6944 205.495 1.29731
10.7292 203.682 1.27599
10.7639 196.837 1.28002
10.7986 187.857 1.28405
10.8333 181.039 1.28808
10.8681 180.177 1.29211
10.9028 186.137 1.29614
10.9375 196.21 1.30018
10.9722 206.014 1.30421
11.0069 211.808 1.30824
11.0417 211.768 1.31227
11.0764 206.394 1.3163
11.1111 198.394 1.32034
11.1458 191.911 1.32437
11.1806 190.723 1.3284
11.2153 195.912 1.33243
11.25 205.073 1.33646
11.2847 213.958 1.34049
11.3194 218.777 1.34453
11.3542 217.6 1.34856
11.3889 210.886 1.35259
11.4236 201.443 1.35662
11.4583 193.709 1.36065
11.4931 191.885 1.36468
11.5278 197.349 1.36872
11.5625 207.639 1.37275
11.5972 218.207 1.37678
11.6319 224.929 1.38081
11.6667 225.597 1.38484
11.7014 220.439 1.38888
11.7361 212.06 1.39291
11.7708 204.733 1.39694
11.8056 202.627 1.40097
11.8403 207.332 1.405
11.875 216.708 1.40903
11.9097 226.37 1.41307
11.9444 232.15 1.4171
11.9792 231.723 1.43861
12.0139 225.25 1.48016
12.0486 215.409 1.5217
12.0833 206.742 1.56324
12.1181 203.847 1.60479
12.1528 208.664 1.64633
12.1875 219.062 1.68787
12.2222 230.375 1.72941
12.2569 238.089 1.77096
12.2917 239.578 1.8125
12.3264 234.75 1.85404
12.3611 226.062 1.89559
12.3958 217.877 1.93713
12.4306 214.747 1.97867
12.4653 218.817 2.02022
12.5 228.294 2.06176
12.5347 238.708 2.1033
12.5694 245.514 2.14484
12.6042 245.954 2.18639
12.6389 239.847 2.22793
12.6736 229.692 2.26947
12.7083 220.088 2.31102
12.7431 216.019 2.35256
12.7778 220.027 2.3941
12.8125 230.4 2.43565
12.8472 242.419 2.47719
12.8819 251.181 2.51873
12.9167 253.604 2.56027
12.9514 249.233 2.60182
12.9861 240.325 2.64336
13.0208 231.286 2.6849
13.0556 227.035 2.72645
13.0903 230.306 2.76799
13.125 239.746 2.80953
13.1597 250.867 2.85108
13.1944 258.752 2.89262
13.2292 260.177 2.92757
13.2639 254.571 2.9361
13.2986 244.203 2.94462
13.3333 233.685 2.95314
13.3681 228.35 2.96166
13.4028 231.38 2.97018
13.4375 241.573 2.9787
13.4722 254.234 2.98722
13.5069 264.084 2.99574
13.5417 267.554 3.00426
13.5764 263.776 3.01278
13.6111 254.756 3.0213
13.6458 244.892 3.02983
13.6806 239.435 3.03835
13.7153 241.74 3.04687
13.75 250.984 3.05539
13.7847 262.74 3.06391
13.8194 271.737 3.07243
13.8542 274.261 3.08016
13.8889 269.302 3.07682
13.9236 258.845 3.07348
13.9583 247.457 3.07013
13.9931 240.787 3.06679
14.0278 242.668 3.06344
14.0625 252.507 3.0601
14.0972 265.718 3.05676
14.1319 276.676 3.05341
14.1667 281.3 3.05007
14.2014 278.259 3.04672
14.2361 269.253 3.04338
14.2708 258.617 3.04004
14.3056 251.893 3.03669
14.3403 253.069 3.03335
14.375 261.937 3.03
14.4097 274.228 3.02666
14.4444 284.35 3.02332
14.4792 288.075 3.01997
14.5139 283.913 3.01663
14.5486 273.507 3.01328
14.5833 261.324 3.00994
14.6181 253.275 3.00659
14.6528 253.85 3.00325
14.6875 263.143 2.99991
14.7222 276.786 2.99656
14.7569 288.847 2.99322
14.7917 294.715 2.98987
14.8264 292.555 2.98653
14.8611 283.708 2.98319
14.8958 272.385 2.97984
14.9306 264.362 2.9765
14.9653 264.257 2.97315
15 272.558 2.96981
15.0347 285.254 2.96647
15.0694 296.486 2.96312
15.1042 301.499 2.95978
15.1389 298.28 2.95643
15.1736 288.082 2.95309
15.2083 275.208 2.94975
15.2431 265.771 2.9464
15.2778 264.897 2.94306
15.3125 273.446 2.93971
15.3472 287.376 2.93637
15.3819 300.505 2.93303
15.4167 307.691 2.92968
15.4514 306.554 2.92634
15.4861 298.022 2.92299
15.5208 286.123 2.91965
15.5556 276.805 2.9163
15.5903 275.289 2.91296
15.625 282.827 2.90962
15.6597 295.775 2.90627
15.6944 308.069 2.90293
15.7292 314.434 2.89958
15.7639 312.298 2.88338
15.7986 302.473 2.86073
15.8333 289.039 2.83809
15.8681 278.241 2.81545
15.9028 275.807 2.7928
15.9375 283.414 2.77016
15.9722 297.463 2.74752
16.0069 311.598 2.72487
16.0417 320.148 2.70223
16.0764 320.162 2.67959
16.1111 312.11 2.65694
16.1458 299.771 2.6343
16.1806 289.199 2.61166
16.2153 286.177 2.58901
16.25 292.759 2.56637
16.2847 305.785 2.54373
16.3194 319.066 2.52108
16.3542 326.819 2.49844
16.3889 325.89 2.47579
16.4236 316.605 2.45315
16.4583 302.764 2.43051
16.4931 290.672 2.40786
16.5278 286.601 2.38522
16.5625 293.08 2.36258
16.5972 307.064 2.33993
16.6319 322.112 2.31729
16.6667 332.047 2.29465
16.7014 333.325 2.272
16.7361 325.914 2.24936
16.7708 313.292 2.22672
16.8056 301.544 2.20407
16.8403 296.956 2.18143
16.875 302.408 2.15879
16.9097 315.326 2.13614
16.9444 329.489 2.1135
16.9792 338.637 2.09086
17.0139 339.018 2.09904
17.0486 330.436 2.15343
17.0833 316.355 2.20781
17.1181 303.07 2.2622
17.1528 297.327 2.31659
17.1875 302.514 2.37098
17.2222 316.242 2.42537
17.2569 332.083 2.47976
17.2917 343.395 2.53415
17.3264 346.027 2.58854
17.3611 339.411 2.64293
17.3958 326.675 2.69732
17.4306 313.861 2.75171
17.4653 307.689 2.8061
17.5 311.861 2.86049
17.5347 324.482 2.91488
17.5694 339.399 2.96927
17.6042 349.919 3.02366
17.6389 351.689 3.07805
17.6736 343.961 3.13244
17.7083 329.815 3.18683
17.7431 315.465 3.24122
17.7778 308.057 3.29561
17.8125 311.815 3.35
17.8472 325.096 3.40439
17.8819 341.593 3.45878
17.9167 354.245 3.51317
17.9514 358.296 3.56756
17.9861 352.617 3.62195
18.0208 339.938 3.67634
18.0556 326.196 3.73073
18.0903 318.462 3.78512
18.125 321.234 3.83951
18.1597 333.372 3.8939
18.1944 348.898 3.94829
18.2292 360.744 4.00267
18.2639 363.956 4.05472
18.2986 357.215 4.09149
18.3333 343.177 4.12825
18.3681 327.913 4.16502
18.4028 318.881 4.20179
18.4375 321.107 4.23856
18.4722 333.759 4.27532
18.5069 350.76 4.31209
18.5417 364.692 4.34886
18.5764 370.203 4.38563
18.6111 365.584 4.42239
18.6458 353.131 4.45916
18.6806 338.613 4.49593
18.7153 329.373 4.5327
18.75 330.661 4.56946
18.7847 342.143 4.60623
18.8194 358.125 4.643
18.8542 371.225 4.67977
18.8889 375.909 4.71653
18.9236 370.268 4.7533
18.9583 356.505 4.79007
18.9931 340.485 4.82684
19.0278 329.901 4.8636
19.0625 330.525 4.90037
19.0972 342.381 4.93714
19.1319 359.727 4.9739
19.1667 374.861 5.01067
19.2014 381.851 5.04744
19.2361 378.397 5.08421
19.2708 366.329 5.12097
19.3056 351.195 5.15774
19.3403 340.529 5.19451
19.375 340.277 5.23128
19.4097 350.949 5.26804
19.4444 367.228 5.30481
19.4792 381.498 5.34158
19.5139 387.663 5.37835
19.5486 383.219 5.41511
19.5833 369.883 5.45188
19.6181 353.268 5.48865
19.6528 341.223 5.52542
19.6875 340.203 5.56218
19.7222 351.111 5.59895
19.7569 368.644 5.63572
19.7917 384.888 5.67249
19.8264 393.36 5.70925
19.8611 391.157 5.74602
19.8958 379.621 5.78279
19.9306 364.028 5.81956
19.9653 352.034 5.85632
20 350.213 5.89309
20.0347 359.935 5.92986
20.0694 376.358 5.96662
20.1042 391.703 6.00339
20.1389 399.345 6.04016
20.1736 396.176 6.07693
20.2083 383.406 6.11369
20.2431 366.352 6.15046
20.2778 352.948 6.18723
20.3125 350.259 6.224
20.3472 360.086 6.26076
20.3819 377.648 6.29753
20.4167 394.906 6.3343
20.4514 404.848 6.37107
20.4861 403.971 6.40783
20.5208 393.098 6.4446
20.5556 377.199 6.48137
20.5903 363.979 6.51814
20.625 360.577 6.5549
20.6597 369.227 6.59167
20.6944 385.641 6.62844
20.7292 401.963 6.66521
20.7639 411.068 6.70197
20.7986 409.242 6.73874
20.8333 397.165 6.77551
20.8681 379.82 6.81228
20.9028 365.159 6.84904
20.9375 360.792 6.88581
20.9722 369.413 6.92258
21.0069 386.851 6.95934
21.0417 405.02 6.99611
21.0764 416.418 7.03288
21.1111 416.929 7.06965
21.1458 406.843 7.10641
21.1806 390.779 7.14318
21.2153 376.437 7.17995
21.25 371.449 7.21672
21.2847 378.911 7.25348
21.3194 395.169 7.29025
21.3542 412.37 7.32702
21.3889 422.92 7.36379
21.4236 422.498 7.39509
21.4583 411.232 7.42014
21.4931 393.734 7.44518
21.5278 377.916 7.47023
21.5625 371.866 7.49527
21.5972 379.161 7.52032
21.6319 396.323 7.54536
21.6667 415.301 7.57041
21.7014 428.134 7.59546
21.7361 430.094 7.6205
21.7708 420.91 7.64555
21.8056 404.816 7.67059
21.8403 389.448 7.69564
21.875 382.873 7.72068
21.9097 389.037 7.74573
21.9444 404.992 7.77077
21.9792 422.969 7.79582
22.0139 434.948 7.82086
22.0486 435.99 7.84419
22.0833 425.651 7.86408
22.1181 408.13 7.88396
22.1528 391.249 7.90385
22.1875 383.508 7.92373
22.2222 389.362 7.94362
22.2569 406.091 7.9635
22.2917 425.772 7.98339
22.3264 440.021 8.00328
22.3611 443.489 8.02316
22.3958 435.32 8.04305
22.4306 419.326 8.06293
22.4653 403.024 8.08282
22.5 394.857 8.1027
22.5347 399.609 8.12259
22.5694 415.109 8.14247
22.6042 433.761 8.16236
22.6389 447.15 8.18225
22.6736 449.719 8.20213
22.7083 440.421 8.22202
22.7431 423.009 8.2419
22.7778 405.155 8.26179
22.8125 395.715 8.28167
22.8472 400.004 8.30156
22.8819 416.138 8.32144
22.9167 436.41 8.34133
22.9514 452.054 8.36121
22.9861 457.092 8.3811
23.0208 450.054 8.40099
23.0556 434.288 8.42087
23.0903 417.142 8.44076
23.125 407.376 8.46064
23.1597 410.599 8.48053
23.1944 425.483 8.50041
23.2292 444.697 8.5203
23.2639 459.478 8.54018
23.2986 463.641 8.56007
23.3333 455.504 8.57996
23.3681 438.333 8.59984
23.4028 419.598 8.61973
23.4375 408.45 8.63961
23.4722 411.047 8.6595
23.5069 426.411 8.67938
23.5417 447.151 8.69927
23.5764 464.164 8.71915
23.6111 470.837 8.73904
23.6458 465.051 8.75892
23.6806 449.647 8.77881
23.7153 431.751 8.7987
23.75 420.378 8.81858
23.7847 421.946 8.83847
23.8194 436.041 8.85835
23.8542 455.693 8.87824
23.8889 471.841 8.89812
23.9236 477.666 8.91801
23.9583 470.82 8.93463
23.9931 454.031 8.95101
24.0278 434.514 8.96739
24.0625 421.653 8.98377
24.0972 422.425 9.00015
24.1319 436.83 9.01653
24.1667 457.899 9.03291
24.2014 476.247 9.04929
24.2361 484.62 9.06567
24.2708 480.213 9.08205
24.3056 465.316 9.09843
24.3403 446.771 9.11481
24.375 433.792 9.13119
24.4097 433.578 9.14757
24.4444 446.694 9.16395
24.4792 466.643 9.18033
24.5139 484.122 9.19671
24.5486 491.676 9.2131
24.5833 486.255 9.26971
24.6181 470.002 9.33642
24.6528 449.816 9.40314
24.6875 435.248 9.46985
24.7222 434.064 9.53656
24.7569 447.308 9.60327
24.7917 468.547 9.66998
24.8264 488.181 9.73669
24.8611 498.313 9.8034
24.8958 495.419 9.87011
24.9306 481.184 9.93682
24.9653 462.108 10.0035
25 447.535 10.0702
25.0347 445.415 10.137
25.0694 457.349 10.2037
25.1042 477.43 10.2704
25.1389 496.187 10.3371
25.1736 505.532 10.4038
25.2083 501.675 10.3598
25.2431 486.125 10.2604
25.2778 465.402 10.161
25.3125 449.152 10.0615
25.3472 445.89 9.9621
25.3819 457.757 9.86267
25.4167 478.984 9.76324
25.4514 499.835 9.6638
25.4861 511.777 9.56437
25.5208 510.532 9.46494
25.5556 497.127 9.36551
25.5903 477.657 9.26608
25.625 461.525 9.16665
25.6597 457.383 9.06722
25.6944 467.923 8.96779
25.7292 487.949 8.86836
25.7639 507.907 8.76892
25.7986 519.091 8.66949
25.8333 516.939 8.62975
25.8681 502.272 8.64226
25.9028 481.166 8.65476
25.9375 463.283 8.66727
25.9722 457.836 8.67978
26.0069 468.105 8.69229
26.0417 489.114 8.70479
26.0764 511.089 8.7173
26.1111 524.876 8.72981
26.1458 525.412 8.74232
26.1806 513.016 8.75482
26.2153 493.313 8.76733
26.25 475.682 8.77984
26.2847 469.423 8.79235
26.3194 478.352 8.80485
26.3542 498.111 8.81736
26.3889 519.168 8.82987
26.4236 532.22 8.84238
26.4583 531.908 8.85488
26.4931 518.313 8.86739
26.5278 497 8.8799
26.5625 477.568 8.89241
26.5972 469.852 8.90491
26.6319 478.305 8.91742
26.6667 498.868 8.92993
26.7014 521.842 8.94244
26.7361 537.489 8.95494
26.7708 539.931 8.96745
26.8056 528.731 8.97996
26.8403 508.976 8.99246
26.875 489.939 9.00497
26.9097 481.495 9.01748
26.9444 488.601 9.02999
26.9792 507.859 9.04249
27.0139 529.88 9.055
27.0486 544.807 9.06751
27.0833 546.458 9.08002
27.1181 534.129 9.09252
27.1528 512.808 9.10503
27.1875 491.942 9.11754
27.2222 481.908 9.13005
27.2569 488.333 9.14255
27.2917 508.204 9.15506
27.3264 532.025 9.16757
27.3611 549.519 9.18008
27.3958 553.979 9.19258
27.4306 544.163 9.20509
27.4653 524.557 9.2176
27.5 504.242 9.23011
27.5347 493.578 9.24261
27.5694 498.66 9.25512
27.6042 517.169 9.26763
27.6389 539.991 9.28014
27.6736 556.768 9.29264
27.7083 560.49 9.30363
27.7431 549.621 9.30472
27.7778 528.507 9.30581
27.8125 506.354 9.3069
27.8472 493.991 9.30799
27.8819 498.197 9.30908
27.9167 517.118 9.31017
27.9514 541.604 9.31126
27.9861 560.901 9.31235
28.0208 567.472 9.31344
28.0556 559.226 9.31453
28.0903 539.983 9.31562
28.125 518.549 9.31671
28.1597 505.669 9.3178
28.1944 508.551 9.31889
28.2292 526.053 9.31998
28.2639 549.482 9.32107
28.2986 568.055 9.32216
28.3333 573.933 9.32325
28.3681 564.708 9.32434
28.4028 544.028 9.32543
28.4375 520.771 9.32652
28.4722 506.107 9.32761
28.5069 507.928 9.3287
28.5417 525.636 9.32979
28.5764 550.577 9.33088
28.6111 571.606 9.33197
28.6458 580.356 9.33306
28.6806 573.854 9.33415
28.7153 555.2 9.33524
28.75 532.834 9.33633
28.7847 517.786 9.33742
28.8194 518.317 9.33851
28.8542 534.553 9.3396
28.8889 558.37 9.34069
28.9236 578.653 9.34178
28.9583 586.745 9.34287
28.9931 579.339 9.34932
29.0278 559.325 9.3566
29.0625 535.169 9.36388
29.0972 518.275 9.37116
29.1319 517.58 9.37844
29.1667 533.814 9.38572
29.2014 558.977 9.393
29.2361 581.633 9.40028
29.2708 592.604 9.40756
29.3056 588.008 9.41484
29.3403 570.171 9.42212
29.375 547.085 9.4294
29.4097 529.954 9.43667
29.4444 528.02 9.44395
29.4792 542.737 9.45123
29.5139 566.704 9.45851
29.5486 588.578 9.46579
29.5833 598.914 9.47307
29.6181 593.483 9.48035
29.6528 574.367 9.48763
29.6875 549.541 9.49491
29.7222 530.526 9.50219
29.7569 527.219 9.50947
29.7917 541.731 9.51675
29.8264 566.867 9.52402
29.8611 591.015 9.5313
29.8958 604.219 9.53858
29.9306 601.672 9.54586
29.9653 584.876 9.55314
30 561.302 9.56042
30.0347 542.212 9.5677
30.0694 537.738 9.57498
30.1042 550.696 9.58226
30.1389 574.557 9.58954
30.1736 597.877 9.59682
30.2083 610.457 9.6041
30.2431 607.135 9.59993
30.2778 589.142 9.58813
30.3125 563.888 9.57634
30.3472 542.898 9.56454
30.3819 536.926 9.55275
30.4167 549.482 9.54096
30.4514 574.328 9.52916
30.4861 599.806 9.51737
30.5208 615.229 9.50557
30.5556 614.852 9.49378
30.5903 599.313 9.48198
30.625 575.491 9.47019
30.6597 554.6 9.45839
