time error errTLE
0 0 0
0.00694444 0.0104866 0.00211895
0.0138889 0.0207667 0.0042379
0.0208333 0.0308839 0.00635685
0.0277778 0.0408914 0.0084758
0.0347222 0.0508607 0.0105947
0.0416667 0.0608816 0.0127137
0.0486111 0.0710645 0.0148326
0.0555556 0.0815419 0.0169516
0.0625 0.0924726 0.0190705
0.0694444 0.104039 0.0211895
0.0763889 0.116443 0.0233084
0.0833333 0.129906 0.0254274
0.0902778 0.14465 0.0275463
0.0972222 0.160892 0.0296653
0.104167 0.178831 0.0317842
0.111111 0.198635 0.0339032
0.118056 0.220421 0.0360221
0.125 0.244265 0.0381411
0.131944 0.270181 0.04026
0.138889 0.298117 0.042379
0.145833 0.327974 0.0444979
0.152778 0.359584 0.0466169
0.159722 0.392723 0.0487358
0.166667 0.427124 0.0508548
0.173611 0.462471 0.0529737
0.180556 0.498394 0.0550927
0.1875 0.534511 0.0572116
0.194444 0.570398 0.0593306
0.201389 0.605608 0.0614495
0.208333 0.6397 0.0635685
0.215278 0.672213 0.0656874
0.222222 0.702696 0.0678064
0.229167 0.730721 0.0699253
0.236111 0.755881 0.0720443
0.243056 0.777784 0.0741632
0.25 0.796108 0.0762822
0.256944 0.810565 0.0784011
0.263889 0.820916 0.0805201
0.270833 0.827015 0.082639
0.277778 0.828769 0.084758
0.284722 0.826172 0.0868769
0.291667 0.819319 0.0889959
0.298611 0.808404 0.0911148
0.305556 0.79371 0.0932337
0.3125 0.775666 0.0953527
0.319444 0.754815 0.0974716
0.326389 0.731828 0.0995906
0.333333 0.707544 0.10171
0.340278 0.682933 0.103828
0.347222 0.65911 0.105947
0.354167 0.637309 0.108066
0.361111 0.618825 0.110185
0.368056 0.604911 0.112304
0.375 0.596675 0.114423
0.381944 0.594911 0.116542
0.388889 0.599995 0.118661
0.395833 0.61182 0.12078
0.402778 0.629826 0.122899
0.409722 0.653109 0.125018
0.416667 0.680547 0.127137
0.423611 0.710942 0.129256
0.430556 0.743126 0.131375
0.4375 0.776001 0.133494
0.444444 0.808599 0.135613
0.451389 0.840096 0.137732
0.458333 0.869781 0.139851
0.465278 0.897095 0.14197
0.472222 0.921594 0.144089
0.479167 0.942944 0.146207
0.486111 0.960918 0.148326
0.493056 0.975403 0.150445
0.5 0.986352 0.152564
0.506944 0.993817 0.154683
0.513889 0.997931 0.156802
0.520833 0.998878 0.158921
0.527778 0.996923 0.16104
0.534722 0.99238 0.163159
0.541667 0.985606 0.165278
0.548611 0.976999 0.167397
0.555556 0.967005 0.169516
0.5625 0.956065 0.171635
0.569444 0.944651 0.173754
0.576389 0.933242 0.175873
0.583333 0.922281 0.177992
0.590278 0.91221 0.180111
0.597222 0.903426 0.18223
0.604167 0.896264 0.184349
0.611111 0.890998 0.186467
0.618056 0.887839 0.188586
0.625 0.886884 0.190705
0.631944 0.888156 0.192824
0.638889 0.891592 0.194943
0.645833 0.897017 0.197062
0.652778 0.9042 0.199181
0.659722 0.912832 0.2013
0.666667 0.922539 0.203419
0.673611 0.932909 0.205538
0.680556 0.943516 0.207657
0.6875 0.95389 0.209776
0.694444 0.963575 0.211895
0.701389 0.972126 0.214014
0.708333 0.979092 0.216133
0.715278 0.984065 0.218252
0.722222 0.986664 0.220371
0.729167 0.986537 0.22249
0.736111 0.983375 0.224609
0.743056 0.976936 0.226728
0.75 0.967002 0.228846
0.756944 0.953425 0.230965
0.763889 0.936121 0.233084
0.770833 0.915042 0.235203
0.777778 0.890221 0.237322
0.784722 0.861743 0.239441
0.791667 0.829741 0.24156
0.798611 0.794403 0.243679
0.805556 0.755988 0.245798
0.8125 0.71477 0.247917
0.819444 0.671081 0.250036
0.826389 0.625261 0.252155
0.833333 0.577765 0.254274
0.840278 0.528994 0.256393
0.847222 0.479414 0.258512
0.854167 0.429534 0.260631
0.861111 0.379947 0.26275
0.868056 0.331412 0.264869
0.875 0.28495 0.266988
0.881944 0.242143 0.269106
0.888889 0.205575 0.271225
0.895833 0.179292 0.273344
0.902778 0.168394 0.275463
0.909722 0.176028 0.277582
0.916667 0.200442 0.279701
0.923611 0.236961 0.28182
0.930556 0.281462 0.283939
0.9375 0.331339 0.286058
0.944444 0.385137 0.288177
0.951389 0.442057 0.290296
0.958333 0.501616 0.292415
0.965278 0.563507 0.294534
0.972222 0.627477 0.296653
0.979167 0.693275 0.298772
0.986111 0.760629 0.300891
0.993056 0.829244 0.30301
1 0.898758 0.305129
1.00694 0.968784 0.307248
1.01389 1.0389 0.309367
1.02083 1.10863 0.311485
1.02778 1.1775 0.313604
1.03472 1.24502 0.315723
1.04167 1.31068 0.317842
1.04861 1.37399 0.319961
1.05556 1.43448 0.32208
1.0625 1.4917 0.324199
1.06944 1.54524 0.326318
1.07639 1.59473 0.328437
1.08333 1.63984 0.330556
1.09028 1.68033 0.332675
1.09722 1.71598 0.334794
1.10417 1.74667 0.336913
1.11111 1.77233 0.339032
1.11806 1.79297 0.341151
1.125 1.80865 0.34327
1.13194 1.81953 0.345389
1.13889 1.82582 0.347508
1.14583 1.82779 0.349627
1.15278 1.8258 0.351746
1.15972 1.82024 0.353864
1.16667 1.81156 0.355983
1.17361 1.80025 0.358102
1.18056 1.78685 0.360221
1.1875 1.77191 0.36234
1.19444 1.75601 0.364459
1.20139 1.73974 0.366578
1.20833 1.72367 0.368697
1.21528 1.70836 0.370816
1.22222 1.69433 0.372935
1.22917 1.68207 0.375054
1.23611 1.67198 0.377173
1.24306 1.66443 0.379292
1.25 1.65965 0.381411
1.25694 1.6578 0.38353
1.26389 1.65897 0.385649
1.27083 1.66311 0.387768
1.27778 1.67006 0.389887
1.28472 1.67962 0.392006
1.29167 1.69145 0.394124
1.29861 1.70515 0.396243
1.30556 1.72028 0.398362
1.3125 1.73633 0.400481
1.31944 1.75276 0.4026
1.32639 1.76903 0.404719
1.33333 1.78454 0.406838
1.34028 1.79877 0.408957
1.34722 1.81115 0.411076
1.35417 1.82117 0.413195
1.36111 1.82834 0.415314
1.36806 1.83224 0.417433
1.375 1.83247 0.419552
1.38194 1.82869 0.421671
1.38889 1.82066 0.42379
1.39583 1.80817 0.425909
1.40278 1.79109 0.428028
1.40972 1.76939 0.430147
1.41667 1.74309 0.432266
1.42361 1.71231 0.434385
1.43056 1.67723 0.436503
1.4375 1.63814 0.438622
1.44444 1.59538 0.440741
1.45139 1.54941 0.44286
1.45833 1.50072 0.444979
1.46528 1.44993 0.447098
1.47222 1.3977 0.449217
1.47917 1.3448 0.451336
1.48611 1.29205 0.453455
1.49306 1.2404 0.455574
1.5 1.19083 0.457693
1.50694 1.14442 0.459812
1.51389 1.10233 0.461931
1.52083 1.06573 0.46405
1.52778 1.03579 0.466169
1.53472 1.01363 0.468288
1.54167 1.0002 0.470407
1.54861 0.996222 0.472526
1.55556 1.00213 0.474645
1.5625 1.018 0.476763
1.56944 1.04358 0.478882
1.57639 1.07835 0.481001
1.58333 1.12155 0.48312
1.59028 1.1723 0.485239
1.59722 1.22966 0.487358
1.60417 1.29267 0.489477
1.61111 1.36038 0.491596
1.61806 1.4319 0.493715
1.625 1.50636 0.495834
1.63194 1.58293 0.497953
1.63889 1.66084 0.500072
1.64583 1.73932 0.502191
1.65278 1.81764 0.50431
1.65972 1.89511 0.506429
1.66667 1.97105 0.508548
1.67361 2.04482 0.510667
1.68056 2.11583 0.512786
1.6875 2.18348 0.514905
1.69444 2.24727 0.517024
1.70139 2.30672 0.519142
1.70833 2.36141 0.521261
1.71528 2.41099 0.52338
1.72222 2.45517 0.525499
1.72917 2.49372 0.527618
1.73611 2.5265 0.529737
1.74306 2.55344 0.531856
1.75 2.57456 0.533975
1.75694 2.58994 0.536094
1.76389 2.59976 0.538213
1.77083 2.60424 0.540332
1.77778 2.60372 0.542451
1.78472 2.59857 0.54457
1.79167 2.58925 0.546689
1.79861 2.57626 0.548808
1.80556 2.56018 0.550927
1.8125 2.54158 0.553046
1.81944 2.5211 0.555165
1.82639 2.49936 0.557284
1.83333 2.47709 0.559402
1.84028 2.45493 0.561521
1.84722 2.4335 0.56364
1.85417 2.41342 0.565759
1.86111 2.39525 0.567878
1.86806 2.3795 0.569997
1.875 2.36658 0.572116
1.88194 2.35684 0.574235
1.88889 2.35053 0.576354
1.89583 2.34777 0.578473
1.90278 2.34861 0.580592
1.90972 2.35296 0.582711
1.91667 2.36064 0.58483
1.92361 2.37135 0.586949
1.93056 2.38473 0.589068
1.9375 2.40031 0.591187
1.94444 2.41759 0.593306
1.95139 2.43599 0.595425
1.95833 2.45489 0.597544
1.96528 2.47368 0.599663
1.97222 2.49172 0.601781
1.97917 2.50837 0.6039
1.98611 2.52302 0.606019
1.99306 2.53511 0.608138
2 2.54407 0.610257
2.00694 2.54943 0.612376
2.01389 2.55075 0.614495
2.02083 2.54766 0.616614
2.02778 2.53989 0.618733
2.03472 2.52723 0.620852
2.04167 2.50954 0.622971
2.04861 2.48678 0.62509
2.05556 2.45905 0.627209
2.0625 2.42646 0.629328
2.06944 2.38929 0.631447
2.07639 2.34787 0.633566
2.08333 2.30263 0.635685
2.09028 2.25413 0.637804
2.09722 2.20298 0.639923
2.10417 2.1499 0.642041
2.11111 2.09566 0.64416
2.11806 2.04118 0.646279
2.125 1.98736 0.648398
2.13194 1.93524 0.650517
2.13889 1.88586 0.652636
2.14583 1.84031 0.654755
2.15278 1.79969 0.656874
2.15972 1.76507 0.658993
2.16667 1.73745 0.661112
2.17361 1.71773 0.663231
2.18056 1.70668 0.66535
2.1875 1.70485 0.667469
2.19444 1.71257 0.669588
2.20139 1.72995 0.671707
2.20833 1.75684 0.673826
2.21528 1.7929 0.675945
2.22222 1.83756 0.678064
2.22917 1.89012 0.680183
2.23611 1.94977 0.682302
2.24306 2.01562 0.68442
2.25 2.08673 0.686539
2.25694 2.16215 0.688658
2.26389 2.24094 0.690777
2.27083 2.32213 0.692896
2.27778 2.40482 0.695015
2.28472 2.4881 0.697134
2.29167 2.5711 0.699253
2.29861 2.65298 0.701372
2.30556 2.73298 0.703491
2.3125 2.81031 0.70561
2.31944 2.8843 0.707729
2.32639 2.9543 0.709848
2.33333 3.01973 0.711967
2.34028 3.08006 0.714086
2.34722 3.13487 0.716205
2.35417 3.18378 0.718324
2.36111 3.22649 0.720443
2.36806 3.26283 0.722562
2.375 3.29265 0.72468
2.38194 3.31593 0.726799
2.38889 3.33274 0.728918
2.39583 3.34322 0.731037
2.40278 3.3476 0.733156
2.40972 3.3462 0.735275
2.41667 3.3394 0.737394
2.42361 3.32768 0.739513
2.43056 3.31157 0.741632
2.4375 3.29165 0.743751
2.44444 3.26855 0.74587
2.45139 3.24296 0.747989
2.45833 3.21558 0.750108
2.46528 3.18713 0.752227
2.47222 3.15833 0.754346
2.47917 3.12989 0.756465
2.48611 3.1025 0.758584
2.49306 3.0768 0.760703
2.5 3.05338 0.762822
2.50694 3.03275 0.764941
2.51389 3.01537 0.767059
2.52083 3.00156 0.768067
2.52778 2.99157 0.766848
2.53472 2.98553 0.76563
2.54167 2.98344 0.764412
2.54861 2.98521 0.763193
2.55556 2.99063 0.761975
2.5625 2.99937 0.760757
2.56944 3.01104 0.759538
2.57639 3.02515 0.75832
2.58333 3.04114 0.757102
2.59028 3.05839 0.755883
2.59722 3.07626 0.754665
2.60417 3.09409 0.753446
2.61111 3.11118 0.752228
2.61806 3.12687 0.75101
2.625 3.14051 0.749791
2.63194 3.15148 0.748573
2.63889 3.15921 0.747355
2.64583 3.16319 0.746136
2.65278 3.16295 0.744918
2.65972 3.15814 0.7437
2.66667 3.14846 0.742481
2.67361 3.13369 0.741263
2.68056 3.11376 0.740045
2.6875 3.08862 0.738826
2.69444 3.05839 0.737608
2.70139 3.02327 0.73639
2.70833 2.98355 0.735171
2.71528 2.93965 0.733953
2.72222 2.89208 0.732735
2.72917 2.84145 0.731516
2.73611 2.78846 0.730298
2.74306 2.73393 0.72908
2.75 2.67873 0.727861
2.75694 2.62382 0.726643
2.76389 2.57022 0.725425
2.77083 2.519 0.724206
2.77778 2.47124 0.722988
2.78472 2.42806 0.721769
2.79167 2.39054 0.720551
2.79861 2.35969 0.719333
2.80556 2.33647 0.718114
2.8125 2.32168 0.716896
2.81944 2.31599 0.715678
2.82639 2.31982 0.714459
2.83333 2.3335 0.713241
2.84028 2.35705 0.712023
2.84722 2.39028 0.710804
2.85417 2.43281 0.709586
2.86111 2.4841 0.708368
2.86806 2.54344 0.707149
2.875 2.61001 0.705931
2.88194 2.68291 0.704713
2.88889 2.76118 0.703494
2.89583 2.8438 0.702276
2.90278 2.92978 0.701058
2.90972 3.01809 0.699839
2.91667 3.10773 0.698621
2.92361 3.19769 0.697403
2.93056 3.28705 0.696184
2.9375 3.37487 0.694966
2.94444 3.46027 0.693748
2.95139 3.54246 0.692529
2.95833 3.62066 0.691311
2.96528 3.69418 0.690092
2.97222 3.76239 0.688874
2.97917 3.82476 0.687656
2.98611 3.88081 0.686437
2.99306 3.93018 0.685219
3 3.97258 0.684001
3.00694 4.00782 0.682782
3.01389 4.03582 0.681564
3.02083 4.05657 0.680346
3.02778 4.07017 0.679127
3.03472 4.07683 0.677909
3.04167 4.07682 0.676691
3.04861 4.07052 0.675472
3.05556 4.05838 0.674254
3.0625 4.04092 0.673036
3.06944 4.01874 0.671817
3.07639 3.9925 0.670599
3.08333 3.96288 0.669381
3.09028 3.93062 0.668162
3.09722 3.89649 0.666944
3.10417 3.86125 0.665726
3.11111 3.82565 0.664507
3.11806 3.79048 0.663289
3.125 3.75643 0.662071
3.13194 3.72417 0.660852
3.13889 3.69433 0.659634
3.14583 3.66743 0.658415
3.15278 3.64393 0.657197
3.15972 3.62418 0.655979
3.16667 3.60842 0.65476
3.17361 3.59677 0.653542
3.18056 3.58927 0.652324
3.1875 3.58579 0.651105
3.19444 3.58612 0.649887
3.20139 3.58996 0.648669
3.20833 3.59688 0.64745
3.21528 3.60638 0.646232
3.22222 3.6179 0.645014
3.22917 3.6308 0.643795
3.23611 3.64443 0.642577
3.24306 3.6581 0.641359
3.25 3.67111 0.64014
3.25694 3.68278 0.638922
3.26389 3.69244 0.637704
3.27083 3.69945 0.636485
3.27778 3.70325 0.635267
3.28472 3.70331 0.634049
3.29167 3.69918 0.63283
3.29861 3.69049 0.631612
3.30556 3.67698 0.630394
3.3125 3.65845 0.629175
3.31944 3.63482 0.627957
3.32639 3.60613 0.626738
3.33333 3.5725 0.62552
3.34028 3.53419 0.624302
3.34722 3.49157 0.623083
3.35417 3.44508 0.621865
3.36111 3.39532 0.620647
3.36806 3.34298 0.619428
3.375 3.28882 0.61821
3.38194 3.23372 0.616992
3.38889 3.17864 0.615773
3.39583 3.12459 0.614555
3.40278 3.07265 0.613337
3.40972 3.02393 0.612118
3.41667 2.97955 0.6109
3.42361 2.94062 0.609682
3.43056 2.90821 0.608463
3.4375 2.8833 0.607245
3.44444 2.86678 0.606027
3.45139 2.8594 0.604808
3.45833 2.86172 0.60359
3.46528 2.87413 0.602372
3.47222 2.89679 0.601153
3.47917 2.92965 0.599935
3.48611 2.97247 0.598717
3.49306 3.02482 0.597498
3.5 3.08607 0.59628
3.50694 3.15547 0.595061
3.51389 3.23217 0.593843
3.52083 3.31518 0.592625
3.52778 3.4035 0.591406
3.53472 3.49607 0.590188
3.54167 3.5918 0.58897
3.54861 3.68959 0.587751
3.55556 3.78838 0.586533
3.5625 3.88709 0.585315
3.56944 3.98471 0.584096
3.57639 4.08024 0.582878
3.58333 4.17275 0.58166
3.59028 4.26136 0.580441
3.59722 4.34528 0.579223
3.60417 4.42375 0.578005
3.61111 4.49612 0.576786
3.61806 4.56184 0.575568
3.625 4.62042 0.57435
3.63194 4.67149 0.573131
3.63889 4.71478 0.571913
3.64583 4.7501 0.570695
3.65278 4.77739 0.569476
3.65972 4.7967 0.568258
3.66667 4.80814 0.56704
3.67361 4.81195 0.565821
3.68056 4.80847 0.564603
3.6875 4.79812 0.563384
3.69444 4.78138 0.562166
3.70139 4.75887 0.560948
3.70833 4.73119 0.559729
3.71528 4.69907 0.558511
3.72222 4.66325 0.557293
3.72917 4.62451 0.556074
3.73611 4.58364 0.554856
3.74306 4.54147 0.553638
3.75 4.49879 0.552419
3.75694 4.45638 0.551201
3.76389 4.41499 0.549983
3.77083 4.37532 0.548764
3.77778 4.338 0.547546
3.78472 4.30359 0.546328
3.79167 4.27255 0.545109
3.79861 4.24524 0.543891
3.80556 4.22194 0.542673
3.8125 4.20276 0.541454
3.81944 4.18775 0.540236
3.82639 4.17678 0.539018
3.83333 4.16972 0.537799
3.84028 4.16623 0.536581
3.84722 4.1659 0.535363
3.85417 4.16824 0.534144
3.86111 4.17269 0.532926
3.86806 4.17864 0.531708
3.875 4.18542 0.530489
3.88194 4.19235 0.529271
3.88889 4.19876 0.528052
3.89583 4.20394 0.526834
3.90278 4.20724 0.525616
3.90972 4.20805 0.524397
3.91667 4.20579 0.523179
3.92361 4.19995 0.521961
3.93056 4.19012 0.520742
3.9375 4.17593 0.519524
3.94444 4.15715 0.518306
3.95139 4.13363 0.517087
3.95833 4.10531 0.515869
3.96528 4.07227 0.514651
3.97222 4.03471 0.513432
3.97917 3.9929 0.512214
3.98611 3.94727 0.510996
3.99306 3.89836 0.509777
4 3.84679 0.508559
4.00694 3.79332 0.507341
4.01389 3.73879 0.506122
4.02083 3.68413 0.504904
4.02778 3.63035 0.503686
4.03472 3.57852 0.502467
4.04167 3.52975 0.501249
4.04861 3.48517 0.500031
4.05556 3.44594 0.498812
4.0625 3.41313 0.497594
4.06944 3.38779 0.496375
4.07639 3.37088 0.495157
4.08333 3.3632 0.493939
4.09028 3.36542 0.49272
4.09722 3.37803 0.491502
4.10417 3.40129 0.490284
4.11111 3.43527 0.489065
4.11806 3.47986 0.487847
4.125 3.53468 0.486629
4.13194 3.59923 0.48541
4.13889 3.67281 0.484192
4.14583 3.75458 0.482974
4.15278 3.84362 0.481755
4.15972 3.93888 0.480537
4.16667 4.03928 0.479319
4.17361 4.14368 0.4781
4.18056 4.25093 0.476882
4.1875 4.35985 0.475664
4.19444 4.46931 0.474445
4.20139 4.57818 0.473227
4.20833 4.68535 0.472009
4.21528 4.7898 0.47079
4.22222 4.89052 0.469572
4.22917 4.9866 0.468354
4.23611 5.07719 0.467135
4.24306 5.16152 0.465917
4.25 5.23891 0.464698
4.25694 5.30879 0.46348
4.26389 5.37068 0.462262
4.27083 5.42419 0.461043
4.27778 5.46908 0.459825
4.28472 5.50517 0.458607
4.29167 5.53243 0.457388
4.29861 5.5509 0.45617
4.30556 5.56078 0.454952
4.3125 5.56232 0.453733
4.31944 5.5559 0.452515
4.32639 5.54198 0.451297
4.33333 5.5211 0.450078
4.34028 5.49388 0.44886
4.34722 5.46103 0.447642
4.35417 5.42328 0.446423
4.36111 5.3814 0.445205
4.36806 5.33624 0.443987
4.375 5.28862 0.442768
4.38194 5.23938 0.44155
4.38889 5.18937 0.440332
4.39583 5.13937 0.439113
4.40278 5.09018 0.437895
4.40972 5.04251 0.442878
4.41667 4.997 0.460344
4.42361 4.95424 0.47781
4.43056 4.9147 0.495276
4.4375 4.87878 0.512742
4.44444 4.84674 0.530208
4.45139 4.81875 0.547674
4.45833 4.79486 0.56514
4.46528 4.77499 0.582606
4.47222 4.75898 0.600072
4.47917 4.74652 0.617538
4.48611 4.73725 0.635004
4.49306 4.7307 0.65247
4.5 4.72632 0.669936
4.50694 4.72352 0.687402
4.51389 4.72168 0.704868
4.52083 4.72012 0.722334
4.52778 4.71819 0.7398
4.53472 4.71522 0.757266
4.54167 4.71058 0.774732
4.54861 4.70367 0.792198
4.55556 4.69396 0.809664
4.5625 4.68097 0.82713
4.56944 4.66429 0.844596
4.57639 4.64363 0.862062
4.58333 4.61877 0.879528
4.59028 4.5896 0.896994
4.59722 4.55613 0.91446
4.60417 4.51847 0.931926
4.61111 4.47686 0.949392
4.61806 4.43167 0.966858
4.625 4.38334 0.984323
4.63194 4.33247 1.00179
4.63889 4.27976 1.01926
4.64583 4.22601 1.03672
4.65278 4.17211 1.05419
4.65972 4.11905 1.07165
4.66667 4.06788 1.08912
4.67361 4.01969 1.10659
4.68056 3.97564 1.12405
4.6875 3.93685 1.14152
4.69444 3.90445 1.15898
4.70139 3.87953 1.17645
4.70833 3.86306 1.19392
4.71528 3.85595 1.21138
4.72222 3.85893 1.22885
4.72917 3.87256 1.24631
4.73611 3.89721 1.26378
4.74306 3.93308 1.28125
4.75 3.9801 1.29871
4.75694 4.03804 1.31618
4.76389 4.10645 1.33364
4.77083 4.1847 1.35111
4.77778 4.27201 1.36857
4.78472 4.36748 1.38604
4.79167 4.47006 1.40351
4.79861 4.57865 1.42097
4.80556 4.69209 1.43844
4.8125 4.80916 1.4559
4.81944 4.92864 1.47337
4.82639 5.04927 1.49084
4.83333 5.16991 1.5083
4.84028 5.28932 1.52577
4.84722 5.40637 1.54323
4.85417 5.51996 1.5607
4.86111 5.62905 1.57817
4.86806 5.7327 1.59563
4.875 5.83002 1.6131
4.88194 5.92023 1.63056
4.88889 6.00265 1.64803
4.89583 6.07668 1.6655
4.90278 6.14185 1.68296
4.90972 6.1978 1.70043
4.91667 6.24427 1.71789
4.92361 6.28113 1.73536
4.93056 6.30836 1.75283
4.9375 6.32606 1.77029
4.94444 6.33442 1.78776
4.95139 6.33376 1.80522
4.95833 6.32448 1.82269
4.96528 6.30709 1.84016
4.97222 6.28218 1.85762
4.97917 6.25039 1.87509
4.98611 6.21247 1.89255
4.99306 6.16919 1.91002
5 6.12137 1.92749
5.00694 6.06986 1.94495
5.01389 6.01555 1.96242
5.02083 5.95928 1.97988
5.02778 5.90192 1.99735
5.03472 5.8443 2.01482
5.04167 5.78722 2.01856
5.04861 5.73139 2.01535
5.05556 5.67752 2.01214
5.0625 5.62616 2.00893
5.06944 5.57783 2.00572
5.07639 5.53293 2.00251
5.08333 5.49174 1.9993
5.09028 5.45446 1.9961
5.09722 5.42115 1.99289
5.10417 5.39175 1.98968
5.11111 5.36612 1.98647
5.11806 5.34402 1.98326
5.125 5.32506 1.98005
5.13194 5.30882 1.97684
5.13889 5.29481 1.97363
5.14583 5.28245 1.97042
5.15278 5.27115 1.96721
5.15972 5.26029 1.96401
5.16667 5.24923 1.9608
5.17361 5.23734 1.95759
5.18056 5.22405 1.95438
5.1875 5.20879 1.95117
5.19444 5.19106 1.94796
5.20139 5.17044 1.94475
5.20833 5.14656 1.94154
5.21528 5.11917 1.93833
5.22222 5.08811 1.93512
5.22917 5.05332 1.93192
5.23611 5.01485 1.92871
5.24306 4.97288 1.9255
5.25 4.92769 1.92229
5.25694 4.87968 1.91908
5.26389 4.8294 1.91587
5.27083 4.77747 1.91266
5.27778 4.72465 1.90945
5.28472 4.67178 1.90624
5.29167 4.61979 1.90303
5.29861 4.56971 1.89983
5.30556 4.52261 1.89662
5.3125 4.47961 1.89341
5.31944 4.44184 1.8902
5.32639 4.41045 1.88699
5.33333 4.38651 1.88378
5.34028 4.37106 1.88057
5.34722 4.36503 1.87736
5.35417 4.3692 1.87415
5.36111 4.38422 1.87094
5.36806 4.41056 1.86774
5.375 4.44846 1.86453
5.38194 4.49798 1.86132
5.38889 4.55897 1.85811
5.39583 4.63105 1.8549
5.40278 4.71367 1.85169
5.40972 4.80613 1.84848
5.41667 4.90752 1.84527
5.42361 5.01684 1.84206
5.43056 5.13301 1.83885
5.4375 5.25482 1.83565
5.44444 5.38105 1.83244
5.45139 5.51042 1.82923
5.45833 5.64164 1.82602
5.46528 5.77343 1.82281
5.47222 5.90453 1.8196
5.47917 6.0337 1.81639
5.48611 6.15974 1.81318
5.49306 6.28155 1.80997
5.5 6.39806 1.80676
5.50694 6.50828 1.80356
5.51389 6.61136 1.80035
5.52083 6.70647 1.79714
5.52778 6.79294 1.79393
5.53472 6.8702 1.79072
5.54167 6.93777 1.78751
5.54861 6.99532 1.7843
5.55556 7.04262 1.78109
5.5625 7.07957 1.77788
5.56944 7.10616 1.77467
5.57639 7.12255 1.77147
5.58333 7.12896 1.76826
5.59028 7.12573 1.76505
5.59722 7.11333 1.76184
5.60417 7.09228 1.75863
5.61111 7.06321 1.75542
5.61806 7.02682 1.75221
5.625 6.98387 1.749
5.63194 6.93517 1.74579
5.63889 6.88158 1.74258
5.64583 6.82397 1.73938
5.65278 6.76324 1.73617
5.65972 6.70027 1.73296
5.66667 6.63593 1.72975
5.67361 6.57108 1.72654
5.68056 6.50652 1.72333
5.6875 6.44299 1.72012
5.69444 6.38117 1.71691
5.70139 6.32167 1.7137
5.70833 6.26498 1.71049
5.71528 6.21152 1.70729
5.72222 6.1616 1.70408
5.72917 6.11541 1.70087
5.73611 6.07302 1.69766
5.74306 6.03443 1.69445
5.75 5.99948 1.69124
5.75694 5.96797 1.68803
5.76389 5.93956 1.68482
5.77083 5.91384 1.68161
5.77778 5.89037 1.6784
5.78472 5.8686 1.6752
5.79167 5.848 1.67199
5.79861 5.82796 1.66878
5.80556 5.80793 1.66557
5.8125 5.78732 1.66236
5.81944 5.76558 1.65915
5.82639 5.74218 1.65594
5.83333 5.71675 1.65273
5.84028 5.68887 1.64952
5.84722 5.65825 1.64631
5.85417 5.62468 1.64311
5.86111 5.58805 1.6399
5.86806 5.54837 1.63669
5.875 5.50575 1.63348
5.88194 5.46041 1.63027
5.88889 5.4127 1.62706
5.89583 5.36307 1.62385
5.90278 5.3121 1.62064
5.90972 5.26049 1.61743
5.91667 5.209 1.61422
5.92361 5.15854 1.61102
5.93056 5.11006 1.60781
5.9375 5.0646 1.6046
5.94444 5.02323 1.60139
5.95139 4.98708 1.59818
5.95833 4.95724 1.59497
5.96528 4.93481 1.59176
5.97222 4.92082 1.58855
5.97917 4.91622 1.58534
5.98611 4.92183 1.58213
5.99306 4.93836 1.57893
6 4.96632 1.57572
6.00694 5.00603 1.57251
6.01389 5.05765 1.5693
6.02083 5.12107 1.56609
6.02778 5.19604 1.56288
6.03472 5.28208 1.55967
6.04167 5.37851 1.55646
6.04861 5.48453 1.55325
6.05556 5.59917 1.55004
6.0625 5.72135 1.54684
6.06944 5.8499 1.54363
6.07639 5.98357 1.54042
6.08333 6.12107 1.53721
6.09028 6.26108 1.534
6.09722 6.40227 1.53079
6.10417 6.54331 1.52758
6.11111 6.68291 1.52437
6.11806 6.81982 1.52116
6.125 6.95282 1.51795
6.13194 7.08078 1.51475
6.13889 7.20265 1.51154
6.14583 7.31742 1.50833
6.15278 7.42424 1.50512
6.15972 7.52233 1.50191
6.16667 7.61101 1.4987
6.17361 7.68973 1.49549
6.18056 7.75807 1.49228
6.1875 7.81569 1.48907
6.19444 7.86242 1.48586
6.20139 7.89818 1.48266
6.20833 7.92303 1.47945
6.21528 7.93714 1.47624
6.22222 7.94078 1.47303
6.22917 7.93434 1.46982
6.23611 7.9183 1.46661
6.24306 7.89325 1.4634
6.25 7.85984 1.46019
6.25694 7.8188 1.45698
6.26389 7.77093 1.45377
6.27083 7.71706 1.45057
6.27778 7.65806 1.44736
6.28472 7.59483 1.44415
6.29167 7.52829 1.44094
6.29861 7.45931 1.43773
6.30556 7.38881 1.43452
6.3125 7.31761 1.43131
6.31944 7.24653 1.4281
6.32639 7.17632 1.42489
6.33333 7.10764 1.42168
6.34028 7.0411 1.41848
6.34722 6.97721 1.41527
6.35417 6.91637 1.41206
6.36111 6.85889 1.40885
6.36806 6.80497 1.40564
6.375 6.7547 1.40243
6.38194 6.70806 1.39922
6.38889 6.66497 1.39601
6.39583 6.62518 1.3928
6.40278 6.58843 1.38959
6.40972 6.55434 1.38639
6.41667 6.52248 1.38318
6.42361 6.49237 1.37997
6.43056 6.46352 1.37676
6.4375 6.43537 1.37355
6.44444 6.40742 1.37034
6.45139 6.37915 1.36713
6.45833 6.35006 1.36392
6.46528 6.31973 1.36071
6.47222 6.28777 1.3575
6.47917 6.25386 1.3543
6.48611 6.21776 1.35109
6.49306 6.17936 1.34788
6.5 6.13858 1.34467
6.50694 6.09549 1.34146
6.51389 6.05028 1.33825
6.52083 6.00321 1.33504
6.52778 5.95469 1.33183
6.53472 5.90521 1.32862
6.54167 5.85541 1.32541
6.54861 5.80599 1.32221
6.55556 5.75778 1.319
6.5625 5.71166 1.31579
6.56944 5.66862 1.31258
6.57639 5.62968 1.30937
6.58333 5.59589 1.30616
6.59028 5.56833 1.30295
6.59722 5.54804 1.29974
6.60417 5.53605 1.29653
6.61111 5.53328 1.29332
6.61806 5.54058 1.29012
6.625 5.55867 1.28691
6.63194 5.58808 1.2837
6.63889 5.62923 1.28049
6.64583 5.6823 1.27728
6.65278 5.74728 1.27407
6.65972 5.82399 1.27086
6.66667 5.91201 1.26765
6.67361 6.01077 1.26444
6.68056 6.11953 1.26123
6.6875 6.23738 1.25803
6.69444 6.36329 1.25482
6.70139 6.49614 1.25161
6.70833 6.63468 1.2484
6.71528 6.77764 1.24519
6.72222 6.9237 1.24198
6.72917 7.07152 1.23877
6.73611 7.21973 1.23556
6.74306 7.36702 1.23235
6.75 7.51208 1.22914
6.75694 7.65365 1.22594
6.76389 7.79055 1.22273
6.77083 7.92162 1.21952
6.77778 8.04585 1.21631
6.78472 8.16228 1.2131
6.79167 8.27005 1.20989
6.79861 8.36842 1.20668
6.80556 8.45676 1.20347
6.8125 8.53456 1.20026
6.81944 8.60142 1.19705
6.82639 8.65704 1.19385
6.83333 8.70135 1.19064
6.84028 8.73429 1.18743
6.84722 8.75596 1.18422
6.85417 8.76657 1.18101
6.86111 8.76644 1.1778
6.86806 8.756 1.17459
6.875 8.73577 1.17138
6.88194 8.70636 1.16817
6.88889 8.66847 1.16496
6.89583 8.62284 1.16176
6.90278 8.5703 1.15855
6.90972 8.5117 1.15534
6.91667 8.44793 1.15213
6.92361 8.37988 1.14892
6.93056 8.30848 1.14571
6.9375 8.23461 1.1425
6.94444 8.15916 1.13929
6.95139 8.08297 1.13608
6.95833 8.00682 1.13287
6.96528 7.93147 1.12967
6.97222 7.85757 1.12646
6.97917 7.78569 1.12325
6.98611 7.71633 1.12004
6.99306 7.64989 1.11683
7 7.58667 1.11362
7.00694 7.52686 1.11041
7.01389 7.47056 1.1072
7.02083 7.41775 1.10399
7.02778 7.36835 1.10078
7.03472 7.32216 1.09758
7.04167 7.27892 1.09437
7.04861 7.23828 1.09116
7.05556 7.19987 1.08795
7.0625 7.16325 1.08474
7.06944 7.12797 1.08153
7.07639 7.09355 1.07832
7.08333 7.05953 1.07511
7.09028 7.02546 1.0719
7.09722 6.99092 1.06869
7.10417 6.95553 1.06549
7.11111 6.91898 1.06228
7.11806 6.88105 1.05907
7.125 6.84154 1.05586
7.13194 6.80038 1.05265
7.13889 6.75761 1.04944
7.14583 6.71334 1.04623
7.15278 6.66779 1.04302
7.15972 6.6213 1.03981
7.16667 6.57431 1.0366
7.17361 6.52735 1.0334
7.18056 6.48109 1.03019
7.1875 6.43624 1.02698
7.19444 6.39364 1.02377
7.20139 6.35417 1.02056
7.20833 6.31877 1.01735
7.21528 6.28843 1.01414
7.22222 6.26415 1.01093
7.22917 6.24692 1.00772
7.23611 6.2377 1.00451
7.24306 6.23739 1.00131
7.25 6.24681 0.998097
7.25694 6.26665 0.994888
7.26389 6.2975 0.991679
7.27083 6.33975 0.98847
7.27778 6.39366 0.985261
7.28472 6.45928 0.982052
7.29167 6.53648 0.978843
7.29861 6.62494 0.975634
7.30556 6.72417 0.972425
7.3125 6.8335 0.969216
7.31944 6.95212 0.966007
7.32639 7.07906 0.962798
7.33333 7.21326 0.959589
7.34028 7.35355 0.95638
7.34722 7.4987 0.953171
7.35417 7.6474 0.949962
7.36111 7.79833 0.946753
7.36806 7.95017 0.943544
7.375 8.10156 0.940335
7.38194 8.2512 0.937126
7.38889 8.39782 0.933917
7.39583 8.54019 0.930708
7.40278 8.67714 0.927499
7.40972 8.8076 0.92429
7.41667 8.93057 0.921081
7.42361 9.04513 0.917872
7.43056 9.1505 0.914663
7.4375 9.24598 0.911454
7.44444 9.331 0.908245
7.45139 9.4051 0.905036
7.45833 9.46794 0.901827
7.46528 9.51932 0.898618
7.47222 9.55916 0.895409
7.47917 9.58747 0.8922
7.48611 9.60439 0.888991
7.49306 9.61022 0.885782
7.5 9.60529 0.882573
7.50694 9.59007 0.879364
7.51389 9.56515 0.876155
7.52083 9.53113 0.872946
7.52778 9.48875 0.869737
7.53472 9.43878 0.866528
7.54167 9.38205 0.863319
7.54861 9.3194 0.86011
7.55556 9.25174 0.856901
7.5625 9.17995 0.86046
7.56944 9.10494 0.864048
7.57639 9.02761 0.867637
7.58333 8.94878 0.871225
7.59028 8.8693 0.874813
7.59722 8.78993 0.878401
7.60417 8.71136 0.881989
7.61111 8.63424 0.885577
7.61806 8.55911 0.889166
7.625 8.48645 0.892754
7.63194 8.41662 0.896342
7.63889 8.34991 0.89993
7.64583 8.28649 0.903518
7.65278 8.22646 0.907106
7.65972 8.1698 0.910695
7.66667 8.11644 0.914283
7.67361 8.06618 0.917871
7.68056 8.01881 0.921459
7.6875 7.974 0.925047
7.69444 7.93142 0.928636
7.70139 7.8907 0.932224
7.70833 7.85141 0.935812
7.71528 7.81315 0.9394
7.72222 7.77553 0.942988
7.72917 7.73816 0.946576
7.73611 7.70069 0.950165
7.74306 7.66284 0.953753
7.75 7.62434 0.957341
7.75694 7.58503 0.960929
7.76389 7.54482 0.964517
7.77083 7.50369 0.968106
7.77778 7.46172 0.971694
7.78472 7.4191 0.975282
7.79167 7.37609 0.97887
7.79861 7.33305 0.982458
7.80556 7.29047 0.986046
7.8125 7.2489 0.989635
7.81944 7.20898 0.993223
7.82639 7.17141 0.996811
7.83333 7.13705 1.0004
7.84028 7.10672 1.00399
7.84722 7.08129 1.00758
7.85417 7.06168 1.01116
7.86111 7.04877 1.01475
7.86806 7.04346 1.01834
7.875 7.04656 1.02193
7.88194 7.05885 1.02552
7.88889 7.08099 1.0291
7.89583 7.11351 1.03269
7.90278 7.15684 1.03628
7.90972 7.21124 1.03987
7.91667 7.27681 1.04346
7.92361 7.35347 1.04705
7.93056 7.44098 1.05063
7.9375 7.53893 1.05422
7.94444 7.64673 1.05781
7.95139 7.76368 1.0614
7.95833 7.8889 1.06499
7.96528 8.02142 1.06857
7.97222 8.16016 1.07216
7.97917 8.30396 1.07575
7.98611 8.45158 1.07934
7.99306 8.60177 1.08293
8 8.75323 1.08652
8.00694 8.90466 1.0901
8.01389 9.05479 1.09369
8.02083 9.20234 1.09728
8.02778 9.34611 1.10087
8.03472 9.48493 1.10446
8.04167 9.61771 1.10804
8.04861 9.74342 1.11163
8.05556 9.86115 1.11522
8.0625 9.97006 1.11881
8.06944 10.0694 1.1224
8.07639 10.1586 1.12599
8.08333 10.2372 1.12957
8.09028 10.3047 1.13316
8.09722 10.3609 1.13675
8.10417 10.4057 1.14034
8.11111 10.4389 1.14393
8.11806 10.4608 1.14751
8.125 10.4715 1.1511
8.13194 10.4713 1.15469
8.13889 10.4607 1.15828
8.14583 10.4401 1.16187
8.15278 10.4101 1.16546
8.15972 10.3714 1.16904
8.16667 10.3247 1.17263
8.17361 10.2708 1.17622
8.18056 10.2105 1.17981
8.1875 10.1447 1.18432
8.19444 10.0742 1.1907
8.20139 10 1.19709
8.20833 9.92286 1.20347
8.21528 9.84366 1.20986
8.22222 9.76324 1.21624
8.22917 9.68235 1.22263
8.23611 9.60174 1.22901
8.24306 9.52207 1.2354
8.25 9.44391 1.24179
8.25694 9.3678 1.24817
8.26389 9.29415 1.25456
8.27083 9.22331 1.26094
8.27778 9.15553 1.26733
8.28472 9.09097 1.27371
8.29167 9.02972 1.2801
8.29861 8.97174 1.28648
8.30556 8.91698 1.29287
8.3125 8.86527 1.29925
8.31944 8.81639 1.30564
8.32639 8.77009 1.31202
8.33333 8.72605 1.31841
8.34028 8.68396 1.3248
8.34722 8.64346 1.33118
8.35417 8.60422 1.33757
8.36111 8.56589 1.34395
8.36806 8.52818 1.35034
8.375 8.4908 1.35672
8.38194 8.45353 1.36311
8.38889 8.41621 1.36949
8.39583 8.37871 1.37588
8.40278 8.34102 1.38226
8.40972 8.30319 1.38865
8.41667 8.26533 1.39504
8.42361 8.22766 1.40142
8.43056 8.19049 1.40781
8.4375 8.15421 1.41419
8.44444 8.11927 1.42058
8.45139 8.08625 1.42696
8.45833 8.05573 1.43335
8.46528 8.02843 1.43973
8.47222 8.00506 1.44612
8.47917 7.98638 1.4525
8.48611 7.97318 1.45889
8.49306 7.96626 1.46527
8.5 7.96636 1.47166
8.50694 7.97423 1.47805
8.51389 7.99056 1.48443
8.52083 8.01591 1.49082
8.52778 8.0508 1.4972
8.53472 8.09561 1.50359
8.54167 8.1506 1.50997
8.54861 8.21587 1.51636
8.55556 8.29141 1.52274
8.5625 8.37701 1.52913
8.56944 8.47234 1.53551
8.57639 8.57693 1.5419
8.58333 8.69014 1.54828
8.59028 8.81122 1.55467
8.59722 8.9393 1.56106
8.60417 9.07341 1.56744
8.61111 9.21248 1.57383
8.61806 9.35541 1.58021
8.625 9.50102 1.5866
8.63194 9.64808 1.59298
8.63889 9.79541 1.59937
8.64583 9.94175 1.60575
8.65278 10.0859 1.61214
8.65972 10.2267 1.61852
8.66667 10.3631 1.62491
8.67361 10.4939 1.6313
8.68056 10.6181 1.63768
8.6875 10.7349 1.64407
8.69444 10.8434 1.65045
8.70139 10.9429 1.65684
8.70833 11.0327 1.66322
8.71528 11.1124 1.66961
8.72222 11.1814 1.67599
8.72917 11.2396 1.68238
8.73611 11.2866 1.68876
8.74306 11.3226 1.69515
8.75 11.3474 1.70153
8.75694 11.3612 1.70792
8.76389 11.3644 1.71431
8.77083 11.3572 1.72069
8.77778 11.3401 1.72708
8.78472 11.3136 1.73346
8.79167 11.2784 1.73985
8.79861 11.2351 1.74623
8.80556 11.1844 1.75262
8.8125 11.1271 1.759
8.81944 11.0641 1.76539
8.82639 10.996 1.77177
8.83333 10.9239 1.77816
8.84028 10.8485 1.78454
8.84722 10.7707 1.79093
8.85417 10.6913 1.79732
8.86111 10.611 1.8037
8.86806 10.5306 1.81009
8.875 10.4507 1.81647
8.88194 10.372 1.82286
8.88889 10.2949 1.82924
8.89583 10.22 1.83563
8.90278 10.1476 1.84201
8.90972 10.078 1.8484
8.91667 10.0115 1.85478
8.92361 9.9482 1.86117
8.93056 9.88816 1.86756
8.9375 9.83138 1.87394
8.94444 9.77776 1.88033
8.95139 9.72721 1.88671
8.95833 9.6795 1.8931
8.96528 9.63444 1.89948
8.97222 9.59176 1.90587
8.97917 9.5512 1.91225
8.98611 9.51245 1.91864
8.99306 9.47527 1.92502
9 9.43937 1.93141
9.00694 9.40451 1.93779
9.01389 9.37052 1.94418
9.02083 9.33721 1.95057
9.02778 9.30449 1.95695
9.03472 9.27231 1.96334
9.04167 9.24068 1.96972
9.04861 9.2097 1.97611
9.05556 9.17953 1.98249
9.0625 9.15039 1.98888
9.06944 9.12259 1.99526
9.07639 9.09651 2.00165
9.08333 9.0726 2.00803
9.09028 9.05134 2.01442
9.09722 9.03331 2.0208
9.10417 9.01908 2.02719
9.11111 9.0093 2.03358
9.11806 9.00461 2.03996
9.125 9.00565 2.04635
9.13194 9.01306 2.05273
9.13889 9.02745 2.05912
9.14583 9.04938 2.0655
9.15278 9.07935 2.07189
9.15972 9.11779 2.07827
9.16667 9.16501 2.08466
9.17361 9.22123 2.09104
9.18056 9.28657 2.09743
9.1875 9.361 2.10382
9.19444 9.44438 2.1102
9.20139 9.53644 2.11659
9.20833 9.63675 2.12297
9.21528 9.74481 2.12936
9.22222 9.85996 2.13574
9.22917 9.98145 2.14213
9.23611 10.1084 2.14851
9.24306 10.24 2.1549
9.25 10.3751 2.16128
9.25694 10.5127 2.16767
9.26389 10.6517 2.17405
9.27083 10.7911 2.18044
9.27778 10.9296 2.18683
9.28472 11.0663 2.19321
9.29167 11.1999 2.1996
9.29861 11.3294 2.20598
9.30556 11.454 2.21237
9.3125 11.5725 2.21875
9.31944 11.6841 2.22514
9.32639 11.788 2.23152
9.33333 11.8836 2.23791
9.34028 11.9701 2.24429
9.34722 12.0471 2.25068
9.35417 12.1141 2.25706
9.36111 12.1709 2.26345
9.36806 12.2172 2.26984
9.375 12.253 2.27622
9.38194 12.2781 2.28261
9.38889 12.2929 2.28899
9.39583 12.2973 2.29538
9.40278 12.2919 2.30176
9.40972 12.2768 2.30815
9.41667 12.2528 2.31453
9.42361 12.2201 2.32092
9.43056 12.1796 2.3273
9.4375 12.1318 2.33369
9.44444 12.0775 2.34008
9.45139 12.0175 2.34646
9.45833 11.9524 2.35285
9.46528 11.8831 2.35923
9.47222 11.8105 2.36562
9.47917 11.7352 2.372
9.48611 11.6581 2.37839
9.49306 11.5798 2.38477
9.5 11.5012 2.39116
9.50694 11.4228 2.39754
9.51389 11.3453 2.40393
9.52083 11.2693 2.41031
9.52778 11.1951 2.4167
9.53472 11.1232 2.42309
9.54167 11.054 2.42947
9.54861 10.9877 2.43586
9.55556 10.9245 2.44224
9.5625 10.8646 2.44863
9.56944 10.8079 2.45501
9.57639 10.7546 2.4614
9.58333 10.7044 2.46778
9.59028 10.6574 2.47417
9.59722 10.6134 2.48055
9.60417 10.5722 2.48694
9.61111 10.5336 2.49333
9.61806 10.4974 2.49971
9.625 10.4634 2.5061
9.63194 10.4313 2.51248
9.63889 10.401 2.51887
9.64583 10.3723 2.52525
9.65278 10.345 2.53164
9.65972 10.3191 2.53802
9.66667 10.2945 2.54441
9.67361 10.2712 2.55079
9.68056 10.2493 2.55718
9.6875 10.2288 2.56356
9.69444 10.2099 2.56995
9.70139 10.1929 2.57634
9.70833 10.178 2.58272
9.71528 10.1655 2.58911
9.72222 10.1558 2.59549
9.72917 10.1494 2.60188
9.73611 10.1467 2.60826
9.74306 10.1482 2.61465
9.75 10.1543 2.62103
9.75694 10.1655 2.62742
9.76389 10.1824 2.6338
9.77083 10.2054 2.64019
9.77778 10.235 2.64657
9.78472 10.2714 2.65296
9.79167 10.315 2.65935
9.79861 10.3661 2.66573
9.80556 10.4248 2.67212
9.8125 10.4912 2.6785
9.81944 10.5653 2.68489
9.82639 10.6469 2.69127
9.83333 10.7358 2.69766
9.84028 10.8316 2.70404
9.84722 10.934 2.71043
9.85417 11.0423 2.71681
9.86111 11.1559 2.7232
9.86806 11.2741 2.72959
9.875 11.3961 2.73597
9.88194 11.5211 2.74236
9.88889 11.648 2.74874
9.89583 11.7761 2.75513
9.90278 11.9043 2.76151
9.90972 12.0316 2.7679
9.91667 12.1571 2.77428
9.92361 12.2798 2.78067
9.93056 12.3986 2.78705
9.9375 12.5129 2.79344
9.94444 12.6215 2.79982
9.95139 12.7239 2.80621
9.95833 12.8192 2.8126
9.96528 12.9068 2.81898
9.97222 12.9861 2.82537
9.97917 13.0566 2.83175
9.98611 13.118 2.83814
9.99306 13.1698 2.84452
10 13.212 2.85091
10.0069 13.2444 2.85729
10.0139 13.267 2.86368
10.0208 13.2798 2.87006
10.0278 13.2831 2.87645
10.0347 13.2772 2.88283
10.0417 13.2623 2.88922
10.0486 13.2388 2.89561
10.0556 13.2073 2.90199
10.0625 13.1684 2.90838
10.0694 13.1226 2.91476
10.0764 13.0705 2.91311
10.0833 13.013 2.89495
10.0903 12.9506 2.8768
10.0972 12.8841 2.85864
10.1042 12.8143 2.84049
10.1111 12.7419 2.82233
10.1181 12.6676 2.80418
10.125 12.5922 2.78602
10.1319 12.5162 2.76787
10.1389 12.4404 2.74971
10.1458 12.3652 2.73156
10.1528 12.2913 2.7134
10.1597 12.2192 2.69525
10.1667 12.1492 2.67709
10.1736 12.0818 2.65894
10.1806 12.0172 2.64078
10.1875 11.9556 2.62263
10.1944 11.8973 2.60447
10.2014 11.8424 2.58632
10.2083 11.7909 2.56816
10.2153 11.7428 2.55001
10.2222 11.6982 2.53185
10.2292 11.6568 2.5137
10.2361 11.6187 2.49554
10.2431 11.5837 2.47739
10.25 11.5516 2.45923
10.2569 11.5224 2.44108
10.2639 11.4958 2.42292
10.2708 11.4717 2.40477
10.2778 11.45 2.38661
10.2847 11.4305 2.36846
10.2917 11.4132 2.3503
10.2986 11.3981 2.33215
10.3056 11.385 2.31399
10.3125 11.374 2.29584
10.3194 11.3652 2.27768
10.3264 11.3587 2.25953
10.3333 11.3545 2.24137
10.3403 11.3529 2.22322
10.3472 11.3541 2.20506
10.3542 11.3583 2.18691
10.3611 11.3659 2.16875
10.3681 11.377 2.1506
10.375 11.3921 2.13244
10.3819 11.4113 2.11429
10.3889 11.4352 2.09613
10.3958 11.464 2.07798
10.4028 11.4979 2.05982
10.4097 11.5373 2.04167
10.4167 11.5824 2.02351
10.4236 11.6333 2.00536
10.4306 11.6903 1.9872
10.4375 11.7534 1.96905
10.4444 11.8226 1.95089
10.4514 11.8977 1.93274
10.4583 11.9788 1.91458
10.4653 12.0655 1.89643
10.4722 12.1576 1.87827
10.4792 12.2546 1.86012
10.4861 12.3561 1.84196
10.4931 12.4616 1.82381
10.5 12.5705 1.80565
10.5069 12.682 1.7875
10.5139 12.7955 1.76934
10.5208 12.9102 1.75119
10.5278 13.0254 1.73303
10.5347 13.1402 1.71488
10.5417 13.2537 1.69672
10.5486 13.3653 1.67857
10.5556 13.4739 1.66041
10.5625 13.5789 1.64226
10.5694 13.6794 1.6241
10.5764 13.7747 1.60595
10.5833 13.8642 1.58779
10.5903 13.9472 1.56964
10.5972 14.0231 1.55148
10.6042 14.0914 1.53333
10.6111 14.1518 1.51517
10.6181 14.2038 1.49702
10.625 14.2472 1.47886
10.6319 14.2818 1.46071
10.6389 14.3075 1.44255
10.6458 14.3244 1.4244
10.6528 14.3324 1.40624
10.6597 14.3317 1.38809
10.6667 14.3226 1.36993
10.6736 14.3054 1.35178
10.6806 14.2804 1.33362
10.6875 14.248 1.31547
10.6944 14.2089 1.29731
10.7014 14.1634 1.27916
10.7083 14.1123 1.27357
10.7153 14.0561 1.27437
10.7222 13.9955 1.27518
10.7292 13.9311 1.27599
10.7361 13.8636 1.27679
10.7431 13.7937 1.2776
10.75 13.722 1.2784
10.7569 13.6492 1.27921
10.7639 13.5759 1.28002
10.7708 13.5028 1.28082
10.7778 13.4303 1.28163
10.7847 13.3591 1.28244
10.7917 13.2895 1.28324
10.7986 13.222 1.28405
10.8056 13.157 1.28486
10.8125 13.0948 1.28566
10.8194 13.0356 1.28647
10.8264 12.9797 1.28727
10.8333 12.9273 1.28808
10.8403 12.8785 1.28889
10.8472 12.8334 1.28969
10.8542 12.792 1.2905
10.8611 12.7542 1.29131
10.8681 12.7202 1.29211
10.875 12.6897 1.29292
10.8819 12.6628 1.29373
10.8889 12.6394 1.29453
10.8958 12.6194 1.29534
10.9028 12.6026 1.29614
10.9097 12.589 1.29695
10.9167 12.5786 1.29776
10.9236 12.5711 1.29856
10.9306 12.5667 1.29937
10.9375 12.5652 1.30018
10.9444 12.5667 1.30098
10.9514 12.5711 1.30179
10.9583 12.5785 1.3026
10.9653 12.589 1.3034
10.9722 12.6025 1.30421
10.9792 12.6193 1.30501
10.9861 12.6394 1.30582
10.9931 12.6629 1.30663
11 12.6901 1.30743
11.0069 12.721 1.30824
11.0139 12.7558 1.30905
11.0208 12.7946 1.30985
11.0278 12.8376 1.31066
11.0347 12.885 1.31147
11.0417 12.9367 1.31227
11.0486 12.993 1.31308
11.0556 13.0537 1.31388
11.0625 13.119 1.31469
11.0694 13.1888 1.3155
11.0764 13.263 1.3163
11.0833 13.3414 1.31711
11.0903 13.4239 1.31792
11.0972 13.5103 1.31872
11.1042 13.6002 1.31953
11.1111 13.6933 1.32034
11.1181 13.7891 1.32114
11.125 13.8873 1.32195
11.1319 13.9873 1.32275
11.1389 14.0885 1.32356
11.1458 14.1904 1.32437
11.1528 14.2924 1.32517
11.1597 14.3939 1.32598
11.1667 14.4941 1.32679
11.1736 14.5924 1.32759
11.1806 14.6882 1.3284
11.1875 14.7807 1.32921
11.1944 14.8695 1.33001
11.2014 14.9538 1.33082
11.2083 15.033 1.33162
11.2153 15.1067 1.33243
11.2222 15.1743 1.33324
11.2292 15.2353 1.33404
11.2361 15.2894 1.33485
11.2431 15.3363 1.33566
11.25 15.3756 1.33646
11.2569 15.4072 1.33727
11.2639 15.4309 1.33808
11.2708 15.4467 1.33888
11.2778 15.4546 1.33969
11.2847 15.4547 1.34049
11.2917 15.4471 1.3413
11.2986 15.4321 1.34211
11.3056 15.4098 1.34291
11.3125 15.3807 1.34372
11.3194 15.3452 1.34453
11.3264 15.3037 1.34533
11.3333 15.2566 1.34614
11.3403 15.2045 1.34694
11.3472 15.148 1.34775
11.3542 15.0876 1.34856
11.3611 15.0239 1.34936
11.3681 14.9575 1.35017
11.375 14.889 1.35098
11.3819 14.819 1.35178
11.3889 14.7482 1.35259
11.3958 14.677 1.3534
11.4028 14.606 1.3542
11.4097 14.5358 1.35501
11.4167 14.4668 1.35581
11.4236 14.3995 1.35662
11.4306 14.3343 1.35743
11.4375 14.2716 1.35823
11.4444 14.2117 1.35904
11.4514 14.155 1.35985
11.4583 14.1016 1.36065
11.4653 14.0518 1.36146
11.4722 14.0058 1.36227
11.4792 13.9637 1.36307
11.4861 13.9256 1.36388
11.4931 13.8917 1.36468
11.5 13.8618 1.36549
11.5069 13.8361 1.3663
11.5139 13.8146 1.3671
11.5208 13.7973 1.36791
11.5278 13.7841 1.36872
11.5347 13.775 1.36952
11.5417 13.7699 1.37033
11.5486 13.7689 1.37114
11.5556 13.7718 1.37194
11.5625 13.7787 1.37275
11.5694 13.7895 1.37355
11.5764 13.8042 1.37436
11.5833 13.8227 1.37517
11.5903 13.845 1.37597
11.5972 13.8711 1.37678
11.6042 13.901 1.37759
11.6111 13.9347 1.37839
11.6181 13.9721 1.3792
11.625 14.0133 1.38001
11.6319 14.0582 1.38081
11.6389 14.1068 1.38162
11.6458 14.1591 1.38242
11.6528 14.2151 1.38323
11.6597 14.2747 1.38404
11.6667 14.3379 1.38484
11.6736 14.4045 1.38565
11.6806 14.4745 1.38646
11.6875 14.5477 1.38726
11.6944 14.624 1.38807
11.7014 14.7032 1.38888
11.7083 14.7852 1.38968
11.7153 14.8696 1.39049
11.7222 14.9563 1.39129
11.7292 15.0448 1.3921
11.7361 15.135 1.39291
11.7431 15.2264 1.39371
11.75 15.3186 1.39452
11.7569 15.4113 1.39533
11.7639 15.504 1.39613
11.7708 15.5963 1.39694
11.7778 15.6876 1.39775
11.7847 15.7776 1.39855
11.7917 15.8656 1.39936
11.7986 15.9513 1.40016
11.8056 16.0341 1.40097
11.8125 16.1135 1.40178
11.8194 16.1891 1.40258
11.8264 16.2603 1.40339
11.8333 16.3268 1.4042
11.8403 16.3882 1.405
11.8472 16.444 1.40581
11.8542 16.4939 1.40662
11.8611 16.5376 1.40742
11.8681 16.5749 1.40823
11.875 16.6055 1.40903
11.8819 16.6293 1.40984
11.8889 16.6462 1.41065
11.8958 16.656 1.41145
11.9028 16.659 1.41226
11.9097 16.655 1.41307
11.9167 16.6442 1.41387
11.9236 16.6268 1.41468
11.9306 16.603 1.41549
11.9375 16.573 1.41629
11.9444 16.5372 1.4171
11.9514 16.4959 1.4179
11.9583 16.4496 1.41871
11.9653 16.3987 1.422
11.9722 16.3435 1.4303
11.9792 16.2847 1.43861
11.9861 16.2226 1.44692
11.9931 16.1579 1.45523
12 16.091 1.46354
12.0069 16.0225 1.47185
12.0139 15.9529 1.48016
12.0208 15.8828 1.48847
12.0278 15.8125 1.49677
12.0347 15.7427 1.50508
12.0417 15.6737 1.51339
12.0486 15.6061 1.5217
12.0556 15.5403 1.53001
12.0625 15.4766 1.53832
12.0694 15.4155 1.54663
12.0764 15.3572 1.55493
12.0833 15.3022 1.56324
12.0903 15.2507 1.57155
12.0972 15.2029 1.57986
12.1042 15.159 1.58817
12.1111 15.1194 1.59648
12.1181 15.084 1.60479
12.125 15.0532 1.61309
12.1319 15.0269 1.6214
12.1389 15.0054 1.62971
12.1458 14.9886 1.63802
12.1528 14.9768 1.64633
12.1597 14.9698 1.65464
12.1667 14.9678 1.66295
12.1736 14.9707 1.67125
12.1806 14.9787 1.67956
12.1875 14.9916 1.68787
12.1944 15.0094 1.69618
12.2014 15.0322 1.70449
12.2083 15.0599 1.7128
12.2153 15.0925 1.72111
12.2222 15.1298 1.72941
12.2292 15.1718 1.73772
12.2361 15.2184 1.74603
12.2431 15.2695 1.75434
12.25 15.325 1.76265
12.2569 15.3847 1.77096
12.2639 15.4485 1.77927
12.2708 15.5161 1.78757
12.2778 15.5875 1.79588
12.2847 15.6623 1.80419
12.2917 15.7404 1.8125
12.2986 15.8215 1.82081
12.3056 15.9053 1.82912
12.3125 15.9915 1.83743
12.3194 16.0798 1.84573
12.3264 16.17 1.85404
12.3333 16.2616 1.86235
12.3403 16.3544 1.87066
12.3472 16.4479 1.87897
12.3542 16.5417 1.88728
12.3611 16.6356 1.89559
12.3681 16.7291 1.9039
12.375 16.8218 1.9122
12.3819 16.9134 1.92051
12.3889 17.0033 1.92882
12.3958 17.0913 1.93713
12.4028 17.1769 1.94544
12.4097 17.2598 1.95375
12.4167 17.3395 1.96206
12.4236 17.4157 1.97036
12.4306 17.4881 1.97867
12.4375 17.5562 1.98698
12.4444 17.6198 1.99529
12.4514 17.6786 2.0036
12.4583 17.7322 2.01191
12.4653 17.7805 2.02022
12.4722 17.8232 2.02852
12.4792 17.8601 2.03683
12.4861 17.891 2.04514
12.4931 17.9158 2.05345
12.5 17.9344 2.06176
12.5069 17.9468 2.07007
12.5139 17.9529 2.07838
12.5208 17.9527 2.08668
12.5278 17.9464 2.09499
12.5347 17.9339 2.1033
12.5417 17.9155 2.11161
12.5486 17.8912 2.11992
12.5556 17.8614 2.12823
12.5625 17.8263 2.13654
12.5694 17.7861 2.14484
12.5764 17.7411 2.15315
12.5833 17.6918 2.16146
12.5903 17.6384 2.16977
12.5972 17.5813 2.17808
12.6042 17.521 2.18639
12.6111 17.4578 2.1947
12.6181 17.3923 2.203
12.625 17.3248 2.21131
12.6319 17.2557 2.21962
12.6389 17.1856 2.22793
12.6458 17.1149 2.23624
12.6528 17.044 2.24455
12.6597 16.9734 2.25286
12.6667 16.9035 2.26116
12.6736 16.8346 2.26947
12.6806 16.7673 2.27778
12.6875 16.7018 2.28609
12.6944 16.6386 2.2944
12.7014 16.5781 2.30271
12.7083 16.5205 2.31102
12.7153 16.4661 2.31933
12.7222 16.4153 2.32763
12.7292 16.3684 2.33594
12.7361 16.3257 2.34425
12.7431 16.2873 2.35256
12.75 16.2535 2.36087
12.7569 16.2245 2.36918
12.7639 16.2006 2.37749
12.7708 16.1819 2.38579
12.7778 16.1685 2.3941
12.7847 16.1607 2.40241
12.7917 16.1586 2.41072
12.7986 16.1623 2.41903
12.8056 16.1718 2.42734
12.8125 16.1873 2.43565
12.8194 16.2087 2.44395
12.8264 16.2362 2.45226
12.8333 16.2697 2.46057
12.8403 16.3092 2.46888
12.8472 16.3547 2.47719
12.8542 16.406 2.4855
12.8611 16.4631 2.49381
12.8681 16.5258 2.50211
12.875 16.5939 2.51042
12.8819 16.6671 2.51873
12.8889 16.7453 2.52704
12.8958 16.8281 2.53535
12.9028 16.9153 2.54366
12.9097 17.0064 2.55197
12.9167 17.101 2.56027
12.9236 17.1988 2.56858
12.9306 17.2993 2.57689
12.9375 17.4021 2.5852
12.9444 17.5066 2.59351
12.9514 17.6124 2.60182
12.9583 17.719 2.61013
12.9653 17.8258 2.61843
12.9722 17.9323 2.62674
12.9792 18.038 2.63505
12.9861 18.1424 2.64336
12.9931 18.2449 2.65167
13 18.3452 2.65998
13.0069 18.4427 2.66829
13.0139 18.537 2.6766
13.0208 18.6276 2.6849
13.0278 18.7141 2.69321
13.0347 18.7962 2.70152
13.0417 18.8736 2.70983
13.0486 18.9458 2.71814
13.0556 19.0127 2.72645
13.0625 19.0739 2.73476
13.0694 19.1294 2.74306
13.0764 19.1788 2.75137
13.0833 19.2221 2.75968
13.0903 19.2591 2.76799
13.0972 19.2898 2.7763
13.1042 19.3142 2.78461
13.1111 19.3321 2.79292
13.1181 19.3437 2.80122
13.125 19.349 2.80953
13.1319 19.3481 2.81784
13.1389 19.3412 2.82615
13.1458 19.3282 2.83446
13.1528 19.3095 2.84277
13.1597 19.2852 2.85108
13.1667 19.2555 2.85938
13.1736 19.2208 2.86769
13.1806 19.1811 2.876
13.1875 19.1369 2.88431
13.1944 19.0884 2.89262
13.2014 19.0359 2.90093
13.2083 18.9798 2.90924
13.2153 18.9203 2.91754
13.2222 18.8579 2.92585
13.2292 18.7929 2.92757
13.2361 18.7257 2.92928
13.2431 18.6566 2.93098
13.25 18.586 2.93269
13.2569 18.5142 2.93439
13.2639 18.4417 2.9361
13.2708 18.3687 2.9378
13.2778 18.2957 2.9395
13.2847 18.223 2.94121
13.2917 18.151 2.94291
13.2986 18.0799 2.94462
13.3056 18.0103 2.94632
13.3125 17.9423 2.94802
13.3194 17.8763 2.94973
13.3264 17.8127 2.95143
13.3333 17.7518 2.95314
13.3403 17.6938 2.95484
13.3472 17.6391 2.95655
13.3542 17.5881 2.95825
13.3611 17.5409 2.95995
13.3681 17.498 2.96166
13.375 17.4596 2.96336
13.3819 17.4259 2.96507
13.3889 17.3973 2.96677
13.3958 17.3741 2.96847
13.4028 17.3564 2.97018
13.4097 17.3447 2.97188
13.4167 17.339 2.97359
13.4236 17.3396 2.97529
13.4306 17.3468 2.977
13.4375 17.3607 2.9787
13.4444 17.3814 2.9804
13.4514 17.4091 2.98211
13.4583 17.444 2.98381
13.4653 17.4859 2.98552
13.4722 17.535 2.98722
13.4792 17.5912 2.98892
13.4861 17.6544 2.99063
13.4931 17.7246 2.99233
13.5 17.8014 2.99404
13.5069 17.8848 2.99574
13.5139 17.9744 2.99745
13.5208 18.0698 2.99915
13.5278 18.1707 3.00085
13.5347 18.2766 3.00256
13.5417 18.387 3.00426
13.5486 18.5013 3.00597
13.5556 18.6191 3.00767
13.5625 18.7396 3.00938
13.5694 18.8622 3.01108
13.5764 18.9863 3.01278
13.5833 19.1111 3.01449
13.5903 19.2359 3.01619
13.5972 19.36 3.0179
13.6042 19.4828 3.0196
13.6111 19.6034 3.0213
13.6181 19.7213 3.02301
13.625 19.8358 3.02471
13.6319 19.9462 3.02642
13.6389 20.052 3.02812
13.6458 20.1526 3.02983
13.6528 20.2475 3.03153
13.6597 20.3363 3.03323
13.6667 20.4185 3.03494
13.6736 20.4938 3.03664
13.6806 20.562 3.03835
13.6875 20.6228 3.04005
13.6944 20.676 3.04175
13.7014 20.7215 3.04346
13.7083 20.7593 3.04516
13.7153 20.7894 3.04687
13.7222 20.8117 3.04857
13.7292 20.8265 3.05028
13.7361 20.8338 3.05198
13.7431 20.8339 3.05368
13.75 20.8269 3.05539
13.7569 20.8131 3.05709
13.7639 20.7929 3.0588
13.7708 20.7664 3.0605
13.7778 20.734 3.0622
13.7847 20.6962 3.06391
13.7917 20.6532 3.06561
13.7986 20.6054 3.06732
13.8056 20.5532 3.06902
13.8125 20.4969 3.07073
13.8194 20.4371 3.07243
13.8264 20.3739 3.07413
13.8333 20.3078 3.07584
13.8403 20.2392 3.07754
13.8472 20.1685 3.07925
13.8542 20.0959 3.08016
13.8611 20.0219 3.0795
13.8681 19.9467 3.07883
13.875 19.8707 3.07816
13.8819 19.7941 3.07749
13.8889 19.7174 3.07682
13.8958 19.6407 3.07615
13.9028 19.5643 3.07548
13.9097 19.4885 3.07481
13.9167 19.4136 3.07414
13.9236 19.3399 3.07348
13.9306 19.2675 3.07281
13.9375 19.1968 3.07214
13.9444 19.1279 3.07147
13.9514 19.0612 3.0708
13.9583 18.9969 3.07013
13.9653 18.9353 3.06946
13.9722 18.8767 3.06879
13.9792 18.8213 3.06813
13.9861 18.7694 3.06746
13.9931 18.7213 3.06679
14 18.6774 3.06612
14.0069 18.6379 3.06545
14.0139 18.6032 3.06478
14.0208 18.5737 3.06411
14.0278 18.5496 3.06344
14.0347 18.5313 3.06278
14.0417 18.5191 3.06211
14.0486 18.5134 3.06144
14.0556 18.5145 3.06077
14.0625 18.5227 3.0601
14.0694 18.5382 3.05943
14.0764 18.5614 3.05876
14.0833 18.5924 3.05809
14.0903 18.6314 3.05742
14.0972 18.6786 3.05676
14.1042 18.7341 3.05609
14.1111 18.7978 3.05542
14.1181 18.8697 3.05475
14.125 18.9497 3.05408
14.1319 19.0377 3.05341
14.1389 19.1334 3.05274
14.1458 19.2364 3.05207
14.1528 19.3464 3.05141
14.1597 19.4629 3.05074
14.1667 19.5854 3.05007
14.1736 19.7133 3.0494
14.1806 19.8458 3.04873
14.1875 19.9823 3.04806
14.1944 20.122 3.04739
14.2014 20.264 3.04672
14.2083 20.4075 3.04605
14.2153 20.5516 3.04539
14.2222 20.6954 3.04472
14.2292 20.8379 3.04405
14.2361 20.9784 3.04338
14.2431 21.1158 3.04271
14.25 21.2494 3.04204
14.2569 21.3782 3.04137
14.2639 21.5016 3.0407
14.2708 21.6186 3.04004
14.2778 21.7288 3.03937
14.2847 21.8313 3.0387
14.2917 21.9258 3.03803
14.2986 22.0117 3.03736
14.3056 22.0887 3.03669
14.3125 22.1564 3.03602
14.3194 22.2146 3.03535
14.3264 22.2633 3.03468
14.3333 22.3022 3.03402
14.3403 22.3315 3.03335
14.3472 22.3513 3.03268
14.3542 22.3617 3.03201
14.3611 22.363 3.03134
14.3681 22.3555 3.03067
14.375 22.3396 3.03
14.3819 22.3157 3.02933
14.3889 22.2842 3.02867
14.3958 22.2457 3.028
14.4028 22.2006 3.02733
14.4097 22.1494 3.02666
14.4167 22.0928 3.02599
14.4236 22.0313 3.02532
14.4306 21.9654 3.02465
14.4375 21.8957 3.02398
14.4444 21.8227 3.02332
14.4514 21.7469 3.02265
14.4583 21.6688 3.02198
14.4653 21.5889 3.02131
14.4722 21.5075 3.02064
14.4792 21.4252 3.01997
14.4861 21.3423 3.0193
14.4931 21.259 3.01863
14.5 21.1759 3.01796
14.5069 21.093 3.0173
14.5139 21.0107 3.01663
14.5208 20.9293 3.01596
14.5278 20.8488 3.01529
14.5347 20.7696 3.01462
14.5417 20.6917 3.01395
14.5486 20.6154 3.01328
14.5556 20.5407 3.01261
14.5625 20.4678 3.01195
14.5694 20.3969 3.01128
14.5764 20.3282 3.01061
14.5833 20.2617 3.00994
14.5903 20.1976 3.00927
14.5972 20.1362 3.0086
14.6042 20.0776 3.00793
14.6111 20.022 3.00726
14.6181 19.9698 3.00659
14.625 19.9211 3.00593
14.6319 19.8763 3.00526
14.6389 19.8358 3.00459
14.6458 19.7997 3.00392
14.6528 19.7686 3.00325
14.6597 19.7428 3.00258
14.6667 19.7227 3.00191
14.6736 19.7086 3.00124
14.6806 19.7012 3.00058
14.6875 19.7006 2.99991
