time error errTLE
0 0 0
0.00694444 0.0106234 0.00211895
0.0138889 0.0213156 0.0042379
0.0208333 0.0321193 0.00635685
0.0277778 0.043079 0.0084758
0.0347222 0.0542496 0.0105947
0.0416667 0.0656964 0.0127137
0.0486111 0.0774924 0.0148326
0.0555556 0.0897118 0.0169516
0.0625 0.10244 0.0190705
0.0694444 0.115758 0.0211895
0.0763889 0.129735 0.0233084
0.0833333 0.144441 0.0254274
0.0902778 0.159917 0.0275463
0.0972222 0.176185 0.0296653
0.104167 0.193241 0.0317842
0.111111 0.21105 0.0339032
0.118056 0.229532 0.0360221
0.125 0.248589 0.0381411
0.131944 0.268081 0.04026
0.138889 0.287827 0.042379
0.145833 0.307637 0.0444979
0.152778 0.327279 0.0466169
0.159722 0.346506 0.0487358
0.166667 0.365067 0.0508548
0.173611 0.382701 0.0529737
0.180556 0.399134 0.0550927
0.1875 0.414129 0.0572116
0.194444 0.427451 0.0593306
0.201389 0.438888 0.0614495
0.208333 0.448289 0.0635685
0.215278 0.455532 0.0656874
0.222222 0.460564 0.0678064
0.229167 0.463413 0.0699253
0.236111 0.464192 0.0720443
0.243056 0.463102 0.0741632
0.25 0.460486 0.0762822
0.256944 0.456799 0.0784011
0.263889 0.452629 0.0805201
0.270833 0.448722 0.082639
0.277778 0.445925 0.084758
0.284722 0.445177 0.0868769
0.291667 0.447437 0.0889959
0.298611 0.453589 0.0911148
0.305556 0.464337 0.0932337
0.3125 0.480127 0.0953527
0.319444 0.501092 0.0974716
0.326389 0.527057 0.0995906
0.333333 0.557589 0.10171
0.340278 0.592071 0.103828
0.347222 0.629778 0.105947
0.354167 0.669932 0.108066
0.361111 0.711754 0.110185
0.368056 0.754505 0.112304
0.375 0.797467 0.114423
0.381944 0.839993 0.116542
0.388889 0.881495 0.118661
0.395833 0.921428 0.12078
0.402778 0.959326 0.122899
0.409722 0.994779 0.125018
0.416667 1.02743 0.127137
0.423611 1.05698 0.129256
0.430556 1.08322 0.131375
0.4375 1.10595 0.133494
0.444444 1.12506 0.135613
0.451389 1.1405 0.137732
0.458333 1.15226 0.139851
0.465278 1.16039 0.14197
0.472222 1.16499 0.144089
0.479167 1.16621 0.146207
0.486111 1.16422 0.148326
0.493056 1.15929 0.150445
0.5 1.15166 0.152564
0.506944 1.14165 0.154683
0.513889 1.1296 0.156802
0.520833 1.11585 0.158921
0.527778 1.10081 0.16104
0.534722 1.08486 0.163159
0.541667 1.0684 0.165278
0.548611 1.05183 0.167397
0.555556 1.03557 0.169516
0.5625 1.01998 0.171635
0.569444 1.00543 0.173754
0.576389 0.992261 0.175873
0.583333 0.980732 0.177992
0.590278 0.971088 0.180111
0.597222 0.963501 0.18223
0.604167 0.958071 0.184349
0.611111 0.954827 0.186467
0.618056 0.953746 0.188586
0.625 0.954705 0.190705
0.631944 0.957536 0.192824
0.638889 0.96202 0.194943
0.645833 0.967867 0.197062
0.652778 0.974771 0.199181
0.659722 0.982398 0.2013
0.666667 0.990386 0.203419
0.673611 0.998372 0.205538
0.680556 1.00602 0.207657
0.6875 1.01296 0.209776
0.694444 1.01888 0.211895
0.701389 1.02348 0.214014
0.708333 1.02649 0.216133
0.715278 1.02767 0.218252
0.722222 1.02683 0.220371
0.729167 1.0238 0.22249
0.736111 1.01846 0.224609
0.743056 1.01078 0.226728
0.75 1.00071 0.228846
0.756944 0.988287 0.230965
0.763889 0.973616 0.233084
0.770833 0.956823 0.235203
0.777778 0.938115 0.237322
0.784722 0.917751 0.239441
0.791667 0.896045 0.24156
0.798611 0.873376 0.243679
0.805556 0.850204 0.245798
0.8125 0.827031 0.247917
0.819444 0.804445 0.250036
0.826389 0.783068 0.252155
0.833333 0.763669 0.254274
0.840278 0.746975 0.256393
0.847222 0.733767 0.258512
0.854167 0.724805 0.260631
0.861111 0.720795 0.26275
0.868056 0.722355 0.264869
0.875 0.729921 0.266988
0.881944 0.743757 0.269106
0.888889 0.763932 0.271225
0.895833 0.7903 0.273344
0.902778 0.822573 0.275463
0.909722 0.86033 0.277582
0.916667 0.90306 0.279701
0.923611 0.950203 0.28182
0.930556 1.0012 0.283939
0.9375 1.05544 0.286058
0.944444 1.11238 0.288177
0.951389 1.17143 0.290296
0.958333 1.23206 0.292415
0.965278 1.29371 0.294534
0.972222 1.35588 0.296653
0.979167 1.41804 0.298772
0.986111 1.4797 0.300891
0.993056 1.54037 0.30301
1 1.59959 0.305129
1.00694 1.6569 0.307248
1.01389 1.71189 0.309367
1.02083 1.76415 0.311485
1.02778 1.81332 0.313604
1.03472 1.85906 0.315723
1.04167 1.90108 0.317842
1.04861 1.9391 0.319961
1.05556 1.97295 0.32208
1.0625 2.00243 0.324199
1.06944 2.02744 0.326318
1.07639 2.04793 0.328437
1.08333 2.06386 0.330556
1.09028 2.0753 0.332675
1.09722 2.08234 0.334794
1.10417 2.08512 0.336913
1.11111 2.08385 0.339032
1.11806 2.07877 0.341151
1.125 2.07018 0.34327
1.13194 2.05842 0.345389
1.13889 2.04386 0.347508
1.14583 2.0269 0.349627
1.15278 2.00801 0.351746
1.15972 1.98763 0.353864
1.16667 1.96624 0.355983
1.17361 1.94433 0.358102
1.18056 1.92239 0.360221
1.1875 1.9009 0.36234
1.19444 1.88032 0.364459
1.20139 1.8611 0.366578
1.20833 1.84362 0.368697
1.21528 1.82823 0.370816
1.22222 1.81525 0.372935
1.22917 1.80489 0.375054
1.23611 1.79731 0.377173
1.24306 1.79261 0.379292
1.25 1.79078 0.381411
1.25694 1.79176 0.38353
1.26389 1.7954 0.385649
1.27083 1.8015 0.387768
1.27778 1.80979 0.389887
1.28472 1.81994 0.392006
1.29167 1.83159 0.394124
1.29861 1.84436 0.396243
1.30556 1.85783 0.398362
1.3125 1.87157 0.400481
1.31944 1.88517 0.4026
1.32639 1.89823 0.404719
1.33333 1.91033 0.406838
1.34028 1.92112 0.408957
1.34722 1.93026 0.411076
1.35417 1.93744 0.413195
1.36111 1.9424 0.415314
1.36806 1.94494 0.417433
1.375 1.94489 0.419552
1.38194 1.94215 0.421671
1.38889 1.93669 0.42379
1.39583 1.9285 0.425909
1.40278 1.91768 0.428028
1.40972 1.90437 0.430147
1.41667 1.88878 0.432266
1.42361 1.87117 0.434385
1.43056 1.85191 0.436503
1.4375 1.83138 0.438622
1.44444 1.81006 0.440741
1.45139 1.78846 0.44286
1.45833 1.76716 0.444979
1.46528 1.74675 0.447098
1.47222 1.72789 0.449217
1.47917 1.71121 0.451336
1.48611 1.69738 0.453455
1.49306 1.68703 0.455574
1.5 1.68074 0.457693
1.50694 1.67904 0.459812
1.51389 1.68238 0.461931
1.52083 1.6911 0.46405
1.52778 1.70542 0.466169
1.53472 1.72546 0.468288
1.54167 1.75116 0.470407
1.54861 1.7824 0.472526
1.55556 1.81891 0.474645
1.5625 1.86033 0.476763
1.56944 1.90622 0.478882
1.57639 1.95608 0.481001
1.58333 2.00934 0.48312
1.59028 2.06542 0.485239
1.59722 2.12371 0.487358
1.60417 2.18357 0.489477
1.61111 2.24439 0.491596
1.61806 2.30555 0.493715
1.625 2.36644 0.495834
1.63194 2.42646 0.497953
1.63889 2.48508 0.500072
1.64583 2.54173 0.502191
1.65278 2.59592 0.50431
1.65972 2.6472 0.506429
1.66667 2.69512 0.508548
1.67361 2.7393 0.510667
1.68056 2.77942 0.512786
1.6875 2.8152 0.514905
1.69444 2.8464 0.517024
1.70139 2.87285 0.519142
1.70833 2.89445 0.521261
1.71528 2.91113 0.52338
1.72222 2.9229 0.525499
1.72917 2.92983 0.527618
1.73611 2.93204 0.529737
1.74306 2.92973 0.531856
1.75 2.92313 0.533975
1.75694 2.91252 0.536094
1.76389 2.89828 0.538213
1.77083 2.88076 0.540332
1.77778 2.86042 0.542451
1.78472 2.83772 0.54457
1.79167 2.81316 0.546689
1.79861 2.78724 0.548808
1.80556 2.76052 0.550927
1.8125 2.73351 0.553046
1.81944 2.70675 0.555165
1.82639 2.68073 0.557284
1.83333 2.65602 0.559402
1.84028 2.63304 0.561521
1.84722 2.61222 0.56364
1.85417 2.59391 0.565759
1.86111 2.57841 0.567878
1.86806 2.56598 0.569997
1.875 2.55675 0.572116
1.88194 2.55081 0.574235
1.88889 2.54817 0.576354
1.89583 2.54874 0.578473
1.90278 2.55238 0.580592
1.90972 2.55887 0.582711
1.91667 2.56791 0.58483
1.92361 2.57917 0.586949
1.93056 2.59228 0.589068
1.9375 2.60682 0.591187
1.94444 2.62234 0.593306
1.95139 2.6384 0.595425
1.95833 2.65455 0.597544
1.96528 2.67034 0.599663
1.97222 2.68533 0.601781
1.97917 2.69913 0.6039
1.98611 2.71134 0.606019
1.99306 2.72164 0.608138
2 2.72972 0.610257
2.00694 2.73533 0.612376
2.01389 2.7383 0.614495
2.02083 2.73849 0.616614
2.02778 2.73582 0.618733
2.03472 2.7303 0.620852
2.04167 2.72199 0.622971
2.04861 2.71102 0.62509
2.05556 2.69762 0.627209
2.0625 2.68203 0.629328
2.06944 2.66462 0.631447
2.07639 2.64579 0.633566
2.08333 2.626 0.635685
2.09028 2.60578 0.637804
2.09722 2.5857 0.639923
2.10417 2.56636 0.642041
2.11111 2.54838 0.64416
2.11806 2.53242 0.646279
2.125 2.51909 0.648398
2.13194 2.50902 0.650517
2.13889 2.50277 0.652636
2.14583 2.50084 0.654755
2.15278 2.5037 0.656874
2.15972 2.51168 0.658993
2.16667 2.52503 0.661112
2.17361 2.54388 0.663231
2.18056 2.56828 0.66535
2.1875 2.59812 0.667469
2.19444 2.63322 0.669588
2.20139 2.67328 0.671707
2.20833 2.71791 0.673826
2.21528 2.76665 0.675945
2.22222 2.81899 0.678064
2.22917 2.87435 0.680183
2.23611 2.9321 0.682302
2.24306 2.99164 0.68442
2.25 3.0523 0.686539
2.25694 3.11343 0.688658
2.26389 3.1744 0.690777
2.27083 3.23457 0.692896
2.27778 3.29333 0.695015
2.28472 3.35011 0.697134
2.29167 3.40435 0.699253
2.29861 3.45554 0.701372
2.30556 3.50323 0.703491
2.3125 3.547 0.70561
2.31944 3.58647 0.707729
2.32639 3.62135 0.709848
2.33333 3.65139 0.711967
2.34028 3.67641 0.714086
2.34722 3.69627 0.716205
2.35417 3.71093 0.718324
2.36111 3.72039 0.720443
2.36806 3.72473 0.722562
2.375 3.72407 0.72468
2.38194 3.71863 0.726799
2.38889 3.70867 0.728918
2.39583 3.6945 0.731037
2.40278 3.67649 0.733156
2.40972 3.65506 0.735275
2.41667 3.63067 0.737394
2.42361 3.6038 0.739513
2.43056 3.57501 0.741632
2.4375 3.54481 0.743751
2.44444 3.51378 0.74587
2.45139 3.48247 0.747989
2.45833 3.45143 0.750108
2.46528 3.4212 0.752227
2.47222 3.39231 0.754346
2.47917 3.36521 0.756465
2.48611 3.34034 0.758584
2.49306 3.31809 0.760703
2.5 3.29875 0.762822
2.50694 3.28258 0.764941
2.51389 3.26975 0.767059
2.52083 3.26035 0.768067
2.52778 3.25439 0.766848
2.53472 3.25183 0.76563
2.54167 3.25252 0.764412
2.54861 3.25625 0.763193
2.55556 3.26276 0.761975
2.5625 3.27173 0.760757
2.56944 3.28278 0.759538
2.57639 3.29552 0.75832
2.58333 3.30951 0.757102
2.59028 3.3243 0.755883
2.59722 3.33944 0.754665
2.60417 3.35447 0.753446
2.61111 3.36895 0.752228
2.61806 3.38246 0.75101
2.625 3.3946 0.749791
2.63194 3.40502 0.748573
2.63889 3.41341 0.747355
2.64583 3.4195 0.746136
2.65278 3.42308 0.744918
2.65972 3.424 0.7437
2.66667 3.42219 0.742481
2.67361 3.41761 0.741263
2.68056 3.41034 0.740045
2.6875 3.40048 0.738826
2.69444 3.38825 0.737608
2.70139 3.37392 0.73639
2.70833 3.35781 0.735171
2.71528 3.34035 0.733953
2.72222 3.32199 0.732735
2.72917 3.30326 0.731516
2.73611 3.28471 0.730298
2.74306 3.26696 0.72908
2.75 3.25061 0.727861
2.75694 3.2363 0.726643
2.76389 3.22464 0.725425
2.77083 3.21623 0.724206
2.77778 3.21164 0.722988
2.78472 3.21135 0.721769
2.79167 3.21581 0.720551
2.79861 3.22534 0.719333
2.80556 3.24022 0.718114
2.8125 3.26057 0.716896
2.81944 3.28644 0.715678
2.82639 3.31773 0.714459
2.83333 3.35433 0.713241
2.84028 3.39594 0.712023
2.84722 3.4422 0.710804
2.85417 3.49266 0.709586
2.86111 3.54681 0.708368
2.86806 3.6041 0.707149
2.875 3.6639 0.705931
2.88194 3.72558 0.704713
2.88889 3.7885 0.703494
2.89583 3.85197 0.702276
2.90278 3.91532 0.701058
2.90972 3.97791 0.699839
2.91667 4.0391 0.698621
2.92361 4.09825 0.697403
2.93056 4.15481 0.696184
2.9375 4.20822 0.694966
2.94444 4.25798 0.693748
2.95139 4.30367 0.692529
2.95833 4.34486 0.691311
2.96528 4.38124 0.690092
2.97222 4.41254 0.688874
2.97917 4.43855 0.687656
2.98611 4.45912 0.686437
2.99306 4.47419 0.685219
3 4.48375 0.684001
3.00694 4.48787 0.682782
3.01389 4.48669 0.681564
3.02083 4.4804 0.680346
3.02778 4.46926 0.679127
3.03472 4.4536 0.677909
3.04167 4.43378 0.676691
3.04861 4.41023 0.675472
3.05556 4.38342 0.674254
3.0625 4.35385 0.673036
3.06944 4.32204 0.671817
3.07639 4.28855 0.670599
3.08333 4.25395 0.669381
3.09028 4.2188 0.668162
3.09722 4.18367 0.666944
3.10417 4.1491 0.665726
3.11111 4.11561 0.664507
3.11806 4.08369 0.663289
3.125 4.05378 0.662071
3.13194 4.02628 0.660852
3.13889 4.00152 0.659634
3.14583 3.97976 0.658415
3.15278 3.96122 0.657197
3.15972 3.94601 0.655979
3.16667 3.9342 0.65476
3.17361 3.92575 0.653542
3.18056 3.92058 0.652324
3.1875 3.91853 0.651105
3.19444 3.91937 0.649887
3.20139 3.92284 0.648669
3.20833 3.92858 0.64745
3.21528 3.93625 0.646232
3.22222 3.94544 0.645014
3.22917 3.95574 0.643795
3.23611 3.96669 0.642577
3.24306 3.97789 0.641359
3.25 3.98888 0.64014
3.25694 3.99926 0.638922
3.26389 4.00865 0.637704
3.27083 4.01667 0.636485
3.27778 4.02302 0.635267
3.28472 4.02742 0.634049
3.29167 4.02966 0.63283
3.29861 4.02957 0.631612
3.30556 4.02707 0.630394
3.3125 4.02213 0.629175
3.31944 4.01478 0.627957
3.32639 4.00516 0.626738
3.33333 3.99343 0.62552
3.34028 3.97987 0.624302
3.34722 3.96482 0.623083
3.35417 3.94866 0.621865
3.36111 3.93184 0.620647
3.36806 3.91488 0.619428
3.375 3.89833 0.61821
3.38194 3.88278 0.616992
3.38889 3.86883 0.615773
3.39583 3.85708 0.614555
3.40278 3.84815 0.613337
3.40972 3.84261 0.612118
3.41667 3.841 0.6109
3.42361 3.8438 0.609682
3.43056 3.85144 0.608463
3.4375 3.86424 0.607245
3.44444 3.88245 0.606027
3.45139 3.90621 0.604808
3.45833 3.93556 0.60359
3.46528 3.97044 0.602372
3.47222 4.0107 0.601153
3.47917 4.05605 0.599935
3.48611 4.10616 0.598717
3.49306 4.16059 0.597498
3.5 4.21884 0.59628
3.50694 4.28034 0.595061
3.51389 4.3445 0.593843
3.52083 4.41065 0.592625
3.52778 4.47814 0.591406
3.53472 4.54627 0.590188
3.54167 4.61436 0.58897
3.54861 4.68172 0.587751
3.55556 4.7477 0.586533
3.5625 4.81162 0.585315
3.56944 4.87289 0.584096
3.57639 4.93094 0.582878
3.58333 4.98521 0.58166
3.59028 5.03524 0.580441
3.59722 5.0806 0.579223
3.60417 5.12092 0.578005
3.61111 5.15588 0.576786
3.61806 5.18527 0.575568
3.625 5.20891 0.57435
3.63194 5.2267 0.573131
3.63889 5.23861 0.571913
3.64583 5.24469 0.570695
3.65278 5.24505 0.569476
3.65972 5.23988 0.568258
3.66667 5.22942 0.56704
3.67361 5.21396 0.565821
3.68056 5.19388 0.564603
3.6875 5.16958 0.563384
3.69444 5.14153 0.562166
3.70139 5.11021 0.560948
3.70833 5.07616 0.559729
3.71528 5.03991 0.558511
3.72222 5.00205 0.557293
3.72917 4.96312 0.556074
3.73611 4.92369 0.554856
3.74306 4.88433 0.553638
3.75 4.84556 0.552419
3.75694 4.80789 0.551201
3.76389 4.77178 0.549983
3.77083 4.73765 0.548764
3.77778 4.70587 0.547546
3.78472 4.67676 0.546328
3.79167 4.65055 0.545109
3.79861 4.62743 0.543891
3.80556 4.60751 0.542673
3.8125 4.59082 0.541454
3.81944 4.57734 0.540236
3.82639 4.56695 0.539018
3.83333 4.55956 0.537799
3.84028 4.55492 0.536581
3.84722 4.55276 0.535363
3.85417 4.55279 0.534144
3.86111 4.55463 0.532926
3.86806 4.55795 0.531708
3.875 4.56232 0.530489
3.88194 4.56737 0.529271
3.88889 4.57268 0.528052
3.89583 4.57786 0.526834
3.90278 4.58254 0.525616
3.90972 4.58637 0.524397
3.91667 4.58905 0.523179
3.92361 4.59028 0.521961
3.93056 4.58987 0.520742
3.9375 4.58764 0.519524
3.94444 4.58349 0.518306
3.95139 4.57738 0.517087
3.95833 4.56934 0.515869
3.96528 4.55948 0.514651
3.97222 4.54797 0.513432
3.97917 4.53505 0.512214
3.98611 4.52103 0.510996
3.99306 4.5063 0.509777
4 4.49129 0.508559
4.00694 4.47649 0.507341
4.01389 4.46243 0.506122
4.02083 4.44967 0.504904
4.02778 4.4388 0.503686
4.03472 4.4304 0.502467
4.04167 4.42506 0.501249
4.04861 4.42332 0.500031
4.05556 4.42572 0.498812
4.0625 4.43271 0.497594
4.06944 4.4447 0.496375
4.07639 4.462 0.495157
4.08333 4.48486 0.493939
4.09028 4.51341 0.49272
4.09722 4.5477 0.491502
4.10417 4.58766 0.490284
4.11111 4.63313 0.489065
4.11806 4.68387 0.487847
4.125 4.73952 0.486629
4.13194 4.79965 0.48541
4.13889 4.86378 0.484192
4.14583 4.93133 0.482974
4.15278 5.00168 0.481755
4.15972 5.07419 0.480537
4.16667 5.14817 0.479319
4.17361 5.2229 0.4781
4.18056 5.29768 0.476882
4.1875 5.37179 0.475664
4.19444 5.44453 0.474445
4.20139 5.51523 0.473227
4.20833 5.58322 0.472009
4.21528 5.64788 0.47079
4.22222 5.70866 0.469572
4.22917 5.76501 0.468354
4.23611 5.81647 0.467135
4.24306 5.86263 0.465917
4.25 5.90315 0.464698
4.25694 5.93774 0.46348
4.26389 5.9662 0.462262
4.27083 5.9884 0.461043
4.27778 6.00427 0.459825
4.28472 6.01382 0.458607
4.29167 6.01714 0.457388
4.29861 6.01437 0.45617
4.30556 6.00574 0.454952
4.3125 5.99152 0.453733
4.31944 5.97206 0.452515
4.32639 5.94774 0.451297
4.33333 5.91901 0.450078
4.34028 5.88635 0.44886
4.34722 5.85028 0.447642
4.35417 5.81134 0.446423
4.36111 5.77007 0.445205
4.36806 5.72708 0.443987
4.375 5.6829 0.442768
4.38194 5.63813 0.44155
4.38889 5.59331 0.440332
4.39583 5.54896 0.439113
4.40278 5.5056 0.437895
4.40972 5.46367 0.442878
4.41667 5.4236 0.460344
4.42361 5.38573 0.47781
4.43056 5.35039 0.495276
4.4375 5.31782 0.512742
4.44444 5.2882 0.530208
4.45139 5.26166 0.547674
4.45833 5.23823 0.56514
4.46528 5.21791 0.582606
4.47222 5.20063 0.600072
4.47917 5.18624 0.617538
4.48611 5.17456 0.635004
4.49306 5.16536 0.65247
4.5 5.15835 0.669936
4.50694 5.15321 0.687402
4.51389 5.14962 0.704868
4.52083 5.1472 0.722334
4.52778 5.1456 0.7398
4.53472 5.14446 0.757266
4.54167 5.14342 0.774732
4.54861 5.14215 0.792198
4.55556 5.14034 0.809664
4.5625 5.13773 0.82713
4.56944 5.13409 0.844596
4.57639 5.12926 0.862062
4.58333 5.12311 0.879528
4.59028 5.1156 0.896994
4.59722 5.10674 0.91446
4.60417 5.09661 0.931926
4.61111 5.08536 0.949392
4.61806 5.07322 0.966858
4.625 5.06048 0.984323
4.63194 5.04748 1.00179
4.63889 5.03464 1.01926
4.64583 5.02243 1.03672
4.65278 5.01133 1.05419
4.65972 5.0019 1.07165
4.66667 4.99468 1.08912
4.67361 4.99024 1.10659
4.68056 4.98913 1.12405
4.6875 4.99189 1.14152
4.69444 4.999 1.15898
4.70139 5.01094 1.17645
4.70833 5.02807 1.19392
4.71528 5.05071 1.21138
4.72222 5.0791 1.22885
4.72917 5.11336 1.24631
4.73611 5.15354 1.26378
4.74306 5.19959 1.28125
4.75 5.25134 1.29871
4.75694 5.30854 1.31618
4.76389 5.37087 1.33364
4.77083 5.43787 1.35111
4.77778 5.50906 1.36857
4.78472 5.58386 1.38604
4.79167 5.66165 1.40351
4.79861 5.74176 1.42097
4.80556 5.82347 1.43844
4.8125 5.90607 1.4559
4.81944 5.98879 1.47337
4.82639 6.07086 1.49084
4.83333 6.15162 1.5083
4.84028 6.2303 1.52577
4.84722 6.30621 1.54323
4.85417 6.37868 1.5607
4.86111 6.44708 1.57817
4.86806 6.51086 1.59563
4.875 6.56948 1.6131
4.88194 6.6225 1.63056
4.88889 6.66952 1.64803
4.89583 6.71021 1.6655
4.90278 6.74433 1.68296
4.90972 6.77171 1.70043
4.91667 6.79223 1.71789
4.92361 6.80586 1.73536
4.93056 6.81266 1.75283
4.9375 6.81274 1.77029
4.94444 6.80629 1.78776
4.95139 6.79357 1.80522
4.95833 6.77489 1.82269
4.96528 6.75062 1.84016
4.97222 6.7212 1.85762
4.97917 6.68708 1.87509
4.98611 6.64878 1.89255
4.99306 6.60684 1.91002
5 6.56182 1.92749
5.00694 6.5143 1.94495
5.01389 6.46488 1.96242
5.02083 6.41412 1.97988
5.02778 6.36263 1.99735
5.03472 6.31096 2.01482
5.04167 6.25966 2.01856
5.04861 6.20922 2.01535
5.05556 6.16013 2.01214
5.0625 6.11281 2.00893
5.06944 6.06763 2.00572
5.07639 6.02492 2.00251
5.08333 5.98493 1.9993
5.09028 5.94787 1.9961
5.09722 5.91387 1.99289
5.10417 5.88301 1.98968
5.11111 5.85528 1.98647
5.11806 5.83065 1.98326
5.125 5.80899 1.98005
5.13194 5.79015 1.97684
5.13889 5.77391 1.97363
5.14583 5.76001 1.97042
5.15278 5.74818 1.96721
5.15972 5.7381 1.96401
5.16667 5.72944 1.9608
5.17361 5.72187 1.95759
5.18056 5.71507 1.95438
5.1875 5.70871 1.95117
5.19444 5.70249 1.94796
5.20139 5.69615 1.94475
5.20833 5.68946 1.94154
5.21528 5.68224 1.93833
5.22222 5.67437 1.93512
5.22917 5.66576 1.93192
5.23611 5.65642 1.92871
5.24306 5.6464 1.9255
5.25 5.63583 1.92229
5.25694 5.62491 1.91908
5.26389 5.61389 1.91587
5.27083 5.60309 1.91266
5.27778 5.5929 1.90945
5.28472 5.58374 1.90624
5.29167 5.5761 1.90303
5.29861 5.57047 1.89983
5.30556 5.56738 1.89662
5.3125 5.56737 1.89341
5.31944 5.57096 1.8902
5.32639 5.57868 1.88699
5.33333 5.59099 1.88378
5.34028 5.60833 1.88057
5.34722 5.63109 1.87736
5.35417 5.65955 1.87415
5.36111 5.69395 1.87094
5.36806 5.73442 1.86774
5.375 5.78099 1.86453
5.38194 5.83362 1.86132
5.38889 5.89215 1.85811
5.39583 5.95633 1.8549
5.40278 6.02582 1.85169
5.40972 6.10018 1.84848
5.41667 6.17891 1.84527
5.42361 6.26142 1.84206
5.43056 6.34708 1.83885
5.4375 6.43519 1.83565
5.44444 6.52502 1.83244
5.45139 6.61581 1.82923
5.45833 6.70678 1.82602
5.46528 6.79716 1.82281
5.47222 6.88615 1.8196
5.47917 6.97299 1.81639
5.48611 7.05694 1.81318
5.49306 7.1373 1.80997
5.5 7.21338 1.80676
5.50694 7.28457 1.80356
5.51389 7.35031 1.80035
5.52083 7.41008 1.79714
5.52778 7.46346 1.79393
5.53472 7.51008 1.79072
5.54167 7.54965 1.78751
5.54861 7.58193 1.7843
5.55556 7.6068 1.78109
5.5625 7.62418 1.77788
5.56944 7.6341 1.77467
5.57639 7.63665 1.77147
5.58333 7.63197 1.76826
5.59028 7.62031 1.76505
5.59722 7.60197 1.76184
5.60417 7.5773 1.75863
5.61111 7.5467 1.75542
5.61806 7.51067 1.75221
5.625 7.46969 1.749
5.63194 7.42432 1.74579
5.63889 7.37513 1.74258
5.64583 7.32271 1.73938
5.65278 7.26769 1.73617
5.65972 7.21067 1.73296
5.66667 7.15227 1.72975
5.67361 7.09309 1.72654
5.68056 7.03374 1.72333
5.6875 6.97475 1.72012
5.69444 6.91668 1.71691
5.70139 6.86001 1.7137
5.70833 6.80518 1.71049
5.71528 6.7526 1.70729
5.72222 6.7026 1.70408
5.72917 6.65545 1.70087
5.73611 6.61137 1.69766
5.74306 6.57052 1.69445
5.75 6.53298 1.69124
5.75694 6.49877 1.68803
5.76389 6.46786 1.68482
5.77083 6.44014 1.68161
5.77778 6.41547 1.6784
5.78472 6.39365 1.6752
5.79167 6.37443 1.67199
5.79861 6.35755 1.66878
5.80556 6.34273 1.66557
5.8125 6.32963 1.66236
5.81944 6.31796 1.65915
5.82639 6.30737 1.65594
5.83333 6.29763 1.65273
5.84028 6.28845 1.64952
5.84722 6.2796 1.64631
5.85417 6.27086 1.64311
5.86111 6.2621 1.6399
5.86806 6.25324 1.63669
5.875 6.24423 1.63348
5.88194 6.2351 1.63027
5.88889 6.22597 1.62706
5.89583 6.21698 1.62385
5.90278 6.20837 1.62064
5.90972 6.20043 1.61743
5.91667 6.19351 1.61422
5.92361 6.18799 1.61102
5.93056 6.18434 1.60781
5.9375 6.18301 1.6046
5.94444 6.1845 1.60139
5.95139 6.18934 1.59818
5.95833 6.19802 1.59497
5.96528 6.21102 1.59176
5.97222 6.22882 1.58855
5.97917 6.25184 1.58534
5.98611 6.28041 1.58213
5.99306 6.31486 1.57893
6 6.35539 1.57572
6.00694 6.40213 1.57251
6.01389 6.45513 1.5693
6.02083 6.51431 1.56609
6.02778 6.57954 1.56288
6.03472 6.65055 1.55967
6.04167 6.72699 1.55646
6.04861 6.80842 1.55325
6.05556 6.89434 1.55004
6.0625 6.98414 1.54684
6.06944 7.07716 1.54363
6.07639 7.1727 1.54042
6.08333 7.26999 1.53721
6.09028 7.36826 1.534
6.09722 7.46668 1.53079
6.10417 7.56445 1.52758
6.11111 7.66073 1.52437
6.11806 7.75475 1.52116
6.125 7.8457 1.51795
6.13194 7.93283 1.51475
6.13889 8.01546 1.51154
6.14583 8.09289 1.50833
6.15278 8.16455 1.50512
6.15972 8.22988 1.50191
6.16667 8.2884 1.4987
6.17361 8.33971 1.49549
6.18056 8.38349 1.49228
6.1875 8.41949 1.48907
6.19444 8.44752 1.48586
6.20139 8.46752 1.48266
6.20833 8.47945 1.47945
6.21528 8.48339 1.47624
6.22222 8.47948 1.47303
6.22917 8.46795 1.46982
6.23611 8.44907 1.46661
6.24306 8.42321 1.4634
6.25 8.39076 1.46019
6.25694 8.35221 1.45698
6.26389 8.30807 1.45377
6.27083 8.25889 1.45057
6.27778 8.20527 1.44736
6.28472 8.14783 1.44415
6.29167 8.08721 1.44094
6.29861 8.02405 1.43773
6.30556 7.95902 1.43452
6.3125 7.89276 1.43131
6.31944 7.82591 1.4281
6.32639 7.75909 1.42489
6.33333 7.69288 1.42168
6.34028 7.62784 1.41848
6.34722 7.56448 1.41527
6.35417 7.50326 1.41206
6.36111 7.44458 1.40885
6.36806 7.3888 1.40564
6.375 7.33619 1.40243
6.38194 7.28698 1.39922
6.38889 7.24132 1.39601
6.39583 7.19929 1.3928
6.40278 7.16091 1.38959
6.40972 7.12615 1.38639
6.41667 7.09489 1.38318
6.42361 7.06697 1.37997
6.43056 7.04222 1.37676
6.4375 7.02037 1.37355
6.44444 7.00115 1.37034
6.45139 6.98429 1.36713
6.45833 6.96947 1.36392
6.46528 6.9564 1.36071
6.47222 6.94477 1.3575
6.47917 6.93432 1.3543
6.48611 6.92479 1.35109
6.49306 6.91599 1.34788
6.5 6.90773 1.34467
6.50694 6.89991 1.34146
6.51389 6.89248 1.33825
6.52083 6.88543 1.33504
6.52778 6.87884 1.33183
6.53472 6.87283 1.32862
6.54167 6.8676 1.32541
6.54861 6.86341 1.32221
6.55556 6.86057 1.319
6.5625 6.85944 1.31579
6.56944 6.86044 1.31258
6.57639 6.864 1.30937
6.58333 6.8706 1.30616
6.59028 6.88071 1.30295
6.59722 6.89481 1.29974
6.60417 6.91337 1.29653
6.61111 6.93682 1.29332
6.61806 6.96558 1.29012
6.625 6.99996 1.28691
6.63194 7.04026 1.2837
6.63889 7.08669 1.28049
6.64583 7.13936 1.27728
6.65278 7.19831 1.27407
6.65972 7.26347 1.27086
6.66667 7.33468 1.26765
6.67361 7.41167 1.26444
6.68056 7.4941 1.26123
6.6875 7.58151 1.25803
6.69444 7.67338 1.25482
6.70139 7.76912 1.25161
6.70833 7.86803 1.2484
6.71528 7.9694 1.24519
6.72222 8.07245 1.24198
6.72917 8.17638 1.23877
6.73611 8.28034 1.23556
6.74306 8.38352 1.23235
6.75 8.48506 1.22914
6.75694 8.58412 1.22594
6.76389 8.67992 1.22273
6.77083 8.77165 1.21952
6.77778 8.8586 1.21631
6.78472 8.94009 1.2131
6.79167 9.01546 1.20989
6.79861 9.08416 1.20668
6.80556 9.14569 1.20347
6.8125 9.19962 1.20026
6.81944 9.24559 1.19705
6.82639 9.28332 1.19385
6.83333 9.31268 1.19064
6.84028 9.33353 1.18743
6.84722 9.34585 1.18422
6.85417 9.34969 1.18101
6.86111 9.34518 1.1778
6.86806 9.33255 1.17459
6.875 9.31208 1.17138
6.88194 9.28413 1.16817
6.88889 9.24911 1.16496
6.89583 9.2075 1.16176
6.90278 9.15983 1.15855
6.90972 9.10669 1.15534
6.91667 9.04868 1.15213
6.92361 8.98644 1.14892
6.93056 8.92066 1.14571
6.9375 8.85201 1.1425
6.94444 8.78118 1.13929
6.95139 8.70888 1.13608
6.95833 8.63577 1.13287
6.96528 8.56253 1.12967
6.97222 8.48979 1.12646
6.97917 8.41815 1.12325
6.98611 8.34818 1.12004
6.99306 8.2804 1.11683
7 8.21525 1.11362
7.00694 8.15315 1.11041
7.01389 8.09443 1.1072
7.02083 8.03936 1.10399
7.02778 7.98814 1.10078
7.03472 7.9409 1.09758
7.04167 7.8977 1.09437
7.04861 7.85852 1.09116
7.05556 7.82332 1.08795
7.0625 7.79195 1.08474
7.06944 7.76424 1.08153
7.07639 7.73997 1.07832
7.08333 7.71886 1.07511
7.09028 7.70066 1.0719
7.09722 7.68506 1.06869
7.10417 7.67174 1.06549
7.11111 7.66041 1.06228
7.11806 7.6508 1.05907
7.125 7.64263 1.05586
7.13194 7.63567 1.05265
7.13889 7.62975 1.04944
7.14583 7.62473 1.04623
7.15278 7.62051 1.04302
7.15972 7.61709 1.03981
7.16667 7.61449 1.0366
7.17361 7.61281 1.0334
7.18056 7.61222 1.03019
7.1875 7.61293 1.02698
7.19444 7.61522 1.02377
7.20139 7.61943 1.02056
7.20833 7.62591 1.01735
7.21528 7.63509 1.01414
7.22222 7.64739 1.01093
7.22917 7.66325 1.00772
7.23611 7.68312 1.00451
7.24306 7.70744 1.00131
7.25 7.73661 0.998097
7.25694 7.771 0.994888
7.26389 7.81094 0.991679
7.27083 7.85669 0.98847
7.27778 7.90842 0.985261
7.28472 7.96626 0.982052
7.29167 8.0302 0.978843
7.29861 8.10019 0.975634
7.30556 8.17605 0.972425
7.3125 8.25751 0.969216
7.31944 8.34422 0.966007
7.32639 8.43573 0.962798
7.33333 8.5315 0.959589
7.34028 8.63094 0.95638
7.34722 8.73337 0.953171
7.35417 8.83805 0.949962
7.36111 8.9442 0.946753
7.36806 9.05103 0.943544
7.375 9.15769 0.940335
7.38194 9.26334 0.937126
7.38889 9.36713 0.933917
7.39583 9.46821 0.930708
7.40278 9.56579 0.927499
7.40972 9.65908 0.92429
7.41667 9.74733 0.921081
7.42361 9.82984 0.917872
7.43056 9.90599 0.914663
7.4375 9.97519 0.911454
7.44444 10.0369 0.908245
7.45139 10.0908 0.905036
7.45833 10.1365 0.901827
7.46528 10.1736 0.898618
7.47222 10.202 0.895409
7.47917 10.2217 0.8922
7.48611 10.2325 0.888991
7.49306 10.2345 0.885782
7.5 10.2279 0.882573
7.50694 10.2129 0.879364
7.51389 10.1898 0.876155
7.52083 10.1589 0.872946
7.52778 10.1207 0.869737
7.53472 10.0757 0.866528
7.54167 10.0244 0.863319
7.54861 9.96741 0.86011
7.55556 9.9054 0.856901
7.5625 9.839 0.86046
7.56944 9.76893 0.864048
7.57639 9.69591 0.867637
7.58333 9.62065 0.871225
7.59028 9.54387 0.874813
7.59722 9.46631 0.878401
7.60417 9.38865 0.881989
7.61111 9.31157 0.885577
7.61806 9.23571 0.889166
7.625 9.16168 0.892754
7.63194 9.09001 0.896342
7.63889 9.02122 0.89993
7.64583 8.95573 0.903518
7.65278 8.89391 0.907106
7.65972 8.83607 0.910695
7.66667 8.78243 0.914283
7.67361 8.73315 0.917871
7.68056 8.68831 0.921459
7.6875 8.64791 0.925047
7.69444 8.61192 0.928636
7.70139 8.58022 0.932224
7.70833 8.55262 0.935812
7.71528 8.52894 0.9394
7.72222 8.5089 0.942988
7.72917 8.49222 0.946576
7.73611 8.4786 0.950165
7.74306 8.46773 0.953753
7.75 8.4593 0.957341
7.75694 8.45301 0.960929
7.76389 8.44859 0.964517
7.77083 8.44578 0.968106
7.77778 8.44438 0.971694
7.78472 8.44423 0.975282
7.79167 8.44522 0.97887
7.79861 8.44728 0.982458
7.80556 8.45043 0.986046
7.8125 8.45472 0.989635
7.81944 8.46028 0.993223
7.82639 8.46726 0.996811
7.83333 8.47595 1.0004
7.84028 8.48662 1.00399
7.84722 8.4996 1.00758
7.85417 8.51523 1.01116
7.86111 8.53391 1.01475
7.86806 8.55604 1.01834
7.875 8.58201 1.02193
7.88194 8.61222 1.02552
7.88889 8.64705 1.0291
7.89583 8.68682 1.03269
7.90278 8.73183 1.03628
7.90972 8.78231 1.03987
7.91667 8.83841 1.04346
7.92361 8.90023 1.04705
7.93056 8.96777 1.05063
7.9375 9.04093 1.05422
7.94444 9.11956 1.05781
7.95139 9.20338 1.0614
7.95833 9.29203 1.06499
7.96528 9.38509 1.06857
7.97222 9.48203 1.07216
7.97917 9.58224 1.07575
7.98611 9.68508 1.07934
7.99306 9.78983 1.08293
8 9.89572 1.08652
8.00694 10.002 1.0901
8.01389 10.1078 1.09369
8.02083 10.2123 1.09728
8.02778 10.3146 1.10087
8.03472 10.4141 1.10446
8.04167 10.5098 1.10804
8.04861 10.601 1.11163
8.05556 10.687 1.11522
8.0625 10.7671 1.11881
8.06944 10.8406 1.1224
8.07639 10.9071 1.12599
8.08333 10.9659 1.12957
8.09028 11.0168 1.13316
8.09722 11.0593 1.13675
8.10417 11.0932 1.14034
8.11111 11.1183 1.14393
8.11806 11.1346 1.14751
8.125 11.1419 1.1511
8.13194 11.1405 1.15469
8.13889 11.1304 1.15828
8.14583 11.1118 1.16187
8.15278 11.0851 1.16546
8.15972 11.0507 1.16904
8.16667 11.0089 1.17263
8.17361 10.9604 1.17622
8.18056 10.9056 1.17981
8.1875 10.8453 1.18432
8.19444 10.78 1.1907
8.20139 10.7104 1.19709
8.20833 10.6373 1.20347
8.21528 10.5614 1.20986
8.22222 10.4834 1.21624
8.22917 10.4042 1.22263
8.23611 10.3243 1.22901
8.24306 10.2446 1.2354
8.25 10.1658 1.24179
8.25694 10.0884 1.24817
8.26389 10.0132 1.25456
8.27083 9.94066 1.26094
8.27778 9.87134 1.26733
8.28472 9.80568 1.27371
8.29167 9.74406 1.2801
8.29861 9.68679 1.28648
8.30556 9.63412 1.29287
8.3125 9.58619 1.29925
8.31944 9.5431 1.30564
8.32639 9.50487 1.31202
8.33333 9.47145 1.31841
8.34028 9.44272 1.3248
8.34722 9.41852 1.33118
8.35417 9.39863 1.33757
8.36111 9.38277 1.34395
8.36806 9.37068 1.35034
8.375 9.36203 1.35672
8.38194 9.3565 1.36311
8.38889 9.35377 1.36949
8.39583 9.35352 1.37588
8.40278 9.35546 1.38226
8.40972 9.35932 1.38865
8.41667 9.36487 1.39504
8.42361 9.37191 1.40142
8.43056 9.3803 1.40781
8.4375 9.38995 1.41419
8.44444 9.40082 1.42058
8.45139 9.41295 1.42696
8.45833 9.42638 1.43335
8.46528 9.44128 1.43973
8.47222 9.45781 1.44612
8.47917 9.47622 1.4525
8.48611 9.49675 1.45889
8.49306 9.51975 1.46527
8.5 9.54551 1.47166
8.50694 9.57439 1.47805
8.51389 9.60675 1.48443
8.52083 9.6429 1.49082
8.52778 9.68318 1.4972
8.53472 9.72788 1.50359
8.54167 9.77724 1.50997
8.54861 9.83146 1.51636
8.55556 9.89068 1.52274
8.5625 9.95496 1.52913
8.56944 10.0243 1.53551
8.57639 10.0986 1.5419
8.58333 10.1777 1.54828
8.59028 10.2613 1.55467
8.59722 10.3491 1.56106
8.60417 10.4407 1.56744
8.61111 10.5356 1.57383
8.61806 10.6332 1.58021
8.625 10.7329 1.5866
8.63194 10.834 1.59298
8.63889 10.9358 1.59937
8.64583 11.0376 1.60575
8.65278 11.1386 1.61214
8.65972 11.238 1.61852
8.66667 11.335 1.62491
8.67361 11.4288 1.6313
8.68056 11.5188 1.63768
8.6875 11.604 1.64407
8.69444 11.684 1.65045
8.70139 11.758 1.65684
8.70833 11.8254 1.66322
8.71528 11.8858 1.66961
8.72222 11.9386 1.67599
8.72917 11.9835 1.68238
8.73611 12.0201 1.68876
8.74306 12.0483 1.69515
8.75 12.0678 1.70153
8.75694 12.0786 1.70792
8.76389 12.0807 1.71431
8.77083 12.0742 1.72069
8.77778 12.0593 1.72708
8.78472 12.0362 1.73346
8.79167 12.0053 1.73985
8.79861 11.9668 1.74623
8.80556 11.9214 1.75262
8.8125 11.8696 1.759
8.81944 11.8118 1.76539
8.82639 11.7487 1.77177
8.83333 11.6811 1.77816
8.84028 11.6095 1.78454
8.84722 11.5348 1.79093
8.85417 11.4577 1.79732
8.86111 11.379 1.8037
8.86806 11.2993 1.81009
8.875 11.2195 1.81647
8.88194 11.1402 1.82286
8.88889 11.0622 1.82924
8.89583 10.9862 1.83563
8.90278 10.9127 1.84201
8.90972 10.8423 1.8484
8.91667 10.7756 1.85478
8.92361 10.7129 1.86117
8.93056 10.6547 1.86756
8.9375 10.6013 1.87394
8.94444 10.5529 1.88033
8.95139 10.5096 1.88671
8.95833 10.4716 1.8931
8.96528 10.4388 1.89948
8.97222 10.4112 1.90587
8.97917 10.3887 1.91225
8.98611 10.3711 1.91864
8.99306 10.3581 1.92502
9 10.3495 1.93141
9.00694 10.3451 1.93779
9.01389 10.3444 1.94418
9.02083 10.3471 1.95057
9.02778 10.3529 1.95695
9.03472 10.3614 1.96334
9.04167 10.3724 1.96972
9.04861 10.3856 1.97611
9.05556 10.4006 1.98249
9.0625 10.4172 1.98888
9.06944 10.4354 1.99526
9.07639 10.4548 2.00165
9.08333 10.4755 2.00803
9.09028 10.4974 2.01442
9.09722 10.5205 2.0208
9.10417 10.545 2.02719
9.11111 10.5708 2.03358
9.11806 10.5982 2.03996
9.125 10.6274 2.04635
9.13194 10.6587 2.05273
9.13889 10.6922 2.05912
9.14583 10.7282 2.0655
9.15278 10.7671 2.07189
9.15972 10.8091 2.07827
9.16667 10.8545 2.08466
9.17361 10.9035 2.09104
9.18056 10.9563 2.09743
9.1875 11.013 2.10382
9.19444 11.0739 2.1102
9.20139 11.1388 2.11659
9.20833 11.2079 2.12297
9.21528 11.281 2.12936
9.22222 11.358 2.13574
9.22917 11.4387 2.14213
9.23611 11.5226 2.14851
9.24306 11.6095 2.1549
9.25 11.6989 2.16128
9.25694 11.7903 2.16767
9.26389 11.8832 2.17405
9.27083 11.9769 2.18044
9.27778 12.0707 2.18683
9.28472 12.1641 2.19321
9.29167 12.2563 2.1996
9.29861 12.3465 2.20598
9.30556 12.4341 2.21237
9.3125 12.5184 2.21875
9.31944 12.5987 2.22514
9.32639 12.6743 2.23152
9.33333 12.7446 2.23791
9.34028 12.809 2.24429
9.34722 12.867 2.25068
9.35417 12.918 2.25706
9.36111 12.9618 2.26345
9.36806 12.998 2.26984
9.375 13.0262 2.27622
9.38194 13.0463 2.28261
9.38889 13.0582 2.28899
9.39583 13.0617 2.29538
9.40278 13.0571 2.30176
9.40972 13.0443 2.30815
9.41667 13.0236 2.31453
9.42361 12.9952 2.32092
9.43056 12.9595 2.3273
9.4375 12.917 2.33369
9.44444 12.8679 2.34008
9.45139 12.813 2.34646
9.45833 12.7528 2.35285
9.46528 12.6878 2.35923
9.47222 12.6189 2.36562
9.47917 12.5467 2.372
9.48611 12.4719 2.37839
9.49306 12.3953 2.38477
9.5 12.3176 2.39116
9.50694 12.2395 2.39754
9.51389 12.1619 2.40393
9.52083 12.0854 2.41031
9.52778 12.0107 2.4167
9.53472 11.9385 2.42309
9.54167 11.8694 2.42947
9.54861 11.8039 2.43586
9.55556 11.7425 2.44224
9.5625 11.6857 2.44863
9.56944 11.6338 2.45501
9.57639 11.5871 2.4614
9.58333 11.5459 2.46778
9.59028 11.5102 2.47417
9.59722 11.4802 2.48055
9.60417 11.4558 2.48694
9.61111 11.437 2.49333
9.61806 11.4236 2.49971
9.625 11.4154 2.5061
9.63194 11.4123 2.51248
9.63889 11.4138 2.51887
9.64583 11.4198 2.52525
9.65278 11.4298 2.53164
9.65972 11.4436 2.53802
9.66667 11.4606 2.54441
9.67361 11.4807 2.55079
9.68056 11.5033 2.55718
9.6875 11.5283 2.56356
9.69444 11.5552 2.56995
9.70139 11.5839 2.57634
9.70833 11.614 2.58272
9.71528 11.6454 2.58911
9.72222 11.678 2.59549
9.72917 11.7116 2.60188
9.73611 11.7462 2.60826
9.74306 11.7817 2.61465
9.75 11.8183 2.62103
9.75694 11.856 2.62742
9.76389 11.8948 2.6338
9.77083 11.9351 2.64019
9.77778 11.9769 2.64657
9.78472 12.0204 2.65296
9.79167 12.0659 2.65935
9.79861 12.1135 2.66573
9.80556 12.1634 2.67212
9.8125 12.2159 2.6785
9.81944 12.271 2.68489
9.82639 12.329 2.69127
9.83333 12.3898 2.69766
9.84028 12.4536 2.70404
9.84722 12.5204 2.71043
9.85417 12.5899 2.71681
9.86111 12.6622 2.7232
9.86806 12.737 2.72959
9.875 12.8141 2.73597
9.88194 12.8931 2.74236
9.88889 12.9737 2.74874
9.89583 13.0554 2.75513
9.90278 13.1378 2.76151
9.90972 13.2204 2.7679
9.91667 13.3026 2.77428
9.92361 13.3837 2.78067
9.93056 13.4633 2.78705
9.9375 13.5407 2.79344
9.94444 13.6152 2.79982
9.95139 13.6863 2.80621
9.95833 13.7534 2.8126
9.96528 13.8159 2.81898
9.97222 13.8732 2.82537
9.97917 13.9248 2.83175
9.98611 13.9704 2.83814
9.99306 14.0094 2.84452
10 14.0415 2.85091
10.0069 14.0665 2.85729
10.0139 14.0841 2.86368
10.0208 14.0942 2.87006
10.0278 14.0967 2.87645
10.0347 14.0916 2.88283
10.0417 14.0789 2.88922
10.0486 14.0588 2.89561
10.0556 14.0316 2.90199
10.0625 13.9974 2.90838
10.0694 13.9567 2.91476
10.0764 13.9099 2.91311
10.0833 13.8574 2.89495
10.0903 13.7998 2.8768
10.0972 13.7377 2.85864
10.1042 13.6717 2.84049
10.1111 13.6024 2.82233
10.1181 13.5306 2.80418
10.125 13.457 2.78602
10.1319 13.3823 2.76787
10.1389 13.3072 2.74971
10.1458 13.2325 2.73156
10.1528 13.1588 2.7134
10.1597 13.087 2.69525
10.1667 13.0176 2.67709
10.1736 12.9513 2.65894
10.1806 12.8887 2.64078
10.1875 12.8302 2.62263
10.1944 12.7764 2.60447
10.2014 12.7277 2.58632
10.2083 12.6844 2.56816
10.2153 12.6468 2.55001
10.2222 12.6151 2.53185
10.2292 12.5895 2.5137
10.2361 12.5698 2.49554
10.2431 12.5562 2.47739
10.25 12.5486 2.45923
10.2569 12.5468 2.44108
10.2639 12.5506 2.42292
10.2708 12.5597 2.40477
10.2778 12.5739 2.38661
10.2847 12.5928 2.36846
10.2917 12.616 2.3503
10.2986 12.6432 2.33215
10.3056 12.674 2.31399
10.3125 12.7079 2.29584
10.3194 12.7446 2.27768
10.3264 12.7837 2.25953
10.3333 12.8249 2.24137
10.3403 12.8677 2.22322
10.3472 12.912 2.20506
10.3542 12.9574 2.18691
10.3611 13.0037 2.16875
10.3681 13.0508 2.1506
10.375 13.0984 2.13244
10.3819 13.1465 2.11429
10.3889 13.1951 2.09613
10.3958 13.244 2.07798
10.4028 13.2934 2.05982
10.4097 13.3433 2.04167
10.4167 13.3938 2.02351
10.4236 13.4449 2.00536
10.4306 13.4968 1.9872
10.4375 13.5497 1.96905
10.4444 13.6036 1.95089
10.4514 13.6587 1.93274
10.4583 13.7152 1.91458
10.4653 13.773 1.89643
10.4722 13.8323 1.87827
10.4792 13.8931 1.86012
10.4861 13.9554 1.84196
10.4931 14.0191 1.82381
10.5 14.0843 1.80565
10.5069 14.1506 1.7875
10.5139 14.218 1.76934
10.5208 14.2862 1.75119
10.5278 14.355 1.73303
10.5347 14.4239 1.71488
10.5417 14.4926 1.69672
10.5486 14.5608 1.67857
10.5556 14.6279 1.66041
10.5625 14.6936 1.64226
10.5694 14.7573 1.6241
10.5764 14.8185 1.60595
10.5833 14.8767 1.58779
10.5903 14.9315 1.56964
10.5972 14.9823 1.55148
10.6042 15.0287 1.53333
10.6111 15.0702 1.51517
10.6181 15.1065 1.49702
10.625 15.1371 1.47886
10.6319 15.1617 1.46071
10.6389 15.1801 1.44255
10.6458 15.192 1.4244
10.6528 15.1972 1.40624
10.6597 15.1958 1.38809
10.6667 15.1875 1.36993
10.6736 15.1725 1.35178
10.6806 15.1509 1.33362
10.6875 15.1227 1.31547
10.6944 15.0883 1.29731
10.7014 15.048 1.27916
10.7083 15.0021 1.27357
10.7153 14.951 1.27437
10.7222 14.8952 1.27518
10.7292 14.8353 1.27599
10.7361 14.7717 1.27679
10.7431 14.7052 1.2776
10.75 14.6363 1.2784
10.7569 14.5658 1.27921
10.7639 14.4943 1.28002
10.7708 14.4225 1.28082
10.7778 14.3512 1.28163
10.7847 14.281 1.28244
10.7917 14.2126 1.28324
10.7986 14.1468 1.28405
10.8056 14.084 1.28486
10.8125 14.0251 1.28566
10.8194 13.9704 1.28647
10.8264 13.9204 1.28727
10.8333 13.8758 1.28808
10.8403 13.8368 1.28889
10.8472 13.8037 1.28969
10.8542 13.7768 1.2905
10.8611 13.7564 1.29131
10.8681 13.7424 1.29211
10.875 13.7349 1.29292
10.8819 13.7339 1.29373
10.8889 13.7393 1.29453
10.8958 13.751 1.29534
10.9028 13.7686 1.29614
10.9097 13.792 1.29695
10.9167 13.8207 1.29776
10.9236 13.8545 1.29856
10.9306 13.893 1.29937
10.9375 13.9357 1.30018
10.9444 13.9822 1.30098
10.9514 14.032 1.30179
10.9583 14.0848 1.3026
10.9653 14.14 1.3034
10.9722 14.1973 1.30421
10.9792 14.2563 1.30501
10.9861 14.3164 1.30582
10.9931 14.3775 1.30663
11 14.4392 1.30743
11.0069 14.5011 1.30824
11.0139 14.5632 1.30905
11.0208 14.625 1.30985
11.0278 14.6866 1.31066
11.0347 14.7477 1.31147
11.0417 14.8082 1.31227
11.0486 14.8682 1.31308
11.0556 14.9276 1.31388
11.0625 14.9864 1.31469
11.0694 15.0446 1.3155
11.0764 15.1023 1.3163
11.0833 15.1596 1.31711
11.0903 15.2166 1.31792
11.0972 15.2732 1.31872
11.1042 15.3296 1.31953
11.1111 15.3859 1.32034
11.1181 15.4421 1.32114
11.125 15.4982 1.32195
11.1319 15.5542 1.32275
11.1389 15.61 1.32356
11.1458 15.6657 1.32437
11.1528 15.7211 1.32517
11.1597 15.776 1.32598
11.1667 15.8303 1.32679
11.1736 15.8838 1.32759
11.1806 15.9362 1.3284
11.1875 15.9872 1.32921
11.1944 16.0366 1.33001
11.2014 16.084 1.33082
11.2083 16.1291 1.33162
11.2153 16.1715 1.33243
11.2222 16.2109 1.33324
11.2292 16.2468 1.33404
11.2361 16.2789 1.33485
11.2431 16.3069 1.33566
11.25 16.3305 1.33646
11.2569 16.3492 1.33727
11.2639 16.363 1.33808
11.2708 16.3714 1.33888
11.2778 16.3743 1.33969
11.2847 16.3717 1.34049
11.2917 16.3632 1.3413
11.2986 16.349 1.34211
11.3056 16.329 1.34291
11.3125 16.3033 1.34372
11.3194 16.2719 1.34453
11.3264 16.2352 1.34533
11.3333 16.1933 1.34614
11.3403 16.1465 1.34694
11.3472 16.0953 1.34775
11.3542 16.0399 1.34856
11.3611 15.9809 1.34936
11.3681 15.9187 1.35017
11.375 15.854 1.35098
11.3819 15.7873 1.35178
11.3889 15.7193 1.35259
11.3958 15.6505 1.3534
11.4028 15.5816 1.3542
11.4097 15.5134 1.35501
11.4167 15.4464 1.35581
11.4236 15.3814 1.35662
11.4306 15.319 1.35743
11.4375 15.2598 1.35823
11.4444 15.2045 1.35904
11.4514 15.1536 1.35985
11.4583 15.1076 1.36065
11.4653 15.0671 1.36146
11.4722 15.0324 1.36227
11.4792 15.0039 1.36307
11.4861 14.982 1.36388
11.4931 14.9668 1.36468
11.5 14.9585 1.36549
11.5069 14.9572 1.3663
11.5139 14.963 1.3671
11.5208 14.9757 1.36791
11.5278 14.9953 1.36872
11.5347 15.0216 1.36952
11.5417 15.0543 1.37033
11.5486 15.0932 1.37114
11.5556 15.138 1.37194
11.5625 15.1881 1.37275
11.5694 15.2433 1.37355
11.5764 15.3029 1.37436
11.5833 15.3667 1.37517
11.5903 15.4339 1.37597
11.5972 15.5043 1.37678
11.6042 15.5771 1.37759
11.6111 15.652 1.37839
11.6181 15.7284 1.3792
11.625 15.8059 1.38001
11.6319 15.8839 1.38081
11.6389 15.9622 1.38162
11.6458 16.0402 1.38242
11.6528 16.1176 1.38323
11.6597 16.1941 1.38404
11.6667 16.2694 1.38484
11.6736 16.3432 1.38565
11.6806 16.4154 1.38646
11.6875 16.4858 1.38726
11.6944 16.5542 1.38807
11.7014 16.6206 1.38888
11.7083 16.685 1.38968
11.7153 16.7472 1.39049
11.7222 16.8073 1.39129
11.7292 16.8654 1.3921
11.7361 16.9214 1.39291
11.7431 16.9755 1.39371
11.75 17.0276 1.39452
11.7569 17.0778 1.39533
11.7639 17.1263 1.39613
11.7708 17.1729 1.39694
11.7778 17.2179 1.39775
11.7847 17.2611 1.39855
11.7917 17.3025 1.39936
11.7986 17.3423 1.40016
11.8056 17.3802 1.40097
11.8125 17.4162 1.40178
11.8194 17.4502 1.40258
11.8264 17.482 1.40339
11.8333 17.5116 1.4042
11.8403 17.5388 1.405
11.8472 17.5633 1.40581
11.8542 17.5849 1.40662
11.8611 17.6034 1.40742
11.8681 17.6186 1.40823
11.875 17.6303 1.40903
11.8819 17.6383 1.40984
11.8889 17.6423 1.41065
11.8958 17.6421 1.41145
11.9028 17.6376 1.41226
11.9097 17.6286 1.41307
11.9167 17.615 1.41387
11.9236 17.5968 1.41468
11.9306 17.5738 1.41549
11.9375 17.5461 1.41629
11.9444 17.5137 1.4171
11.9514 17.4767 1.4179
11.9583 17.4353 1.41871
11.9653 17.3896 1.422
11.9722 17.3399 1.4303
11.9792 17.2866 1.43861
11.9861 17.2299 1.44692
11.9931 17.1702 1.45523
12 17.108 1.46354
12.0069 17.0437 1.47185
12.0139 16.978 1.48016
12.0208 16.9113 1.48847
12.0278 16.8442 1.49677
12.0347 16.7773 1.50508
12.0417 16.7113 1.51339
12.0486 16.6467 1.5217
12.0556 16.5843 1.53001
12.0625 16.5247 1.53832
12.0694 16.4684 1.54663
12.0764 16.416 1.55493
12.0833 16.3683 1.56324
12.0903 16.3256 1.57155
12.0972 16.2885 1.57986
12.1042 16.2575 1.58817
12.1111 16.2329 1.59648
12.1181 16.2152 1.60479
12.125 16.2046 1.61309
12.1319 16.2012 1.6214
12.1389 16.2054 1.62971
12.1458 16.2172 1.63802
12.1528 16.2365 1.64633
12.1597 16.2633 1.65464
12.1667 16.2976 1.66295
12.1736 16.3391 1.67125
12.1806 16.3875 1.67956
12.1875 16.4426 1.68787
12.1944 16.504 1.69618
12.2014 16.5712 1.70449
12.2083 16.6438 1.7128
12.2153 16.7212 1.72111
12.2222 16.803 1.72941
12.2292 16.8886 1.73772
12.2361 16.9774 1.74603
12.2431 17.0688 1.75434
12.25 17.1621 1.76265
12.2569 17.2569 1.77096
12.2639 17.3525 1.77927
12.2708 17.4483 1.78757
12.2778 17.5439 1.79588
12.2847 17.6386 1.80419
12.2917 17.732 1.8125
12.2986 17.8237 1.82081
12.3056 17.9132 1.82912
12.3125 18.0001 1.83743
12.3194 18.0842 1.84573
12.3264 18.1651 1.85404
12.3333 18.2427 1.86235
12.3403 18.3167 1.87066
12.3472 18.387 1.87897
12.3542 18.4534 1.88728
12.3611 18.516 1.89559
12.3681 18.5747 1.9039
12.375 18.6295 1.9122
12.3819 18.6804 1.92051
12.3889 18.7275 1.92882
12.3958 18.7709 1.93713
12.4028 18.8107 1.94544
12.4097 18.847 1.95375
12.4167 18.8799 1.96206
12.4236 18.9094 1.97036
12.4306 18.9357 1.97867
12.4375 18.9589 1.98698
12.4444 18.9791 1.99529
12.4514 18.9963 2.0036
12.4583 19.0106 2.01191
12.4653 19.0219 2.02022
12.4722 19.0303 2.02852
12.4792 19.0359 2.03683
12.4861 19.0384 2.04514
12.4931 19.038 2.05345
12.5 19.0345 2.06176
12.5069 19.0279 2.07007
12.5139 19.0181 2.07838
12.5208 19.005 2.08668
12.5278 18.9885 2.09499
12.5347 18.9686 2.1033
12.5417 18.9451 2.11161
12.5486 18.9181 2.11992
12.5556 18.8874 2.12823
12.5625 18.8531 2.13654
12.5694 18.8152 2.14484
12.5764 18.7737 2.15315
12.5833 18.7288 2.16146
12.5903 18.6804 2.16977
12.5972 18.6289 2.17808
12.6042 18.5743 2.18639
12.6111 18.5169 2.1947
12.6181 18.457 2.203
12.625 18.395 2.21131
12.6319 18.3311 2.21962
12.6389 18.2659 2.22793
12.6458 18.1997 2.23624
12.6528 18.133 2.24455
12.6597 18.0664 2.25286
12.6667 18.0004 2.26116
12.6736 17.9355 2.26947
12.6806 17.8723 2.27778
12.6875 17.8115 2.28609
12.6944 17.7535 2.2944
12.7014 17.6991 2.30271
12.7083 17.6487 2.31102
12.7153 17.603 2.31933
12.7222 17.5626 2.32763
12.7292 17.5278 2.33594
12.7361 17.4993 2.34425
12.7431 17.4775 2.35256
12.75 17.4627 2.36087
12.7569 17.4553 2.36918
12.7639 17.4556 2.37749
12.7708 17.4638 2.38579
12.7778 17.4801 2.3941
12.7847 17.5045 2.40241
12.7917 17.5371 2.41072
12.7986 17.5778 2.41903
12.8056 17.6264 2.42734
12.8125 17.6829 2.43565
12.8194 17.7468 2.44395
12.8264 17.8179 2.45226
12.8333 17.8959 2.46057
12.8403 17.9801 2.46888
12.8472 18.0701 2.47719
12.8542 18.1655 2.4855
12.8611 18.2654 2.49381
12.8681 18.3694 2.50211
12.875 18.4768 2.51042
12.8819 18.5868 2.51873
12.8889 18.6989 2.52704
12.8958 18.8122 2.53535
12.9028 18.9261 2.54366
12.9097 19.04 2.55197
12.9167 19.153 2.56027
12.9236 19.2647 2.56858
12.9306 19.3743 2.57689
12.9375 19.4813 2.5852
12.9444 19.5851 2.59351
12.9514 19.6852 2.60182
12.9583 19.7812 2.61013
12.9653 19.8727 2.61843
12.9722 19.9593 2.62674
12.9792 20.0407 2.63505
12.9861 20.1167 2.64336
12.9931 20.1872 2.65167
13 20.2519 2.65998
13.0069 20.3109 2.66829
13.0139 20.364 2.6766
13.0208 20.4114 2.6849
13.0278 20.4531 2.69321
13.0347 20.4891 2.70152
13.0417 20.5197 2.70983
13.0486 20.5449 2.71814
13.0556 20.565 2.72645
13.0625 20.5802 2.73476
13.0694 20.5907 2.74306
13.0764 20.5966 2.75137
13.0833 20.5983 2.75968
13.0903 20.596 2.76799
13.0972 20.5897 2.7763
13.1042 20.5798 2.78461
13.1111 20.5664 2.79292
13.1181 20.5496 2.80122
13.125 20.5297 2.80953
13.1319 20.5067 2.81784
13.1389 20.4807 2.82615
13.1458 20.4518 2.83446
13.1528 20.4202 2.84277
13.1597 20.3857 2.85108
13.1667 20.3486 2.85938
13.1736 20.3088 2.86769
13.1806 20.2663 2.876
13.1875 20.2213 2.88431
13.1944 20.1737 2.89262
13.2014 20.1236 2.90093
13.2083 20.0711 2.90924
13.2153 20.0162 2.91754
13.2222 19.9591 2.92585
13.2292 19.8999 2.92757
13.2361 19.8387 2.92928
13.2431 19.7757 2.93098
13.25 19.7112 2.93269
13.2569 19.6454 2.93439
13.2639 19.5786 2.9361
13.2708 19.5111 2.9378
13.2778 19.4434 2.9395
13.2847 19.3757 2.94121
13.2917 19.3085 2.94291
13.2986 19.2424 2.94462
13.3056 19.1777 2.94632
13.3125 19.115 2.94802
13.3194 19.0548 2.94973
13.3264 18.9977 2.95143
13.3333 18.9442 2.95314
13.3403 18.8948 2.95484
13.3472 18.8502 2.95655
13.3542 18.8109 2.95825
13.3611 18.7773 2.95995
13.3681 18.75 2.96166
13.375 18.7295 2.96336
13.3819 18.7162 2.96507
13.3889 18.7105 2.96677
13.3958 18.7126 2.96847
13.4028 18.7231 2.97018
13.4097 18.7419 2.97188
13.4167 18.7694 2.97359
13.4236 18.8056 2.97529
13.4306 18.8505 2.977
13.4375 18.904 2.9787
13.4444 18.9661 2.9804
13.4514 19.0366 2.98211
13.4583 19.1152 2.98381
13.4653 19.2014 2.98552
13.4722 19.295 2.98722
13.4792 19.3954 2.98892
13.4861 19.5021 2.99063
13.4931 19.6145 2.99233
13.5 19.7318 2.99404
13.5069 19.8535 2.99574
13.5139 19.9788 2.99745
13.5208 20.1069 2.99915
13.5278 20.237 3.00085
13.5347 20.3683 3.00256
13.5417 20.5 3.00426
13.5486 20.6313 3.00597
13.5556 20.7614 3.00767
13.5625 20.8895 3.00938
13.5694 21.0149 3.01108
13.5764 21.1368 3.01278
13.5833 21.2545 3.01449
13.5903 21.3675 3.01619
13.5972 21.475 3.0179
13.6042 21.5767 3.0196
13.6111 21.6721 3.0213
13.6181 21.7606 3.02301
13.625 21.8421 3.02471
13.6319 21.9162 3.02642
13.6389 21.9828 3.02812
13.6458 22.0417 3.02983
13.6528 22.093 3.03153
13.6597 22.1365 3.03323
13.6667 22.1723 3.03494
13.6736 22.2007 3.03664
13.6806 22.2217 3.03835
13.6875 22.2356 3.04005
13.6944 22.2427 3.04175
13.7014 22.2432 3.04346
13.7083 22.2376 3.04516
13.7153 22.2261 3.04687
13.7222 22.2091 3.04857
13.7292 22.1869 3.05028
13.7361 22.1601 3.05198
13.7431 22.1288 3.05368
13.75 22.0935 3.05539
13.7569 22.0545 3.05709
13.7639 22.0122 3.0588
13.7708 21.9667 3.0605
13.7778 21.9185 3.0622
13.7847 21.8677 3.06391
13.7917 21.8146 3.06561
13.7986 21.7594 3.06732
13.8056 21.7022 3.06902
13.8125 21.6433 3.07073
13.8194 21.5827 3.07243
13.8264 21.5205 3.07413
13.8333 21.457 3.07584
13.8403 21.3922 3.07754
13.8472 21.3262 3.07925
13.8542 21.2592 3.08016
13.8611 21.1912 3.0795
13.8681 21.1224 3.07883
13.875 21.053 3.07816
13.8819 20.983 3.07749
13.8889 20.9128 3.07682
13.8958 20.8424 3.07615
13.9028 20.7722 3.07548
13.9097 20.7024 3.07481
13.9167 20.6334 3.07414
13.9236 20.5654 3.07348
13.9306 20.4989 3.07281
13.9375 20.4342 3.07214
13.9444 20.3717 3.07147
13.9514 20.312 3.0708
13.9583 20.2554 3.07013
13.9653 20.2025 3.06946
13.9722 20.1538 3.06879
13.9792 20.1098 3.06813
13.9861 20.0709 3.06746
13.9931 20.0378 3.06679
14 20.0109 3.06612
14.0069 19.9906 3.06545
14.0139 19.9776 3.06478
14.0208 19.9721 3.06411
14.0278 19.9746 3.06344
14.0347 19.9854 3.06278
14.0417 20.0048 3.06211
14.0486 20.0331 3.06144
14.0556 20.0705 3.06077
14.0625 20.1171 3.0601
14.0694 20.1728 3.05943
14.0764 20.2377 3.05876
14.0833 20.3117 3.05809
14.0903 20.3945 3.05742
14.0972 20.4859 3.05676
14.1042 20.5856 3.05609
14.1111 20.6931 3.05542
14.1181 20.808 3.05475
14.125 20.9295 3.05408
14.1319 21.0572 3.05341
14.1389 21.1902 3.05274
14.1458 21.3279 3.05207
14.1528 21.4694 3.05141
14.1597 21.6139 3.05074
14.1667 21.7605 3.05007
14.1736 21.9083 3.0494
14.1806 22.0563 3.04873
14.1875 22.2037 3.04806
14.1944 22.3495 3.04739
14.2014 22.4927 3.04672
14.2083 22.6326 3.04605
14.2153 22.7682 3.04539
14.2222 22.8988 3.04472
14.2292 23.0235 3.04405
14.2361 23.1417 3.04338
14.2431 23.2527 3.04271
14.25 23.3559 3.04204
14.2569 23.4509 3.04137
14.2639 23.5371 3.0407
14.2708 23.6143 3.04004
14.2778 23.6821 3.03937
14.2847 23.7405 3.0387
14.2917 23.7893 3.03803
14.2986 23.8285 3.03736
14.3056 23.8583 3.03669
14.3125 23.8787 3.03602
14.3194 23.8899 3.03535
14.3264 23.8924 3.03468
14.3333 23.8863 3.03402
14.3403 23.8722 3.03335
14.3472 23.8505 3.03268
14.3542 23.8217 3.03201
14.3611 23.7862 3.03134
14.3681 23.7446 3.03067
14.375 23.6975 3.03
14.3819 23.6454 3.02933
14.3889 23.5888 3.02867
14.3958 23.5283 3.028
14.4028 23.4643 3.02733
14.4097 23.3974 3.02666
14.4167 23.328 3.02599
14.4236 23.2565 3.02532
14.4306 23.1833 3.02465
14.4375 23.1087 3.02398
14.4444 23.0331 3.02332
14.4514 22.9568 3.02265
14.4583 22.8799 3.02198
14.4653 22.8027 3.02131
14.4722 22.7254 3.02064
14.4792 22.6481 3.01997
14.4861 22.571 3.0193
14.4931 22.4942 3.01863
14.5 22.4179 3.01796
14.5069 22.342 3.0173
14.5139 22.2669 3.01663
14.5208 22.1925 3.01596
14.5278 22.119 3.01529
14.5347 22.0466 3.01462
14.5417 21.9755 3.01395
14.5486 21.9059 3.01328
14.5556 21.8379 3.01261
14.5625 21.7719 3.01195
14.5694 21.7081 3.01128
14.5764 21.6468 3.01061
14.5833 21.5884 3.00994
14.5903 21.5333 3.00927
14.5972 21.4818 3.0086
14.6042 21.4344 3.00793
14.6111 21.3915 3.00726
14.6181 21.3536 3.00659
14.625 21.3212 3.00593
14.6319 21.2947 3.00526
14.6389 21.2746 3.00459
14.6458 21.2614 3.00392
14.6528 21.2555 3.00325
14.6597 21.2573 3.00258
14.6667 21.2673 3.00191
14.6736 21.2858 3.00124
14.6806 21.3131 3.00058
14.6875 21.3496 2.99991
