time error errTLE
0 0 0
0.00694444 0.0510723 0.052799
0.0138889 0.188918 0.105598
0.0208333 0.389064 0.158397
0.0277778 0.660608 0.211196
0.0347222 0.948453 0.263995
0.0416667 1.17175 0.316794
0.0486111 1.27413 0.369593
0.0555556 1.24772 0.422392
0.0625 1.13836 0.475191
0.0694444 1.05081 0.52799
0.0763889 1.08148 0.580789
0.0833333 1.27356 0.633588
0.0902778 1.60507 0.686387
0.0972222 2.00326 0.739186
0.104167 2.35213 0.791985
0.111111 2.55152 0.844784
0.118056 2.55334 0.897583
0.125 2.39072 0.950382
0.131944 2.18003 1.00318
0.138889 2.07335 1.05598
0.145833 2.17424 1.10878
0.152778 2.48624 1.16158
0.159722 2.95215 1.21438
0.166667 3.43479 1.26718
0.173611 3.78111 1.31997
0.180556 3.88538 1.37277
0.1875 3.73817 1.42557
0.194444 3.43614 1.47837
0.201389 3.16906 1.53117
0.208333 3.11097 1.58397
0.215278 3.3365 1.63677
0.222222 3.80522 1.68957
0.229167 4.39314 1.74237
0.236111 4.90922 1.79517
0.243056 5.18374 1.84796
0.25 5.13362 1.90076
0.256944 4.81224 1.95356
0.263889 4.40169 2.00636
0.270833 4.14438 2.05916
0.277778 4.20576 2.11196
0.284722 4.59841 2.16476
0.291667 5.23026 2.21756
0.298611 5.90229 2.27036
0.305556 6.38572 2.32316
0.3125 6.51623 2.37595
0.319444 6.26898 2.42875
0.326389 5.78067 2.48155
0.333333 5.32151 2.53435
0.340278 5.15189 2.58715
0.347222 5.38946 2.63995
0.354167 5.97808 2.69275
0.361111 6.74999 2.74555
0.368056 7.4442 2.79835
0.375 7.81772 2.85114
0.381944 7.74236 2.90394
0.388889 7.27899 2.95674
0.395833 6.6671 3.00954
0.402778 6.24008 3.03967
0.409722 6.23667 3.05891
0.416667 6.6889 3.07815
0.423611 7.47379 3.09739
0.430556 8.33726 3.11662
0.4375 8.9759 3.13586
0.444444 9.16001 3.1551
0.451389 8.83692 3.17433
0.458333 8.17235 3.19357
0.465278 7.51137 3.21281
0.472222 7.20682 3.23205
0.479167 7.43119 3.25128
0.486111 8.12114 3.27052
0.493056 9.07029 3.28976
0.5 9.95204 3.309
0.506944 10.4479 3.32823
0.513889 10.3753 3.34747
0.520833 9.78943 3.36671
0.527778 8.97802 3.38594
0.534722 8.36423 3.40518
0.541667 8.2701 3.42442
0.548611 8.75917 3.44366
0.555556 9.68256 3.46289
0.5625 10.7372 3.48213
0.569444 11.5472 3.50137
0.576389 11.8118 3.52061
0.583333 11.4388 3.53984
0.590278 10.6112 3.55908
0.597222 9.74166 3.57832
0.604167 9.27975 3.59755
0.611111 9.46469 3.61679
0.618056 10.2362 3.63603
0.625 11.3537 3.65527
0.631944 12.4298 3.6745
0.638889 13.0696 3.69374
0.645833 13.0281 3.71298
0.652778 12.3416 3.73222
0.659722 11.3359 3.75145
0.666667 10.5206 3.77069
0.673611 10.3101 3.78993
0.680556 10.8121 3.80917
0.6875 11.8578 3.8284
0.694444 13.1009 3.84764
0.701389 14.0959 3.86688
0.708333 14.4669 3.88611
0.715278 14.0713 3.90535
0.722222 13.0966 3.92459
0.729167 12.0151 3.94383
0.736111 11.3748 3.96306
0.743056 11.4936 3.9823
0.75 12.3258 4.00154
0.756944 13.6006 4.02078
0.763889 14.875 4.04001
0.770833 15.6784 4.05925
0.777778 15.6964 4.07849
0.784722 14.9332 4.09772
0.791667 13.7417 4.11696
0.798611 12.7129 4.1362
0.805556 12.361 4.15544
0.8125 12.8508 4.17467
0.819444 14.0012 4.19391
0.826389 15.4276 4.21315
0.833333 16.6187 4.23239
0.840278 17.1207 4.25162
0.847222 16.7306 4.27086
0.854167 15.6278 4.2901
0.861111 14.334 4.30933
0.868056 13.4963 4.32857
0.875 13.5219 4.34781
0.881944 14.3929 4.36705
0.888889 15.8118 4.38628
0.895833 17.286 4.40552
0.902778 18.2704 4.42476
0.909722 18.3756 4.444
0.916667 17.5615 4.46323
0.923611 16.196 4.48247
0.930556 14.9447 4.50171
0.9375 14.4272 4.52095
0.944444 14.8788 4.54018
0.951389 16.1149 4.55942
0.958333 17.7173 4.57866
0.965278 19.1129 4.59789
0.972222 19.7685 4.61713
0.979167 19.4129 4.63637
0.986111 18.2033 4.65561
0.993056 16.7006 4.67484
1 15.6483 4.69408
1.00694 15.5537 4.71332
1.01389 16.4404 4.73256
1.02083 17.9887 4.75179
1.02778 19.6613 4.77103
1.03472 20.8418 4.79027
1.04167 21.0611 4.8095
1.04861 20.2233 4.82874
1.05556 18.699 4.84798
1.0625 17.2192 4.88341
1.06944 16.5133 5.02064
1.07639 16.8997 5.15787
1.08333 18.2014 5.2951
1.09028 19.9702 5.43233
1.09722 21.5759 5.56955
1.10417 22.4061 5.70678
1.11111 22.1138 5.84401
1.11806 20.8212 5.98124
1.125 19.1164 6.11847
1.13194 17.8349 6.2557
1.13889 17.5935 6.39293
1.14583 18.4717 6.53015
1.15278 20.1328 6.66738
1.15972 22 6.80461
1.16667 23.3892 6.94184
1.17361 23.7483 7.07907
1.18056 22.9153 7.2163
1.1875 21.2504 7.35353
1.19444 19.5397 7.49075
1.20139 18.6237 7.62798
1.20833 18.9173 7.76521
1.21528 20.2634 7.90244
1.22222 22.187 8.03967
1.22917 24.0056 8.1769
1.23611 25.0292 8.31413
1.24306 24.8291 8.45135
1.25 23.4792 8.58858
1.25694 21.5826 8.72581
1.26389 20.0603 8.86304
1.27083 19.646 9.00027
1.27778 20.49 9.1375
1.28472 22.2459 9.27473
1.29167 24.3018 9.41195
1.29861 25.9094 9.54918
1.30556 26.4326 9.68641
1.3125 25.6339 9.82364
1.31944 23.8492 9.96087
1.32639 21.9086 10.0981
1.33333 20.763 10.2353
1.34028 20.9358 10.3726
1.34722 22.3038 10.5098
1.35417 24.3687 10.647
1.36111 26.4005 10.7842
1.36806 27.634 10.9215
1.375 27.5543 11.0587
1.38194 26.1745 11.1959
1.38889 24.0999 11.3332
1.39583 22.3283 11.4052
1.40278 21.7158 11.3658
1.40972 22.499 11.3264
1.41667 24.3302 11.287
1.42361 26.5666 11.2475
1.43056 28.3999 11.2081
1.4375 29.1096 11.1687
1.44444 28.3749 11.1293
1.45139 26.494 11.0898
1.45833 24.3284 11.0504
1.46528 22.9359 11.011
1.47222 22.9595 10.9716
1.47917 24.3259 10.9322
1.48611 26.5166 10.8927
1.49306 28.7594 10.8533
1.5 30.2169 10.8139
1.50694 30.2847 10.7745
1.51389 28.9041 10.735
1.52083 26.6687 10.6956
1.52778 24.6425 10.6562
1.53472 23.8079 10.6168
1.54167 24.5024 10.5773
1.54861 26.3881 10.5379
1.55556 28.7947 10.4985
1.5625 30.8583 10.4591
1.56944 31.775 10.4196
1.57639 31.1342 10.3802
1.58333 29.183 10.3408
1.59028 26.8009 10.3014
1.59722 25.1468 10.2619
1.60417 24.993 10.2225
1.61111 26.3328 10.1831
1.61806 28.6323 10.1437
1.625 31.0813 10.1043
1.63194 32.7744 10.0648
1.63889 33.0157 10.0254
1.64583 31.6643 9.98598
1.65278 29.2886 9.94656
1.65972 27.0064 9.90714
1.66667 25.9273 9.86771
1.67361 26.5041 9.82829
1.68056 28.4225 9.78887
1.6875 30.9869 9.74944
1.69444 33.2826 9.71002
1.70139 34.4246 9.67059
1.70833 33.9074 9.63117
1.71528 31.9138 9.59175
1.72222 29.3275 9.55232
1.72917 27.4001 9.5129
1.73611 27.0413 9.47348
1.74306 28.3282 9.43405
1.75 30.7177 9.39463
1.75694 33.3661 9.35521
1.76389 35.3036 9.31578
1.77083 35.7428 9.27636
1.77778 34.4514 9.23693
1.78472 31.9588 9.19751
1.79167 29.4229 9.15809
1.79861 28.0788 9.11866
1.80556 28.5084 9.07924
1.8125 30.4362 9.03982
1.81944 33.1443 9.00039
1.82639 35.6714 8.96097
1.83333 37.0546 8.92154
1.84028 36.69 8.88212
1.84722 34.6836 8.8427
1.85417 31.9089 8.80327
1.86111 29.7001 8.76385
1.86806 29.1096 8.72443
1.875 30.3157 8.685
1.88194 32.775 8.64558
1.88889 35.6136 8.60616
1.89583 37.8019 8.56673
1.90278 38.4615 8.52731
1.90972 37.2613 8.48788
1.91667 34.6778 8.44846
1.92361 31.8946 8.40904
1.93056 30.2675 8.42892
1.9375 30.52 8.45283
1.94444 32.4326 8.47674
1.95139 35.2683 8.50065
1.95833 38.0236 8.52456
1.96528 39.6612 8.54848
1.97222 39.4772 8.57239
1.97917 37.489 8.5963
1.98611 34.5457 8.62021
1.99306 32.0507 8.64412
2 31.203 8.66804
2.00694 32.2992 8.69195
2.01389 34.8067 8.71586
2.02083 37.8244 8.73977
2.02778 40.2671 8.76368
2.03472 41.1673 8.7876
2.04167 40.0898 8.81151
2.04861 37.4438 8.83542
2.05556 34.4234 8.85933
2.0625 32.4982 8.87462
2.06944 32.5436 8.88813
2.07639 34.4151 8.90164
2.08333 37.3604 8.91514
2.09028 40.3382 8.92865
2.09722 42.2414 8.94216
2.10417 42.2644 8.95566
2.11111 40.3264 8.96917
2.11806 37.2373 8.98268
2.125 34.4557 8.99618
2.13194 33.327 9.00969
2.13889 34.283 9.0232
2.14583 36.8156 9.0367
2.15278 39.9992 9.05021
2.15972 42.6973 9.06372
2.16667 43.8563 9.07722
2.17361 42.9323 9.09073
2.18056 40.2541 9.10424
2.1875 37.011 9.11774
2.19444 34.7759 9.13125
2.20139 34.5846 9.14476
2.20833 36.3874 9.15826
2.21528 39.4227 9.17177
2.22222 42.6152 9.18528
2.22917 44.792 9.19878
2.23611 45.0469 9.21229
2.24306 43.1919 9.2258
2.25 39.9831 9.2393
2.25694 36.9183 9.25281
2.26389 35.487 9.26632
2.27083 36.2713 9.27982
2.27778 38.8047 9.29333
2.28472 42.1392 9.30684
2.29167 45.091 9.32034
2.29861 46.5243 9.33385
2.30556 45.784 9.34736
2.3125 43.1059 9.36086
2.31944 39.6583 9.37437
2.32639 37.1051 9.38788
2.33333 36.6484 9.40138
2.34028 38.3533 9.41489
2.34722 41.4574 9.4284
2.35417 44.8545 9.4419
2.36111 47.3105 9.45541
2.36806 47.82 9.46892
2.375 46.0811 9.48242
2.38194 42.7815 9.49593
2.38889 39.4413 9.50944
2.39583 37.6884 9.52295
2.40278 38.2692 9.53645
2.40972 40.7775 9.54996
2.41667 44.2457 9.56347
2.42361 47.4471 9.57697
2.43056 49.1679 9.59048
2.4375 48.6402 9.60399
2.44444 45.9956 9.61749
2.45139 42.3656 9.631
2.45833 39.4902 9.64451
2.46528 38.7407 9.65801
2.47222 40.317 9.67152
2.47917 43.467 9.68503
2.48611 47.0565 9.69853
2.49306 49.7946 9.71204
2.5 50.5795 9.72555
2.50694 48.9897 9.73905
2.51389 45.6304 9.75256
2.52083 42.0269 9.76607
2.52778 39.9365 9.77957
2.53472 40.2817 9.79308
2.54167 42.7375 9.80659
2.54861 46.3206 9.82009
2.55556 49.7649 9.8336
2.5625 51.7836 9.84711
2.56944 51.496 9.86061
2.57639 48.9193 9.87412
2.58333 45.1325 9.88763
2.59028 41.935 9.90113
2.59722 40.8673 9.91464
2.60417 42.2829 9.92815
2.61111 45.4544 9.94165
2.61806 49.2223 9.95516
2.625 52.2425 9.96867
2.63194 53.3208 9.98217
2.63889 51.9127 9.99568
2.64583 48.5271 10.0092
2.65278 44.6767 10.0227
2.65972 42.2367 10.0362
2.66667 42.3144 10.0497
2.67361 44.6886 10.0632
2.68056 48.3658 10.0767
2.6875 52.0442 10.0902
2.69444 54.3684 10.1037
2.70139 54.3466 10.1172
2.70833 51.8728 10.1307
2.71528 47.9582 10.1443
2.72222 44.4433 10.1578
2.72917 43.0341 10.1713
2.73611 44.2557 10.1848
2.74306 47.4229 10.1983
2.75 51.3528 10.2118
2.75694 54.6527 10.2253
2.76389 56.0402 10.2388
2.77083 54.8454 10.2523
2.77778 51.4684 10.2658
2.78472 47.3918 10.2793
2.79167 44.5938 10.2928
2.79861 44.3731 10.3063
2.80556 46.6349 10.3198
2.8125 50.3837 10.3333
2.81944 54.285 10.3469
2.82639 56.9196 10.3604
2.83333 57.1872 10.3739
2.84028 54.8516 10.3874
2.84722 50.8411 10.4009
2.85417 47.0178 10.4144
2.86111 45.2469 10.4279
2.86806 46.2405 10.4414
2.875 49.3758 10.4549
2.88194 53.4497 10.4684
2.88889 57.0241 10.4819
2.89583 58.7337 10.4954
2.90278 57.7826 10.5089
2.90972 54.4505 10.5224
2.91667 50.1725 10.5359
2.92361 47.0124 10.5495
2.93056 46.464 10.563
2.9375 48.5809 10.5765
2.94444 52.3769 10.59
2.95139 56.4879 10.6035
2.95833 59.4351 10.617
2.96528 60.0131 10.6305
2.97222 57.8509 10.644
2.97917 53.7787 10.6575
2.98611 49.6611 10.671
2.99306 47.5116 10.6845
3 48.2428 10.698
3.00694 51.3171 10.7115
3.01389 55.5148 10.725
3.02083 59.3561 10.7385
3.02778 61.3979 10.7521
3.03472 60.7193 10.7656
3.04167 57.4693 10.7791
3.04861 53.0183 10.7926
3.05556 49.497 10.8165
3.0625 48.5931 10.8499
3.06944 50.5312 10.8834
3.07639 54.3484 10.9169
3.08333 58.6538 10.9503
3.09028 61.9129 10.9838
3.09722 62.82 11.0173
3.10417 60.8656 11.0508
3.11111 56.7683 11.0842
3.11806 52.3749 11.1177
3.125 49.8338 11.1512
3.13194 50.2684 11.1846
3.13889 53.2508 11.2181
3.14583 57.5502 11.2516
3.15278 61.6484 11.2851
3.15972 64.0297 11.3185
3.16667 63.6504 11.352
3.17361 60.5202 11.3855
3.18056 55.9282 11.4189
3.1875 52.0512 11.4524
3.19444 50.7669 11.4859
3.20139 52.4909 11.5194
3.20833 56.3016 11.5528
3.21528 60.7839 11.5863
3.22222 64.3515 11.6198
3.22917 65.6035 11.6532
3.23611 63.8904 11.6867
3.24306 59.8063 11.7202
3.25 55.1601 11.7536
3.25694 52.2187 11.7871
3.26389 52.3234 11.8206
3.27083 55.1814 11.8541
3.27778 59.5584 11.8875
3.28472 63.9011 11.921
3.29167 66.6264 11.9545
3.29861 66.5709 11.9879
3.30556 63.5983 12.0214
3.3125 58.9003 12.0549
3.31944 54.6783 12.0884
3.32639 52.9917 12.1218
3.33333 54.4652 12.1553
3.34028 58.2402 12.1888
3.34722 62.8798 12.2222
3.35417 66.7498 12.2557
3.36111 68.3598 12.2892
3.36806 66.9202 12.3227
3.375 62.8885 12.3561
3.38194 58.017 12.3896
3.38889 54.6714 12.4231
3.39583 54.4143 12.4565
3.40278 57.1135 12.49
3.40972 61.5421 12.5235
3.41667 66.1149 12.557
3.42361 69.1856 12.5904
3.43056 69.4759 12.6239
3.4375 66.6983 12.6574
3.44444 61.9322 12.6908
3.45139 57.3807 12.7243
3.45833 55.2736 12.7578
3.46528 56.4599 12.7913
3.47222 60.1681 12.8247
3.47917 64.9434 12.8582
3.48611 69.1072 12.8917
3.49306 71.0852 12.9251
3.5 69.9494 12.9586
3.50694 66.0105 12.9921
3.51389 60.945 13.0256
3.52083 57.1964 13.059
3.52778 56.5477 13.0925
3.53472 59.0522 13.126
3.54167 63.5045 13.1594
3.54861 68.2906 13.1929
3.55556 71.7053 13.2264
3.5625 72.3606 13.2599
3.56944 69.8149 13.2933
3.57639 65.0206 13.3268
3.58333 60.1602 13.3617
3.59028 57.6187 13.4109
3.59722 58.4813 13.4602
3.60417 62.0898 13.5094
3.61111 66.9771 13.5587
3.61806 71.4233 13.6079
3.625 73.7765 13.6572
3.63194 72.9727 13.7064
3.63889 69.1673 13.7557
3.64583 63.943 13.8049
3.65278 59.7977 13.8542
3.65972 58.7304 13.9035
3.66667 61.0027 13.9527
3.67361 65.4491 14.002
3.68056 70.4296 14.0512
3.6875 74.184 14.1005
3.69444 75.2206 14.1497
3.70139 72.9425 14.199
3.70833 68.1617 14.2482
3.71528 63.0177 14.2975
3.72222 60.0326 14.3467
3.72917 60.5356 14.396
3.73611 64.0098 14.4452
3.74306 68.9835 14.4945
3.75 73.6985 14.5438
3.75694 76.4307 14.593
3.76389 75.9848 14.6423
3.77083 72.3534 14.6915
3.77778 67.0089 14.7408
3.78472 62.4787 14.79
3.79167 60.9691 14.8393
3.79861 62.9706 14.8885
3.80556 67.3798 14.9378
3.8125 72.5336 14.987
3.81944 76.6205 15.0363
3.82639 78.0517 15.0855
3.83333 76.0753 15.1348
3.84028 71.3508 15.1841
3.84722 65.9536 15.2333
3.85417 62.5207 15.2826
3.86111 62.6298 15.3318
3.86806 65.9334 15.3811
3.875 70.9654 15.4303
3.88194 75.9332 15.4796
3.88889 79.0454 15.5288
3.89583 78.9804 15.5781
3.90278 75.5632 15.6273
3.90972 70.1397 15.6766
3.91667 65.2418 15.7258
3.92361 63.2704 15.7751
3.93056 64.9622 15.8243
3.9375 69.3008 15.8736
3.94444 74.6046 15.9229
3.95139 79.0143 15.9721
3.95833 80.8502 16.0214
3.96528 79.2077 16.0706
3.97222 74.5832 16.1199
3.97917 68.967 16.1691
3.98611 65.0877 16.2184
3.99306 64.7709 16.2676
4 67.8657 16.3169
4.00694 72.9262 16.3661
4.01389 78.1286 16.4154
4.02083 81.6186 16.4646
4.02778 81.9544 16.5139
4.03472 78.791 16.5632
4.04167 73.3321 16.6124
4.04861 68.089 16.6713
4.05556 65.6406 16.7659
4.0625 66.9837 16.8606
4.06944 71.2169 16.9553
4.07639 76.6452 17.0499
4.08333 81.3649 17.1446
4.09028 83.6126 17.2392
4.09722 82.3338 17.3339
4.10417 77.8532 17.4286
4.11111 72.0564 17.5232
4.11806 67.7377 17.6179
4.125 66.9658 17.7126
4.13194 69.8124 17.8072
4.13889 74.8697 17.9019
4.14583 80.286 17.9966
4.15278 84.1486 18.0912
4.15972 84.9023 18.1859
4.16667 82.0306 18.2806
4.17361 76.5816 18.3752
4.18056 71.0211 18.4699
4.1875 68.0857 18.5646
4.19444 69.0419 18.6592
4.20139 73.1329 18.7539
4.20833 78.6581 18.8485
4.21528 83.6728 18.9432
4.22222 86.3357 19.0379
4.22917 85.4479 19.1325
4.23611 81.155 19.2272
4.24306 75.2196 19.3219
4.25 70.4743 19.4165
4.25694 69.2217 19.5112
4.26389 71.7795 19.6059
4.27083 76.8 19.7005
4.27778 82.4073 19.7952
4.28472 86.6342 19.8899
4.29167 87.8194 19.9845
4.29861 85.2759 20.0792
4.30556 79.8834 20.1739
4.3125 74.0383 20.2685
4.31944 70.6113 20.1971
4.32639 71.144 20.125
4.33333 75.0543 20.0529
4.34028 80.6465 19.9808
4.34722 85.9384 19.9088
4.35417 89.017 19.8367
4.36111 88.5445 19.7646
4.36806 84.4825 19.6926
4.375 78.4534 19.6205
4.38194 73.3001 19.5484
4.38889 71.5455 19.4764
4.39583 73.7734 19.4043
4.40278 78.7215 19.3322
4.40972 84.4947 19.2601
4.41667 89.0747 19.1881
4.42361 90.7018 19.116
4.43056 88.5207 19.0439
4.4375 83.232 18.9719
4.44444 77.1395 18.8998
4.45139 73.2224 18.8277
4.45833 73.2971 18.7556
4.46528 76.9867 18.6836
4.47222 82.6139 18.6115
4.47917 88.1631 18.5394
4.48611 91.6543 18.4674
4.49306 91.6182 18.3953
4.5 87.8292 18.3232
4.50694 81.7538 18.2512
4.51389 76.2168 18.1791
4.52083 73.944 18.107
4.52778 75.8006 18.0349
4.53472 80.6393 17.9629
4.54167 86.551 17.8908
4.54861 91.47 17.8187
4.55556 93.5457 17.7467
4.5625 91.7588 17.6746
4.56944 86.6213 17.6025
4.57639 80.3231 17.5304
4.58333 75.9232 17.4584
4.59028 75.5087 17.3863
4.59722 78.9361 17.3142
4.60417 84.5643 17.2422
4.61111 90.3482 17.1701
4.61806 94.2459 17.098
4.625 94.6638 17.026
4.63194 91.1887 16.9539
4.63889 85.116 16.8818
4.64583 79.2254 16.8097
4.65278 76.4232 16.7377
4.65972 77.8682 16.6656
4.66667 82.5585 16.5935
4.67361 88.579 16.5215
4.68056 93.8203 16.4494
4.6875 96.348 16.3773
4.69444 94.9841 16.3052
4.70139 90.045 16.2332
4.70833 83.5864 16.1611
4.71528 78.7174 16.089
4.72222 77.7861 16.017
4.72917 80.9087 15.9449
4.73611 86.502 15.8728
4.74306 92.4959 15.8008
4.75 96.7905 15.7287
4.75694 97.6767 15.6566
4.76389 94.5543 15.5845
4.77083 88.5348 15.5125
4.77778 82.3257 15.4404
4.78472 78.9891 15.3683
4.79167 79.9836 15.2963
4.79861 84.4849 15.2242
4.80556 90.5822 15.1521
4.8125 96.1262 15.08
4.81944 99.1057 15.008
4.82639 98.1906 14.9359
4.83333 93.4963 14.8638
4.84028 86.9259 14.7918
4.84722 81.6076 14.7197
4.85417 80.1366 14.6476
4.86111 82.9112 14.5756
4.86806 88.4319 14.5035
4.875 94.6085 14.4314
4.88194 99.2874 14.3593
4.88889 100.652 14.2873
4.89583 97.9192 14.2152
4.90278 92.004 14.1431
4.90972 85.5167 14.0701
4.91667 81.6469 13.893
4.92361 82.1542 13.7159
4.93056 86.4245 13.5388
4.9375 92.5645 13.3617
4.94444 98.3892 13.1846
4.95139 101.817 13.0075
4.95833 101.372 12.8304
4.96528 96.9683 12.6533
4.97222 90.3372 12.4762
4.97917 84.5956 12.2991
4.98611 82.567 12.122
4.99306 84.9505 11.9449
5 90.3591 11.7678
5.00694 96.689 11.5907
5.01389 101.737 11.4136
5.02083 103.587 11.2366
5.02778 101.277 11.0595
5.03472 95.5172 10.8824
5.04167 88.7963 10.7053
5.04861 84.4008 10.7118
5.05556 84.3877 10.7385
5.0625 88.3836 10.7651
5.06944 94.5299 10.7918
5.07639 100.611 10.8185
5.08333 104.479 10.8452
5.09028 104.524 10.8719
5.09722 100.454 10.8986
5.10417 93.8151 10.9253
5.11111 87.6821 10.952
5.11806 85.084 10.9787
5.125 87.0338 11.0053
5.13194 92.2892 11.032
5.13889 98.7405 11.0587
5.14583 104.138 11.0854
5.15278 106.477 11.1121
5.15972 104.621 11.1388
5.16667 99.0672 11.1655
5.17361 92.1615 11.1922
5.18056 87.2546 11.2189
5.1875 86.6916 11.2456
5.19444 90.3687 11.2722
5.20139 96.4832 11.2989
5.20833 102.793 11.3256
5.21528 107.091 11.3523
5.22222 107.641 11.379
5.22917 103.946 11.4057
5.23611 97.3537 11.4324
5.24306 90.8669 11.4591
5.25 87.6934 11.4858
5.25694 89.1687 11.5124
5.26389 94.2283 11.5391
5.27083 100.767 11.5658
5.27778 106.493 11.5925
5.28472 109.32 11.6192
5.29167 107.944 11.6459
5.29861 102.647 11.6726
5.30556 95.6083 11.6993
5.3125 90.2109 11.726
5.31944 89.0734 11.7526
5.32639 92.3868 11.7793
5.33333 98.4294 11.806
5.34028 104.94 11.8327
5.34722 109.653 11.8594
5.35417 110.718 11.8861
5.36111 107.437 11.9128
5.36806 100.946 11.9395
5.375 94.1487 11.9662
5.38194 90.4005 11.9929
5.38889 91.3628 12.0195
5.39583 96.1827 12.0462
5.40278 102.772 12.0729
5.40972 108.803 12.0996
5.41667 112.112 12.1263
5.42361 111.241 12.153
5.43056 106.249 12.1797
5.4375 99.1321 12.2064
5.44444 93.2715 12.2331
5.45139 91.5402 12.2597
5.45833 94.4449 12.2864
5.46528 100.374 12.3131
5.47222 107.052 12.3398
5.47917 112.164 12.3665
5.48611 113.751 12.3932
5.49306 110.92 12.4199
5.5 104.586 12.4466
5.50694 97.5251 12.4733
5.51389 93.2098 12.5
5.52083 93.6238 12.5266
5.52778 98.1588 12.5533
5.53472 104.761 12.58
5.54167 111.069 12.6067
5.54861 114.853 12.6334
5.55556 114.506 12.6601
5.5625 109.864 12.6868
5.56944 102.727 12.7135
5.57639 96.4369 12.8148
5.58333 94.0986 13.0004
5.59028 96.5506 13.1859
5.59722 102.323 13.3715
5.60417 109.135 13.5571
5.61111 114.625 13.7426
5.61806 116.736 13.9282
5.625 114.388 14.1138
5.63194 108.265 14.2993
5.63889 100.993 14.4849
5.64583 96.1251 14.4657
5.65278 95.9596 14.4278
5.65972 100.164 14.3899
5.66667 106.737 14.352
5.67361 113.294 14.3141
5.68056 117.541 14.2762
5.6875 117.733 14.2383
5.69444 113.487 14.2004
5.70139 106.387 14.1625
5.70833 99.7068 14.1246
5.71528 96.7548 14.0866
5.72222 98.7114 14.0487
5.72917 104.282 14.0108
5.73611 111.193 13.9729
5.74306 117.036 13.935
5.75 119.67 13.8971
5.75694 117.833 13.8592
5.76389 111.976 13.8213
5.77083 104.547 13.7834
5.77778 99.1489 13.7455
5.78472 98.3776 13.7076
5.79167 102.205 13.6697
5.79861 108.708 13.6318
5.80556 115.481 13.5939
5.8125 120.174 13.556
5.81944 120.917 13.5181
5.82639 117.108 13.4802
5.83333 110.104 13.4423
5.84028 103.08 13.4044
5.84722 99.5141 13.3665
5.85417 100.935 13.3286
5.86111 106.259 13.2907
5.86806 113.228 13.2528
5.875 119.399 13.2149
5.88194 122.551 13.1769
5.88889 121.251 13.139
5.89583 115.71 13.1011
5.90278 108.184 13.0632
5.90972 102.283 13.0253
5.91667 100.885 12.9874
5.92361 104.289 12.9495
5.93056 110.678 12.9116
5.9375 117.634 12.8737
5.94444 122.754 12.8358
5.95139 124.054 12.7979
5.95833 120.72 12.76
5.96528 113.871 12.7221
5.97222 106.553 12.6842
5.97917 102.381 12.6463
5.98611 103.23 12.6084
5.99306 108.26 12.5705
6 115.248 12.5326
6.00694 121.717 12.4947
6.01389 125.376 12.4568
6.02083 124.633 12.4189
6.02778 119.458 12.381
6.03472 111.896 12.3431
6.04167 105.527 12.3052
6.04861 103.489 12.2672
6.05556 106.423 12.2293
6.0625 112.653 12.1914
6.06944 119.755 12.1535
6.07639 125.28 12.1156
6.08333 127.139 12.0777
6.09028 124.315 12.0398
6.09722 117.68 12.0019
6.10417 110.122 11.964
6.11111 105.359 11.9261
6.11806 105.603 11.8882
6.125 110.292 11.8503
6.13194 117.255 11.8124
6.13889 123.992 11.7745
6.14583 128.145 11.7366
6.15278 127.974 11.6987
6.15972 123.213 11.6608
6.16667 115.676 11.6229
6.17361 108.882 11.585
6.18056 106.195 11.5471
6.1875 108.617 11.5092
6.19444 114.64 11.4713
6.20139 121.851 11.4334
6.20833 127.754 11.3955
6.21528 130.17 11.3575
6.22222 127.887 11.3196
6.22917 121.523 11.2817
6.23611 113.784 11.2438
6.24306 108.451 11.2059
6.25 108.062 11.168
6.25694 112.363 11.1301
6.26389 119.257 11.0922
6.27083 126.227 11.0543
6.27778 130.856 11.0164
6.28472 131.27 10.9785
6.29167 126.966 10.9406
6.29861 119.517 10.9027
6.30556 112.345 10.8673
6.3125 109.009 10.8362
6.31944 110.876 10.8051
6.32639 116.647 10.774
6.33333 123.924 10.7429
6.34028 130.177 10.7117
6.34722 133.144 10.6806
6.35417 131.427 10.6495
6.36111 125.389 10.6184
6.36806 117.531 10.5873
6.375 111.659 10.5561
6.38194 110.615 10.525
6.38889 114.479 10.4939
6.39583 121.26 10.4628
6.40278 128.425 10.4317
6.40972 133.51 10.4005
6.41667 134.515 10.3694
6.42361 130.709 10.3383
6.43056 123.411 10.3072
6.4375 115.913 10.2761
6.44444 111.936 10.2449
6.45139 113.21 10.2138
6.45833 118.68 10.1827
6.46528 125.981 10.1516
6.47222 132.552 10.1205
6.47917 136.059 10.0893
6.48611 134.93 10.0582
6.49306 129.271 10.0271
6.5 121.358 9.99597
6.50694 114.982 9.96485
6.51389 113.267 9.93373
6.52083 116.65 9.90261
6.52778 123.269 9.87149
6.53472 130.592 9.84037
6.54167 136.107 9.80925
6.54861 137.704 9.77813
6.55556 134.433 9.74701
6.5625 127.349 9.71589
6.56944 119.583 9.69749
6.57639 114.978 9.74579
6.58333 115.625 9.79408
6.59028 120.746 9.84238
6.59722 128.026 9.89068
6.60417 134.882 9.93897
6.61111 138.912 9.98727
6.61806 138.388 10.0356
6.625 133.158 10.0839
6.63194 125.257 10.1322
6.63889 118.421 10.1805
6.64583 116.027 10.2288
6.65278 118.882 10.277
6.65972 125.292 10.3253
6.66667 132.731 10.3736
6.67361 138.648 10.4219
6.68056 140.835 10.4702
6.6875 138.132 10.5185
6.69444 131.322 10.5668
6.70139 123.349 10.6151
6.70833 118.139 10.6634
6.71528 118.13 10.7117
6.72222 122.853 10.76
6.72917 130.067 10.8083
6.73611 137.17 10.8566
6.74306 141.705 10.9049
6.75 141.798 10.9532
6.75694 137.043 11.0015
6.76389 129.22 11.0498
6.77083 121.972 11.0981
6.77778 118.898 11.1464
6.78472 121.183 11.1947
6.79167 127.335 11.243
6.79861 134.848 11.2913
6.80556 141.136 11.3396
6.8125 143.905 11.3879
6.81944 141.796 11.4362
6.82639 135.319 11.4845
6.83333 127.205 11.5328
6.84028 121.419 11.5811
6.84722 120.732 11.6294
6.85417 125.009 11.6776
6.86111 132.109 11.7259
6.86806 139.42 11.7742
6.875 144.437 11.8225
6.88194 145.152 11.8708
6.88889 140.917 11.9191
6.89583 133.238 11.9674
6.90278 125.633 12.0157
6.90972 121.885 12.064
6.91667 123.561 12.1123
6.92361 129.406 12.1606
6.93056 136.949 12.2089
6.9375 143.572 12.2572
6.94444 146.912 12.3055
6.95139 145.42 12.3538
6.95833 139.332 12.4021
6.96528 131.144 12.4504
6.97222 124.82 12.2922
6.97917 123.437 12.0939
6.98611 127.221 11.8956
6.99306 134.158 11.6972
7 141.637 11.4989
7.00694 147.108 11.3006
7.01389 148.448 11.1023
7.02083 144.77 10.904
7.02778 137.302 10.7057
7.03472 129.4 10.5073
7.04167 124.992 10.309
7.04861 126.024 10.1107
7.05556 131.513 9.91239
7.0625 139.039 9.71407
7.06944 145.962 9.51575
7.07639 149.853 9.31743
7.08333 148.997 9.11912
7.09028 143.351 8.9208
7.09722 135.158 8.72248
7.10417 128.34 8.52416
7.11111 126.252 8.32585
7.11806 129.498 8.12753
7.125 136.223 7.92921
7.13194 143.826 7.73089
7.13889 149.72 7.53257
7.14583 151.681 7.33426
7.15278 148.594 7.13594
7.15972 141.401 6.93762
7.16667 133.267 6.7393
7.17361 128.221 6.54099
7.18056 128.579 6.34267
7.1875 133.664 6.14435
7.19444 141.124 5.94603
7.20139 148.307 5.74772
7.20833 152.73 5.5494
7.21528 152.52 5.35108
7.22222 147.366 5.15276
7.22917 139.238 4.95445
7.23611 131.977 4.75613
7.24306 129.182 4.55781
7.25 131.846 4.35949
7.25694 138.309 4.16118
7.26389 145.992 3.96286
7.27083 152.276 3.76454
7.27778 154.848 3.56622
7.28472 152.382 3.3679
7.29167 145.527 3.16959
7.29861 137.227 2.9961
7.30556 131.573 3.17641
7.3125 131.234 3.35672
7.31944 135.865 3.53703
7.32639 143.211 3.71734
7.33333 150.613 3.89765
7.34028 155.542 4.07796
7.34722 155.985 4.25827
7.35417 151.368 4.43858
7.36111 143.376 4.61889
7.36806 135.728 4.7992
7.375 132.23 4.97951
7.38194 134.274 5.15982
7.38889 140.426 5.34013
7.39583 148.141 5.52044
7.40278 154.777 5.70075
7.40972 157.948 5.88106
7.41667 156.127 6.06137
7.42361 149.668 6.24168
7.43056 141.273 6.42199
7.4375 135.05 6.6023
7.44444 133.994 6.78261
7.45139 138.124 6.96292
7.45833 145.306 7.14323
7.46528 152.884 7.32354
7.47222 158.289 7.50385
7.47917 159.387 7.68416
7.48611 155.347 7.86447
7.49306 147.561 8.04478
7.5 139.587 8.22509
7.50694 135.402 8.4054
7.51389 136.788 8.58572
7.52083 142.579 8.76603
7.52778 150.28 8.94634
7.53472 157.229 9.12665
7.54167 160.979 9.30696
7.54861 159.82 9.48727
7.55556 153.814 9.66758
7.5625 145.397 9.84789
7.56944 138.648 9.90656
7.57639 136.866 9.94401
7.58333 140.45 9.98146
7.59028 147.418 10.0189
7.59722 155.127 10.0564
7.60417 160.974 10.0938
7.61111 162.722 10.1313
7.61806 159.296 10.1687
7.625 151.783 10.2062
7.63194 143.549 10.2436
7.63889 138.698 10.2811
7.64583 139.397 10.3185
7.65278 144.778 10.356
7.65972 152.414 10.3934
7.66667 159.635 10.4309
7.67361 163.94 10.4683
7.68056 163.457 10.5058
7.6875 157.955 10.5432
7.69444 149.589 10.5807
7.70139 142.367 10.6181
7.70833 139.855 10.6556
7.71528 142.85 10.6931
7.72222 149.554 10.7305
7.72917 157.346 10.768
7.73611 163.6 10.8054
7.74306 165.987 10.8429
7.75 163.205 10.8803
7.75694 156.031 10.9178
7.76389 147.608 10.9552
7.77083 142.12 10.9927
7.77778 142.107 11.0301
7.78472 147.03 11.0676
7.79167 154.552 11.105
7.79861 161.999 11.1425
7.80556 166.833 11.1799
7.8125 167.03 11.2174
7.81944 162.081 11.2548
7.82639 153.84 11.2923
7.83333 146.201 11.2062
7.84028 142.965 11.0493
7.84722 145.332 10.8925
7.85417 151.721 10.7357
7.86111 159.548 10.5789
7.86806 166.169 10.4221
7.875 169.18 10.2653
7.88194 167.067 10.1085
7.88889 160.294 9.95164
7.89583 151.755 9.79483
7.90278 145.669 9.63801
7.90972 144.925 9.4812
7.91667 149.342 9.32438
7.92361 156.699 9.16757
7.93056 164.328 9.01075
7.9375 169.658 8.85394
7.94444 170.537 8.69712
7.95139 166.183 8.54031
7.95833 158.14 8.38349
7.96528 150.148 8.32915
7.97222 146.2 8.36654
7.97917 147.902 8.40394
7.98611 153.926 8.44133
7.99306 161.739 8.47872
8 168.685 8.51611
8.00694 172.299 8.55351
8.01389 170.875 8.5909
8.02083 164.562 8.62829
8.02778 155.982 8.66568
8.03472 149.342 8.70308
8.04167 147.855 8.74047
8.04861 151.722 8.77786
8.05556 158.863 8.81525
8.0625 166.627 8.85265
8.06944 172.417 8.89004
8.07639 173.972 8.92743
8.08333 170.252 8.96482
8.09028 162.477 9.00222
8.09722 154.2 9.03961
8.10417 149.562 9.077
8.11111 150.567 9.11439
8.11806 156.179 9.15179
8.125 163.927 9.18918
8.13194 171.153 9.22657
8.13889 175.346 9.26396
8.14583 174.622 9.30136
8.15278 168.824 9.33875
8.15972 160.279 9.37614
8.16667 153.137 9.41353
8.17361 150.904 9.45093
8.18056 154.178 9.48832
8.1875 161.052 9.52571
8.19444 168.902 9.5631
8.20139 175.113 9.6005
8.20833 177.333 9.63789
8.21528 174.278 9.67528
8.22222 166.841 9.71267
8.22917 158.35 9.75007
8.23611 153.051 9.78746
8.24306 153.335 9.82485
8.25 158.485 9.86224
8.25694 166.119 9.89963
8.26389 173.578 9.93703
8.27083 178.319 9.97442
8.27778 178.302 10.0118
8.28472 173.07 10.0492
8.29167 164.636 10.0866
8.29861 157.05 10.0518
8.30556 154.075 9.99392
8.3125 156.716 9.93609
8.31944 163.274 9.87825
8.32639 171.16 9.82041
8.33333 177.749 9.76257
8.34028 180.618 9.70474
8.34722 178.254 9.6469
8.35417 171.22 9.58906
8.36111 162.59 9.53123
8.36806 156.667 9.47339
8.375 156.211 9.41555
8.38194 160.854 9.35772
8.38889 168.321 9.29988
8.39583 175.966 9.24204
8.40278 181.221 9.18421
8.40972 181.911 9.12637
8.41667 177.289 9.06853
8.42361 169.043 9.01069
8.43056 161.077 8.95286
8.4375 157.371 8.89502
8.44444 159.344 8.83718
8.45139 165.536 8.77935
8.45833 173.408 8.72151
8.46528 180.331 8.66367
8.47222 183.826 8.60584
8.47917 182.172 8.548
8.48611 175.603 8.49016
8.49306 166.912 8.43232
8.5 160.409 8.37449
8.50694 159.2 8.31665
8.51389 163.292 8.25881
8.52083 170.542 8.20098
8.52778 178.324 8.14314
8.53472 184.053 8.0853
8.54167 185.444 8.02747
8.54861 181.472 7.96963
8.55556 173.488 7.91179
8.5625 165.21 7.85396
8.56944 160.795 7.79612
8.57639 162.068 7.73828
8.58333 167.846 7.68044
8.59028 175.652 7.62261
8.59722 182.862 7.56477
8.60417 186.955 7.50693
8.61111 186.026 7.4491
8.61806 179.979 7.39126
8.625 171.306 7.33342
8.63194 164.275 7.27559
8.63889 162.308 7.21775
8.64583 165.806 7.15991
8.65278 172.789 7.10207
8.65972 180.657 7.04424
8.66667 186.82 6.9864
8.67361 188.899 6.92856
8.68056 185.61 6.87073
8.6875 177.959 6.81289
8.69444 169.444 6.75505
8.70139 164.347 6.69722
8.70833 164.895 6.63938
8.71528 170.211 6.58154
8.72222 177.901 6.52371
8.72917 185.349 6.46587
8.73611 190.008 6.40803
8.74306 189.809 6.35019
8.75 184.338 6.29236
8.75694 175.76 6.23452
8.76389 168.26 6.17668
8.77083 165.539 6.11885
8.77778 168.404 6.06101
8.78472 175.069 6.00317
8.79167 182.972 5.94534
8.79861 189.524 5.8875
8.80556 192.273 5.82966
8.8125 189.695 5.77182
8.81944 182.446 5.71399
8.82639 173.769 5.67085
8.83333 168.026 5.65805
8.84028 167.83 5.64525
8.84722 172.64 5.63245
8.85417 180.162 5.61966
8.86111 187.797 5.60686
8.86806 192.986 5.59406
8.875 193.516 5.58126
8.88194 188.667 5.56847
8.88889 180.264 5.55567
8.89583 172.359 5.54287
8.90278 168.894 5.53007
8.90972 171.092 5.51727
8.91667 177.391 5.50448
8.92361 185.278 5.49168
8.93056 192.171 5.47888
8.9375 195.566 5.46608
8.94444 193.718 5.45329
8.95139 186.936 5.44049
8.95833 178.177 5.42769
8.96528 171.832 5.41489
8.97222 170.878 5.4021
8.97917 175.138 5.3893
8.98611 182.442 5.3765
8.99306 190.214 5.3637
9 195.891 5.35091
9.00694 197.144 5.33811
9.01389 192.959 5.32531
9.02083 184.807 5.31251
9.02778 176.566 5.29972
9.03472 172.376 5.28692
9.04167 173.876 5.27412
9.04861 179.762 5.26132
9.05556 187.581 5.24852
9.0625 194.765 5.23573
9.06944 198.777 5.22293
9.07639 197.674 5.21013
9.08333 191.418 5.19733
9.09028 182.656 5.18454
9.09722 175.761 5.17174
9.10417 174.044 5.15894
9.11111 177.714 5.14614
9.11806 184.749 5.13335
9.125 192.606 5.12055
9.13194 198.727 5.10775
9.13889 200.69 5.09495
9.14583 197.202 5.08216
9.15278 189.377 5.06936
9.15972 180.874 5.05656
9.16667 175.986 5.04376
9.17361 176.762 5.03096
9.18056 182.189 5.01817
9.1875 189.889 5.00537
9.19444 197.314 4.99257
9.20139 201.908 4.97977
9.20833 201.555 4.96698
9.21528 195.88 4.95418
9.22222 187.198 4.94138
9.22917 179.81 4.92858
9.23611 177.331 4.91579
9.24306 180.373 4.90299
9.25 187.091 4.89019
9.25694 194.981 4.87739
9.26389 201.498 4.8646
9.27083 204.151 4.8518
9.27778 201.389 4.839
9.28472 193.962 4.8262
9.29167 185.274 4.81341
9.29861 179.722 4.80061
9.30556 179.756 4.78781
9.3125 184.679 4.77501
9.31944 192.21 4.76221
9.32639 199.823 4.74942
9.33333 204.959 4.73662
9.34028 205.357 4.72382
9.34722 200.313 4.71102
9.35417 191.79 4.69823
9.36111 183.973 4.68543
9.36806 180.741 4.67263
9.375 183.122 4.65983
9.38194 189.475 4.64704
9.38889 197.346 4.63424
9.39583 204.209 4.62144
9.40278 207.526 4.60864
9.40972 205.512 4.59585
9.41667 198.549 4.58305
9.42361 189.756 4.57025
9.43056 183.585 4.55745
9.4375 182.861 4.54466
9.44444 187.24 4.53186
9.45139 194.551 4.51906
9.45833 202.299 4.50626
9.46528 207.935 4.49346
9.47222 209.076 4.48067
9.47917 204.705 4.46787
9.48611 196.421 4.45507
9.49306 188.244 4.44227
9.5 184.277 4.42948
9.50694 185.966 4.41668
9.51389 191.908 4.40388
9.52083 199.708 4.39108
9.52778 206.866 4.37829
9.53472 210.816 4.36549
9.54167 209.564 4.35269
9.54861 203.128 4.33989
9.55556 194.312 4.3271
9.5625 187.57 4.3143
9.56944 186.083 4.3015
9.57639 189.878 4.2887
9.58333 196.921 4.27591
9.59028 204.75 4.26311
9.59722 210.839 4.25031
9.60417 212.708 4.23751
9.61111 209.047 4.22471
9.61806 201.078 4.21192
9.625 192.615 4.19912
9.63194 187.94 4.18632
9.63889 188.912 4.17352
9.64583 194.399 4.16073
9.65278 202.077 4.14793
9.65972 209.475 4.13513
9.66667 214.021 4.12233
9.67361 213.539 4.10954
9.68056 207.686 4.09674
9.6875 198.929 4.08394
9.69444 191.673 4.07114
9.70139 189.423 4.05835
9.70833 192.6 4.04555
9.71528 199.325 4.03275
9.72222 207.184 4.01995
9.72917 213.675 4.00716
9.73611 216.252 3.99436
9.74306 213.33 3.98156
9.75 205.75 3.96876
9.75694 197.079 3.95596
9.76389 191.727 3.94317
9.77083 191.963 3.93037
9.77778 196.953 3.91757
9.78472 204.459 3.90477
9.79167 212.044 3.89198
9.79861 217.145 3.87918
9.80556 217.43 3.86638
9.8125 212.213 3.85358
9.81944 203.597 3.84079
9.82639 195.89 3.82799
9.83333 192.885 3.81519
9.84028 195.41 3.80239
9.84722 201.773 3.7896
9.85417 209.608 3.7768
9.86111 216.449 3.764
9.86806 219.707 3.7512
9.875 217.547 3.7384
9.88194 210.425 3.72561
9.88889 201.625 3.71281
9.89583 195.638 3.70001
9.90278 195.123 3.68721
9.90972 199.578 3.67442
9.91667 206.863 3.66162
9.92361 214.58 3.64882
9.93056 220.19 3.63602
9.9375 221.235 3.62323
9.94444 216.698 3.61043
9.95139 208.304 3.59763
9.95833 200.215 3.58483
9.96528 196.47 3.57204
9.97222 198.314 3.55924
9.97917 204.271 3.54644
9.98611 212.031 3.53364
9.99306 219.168 3.52085
10 223.073 3.50805
10.0069 221.689 3.49525
10.0139 215.091 3.48245
10.0208 206.245 3.46965
10.0278 199.671 3.45686
10.0347 198.398 3.44406
10.0417 202.279 3.43126
10.0486 209.295 3.41846
10.0556 217.09 3.40567
10.0625 223.16 3.39287
10.0694 224.951 3.38007
10.0764 221.131 3.36727
10.0833 213.038 3.35448
10.0903 204.639 3.34168
10.0972 200.179 3.32888
10.1042 201.318 3.31608
10.1111 206.827 3.30329
10.1181 214.461 3.29049
10.125 221.838 3.27769
10.1319 226.351 3.26489
10.1389 225.751 3.2521
10.1458 219.735 3.2393
10.1528 210.926 3.2265
10.1597 203.82 3.2137
10.1667 201.788 3.2009
10.1736 205.063 3.18811
10.1806 211.764 3.17531
10.1875 219.583 3.16251
10.1944 226.06 3.14971
10.2014 228.574 3.13692
10.2083 225.503 3.12412
10.2153 217.787 3.11132
10.2222 209.155 3.09062
10.2292 204.01 3.06643
10.2361 204.424 3.04224
10.2431 209.446 3.01805
10.25 216.905 2.99386
10.2569 224.466 2.96967
10.2639 229.544 2.94548
10.2708 229.728 2.92129
10.2778 224.347 2.8971
10.2847 215.658 2.87291
10.2917 208.081 2.84872
10.2986 205.297 2.82453
10.3056 207.934 2.80034
10.3125 214.277 2.77615
10.3194 222.067 2.75196
10.3264 228.896 2.72777
10.3333 232.106 2.70358
10.3403 229.806 2.67939
10.3472 222.538 2.6552
10.3542 213.753 2.63101
10.3611 207.962 2.60682
10.3681 207.638 2.58263
10.375 212.135 2.55844
10.3819 219.371 2.53425
10.3889 227.06 2.51006
10.3958 232.656 2.48587
10.4028 233.615 2.46168
10.4097 228.916 2.43749
10.4167 220.429 2.4133
10.4236 212.447 2.38911
10.4306 208.925 2.36492
10.4375 210.898 2.34073
10.4444 216.84 2.31654
10.4514 224.55 2.29234
10.4583 231.675 2.26815
10.4653 235.545 2.24396
10.4722 234.033 2.21977
10.4792 227.28 2.19558
10.4861 218.424 2.18039
10.4931 212.032 2.175
10.5 210.962 2.16962
10.5069 214.899 2.16423
10.5139 221.867 2.15885
10.5208 229.628 2.15346
10.5278 235.691 2.14808
10.5347 237.409 2.14269
10.5417 233.432 2.13731
10.5486 225.228 2.13192
10.5556 216.912 2.12654
10.5625 212.673 2.12115
10.5694 213.958 2.11577
10.5764 219.461 2.11038
10.5833 227.04 2.105
10.5903 234.404 2.09961
10.5972 238.894 2.09423
10.6042 238.177 2.08884
10.6111 232 2.08346
10.6181 223.156 2.07808
10.625 216.217 2.07269
10.6319 214.398 2.06731
10.6389 217.745 2.06192
10.6458 224.4 2.05654
10.6528 232.18 2.05115
10.6597 238.653 2.04577
10.6667 241.109 2.04038
10.6736 237.885 2.035
10.6806 230.041 2.02961
10.6875 221.468 2.02423
10.6944 216.54 2.01884
10.7014 217.118 2.01346
10.7083 222.144 2.00807
10.7153 229.545 2.00269
10.7222 237.09 1.9973
10.7292 242.155 1.99192
10.7361 242.234 1.98653
10.7431 236.688 1.98115
10.75 227.94 1.97576
10.7569 220.511 1.97038
10.7639 217.948 1.965
10.7708 220.676 1.95961
10.7778 226.978 1.95423
10.7847 234.722 1.94884
10.7917 241.551 1.94346
10.7986 244.714 1.93807
10.8056 242.269 1.93269
10.8125 234.857 1.9273
10.8194 226.105 1.92192
10.8264 220.525 1.91653
10.8333 220.381 1.91115
10.8403 224.897 1.90576
10.8472 232.074 1.90038
10.8542 239.742 1.89499
10.8611 245.333 1.88961
10.8681 246.199 1.88422
10.875 241.332 1.87884
10.8819 232.762 1.87345
10.8889 224.908 1.86807
10.8958 221.614 1.86268
10.9028 223.697 1.8573
10.9097 229.606 1.85192
10.9167 237.265 1.84653
10.9236 244.389 1.84115
10.9306 248.225 1.83576
10.9375 246.574 1.83038
10.9444 239.664 1.82499
10.9514 230.815 1.81961
10.9583 224.623 1.81422
10.9653 223.75 1.80884
10.9722 227.725 1.80345
10.9792 234.633 1.79807
10.9861 242.369 1.79268
10.9931 248.431 1.7873
11 250.069 1.78191
11.0069 245.922 1.77653
11.0139 237.613 1.77114
11.0208 229.402 1.76576
11.0278 225.394 1.76037
11.0347 226.811 1.75499
11.0417 232.292 1.7496
11.0486 239.815 1.74422
11.0556 247.176 1.73884
11.0625 251.643 1.73345
11.0694 250.796 1.72807
11.0764 244.45 1.72268
11.0833 235.585 1.7173
11.0903 228.833 1.71191
11.0972 227.228 1.70653
11.1042 230.631 1.70114
11.1111 237.231 1.69576
11.1181 244.978 1.69037
11.125 251.455 1.68499
11.1319 253.843 1.6796
11.1389 250.45 1.67422
11.1458 242.478 1.66883
11.1528 233.985 1.66345
11.1597 229.289 1.65806
11.1667 230.022 1.65268
11.1736 235.04 1.64729
11.1806 242.382 1.64191
11.1875 249.92 1.63652
11.1944 254.971 1.63114
11.2014 254.928 1.62576
11.2083 249.203 1.62037
11.2153 240.407 1.61499
11.2222 233.149 1.6096
11.2292 230.814 1.60422
11.2361 233.621 1.59883
11.2431 239.873 1.59345
11.25 247.579 1.58806
11.2569 254.413 1.58268
11.2639 257.52 1.57729
11.2708 254.907 1.57191
11.2778 247.347 1.56652
11.2847 238.648 1.56114
11.2917 233.297 1.55575
11.2986 233.332 1.55037
11.3056 237.856 1.54498
11.3125 244.973 1.5396
11.3194 252.63 1.53421
11.3264 258.213 1.52883
11.3333 258.968 1.52344
11.3403 253.914 1.51806
11.3472 245.268 1.51268
11.3542 237.565 1.50729
11.3611 234.51 1.50191
11.3681 236.697 1.49652
11.375 242.566 1.49114
11.3819 250.18 1.48575
11.3889 257.31 1.48037
11.3958 261.1 1.47498
11.4028 259.286 1.4696
11.4097 252.208 1.46421
11.4167 243.382 1.45883
11.4236 237.415 1.45344
11.4306 236.743 1.44806
11.4375 240.745 1.44267
11.4444 247.595 1.43729
11.4514 255.314 1.4319
11.4583 261.374 1.42652
11.4653 262.911 1.42113
11.4722 258.571 1.41575
11.4792 250.157 1.41036
11.4861 242.076 1.40498
11.4931 238.316 1.3996
11.5 239.863 1.39421
11.5069 245.316 1.38883
11.5139 252.791 1.38344
11.5208 260.156 1.37806
11.5278 264.586 1.37267
11.5347 263.58 1.36729
11.5417 257.049 1.3619
11.5486 248.178 1.41712
11.5556 241.639 1.51017
11.5625 240.256 1.60323
11.5694 243.711 1.69628
11.5764 250.256 1.78933
11.5833 257.981 1.88238
11.5903 264.46 1.97543
11.5972 266.756 2.06848
11.6042 263.166 2.16154
11.6111 255.062 2.25459
11.6181 246.673 2.34764
11.625 242.231 2.44069
11.6319 243.121 2.53374
11.6389 248.128 2.6268
11.6458 255.418 2.71985
11.6528 262.958 2.8129
11.6597 267.98 2.90595
11.6667 267.784 2.999
11.6736 261.858 3.09205
11.6806 253.024 3.26699
11.6875 245.965 3.52103
11.6944 243.873 3.77507
11.7014 246.757 4.02911
11.7083 252.962 4.28315
11.7153 260.64 4.53719
11.7222 267.478 4.79123
11.7292 270.503 5.04527
11.7361 267.69 5.29931
11.7431 259.972 5.55336
11.75 251.349 5.8074
11.7569 246.253 6.06144
11.7639 246.474 6.31548
11.7708 251.006 6.56952
11.7778 258.07 6.82356
11.7847 265.725 7.0776
11.7917 271.287 7.33164
11.7986 271.895 7.58568
11.8056 266.626 7.83972
11.8125 257.91 8.03115
11.8194 250.389 8.12941
11.8264 247.593 8.22768
11.8333 249.887 8.32594
11.8403 255.719 8.42421
11.8472 263.3 8.52248
11.8542 270.436 8.62074
11.8611 274.153 8.71901
11.8681 272.137 8.81728
11.875 264.875 8.91554
11.8819 256.094 9.01381
11.8889 250.38 9.11208
11.8958 249.922 9.21034
11.9028 253.955 9.30861
11.9097 260.754 9.40687
11.9167 268.466 9.50514
11.9236 274.512 9.60341
11.9306 275.909 9.70167
11.9375 271.342 9.79994
11.9444 262.825 9.89821
11.9514 254.903 9.99647
11.9583 251.418 10.0947
11.9653 253.102 10.193
11.9722 258.532 10.2913
11.9792 265.97 10.3895
11.9861 273.34 10.4878
11.9931 277.706 10.5861
12 276.499 10.6843
12.0069 269.76 10.7826
12.0139 260.901 10.8809
12.0208 254.609 10.9791
12.0278 253.466 11.0774
12.0347 256.979 11.1757
12.0417 263.478 11.2739
12.0486 271.191 11.3722
12.0556 277.661 11.4705
12.0625 279.824 11.5687
12.0694 275.997 11.667
12.0764 267.757 11.7653
12.0833 259.502 11.8635
12.0903 255.345 11.9618
12.0972 256.404 12.0601
12.1042 261.406 12.1583
12.1111 268.657 12.2566
12.1181 276.201 12.3549
12.125 281.168 12.4531
12.1319 280.772 12.5514
12.1389 274.616 12.6497
12.1458 265.758 12.7479
12.1528 258.935 12.8462
12.1597 257.108 12.9445
12.1667 260.079 13.0427
12.1736 266.247 13.141
12.1806 273.909 13.2393
12.1875 280.741 13.3375
12.1944 283.641 13.4358
12.2014 280.583 13.5341
12.2083 272.696 13.6323
12.2153 264.177 13.7306
12.2222 259.373 13.8289
12.2292 259.796 13.9271
12.2361 264.345 14.0254
12.2431 271.37 14.1237
12.25 279.026 14.2219
12.2569 284.541 14.3202
12.2639 284.951 14.4185
12.2708 279.432 14.5167
12.2778 270.655 14.615
12.2847 263.354 14.7133
12.2917 260.847 14.8115
12.2986 263.26 14.9098
12.3056 269.066 15.0081
12.3125 276.627 15.1063
12.3194 283.759 15.2046
12.3264 287.36 15.3029
12.3333 285.092 15.4011
12.3403 277.63 15.4994
12.3472 268.921 15.5977
12.3542 263.499 15.6959
12.3611 263.277 15.7942
12.3681 267.353 15.8925
12.375 274.116 15.9907
12.3819 281.826 16.089
12.3889 287.831 16.1872
12.3958 289.034 16.2855
12.4028 284.199 16.3838
12.4097 275.583 16.482
12.4167 267.86 16.5803
12.4236 264.683 16.6786
12.4306 266.521 16.7768
12.4375 271.941 16.8751
12.4444 279.357 16.9734
12.4514 286.724 17.0716
12.4583 290.982 17.1699
12.4653 289.518 17.2682
12.4722 282.549 17.3664
12.4792 273.724 17.4647
12.4861 267.722 17.563
12.4931 266.848 17.6612
12.5 270.432 17.7595
12.5069 276.901 17.8578
12.5139 284.61 17.956
12.5208 291.044 18.0543
12.5278 293.019 18.1526
12.5347 288.907 18.2508
12.5417 280.53 18.3491
12.5486 272.447 18.4474
12.5556 268.614 18.5456
12.5625 269.864 18.6439
12.5694 274.876 18.7422
12.5764 282.104 18.8404
12.5833 289.645 18.9387
12.5903 294.512 19.037
12.5972 293.856 19.1352
12.6042 287.441 19.2335
12.6111 278.579 19.3318
12.6181 272.037 19.43
12.625 270.509 19.5283
12.6319 273.585 19.6266
12.6389 279.732 19.7248
12.6458 287.387 19.8231
12.6528 294.188 19.9214
12.6597 296.906 20.0196
12.6667 293.548 20.1179
12.6736 285.485 20.2162
12.6806 277.108 20.3144
12.6875 272.64 20.4127
12.6944 273.291 20.511
12.7014 277.875 20.6092
12.7083 284.878 20.7075
12.7153 292.531 20.8058
12.7222 297.954 20.904
12.7292 298.103 21.0023
12.7361 292.296 21.1006
12.7431 283.474 21.1988
12.75 276.44 21.2971
12.7569 274.26 21.3954
12.7639 276.813 21.4936
12.7708 282.613 21.5919
12.7778 290.165 21.6902
12.7847 297.27 21.7884
12.7917 300.695 21.8867
12.7986 298.115 21.985
12.8056 290.439 22.078
12.8125 281.837 22.1167
12.8194 276.757 22.1555
12.8264 276.801 22.1942
12.8333 280.94 22.2329
12.8403 287.685 22.2717
12.8472 295.392 22.3104
12.8542 301.312 22.3491
12.8611 302.254 22.3878
12.8681 297.106 22.4266
12.875 288.402 22.4653
12.8819 280.926 22.504
12.8889 278.101 22.5427
12.8958 280.118 22.5815
12.9028 285.549 22.6202
12.9097 292.954 22.6589
12.9167 300.299 22.6976
12.9236 304.389 22.7364
12.9306 302.602 22.7751
12.9375 295.38 22.8138
12.9444 286.625 22.8526
12.9514 280.964 22.8913
12.9583 280.394 22.93
12.9653 284.073 22.9687
12.9722 290.532 23.0075
12.9792 298.236 23.0462
12.9861 304.593 23.0849
12.9931 306.31 23.1236
13 301.86 23.1624
13.0069 293.35 23.2011
13.0139 285.49 23.2398
13.0208 282.029 23.2785
13.0278 283.499 23.3173
13.0347 288.544 23.356
13.0417 295.763 23.3947
13.0486 303.283 23.4335
13.0556 307.99 23.4722
13.0625 307.004 23.5109
13.0694 300.299 23.5496
13.0764 291.463 23.5884
13.0833 285.258 23.6271
13.0903 284.07 23.6658
13.0972 287.276 23.7045
13.1042 293.423 23.7433
13.1111 301.074 23.782
13.1181 307.805 23.8207
13.125 310.268 23.8594
13.1319 306.552 23.8982
13.1389 298.31 23.9369
13.1458 290.125 23.9756
13.1528 286.045 24.0144
13.1597 286.958 24.0531
13.1667 291.6 24.0918
13.1736 298.597 24.1305
13.1806 306.233 24.1693
13.1875 311.504 24.208
13.1944 311.317 24.2467
13.2014 305.185 24.2854
13.2083 296.344 24.3053
13.2153 289.634 24.3194
13.2222 287.828 24.3335
13.2292 290.55 24.3475
13.2361 296.365 24.3616
13.2431 303.914 24.3757
13.25 310.955 24.3897
13.2569 314.13 24.4038
13.2639 311.173 24.4179
13.2708 303.272 24.4319
13.2778 294.826 24.446
13.2847 290.145 24.4601
13.2917 290.493 24.4741
13.2986 294.72 24.4882
13.3056 301.466 24.5023
13.3125 309.157 24.5163
13.3194 314.934 24.5304
13.3264 315.537 24.5445
13.3333 310.03 24.5585
13.3403 301.258 24.5726
13.3472 294.089 24.5867
13.3542 291.667 24.6007
13.3611 293.895 24.6148
13.3681 299.361 24.6289
13.375 306.765 24.6429
13.3819 314.052 24.657
13.3889 317.898 24.6711
13.3958 315.718 24.6851
13.4028 308.226 24.6992
13.4097 299.584 24.7133
13.4167 294.328 24.7273
13.4236 294.104 24.7414
13.4306 297.906 24.7555
13.4375 304.374 24.7695
13.4444 312.065 24.7836
13.4514 318.288 24.7977
13.4583 319.664 24.8117
13.4653 314.824 24.8258
13.4722 306.196 24.8399
13.4792 298.618 24.8539
13.4861 295.587 24.868
13.4931 297.312 24.8821
13.5 302.415 24.8961
13.5069 309.635 24.9102
13.5139 317.104 24.9243
13.5208 321.575 24.9383
13.5278 320.181 24.9524
13.5347 313.161 24.9665
13.5417 304.394 24.9805
13.5486 298.591 24.9946
13.5556 297.79 25.0087
13.5625 301.157 25.0228
13.5694 307.327 25.0368
13.5764 314.967 25.0509
13.5833 321.573 25.065
13.5903 323.696 25.079
13.5972 319.56 25.0931
13.6042 311.149 25.1072
13.6111 303.215 25.1212
13.6181 299.585 25.1353
13.625 300.799 25.1494
13.6319 305.528 25.1634
13.6389 312.532 25.1775
13.6458 320.122 25.1916
13.6528 325.165 25.2056
13.6597 324.559 25.2197
13.6667 318.069 25.2338
13.6736 309.247 25.2478
13.6806 302.931 25.2619
13.6875 301.55 25.276
13.6944 304.475 25.29
13.7014 310.329 25.3041
13.7083 317.871 25.3182
13.7153 324.796 25.3322
13.7222 327.634 25.3463
13.7292 324.231 25.3604
13.7361 316.107 25.3607
13.7431 307.876 25.3334
13.75 303.661 25.3061
13.7569 304.355 25.2788
13.7639 308.702 25.2516
13.7708 315.463 25.2243
13.7778 323.114 25.197
13.7847 328.673 25.1697
13.7917 328.849 25.1424
13.7986 322.942 25.1152
13.8056 314.135 25.0879
13.8125 307.344 25.0606
13.8194 305.383 25.0333
13.8264 307.859 25.0061
13.8333 313.384 24.9788
13.8403 320.786 24.9515
13.8472 327.966 24.9242
13.8542 331.48 24.8969
13.8611 328.831 24.8697
13.8681 321.062 24.8809
13.875 312.593 25.0245
13.8819 307.811 25.1681
13.8889 307.981 25.3117
13.8958 311.937 25.4553
13.9028 318.432 25.5989
13.9097 326.09 25.7425
13.9167 332.105 25.8861
13.9236 333.048 26.0298
13.9306 327.769 26.1734
13.9375 319.05 26.317
13.9444 311.827 26.4606
13.9514 309.288 26.6042
13.9583 311.308 26.7478
13.9653 316.495 26.8914
13.9722 323.721 27.035
13.9792 331.092 27.1786
13.9861 335.237 27.3223
13.9931 333.355 27.4659
14 326.005 27.6095
14.0069 317.362 27.7531
14.0139 312.035 27.8967
14.0208 311.673 28.0403
14.0278 315.235 28.1839
14.0347 321.447 28.3275
14.0417 329.06 28.4711
14.0486 335.469 28.6148
14.0556 337.157 28.7584
14.0625 332.545 28.902
14.0694 323.984 29.0456
14.0764 316.375 29.1892
14.0833 313.263 29.3328
14.0903 314.82 29.4764
14.0972 319.664 29.62
14.1042 326.682 29.7636
14.1111 334.184 29.9073
14.1181 338.909 30.0509
14.125 337.798 30.1945
14.1319 330.927 30.3381
14.1389 322.175 30.4817
14.1458 316.329 30.6253
14.1528 315.431 30.7689
14.1597 318.595 30.9125
14.1667 324.51 31.0561
14.1736 332.032 31.1998
14.1806 338.772 31.3434
14.1875 341.175 31.487
14.1944 337.262 31.6306
14.2014 328.929 31.7742
14.2083 320.984 31.9178
14.2153 317.307 32.0614
14.2222 318.396 32.205
14.2292 322.891 32.3486
14.2361 329.677 32.4923
14.2431 337.25 32.6359
14.25 342.501 32.7795
14.2569 342.158 32.9231
14.2639 335.819 33.0667
14.2708 327.025 33.2103
14.2778 320.692 33.3539
14.2847 319.253 33.4975
14.2917 322.015 33.6411
14.2986 327.624 33.7848
14.3056 335.016 33.9284
14.3125 342.023 34.072
14.3194 345.104 34.2156
14.3264 341.915 34.3592
14.3333 333.875 34.5028
14.3403 325.649 34.6464
14.3472 321.419 34.79
14.3542 322.032 34.9336
14.3611 326.176 35.0773
14.3681 332.71 35.2209
14.375 340.3 35.3645
14.3819 346.019 35.5081
14.3889 346.432 35.6517
14.3958 340.674 35.7953
14.4028 331.906 35.9389
14.4097 325.119 36.0825
14.4167 323.139 36.2261
14.4236 325.494 36.3698
14.4306 330.793 36.5134
14.4375 338.018 36.657
14.4444 345.23 36.8006
14.4514 348.948 36.9442
14.4583 346.497 37.0878
14.4653 338.816 37.2314
14.4722 330.365 37.375
14.4792 325.596 37.5186
14.4861 325.727 37.6623
14.4931 329.519 37.8059
14.5 335.787 37.9495
14.5069 343.343 38.0931
14.5139 349.47 38.2367
14.5208 350.621 38.3803
14.5278 345.484 38.5239
14.5347 336.81 38.4683
14.5417 329.608 38.3204
14.5486 327.086 38.1725
14.5556 329.031 38.0246
14.5625 334.016 37.8768
14.5694 341.047 37.7289
14.5764 348.402 37.581
14.5833 352.708 37.4332
14.5903 351.005 37.2853
14.5972 343.742 37.1374
14.6042 335.127 36.9896
14.6111 329.837 36.8417
14.6181 329.48 36.6938
14.625 332.919 36.546
14.6319 338.911 36.3981
14.6389 346.389 36.2502
14.6458 352.86 36.1024
14.6528 354.723 35.9545
14.6597 350.243 35.8066
14.6667 341.729 35.6587
14.6736 334.156 35.5109
14.6806 331.094 35.363
14.6875 332.623 35.2151
