time error errTLE
0 0 0
0.00694444 0.0510716 0.052799
0.0138889 0.188884 0.105598
0.0208333 0.388908 0.158397
0.0277778 0.660195 0.211196
0.0347222 0.94763 0.263995
0.0416667 1.17041 0.316794
0.0486111 1.2722 0.369593
0.0555556 1.24521 0.422392
0.0625 1.13525 0.475191
0.0694444 1.04685 0.52799
0.0763889 1.07619 0.580789
0.0833333 1.26644 0.633588
0.0902778 1.59579 0.686387
0.0972222 1.99175 0.739186
0.104167 2.33859 0.791985
0.111111 2.5363 0.844784
0.118056 2.53678 0.897583
0.125 2.37301 0.950382
0.131944 2.16096 1.00318
0.138889 2.05225 1.05598
0.145833 2.15015 1.10878
0.152778 2.45825 1.16158
0.159722 2.91987 1.21438
0.166667 3.3985 1.26718
0.173611 3.74158 1.31997
0.180556 3.8434 1.37277
0.1875 3.69431 1.42557
0.194444 3.39047 1.47837
0.201389 3.12097 1.53117
0.208333 3.05932 1.58397
0.215278 3.27982 1.63677
0.222222 3.74233 1.68957
0.229167 4.32396 1.74237
0.236111 4.83469 1.79517
0.243056 5.10519 1.84796
0.25 5.05215 1.90076
0.256944 4.72836 1.95356
0.263889 4.31511 2.00636
0.270833 4.05399 2.05916
0.277778 4.10991 2.11196
0.284722 4.49509 2.16476
0.291667 5.11838 2.21756
0.298611 5.78251 2.27036
0.305556 6.25978 2.32316
0.3125 6.3859 2.37595
0.319444 6.13536 2.42875
0.326389 5.64393 2.48155
0.333333 5.18085 2.53435
0.340278 5.00575 2.58715
0.347222 5.2355 2.63995
0.354167 5.81389 2.69275
0.361111 6.57516 2.74555
0.368056 7.26044 2.79835
0.375 7.62752 2.85114
0.381944 7.54761 2.90394
0.388889 7.08046 2.95674
0.395833 6.46443 3.00954
0.402778 6.03198 3.03967
0.409722 6.02108 3.05891
0.416667 6.46256 3.07815
0.423611 7.23449 3.09739
0.430556 8.08581 3.11662
0.4375 8.71519 3.13586
0.444444 8.89291 3.1551
0.451389 8.56509 3.17433
0.458333 7.89596 3.19357
0.465278 7.2295 3.21281
0.472222 6.91784 3.23205
0.479167 7.13208 3.25128
0.486111 7.80792 3.27052
0.493056 8.74179 3.28976
0.5 9.61074 3.309
0.506944 10.0976 3.32823
0.513889 10.0188 3.34747
0.520833 9.4277 3.36671
0.527778 8.61057 3.38594
0.534722 7.98979 3.40518
0.541667 7.88654 3.42442
0.548611 8.36203 3.44366
0.555556 9.26796 3.46289
0.5625 10.3059 3.48213
0.569444 11.1032 3.50137
0.576389 11.3594 3.52061
0.583333 10.9802 3.53984
0.590278 10.1464 3.55908
0.597222 9.2698 3.57832
0.604167 8.79934 3.59755
0.611111 8.97239 3.61679
0.618056 9.72619 3.63603
0.625 10.8235 3.65527
0.631944 11.8825 3.6745
0.638889 12.5105 3.69374
0.645833 12.4612 3.71298
0.652778 11.7681 3.73222
0.659722 10.7549 3.75145
0.666667 9.93098 3.77069
0.673611 9.71012 3.78993
0.680556 10.1962 3.80917
0.6875 11.22 3.8284
0.694444 12.4413 3.84764
0.701389 13.4201 3.86688
0.708333 13.7806 3.88611
0.715278 13.3773 3.90535
0.722222 12.3949 3.92459
0.729167 11.3043 3.94383
0.736111 10.6542 3.96306
0.743056 10.7598 3.9823
0.75 11.5712 4.00154
0.756944 12.8206 4.02078
0.763889 14.0732 4.04001
0.770833 14.8619 4.05925
0.777778 14.8704 4.07849
0.784722 14.0991 4.09772
0.791667 12.8983 4.11696
0.798611 11.8591 4.1362
0.805556 11.4959 4.15544
0.8125 11.9682 4.17467
0.819444 13.0924 4.19391
0.826389 14.4916 4.21315
0.833333 15.6623 4.23239
0.840278 16.1515 4.25162
0.847222 15.7525 4.27086
0.854167 14.6403 4.2901
0.861111 13.3354 4.30933
0.868056 12.4863 4.32857
0.875 12.4981 4.34781
0.881944 13.3457 4.36705
0.888889 14.7341 4.38628
0.895833 16.1811 4.40552
0.902778 17.1476 4.42476
0.909722 17.2416 4.444
0.916667 16.4181 4.46323
0.923611 15.0414 4.48247
0.930556 13.7775 4.50171
0.9375 13.2479 4.52095
0.944444 13.6812 4.54018
0.951389 14.8872 4.55942
0.958333 16.4565 4.57866
0.965278 17.827 4.59789
0.972222 18.4675 4.61713
0.979167 18.1017 4.63637
0.986111 16.8812 4.65561
0.993056 15.365 4.67484
1 14.2997 4.69408
1.00694 14.1912 4.71332
1.01389 15.0527 4.73256
1.02083 16.5651 4.75179
1.02778 18.2046 4.77103
1.03472 19.3635 4.79027
1.04167 19.5701 4.8095
1.04861 18.7218 4.82874
1.05556 17.1842 4.84798
1.0625 15.6895 4.88341
1.06944 14.9705 5.02064
1.07639 15.3386 5.15787
1.08333 16.6068 5.2951
1.09028 18.3363 5.43233
1.09722 19.9117 5.56955
1.10417 20.7242 5.70678
1.11111 20.4206 5.84401
1.11806 19.1156 5.98124
1.125 17.3948 6.11847
1.13194 16.0983 6.2557
1.13889 15.8431 6.39293
1.14583 16.6952 6.53015
1.15278 18.3153 6.66738
1.15972 20.1431 6.80461
1.16667 21.5063 6.94184
1.17361 21.8512 7.07907
1.18056 21.0066 7.2163
1.1875 19.3263 7.35353
1.19444 17.5979 7.49075
1.20139 16.6679 7.62798
1.20833 16.9439 7.76521
1.21528 18.2539 7.90244
1.22222 20.1318 8.03967
1.22917 21.9141 8.1769
1.23611 22.917 8.31413
1.24306 22.7047 8.45135
1.25 21.3411 8.58858
1.25694 19.4258 8.72581
1.26389 17.886 8.86304
1.27083 17.4581 9.00027
1.27778 18.2763 9.1375
1.28472 19.9866 9.27473
1.29167 21.996 9.41195
1.29861 23.5728 9.54918
1.30556 24.0799 9.68641
1.3125 23.2689 9.82364
1.31944 21.4669 9.96087
1.32639 19.5055 10.0981
1.33333 18.3444 10.2353
1.34028 18.5009 10.3726
1.34722 19.8314 10.5098
1.35417 21.8441 10.647
1.36111 23.8327 10.7842
1.36806 25.042 10.9215
1.375 24.9492 11.0587
1.38194 23.5548 11.1959
1.38889 21.4588 11.3332
1.39583 19.6666 11.4052
1.40278 19.0408 11.3658
1.40972 19.7995 11.3264
1.41667 21.581 11.287
1.42361 23.7633 11.2475
1.43056 25.5601 11.2081
1.4375 26.2517 11.1687
1.44444 25.5043 11.1293
1.45139 23.6045 11.0898
1.45833 21.4146 11.0504
1.46528 20.0045 11.011
1.47222 20.0136 10.9716
1.47917 21.3423 10.9322
1.48611 23.4743 10.8927
1.49306 25.6663 10.8533
1.5 27.0954 10.8139
1.50694 27.1494 10.7745
1.51389 25.7536 10.735
1.52083 23.4942 10.6956
1.52778 21.4437 10.6562
1.53472 20.5956 10.6168
1.54167 21.2679 10.5773
1.54861 23.1011 10.5379
1.55556 25.4455 10.4985
1.5625 27.4659 10.4591
1.56944 28.3621 10.4196
1.57639 27.7085 10.3802
1.58333 25.7372 10.3408
1.59028 23.3269 10.3014
1.59722 21.6524 10.2619
1.60417 21.4862 10.2225
1.61111 22.7895 10.1831
1.61806 25.0244 10.1437
1.625 27.414 10.1043
1.63194 29.0738 10.0648
1.63889 29.3004 10.0254
1.64583 27.9337 9.98598
1.65278 25.5314 9.94656
1.65972 23.2206 9.90714
1.66667 22.1272 9.86771
1.67361 22.6853 9.82829
1.68056 24.5495 9.78887
1.6875 27.0434 9.74944
1.69444 29.2882 9.71002
1.70139 30.4068 9.67059
1.70833 29.8769 9.63117
1.71528 27.8623 9.59175
1.72222 25.244 9.55232
1.72917 23.2924 9.5129
1.73611 22.9233 9.47348
1.74306 24.1764 9.43405
1.75 26.496 9.39463
1.75694 29.0757 9.35521
1.76389 30.974 9.31578
1.77083 31.3974 9.27636
1.77778 30.0911 9.23693
1.78472 27.5698 9.19751
1.79167 25.0004 9.15809
1.79861 23.6403 9.11866
1.80556 24.0555 9.07924
1.8125 25.929 9.03982
1.81944 28.5583 9.00039
1.82639 31.0256 8.96097
1.83333 32.3817 8.92154
1.84028 32.0047 8.88212
1.84722 29.977 8.8427
1.85417 27.1667 8.80327
1.86111 24.9289 8.76385
1.86806 24.3296 8.72443
1.875 25.5063 8.685
1.88194 27.8916 8.64558
1.88889 30.6515 8.60616
1.89583 32.7934 8.56673
1.90278 33.4357 8.52731
1.90972 32.2216 8.48788
1.91667 29.6078 8.44846
1.92361 26.7857 8.40904
1.93056 25.1398 8.42892
1.9375 25.3825 8.45283
1.94444 27.2426 8.47674
1.95139 29.9915 8.50065
1.95833 32.677 8.52456
1.96528 34.283 8.54848
1.97222 34.0869 8.57239
1.97917 32.0779 8.5963
1.98611 29.0953 8.62021
1.99306 26.5657 8.64412
2 25.71 8.66804
2.00694 26.7825 8.69195
2.01389 29.2134 8.71586
2.02083 32.1419 8.73977
2.02778 34.5298 8.76368
2.03472 35.4108 8.7876
2.04167 34.3205 8.81151
2.04861 31.6433 8.83542
2.05556 28.5787 8.85933
2.0625 26.6305 8.87462
2.06944 26.6708 8.88813
2.07639 28.4937 8.90164
2.08333 31.3449 8.91514
2.09028 34.2417 8.92865
2.09722 36.1074 8.94216
2.10417 36.1186 8.95566
2.11111 34.161 8.96917
2.11806 31.0296 8.98268
2.125 28.2067 8.99618
2.13194 27.0695 9.00969
2.13889 28.0089 9.0232
2.14583 30.4643 9.0367
2.15278 33.5479 9.05021
2.15972 36.1813 9.06372
2.16667 37.3183 9.07722
2.17361 36.3832 9.09073
2.18056 33.6738 9.10424
2.1875 30.3808 9.11774
2.19444 28.1171 9.13125
2.20139 27.9252 9.14476
2.20833 29.6853 9.15826
2.21528 32.6204 9.17177
2.22222 35.7196 9.18528
2.22917 37.8518 9.19878
2.23611 38.0949 9.21229
2.24306 36.2222 9.2258
2.25 32.9687 9.2393
2.25694 29.8553 9.25281
2.26389 28.4135 9.26632
2.27083 29.1893 9.27982
2.27778 31.647 9.29333
2.28472 34.8707 9.30684
2.29167 37.7464 9.32034
2.29861 39.154 9.33385
2.30556 38.4045 9.34736
2.3125 35.696 9.36086
2.31944 32.1933 9.37437
2.32639 29.6044 9.38788
2.33333 29.1505 9.40138
2.34028 30.8209 9.41489
2.34722 33.8203 9.4284
2.35417 37.111 9.4419
2.36111 39.5136 9.45541
2.36806 40.0109 9.46892
2.375 38.2569 9.48242
2.38194 34.911 9.49593
2.38889 31.5144 9.50944
2.39583 29.7471 9.52295
2.40278 30.3279 9.53645
2.40972 32.7648 9.54996
2.41667 36.1121 9.56347
2.42361 39.2243 9.57697
2.43056 40.9143 9.59048
2.4375 40.3795 9.60399
2.44444 37.7063 9.61749
2.45139 34.0163 9.631
2.45833 31.0967 9.64451
2.46528 30.3521 9.65801
2.47222 31.9042 9.67152
2.47917 34.9471 9.68503
2.48611 38.4165 9.69853
2.49306 41.0905 9.71204
2.5 41.8619 9.72555
2.50694 40.2603 9.73905
2.51389 36.8543 9.75256
2.52083 33.1864 9.76607
2.52778 31.0756 9.77957
2.53472 31.4293 9.79308
2.54167 33.8207 9.80659
2.54861 37.2737 9.82009
2.55556 40.6145 9.8336
2.5625 42.5956 9.84711
2.56944 42.3028 9.86061
2.57639 39.7004 9.87412
2.58333 35.8498 9.88763
2.59028 32.5982 9.90113
2.59722 31.5356 9.91464
2.60417 32.9388 9.92815
2.61111 36.0035 9.94165
2.61806 39.6372 9.95516
2.625 42.5809 9.96867
2.63194 43.6434 9.98217
2.63889 42.2273 9.99568
2.64583 38.7958 10.0092
2.65278 34.873 10.0227
2.65972 32.4044 10.0362
2.66667 32.4984 10.0497
2.67361 34.8183 10.0632
2.68056 38.3578 10.0767
2.6875 41.9168 10.0902
2.69444 44.1949 10.1037
2.70139 44.1694 10.1172
2.70833 41.674 10.1307
2.71528 37.6926 10.1443
2.72222 34.1128 10.1578
2.72917 32.7065 10.1713
2.73611 33.9288 10.1848
2.74306 36.9925 10.1983
2.75 40.7745 10.2118
2.75694 43.9833 10.2253
2.76389 45.3512 10.2388
2.77083 44.1526 10.2523
2.77778 40.7319 10.2658
2.78472 36.5756 10.2793
2.79167 33.7386 10.2928
2.79861 33.5405 10.3063
2.80556 35.761 10.3198
2.8125 39.3668 10.3333
2.81944 43.1317 10.3469
2.82639 45.7096 10.3604
2.83333 45.9742 10.3739
2.84028 43.622 10.3874
2.84722 39.5432 10.4009
2.85417 35.6437 10.4144
2.86111 33.8706 10.4279
2.86806 34.8785 10.4414
2.875 37.9174 10.4549
2.88194 41.8301 10.4684
2.88889 45.297 10.4819
2.89583 46.9815 10.4954
2.90278 46.0308 10.5089
2.90972 42.6588 10.5224
2.91667 38.2943 10.5359
2.92361 35.083 10.5495
2.93056 34.5613 10.563
2.9375 36.6525 10.5765
2.94444 40.3031 10.59
2.95139 44.2599 10.6035
2.95833 47.1374 10.617
2.96528 47.7123 10.6305
2.97222 45.5392 10.644
2.97917 41.399 10.6575
2.98611 37.1936 10.671
2.99306 35.0337 10.6845
3 35.7927 10.698
3.00694 38.7813 10.7115
3.01389 42.8062 10.725
3.02083 46.5215 10.7385
3.02778 48.5306 10.7521
3.03472 47.8565 10.7656
3.04167 44.5718 10.7791
3.04861 40.0291 10.7926
3.05556 36.4424 10.8165
3.0625 35.5666 10.8499
3.06944 37.4968 10.8834
3.07639 41.1697 10.9169
3.08333 45.3027 10.9503
3.09028 48.4767 10.9838
3.09722 49.3791 11.0173
3.10417 47.4203 11.0508
3.11111 43.257 11.0842
3.11806 38.7644 11.1177
3.125 36.2016 11.1512
3.13194 36.6764 11.1846
3.13889 39.588 11.2181
3.14583 43.7048 11.2516
3.15278 47.6568 11.2851
3.15972 49.9956 11.3185
3.16667 49.6243 11.352
3.17361 46.466 11.3855
3.18056 41.7786 11.4189
3.1875 37.8209 11.4524
3.19444 36.5625 11.4859
3.20139 38.298 11.5194
3.20833 41.9696 11.5528
3.21528 46.2617 11.5863
3.22222 49.7261 11.6198
3.22917 50.97 11.6532
3.23611 49.2596 11.6867
3.24306 45.1133 11.7202
3.25 40.3574 11.7536
3.25694 37.38 11.7871
3.26389 37.5353 11.8206
3.27083 40.3409 11.8541
3.27778 44.5286 11.8875
3.28472 48.7035 11.921
3.29167 51.3737 11.9545
3.29861 51.3289 11.9879
3.30556 48.336 12.0214
3.3125 43.5411 12.0549
3.31944 39.2221 12.0884
3.32639 37.5553 12.1218
3.33333 39.0605 12.1553
3.34028 42.7062 12.1888
3.34722 47.1387 12.2222
3.35417 50.8849 12.2557
3.36111 52.4812 12.2892
3.36806 51.0514 12.3227
3.375 46.9634 12.3561
3.38194 41.973 12.3896
3.38889 38.5743 12.4231
3.39583 38.3752 12.4565
3.40278 41.044 12.49
3.40972 45.2802 12.5235
3.41667 49.6626 12.557
3.42361 52.6626 12.5904
3.43056 52.9649 12.6239
3.4375 50.1761 12.6574
3.44444 45.3138 12.6908
3.45139 40.6489 12.7243
3.45833 38.5513 12.7578
3.46528 39.7893 12.7913
3.47222 43.3828 12.8247
3.47917 47.9358 12.8582
3.48611 51.9528 12.8917
3.49306 53.9089 12.9251
3.5 52.7898 12.9586
3.50694 48.8024 12.9921
3.51389 43.6108 13.0256
3.52083 39.7896 13.059
3.52778 39.2023 13.0925
3.53472 41.7013 13.126
3.54167 45.9627 13.1594
3.54861 50.5353 13.1929
3.55556 53.8607 13.2264
3.5625 54.5276 13.2599
3.56944 51.9806 13.2933
3.57639 47.0931 13.3268
3.58333 42.1035 13.3617
3.59028 39.5568 13.4109
3.59722 40.4896 13.4602
3.60417 44.0031 13.5094
3.61111 48.6557 13.5587
3.61806 52.9299 13.6079
3.625 55.2499 13.6572
3.63194 54.4691 13.7064
3.63889 50.6249 13.7557
3.64583 45.2696 13.8049
3.65278 41.0303 13.8542
3.65972 40.0232 13.9035
3.66667 42.3171 13.9527
3.67361 46.5793 14.002
3.68056 51.3234 14.0512
3.6875 54.9666 14.1005
3.69444 56.0122 14.1497
3.70139 53.7433 14.199
3.70833 48.875 14.2482
3.71528 43.5872 14.2975
3.72222 40.5779 14.3467
3.72917 41.1671 14.396
3.73611 44.571 14.4452
3.74306 49.3008 14.4945
3.75 53.8168 14.5438
3.75694 56.5014 14.593
3.76389 56.0835 14.6423
3.77083 52.4249 14.6915
3.77778 46.947 14.7408
3.78472 42.3005 14.79
3.79167 40.8445 14.8393
3.79861 42.896 14.8885
3.80556 47.1333 14.9378
3.8125 52.029 14.987
3.81944 55.9797 15.0363
3.82639 57.4145 15.0855
3.83333 55.4581 15.1348
3.84028 50.6544 15.1841
3.84722 45.1004 15.2333
3.85417 41.6205 15.2826
3.86111 41.828 15.3318
3.86806 45.0905 15.3811
3.875 49.8743 15.4303
3.88194 54.6147 15.4796
3.88889 57.6611 15.5288
3.89583 57.6276 15.5781
3.90278 54.1962 15.6273
3.90972 48.6402 15.6766
3.91667 43.6033 15.7258
3.92361 41.6732 15.7751
3.93056 43.443 15.8243
3.9375 47.6284 15.8736
3.94444 52.6545 15.9229
3.95139 56.8998 15.9721
3.95833 58.7307 16.0214
3.96528 57.1187 16.0706
3.97222 52.4258 16.1199
3.97917 46.6426 16.1691
3.98611 42.6902 16.2184
3.99306 42.4787 16.2676
4 45.5658 16.3169
4.00694 50.3792 16.3661
4.01389 55.3251 16.4154
4.02083 58.7273 16.4646
4.02778 59.0961 16.5139
4.03472 55.9325 16.5632
4.04167 50.3451 16.6124
4.04861 44.9411 16.6713
4.05556 42.5158 16.7659
4.0625 43.9635 16.8606
4.06944 48.0684 16.9553
4.07639 53.2026 17.0499
4.08333 57.727 17.1446
4.09028 59.9574 17.2392
4.09722 58.7188 17.3339
4.10417 54.1832 17.4286
4.11111 48.2123 17.5232
4.11806 43.792 17.6179
4.125 43.1263 17.7126
4.13194 46.0013 17.8072
4.13889 50.8188 17.9019
4.14583 55.95 17.9966
4.15278 59.6988 18.0912
4.15972 60.4841 18.1859
4.16667 57.6271 18.2806
4.17361 52.0571 18.3752
4.18056 46.3154 18.4699
4.1875 43.3791 18.5646
4.19444 44.4633 18.6592
4.20139 48.4573 18.7539
4.20833 53.6761 18.8485
4.21528 58.4623 18.9432
4.22222 61.0917 19.0379
4.22917 60.2525 19.1325
4.23611 55.9202 19.2272
4.24306 49.807 19.3219
4.25 44.9301 19.4165
4.25694 43.7776 19.5112
4.26389 46.4017 19.6059
4.27083 51.1969 19.7005
4.27778 56.4916 19.7952
4.28472 60.5748 19.8899
4.29167 61.787 19.9845
4.29861 59.2733 20.0792
4.30556 53.7706 20.1739
4.3125 47.7265 20.2685
4.31944 44.2695 20.1971
4.32639 44.9488 20.125
4.33333 48.7994 20.0529
4.34028 54.0783 19.9808
4.34722 59.1068 19.9088
4.35417 62.1312 19.8367
4.36111 61.7138 19.7646
4.36806 57.6298 19.6926
4.375 51.4233 19.6205
4.38194 46.1079 19.5484
4.38889 44.44 19.4764
4.39583 46.7722 19.4043
4.40278 51.5172 19.3322
4.40972 56.9526 19.2601
4.41667 61.3553 19.1881
4.42361 63.0009 19.116
4.43056 60.8644 19.0439
4.4375 55.4797 18.9719
4.44444 49.1736 18.8998
4.45139 45.1929 18.8277
4.45833 45.4267 18.7556
4.46528 49.0989 18.6836
4.47222 54.4125 18.6115
4.47917 59.6624 18.5394
4.48611 63.0742 18.4674
4.49306 63.097 18.3953
4.5 59.3051 18.3232
4.50694 53.0568 18.2512
4.51389 47.3282 18.1791
4.52083 45.1206 18.107
4.52778 47.1181 18.0349
4.53472 51.7838 17.9629
4.54167 57.336 17.8908
4.54861 62.0406 17.8187
4.55556 64.122 17.7467
4.5625 62.3938 17.6746
4.56944 57.1776 17.6025
4.57639 50.6553 17.5304
4.58333 46.1547 17.4584
4.59028 45.904 17.3863
4.59722 49.3604 17.3142
4.60417 54.6824 17.2422
4.61111 60.1313 17.1701
4.61806 63.9194 17.098
4.625 64.397 17.026
4.63194 60.9389 16.9539
4.63889 54.7024 16.8818
4.64583 48.5923 16.8097
4.65278 45.8266 16.7377
4.65972 47.4454 16.6656
4.66667 52.0007 16.5935
4.67361 57.6449 16.5215
4.68056 62.6317 16.4494
4.6875 65.1474 16.3773
4.69444 63.8548 16.3052
4.70139 58.8572 16.2332
4.70833 52.1685 16.1611
4.71528 47.1596 16.089
4.72222 46.3881 16.017
4.72917 49.5887 15.9449
4.73611 54.8917 15.8728
4.74306 60.5159 15.8008
4.75 64.6661 15.7287
4.75694 65.6088 15.6566
4.76389 62.5238 15.5845
4.77083 56.3538 15.5125
4.77778 49.9007 15.4404
4.78472 46.5648 15.3683
4.79167 47.7605 15.2963
4.79861 52.1724 15.2242
4.80556 57.8829 15.1521
4.8125 63.1301 15.08
4.81944 66.0747 15.008
4.82639 65.2411 14.9359
4.83333 60.511 14.8638
4.84028 53.7094 14.7918
4.84722 48.2113 14.7197
4.85417 46.8867 14.6476
4.86111 49.789 14.5756
4.86806 55.0445 14.5035
4.875 60.8194 14.4314
4.88194 65.3144 14.3593
4.88889 66.7282 14.2873
4.89583 64.0527 14.2152
4.90278 58.0045 14.1431
4.90972 51.2525 14.0701
4.91667 47.3416 13.893
4.92361 48.0702 13.7159
4.93056 52.3033 13.5388
4.9375 58.0535 13.3617
4.94444 63.5378 13.1846
4.95139 66.902 13.0075
4.95833 66.5468 12.8304
4.96528 62.1313 12.6533
4.97222 55.2734 12.4762
4.97917 49.3127 12.2991
4.98611 47.4072 12.122
4.99306 49.9668 11.9449
5 55.145 11.7678
5.00694 61.0449 11.5907
5.01389 65.8648 11.4136
5.02083 67.7514 11.2366
5.02778 65.5182 11.0595
5.03472 59.647 10.8824
5.04167 52.6459 10.7053
5.04861 48.1627 10.7118
5.05556 48.3818 10.7385
5.0625 52.3981 10.7651
5.06944 58.1607 10.7918
5.07639 63.8573 10.8185
5.08333 67.628 10.8452
5.09028 67.7661 10.8719
5.09722 63.7102 10.8986
5.10417 56.8545 10.9253
5.11111 50.4653 10.952
5.11806 47.9571 10.9787
5.125 50.128 11.0053
5.13194 55.1974 11.032
5.13889 61.196 11.0587
5.14583 66.3184 11.0854
5.15278 68.6752 11.1121
5.15972 66.9134 11.1388
5.16667 61.2735 11.1655
5.17361 54.0776 11.1922
5.18056 49.0333 11.2189
5.1875 48.7028 11.2456
5.19444 52.4618 11.2722
5.20139 58.2086 11.2989
5.20833 64.0915 11.3256
5.21528 68.2522 11.3523
5.22222 68.8939 11.379
5.22917 65.2397 11.4057
5.23611 58.4461 11.4324
5.24306 51.6696 11.4591
5.25 48.5438 11.4858
5.25694 50.2789 11.5124
5.26389 55.2065 11.5391
5.27083 61.2765 11.5658
5.27778 66.677 11.5925
5.28472 69.4969 11.6192
5.29167 68.2314 11.6459
5.29861 62.8759 11.6726
5.30556 55.5435 11.6993
5.3125 49.9574 11.726
5.31944 49.0409 11.7526
5.32639 52.4994 11.7793
5.33333 58.2013 11.806
5.34028 64.2438 11.8327
5.34722 68.7746 11.8594
5.35417 69.9256 11.8861
5.36111 66.712 11.9128
5.36806 60.0407 11.9395
5.375 52.9247 11.9662
5.38194 49.174 11.9929
5.38889 50.4264 12.0195
5.39583 55.1766 12.0462
5.40278 61.2905 12.0729
5.40972 66.9429 12.0996
5.41667 70.2148 12.1263
5.42361 69.4657 12.153
5.43056 64.4455 12.1797
5.4375 57.0382 12.2064
5.44444 50.938 12.2331
5.45139 49.404 12.2597
5.45833 52.5164 12.2864
5.46528 58.1434 12.3131
5.47222 64.3177 12.3398
5.47917 69.1961 12.3665
5.48611 70.857 12.3932
5.49306 68.1193 12.4199
5.5 61.6305 12.4466
5.50694 54.2284 12.4733
5.51389 49.8538 12.5
5.52083 50.5778 12.5266
5.52778 55.1128 12.5533
5.53472 61.2421 12.58
5.54167 67.1189 12.6067
5.54861 70.8276 12.6334
5.55556 70.6104 12.6601
5.5625 65.9739 12.6868
5.56944 58.5554 12.7135
5.57639 51.977 12.8148
5.58333 49.8 13.0004
5.59028 52.5187 13.1859
5.59722 58.0393 13.3715
5.60417 64.3172 13.5571
5.61111 69.5178 13.7426
5.61806 71.685 13.9282
5.625 69.454 14.1138
5.63194 63.2066 14.2993
5.63889 55.5774 14.4849
5.64583 50.5889 14.4657
5.65278 50.7405 14.4278
5.65972 55.0198 14.3899
5.66667 61.1357 14.352
5.67361 67.2084 14.3141
5.68056 71.3348 14.2762
5.6875 71.6597 14.2383
5.69444 67.4524 14.2004
5.70139 60.0878 14.1625
5.70833 53.0749 14.1246
5.71528 50.2363 14.0866
5.72222 52.5126 14.0487
5.72917 57.8938 14.0108
5.73611 64.2467 13.9729
5.74306 69.7419 13.935
5.75 72.4067 13.8971
5.75694 70.7088 13.8592
5.76389 64.7603 13.8213
5.77083 56.967 13.7834
5.77778 51.3834 13.7455
5.78472 50.9225 13.7076
5.79167 54.9028 13.6697
5.79861 60.9758 13.6318
5.80556 67.2149 13.5939
5.8125 71.7365 13.556
5.81944 72.6089 13.5181
5.82639 68.8725 13.4802
5.83333 61.6273 13.4423
5.84028 54.2306 13.4044
5.84722 50.7203 13.3665
5.85417 52.5047 13.3286
5.86111 57.7115 13.2907
5.86806 64.1103 13.2528
5.875 69.871 13.2149
5.88194 73.0202 13.1769
5.88889 71.8767 13.139
5.89583 66.2821 13.1011
5.90278 58.3913 13.0632
5.90972 52.2409 13.0253
5.91667 51.1319 12.9874
5.92361 54.7672 12.9495
5.93056 60.7672 12.9116
5.9375 67.1427 12.8737
5.94444 72.0336 12.8358
5.95139 73.4536 12.7979
5.95833 70.2256 12.76
5.96528 63.1652 12.7221
5.97222 55.442 12.6842
5.97917 51.2583 12.6463
5.98611 52.5022 12.6084
5.99306 57.4973 12.5705
6 63.9129 12.5326
6.00694 69.9084 12.4947
6.01389 73.5243 12.4568
6.02083 72.9512 12.4189
6.02778 67.7629 12.381
6.03472 59.8435 12.3431
6.04167 53.1633 12.3052
6.04861 51.3764 12.2672
6.05556 54.6187 12.2293
6.0625 60.5145 12.1914
6.06944 66.9962 12.1535
6.07639 72.2279 12.1156
6.08333 74.1902 12.0777
6.09028 71.5038 12.0398
6.09722 64.692 12.0019
6.10417 56.7055 11.964
6.11111 51.8563 11.9261
6.11806 52.5125 11.8882
6.125 57.2562 11.8503
6.13194 63.6591 11.8124
6.13889 69.8576 11.7745
6.14583 73.9186 11.7366
6.15278 73.9264 11.6987
6.15972 69.1932 11.6608
6.16667 61.3157 11.6229
6.17361 54.1512 11.585
6.18056 51.6641 11.5471
6.1875 54.4633 11.5092
6.19444 60.2225 11.4713
6.20139 66.78 11.4334
6.20833 72.3216 11.3955
6.21528 74.816 11.3575
6.22222 72.699 11.3196
6.22917 66.1981 11.2817
6.23611 58.0159 11.2438
6.24306 52.5191 11.2059
6.25 52.5435 11.168
6.25694 56.9932 11.1301
6.26389 63.3537 11.0922
6.27083 69.723 11.0543
6.27778 74.2033 11.0164
6.28472 74.797 10.9785
6.29167 70.5638 10.9406
6.29861 62.7992 10.9027
6.30556 55.2038 10.8673
6.3125 52.0024 10.8362
6.31944 54.3076 10.8051
6.32639 59.8962 10.774
6.33333 66.4992 10.7429
6.34028 72.3177 10.7117
6.34722 75.3288 10.6806
6.35417 73.8039 10.6495
6.36111 67.6735 10.6184
6.36806 59.367 10.5873
6.375 53.2502 10.5561
6.38194 52.6032 10.525
6.38889 56.7136 10.4939
6.39583 63.0017 10.4628
6.40278 69.5091 10.4317
6.40972 74.3797 10.4005
6.41667 75.5584 10.3694
6.42361 71.8655 10.3383
6.43056 64.2845 10.3072
6.4375 56.3188 10.2761
6.44444 52.3981 10.2449
6.45139 54.1582 10.2138
6.45833 59.5403 10.1827
6.46528 66.1586 10.1516
6.47222 72.2199 10.1205
6.47917 75.7275 10.0893
6.48611 74.8115 10.0582
6.49306 69.108 10.0271
6.5 60.7515 9.99597
6.50694 54.0521 9.96485
6.51389 52.6995 9.93373
6.52083 56.4228 9.90261
6.52778 62.6081 9.87149
6.53472 69.221 9.84037
6.54167 74.4495 9.80925
6.54861 76.2069 9.77813
6.55556 73.0896 9.74701
6.5625 65.7614 9.71589
6.56944 57.4923 9.69749
6.57639 52.8574 9.74579
6.58333 54.0225 9.79408
6.59028 59.1599 9.84238
6.59722 65.7636 9.89068
6.60417 72.0324 9.93897
6.61111 76.0117 9.98727
6.61806 75.7154 10.0356
6.625 70.4914 10.0839
6.63194 62.1608 10.1322
6.63889 54.9255 10.1805
6.64583 52.8405 10.2288
6.65278 56.1266 10.277
6.65972 62.1778 10.3253
6.66667 68.8639 10.3736
6.67361 74.4155 10.4219
6.68056 76.7394 10.4702
6.6875 74.2276 10.5185
6.69444 67.2195 10.5668
6.70139 58.719 10.6151
6.70833 53.3855 10.6634
6.71528 53.9081 10.7117
6.72222 58.7599 10.76
6.72917 65.3192 10.8083
6.73611 71.7599 10.8566
6.74306 76.1819 10.9049
6.75 76.5101 10.9532
6.75694 71.8137 11.0015
6.76389 63.5857 11.0498
6.77083 55.8698 11.0981
6.77778 53.0337 11.1464
6.78472 55.831 11.1947
6.79167 61.7158 11.243
6.79861 68.4433 11.2913
6.80556 74.2811 11.3396
6.8125 77.1539 11.3879
6.81944 75.2716 11.4362
6.82639 68.648 11.4845
6.83333 59.9924 11.5328
6.84028 53.9864 11.5811
6.84722 53.8227 11.6294
6.85417 58.3452 11.6776
6.86111 64.8308 11.7259
6.86806 71.4077 11.7742
6.875 76.2394 11.8225
6.88194 77.1905 11.8708
6.88889 73.0653 11.9191
6.89583 65.0158 11.9674
6.90278 56.8826 12.0157
6.90972 53.2864 12.064
6.91667 55.5424 12.1123
6.92361 61.227 12.1606
6.93056 67.9646 12.2089
6.9375 74.0504 12.2572
6.94444 77.4491 12.3055
6.95139 76.2142 12.3538
6.95833 70.0359 12.4021
6.96528 61.3046 12.4504
6.97222 54.6628 12.2922
6.97917 53.7743 12.0939
6.98611 57.9211 11.8956
6.99306 64.3036 11.6972
7 70.9813 11.4989
7.00694 76.1865 11.3006
7.01389 77.7528 11.1023
7.02083 74.2366 10.904
7.02778 66.4406 10.7057
7.03472 57.9602 10.5073
7.04167 53.6051 10.309
7.04861 55.2677 10.1107
7.05556 60.7162 9.91239
7.0625 67.4337 9.71407
7.06944 73.7282 9.51575
7.07639 77.6248 9.31743
7.08333 77.0486 9.11912
7.09028 71.3723 8.9208
7.09722 62.6467 8.72248
7.10417 55.4159 8.52416
7.11111 53.7708 8.32585
7.11806 57.4927 8.12753
7.125 63.7427 7.92921
7.13194 70.4868 7.73089
7.13889 76.0262 7.53257
7.14583 78.1937 7.33426
7.15278 75.3186 7.13594
7.15972 67.8486 6.93762
7.16667 59.0971 6.7393
7.17361 53.9952 6.54099
7.18056 55.014 6.34267
7.1875 60.1882 6.14435
7.19444 66.8562 5.94603
7.20139 73.3199 5.74772
7.20833 77.6817 5.5494
7.21528 77.7688 5.35108
7.22222 72.6465 5.15276
7.22917 64.0086 4.95445
7.23611 56.2453 4.75613
7.24306 53.8199 4.55781
7.25 57.0658 4.35949
7.25694 63.1533 4.16118
7.26389 69.93 3.96286
7.27083 75.7625 3.76454
7.27778 78.511 3.56622
7.28472 76.3028 3.3679
7.29167 69.2283 3.16959
7.29861 60.2865 2.9961
7.30556 54.4613 3.17641
7.3125 54.7887 3.35672
7.31944 59.6477 3.53703
7.32639 66.2377 3.71734
7.33333 72.8314 3.89765
7.34028 77.6212 4.07796
7.34722 78.3695 4.25827
7.35417 73.848 4.43858
7.36111 65.3796 4.61889
7.36806 57.1489 4.7992
7.375 53.929 4.97951
7.38194 56.646 5.15982
7.38889 62.54 5.34013
7.39583 69.3174 5.52044
7.40278 75.3998 5.70075
7.40972 78.7036 5.88106
7.41667 77.1814 6.06137
7.42361 70.5681 6.24168
7.43056 61.5201 6.42199
7.4375 55.0064 6.6023
7.44444 54.5995 6.78261
7.45139 59.0994 6.96292
7.45833 65.5837 7.14323
7.46528 72.2689 7.32354
7.47222 77.4461 7.50385
7.47917 78.8466 7.68416
7.48611 74.9666 7.86447
7.49306 66.7482 8.04478
7.5 58.1229 8.22509
7.50694 54.1048 8.4054
7.51389 56.2397 8.58572
7.52083 61.9078 8.76603
7.52778 68.655 8.94634
7.53472 74.9438 9.12665
7.54167 78.7713 9.30696
7.54861 77.947 9.48727
7.55556 71.8561 9.66758
7.5625 62.7885 9.84789
7.56944 55.6322 9.90656
7.57639 54.4541 9.94401
7.58333 58.5482 9.98146
7.59028 64.8996 10.0189
7.59722 71.6391 10.0564
7.60417 77.1596 10.0938
7.61111 79.1965 10.1313
7.61806 75.9928 10.1687
7.625 68.1025 10.2062
7.63194 59.1619 10.2436
7.63889 54.3532 10.2811
7.64583 55.8534 10.3185
7.65278 61.2611 10.356
7.65972 67.9492 10.3934
7.66667 74.4004 10.4309
7.67361 78.7149 10.4683
7.68056 78.5933 10.5058
7.6875 73.081 10.5432
7.69444 64.0814 10.5807
7.70139 56.3387 10.6181
7.70833 54.3601 10.6556
7.71528 57.9988 10.6931
7.72222 64.1905 10.7305
7.72917 70.9488 10.768
7.73611 76.7664 10.8054
7.74306 79.4171 10.8429
7.75 76.9174 10.8803
7.75694 69.4302 10.9178
7.76389 60.2591 10.9552
7.77083 54.679 10.9927
7.77778 55.4938 11.0301
7.78472 60.6043 11.0676
7.79167 67.2061 11.105
7.79861 73.7761 11.1425
7.80556 78.5362 11.1799
7.8125 79.1148 11.2174
7.81944 74.2314 11.2548
7.82639 65.3874 11.2923
7.83333 57.1242 11.2062
7.84028 54.3248 11.0493
7.84722 57.4566 10.8925
7.85417 63.4613 10.7357
7.86111 70.2049 10.5789
7.86806 76.2714 10.4221
7.875 79.5071 10.2653
7.88194 77.732 10.1085
7.88889 70.7189 9.95164
7.89583 61.4059 9.79483
7.90278 55.086 9.63801
7.90972 55.1682 9.4812
7.91667 59.9415 9.32438
7.92361 66.4314 9.16757
7.93056 73.0782 9.01075
7.9375 78.2381 8.85394
7.94444 79.5068 8.69712
7.95139 75.2967 8.54031
7.95833 66.6945 8.38349
7.96528 57.9852 8.32915
7.97222 54.3553 8.36654
7.97917 56.9267 8.40394
7.98611 62.7166 8.44133
7.99306 69.4144 8.47872
8 75.681 8.51611
8.00694 79.4663 8.55351
8.01389 78.429 8.5909
8.02083 71.956 8.62829
8.02778 62.5927 8.66568
8.03472 55.5762 8.70308
8.04167 54.8838 8.74047
8.04861 59.277 8.77786
8.05556 65.6308 8.81525
8.0625 72.3141 8.85265
8.06944 77.8246 8.89004
8.07639 79.7658 8.92743
8.08333 76.2664 8.96482
8.09028 67.9901 9.00222
8.09722 58.9165 9.03961
8.10417 54.4576 9.077
8.11111 56.415 9.11439
8.11806 61.9605 9.15179
8.125 68.5842 9.18918
8.13194 75.0017 9.22657
8.13889 79.2959 9.26396
8.14583 79.0016 9.30136
8.15278 73.1294 9.33875
8.15972 63.8088 9.37614
8.16667 56.1504 9.41353
8.17361 54.648 9.45093
8.18056 58.6149 9.48832
8.1875 64.8095 9.52571
8.19444 71.4913 9.5631
8.20139 77.3005 9.6005
8.20833 79.8893 9.63789
8.21528 77.131 9.67528
8.22222 69.2612 9.71267
8.22917 59.9113 9.75007
8.23611 54.6372 9.78746
8.24306 55.9275 9.82485
8.25 61.1971 9.86224
8.25694 67.7209 9.89963
8.26389 74.2411 9.93703
8.27083 78.9978 9.97442
8.27778 79.4438 10.0118
8.28472 74.2271 10.0492
8.29167 65.0424 10.0866
8.29861 56.8073 10.0518
8.30556 54.4679 9.99392
8.3125 57.9593 9.93609
8.31944 63.9725 9.87825
8.32639 70.6178 9.82041
8.33333 76.6717 9.76257
8.34028 79.8762 9.70474
8.34722 77.8815 9.6469
8.35417 70.4947 9.58906
8.36111 60.9613 9.53123
8.36806 54.8982 9.47339
8.375 55.4705 9.41555
8.38194 60.43 9.35772
8.38889 66.8308 9.29988
8.39583 73.4071 9.24204
8.40278 78.5754 9.18421
8.40972 79.7507 9.12637
8.41667 75.2376 9.06853
8.42361 66.281 9.01069
8.43056 57.5441 8.95286
8.4375 54.3506 8.89502
8.44444 57.3147 8.83718
8.45139 63.1242 8.77935
8.45833 69.7013 8.72151
8.46528 75.945 8.66367
8.47222 79.7262 8.60584
8.47917 78.5098 8.548
8.48611 71.6775 8.49016
8.49306 62.0566 8.43232
8.5 55.2435 8.37449
8.50694 55.0507 8.31665
8.51389 59.6625 8.25881
8.52083 65.9198 8.20098
8.52778 72.5081 8.14314
8.53472 78.0329 8.0853
8.54167 79.9185 8.02747
8.54861 76.15 7.96963
8.55556 67.5114 7.91179
8.5625 58.3559 7.85396
8.56944 54.3024 7.79612
8.57639 56.6858 7.73828
8.58333 62.2684 7.68044
8.59028 68.7493 7.62261
8.59722 75.128 7.56477
8.60417 79.4406 7.50693
8.61111 79.0085 7.4491
8.61806 72.7965 7.39126
8.625 63.1864 7.33342
8.63194 55.6745 7.27559
8.63889 54.6748 7.21775
8.64583 58.8978 7.15991
8.65278 64.9935 7.10207
8.65972 71.5527 7.04424
8.66667 77.3757 6.9864
8.67361 79.9447 6.92856
8.68056 76.9539 6.87073
8.6875 68.7201 6.81289
8.69444 59.2364 6.75505
8.70139 54.3291 6.69722
8.70833 56.0774 6.63938
8.71528 61.4086 6.58154
8.72222 67.7693 6.52371
8.72917 74.2289 6.46587
8.73611 79.0216 6.40803
8.74306 79.3714 6.35019
8.75 73.8392 6.29236
8.75694 64.3384 6.23452
8.76389 56.1907 6.17668
8.77083 54.3498 6.11885
8.77778 58.1391 6.06101
8.78472 64.0566 6.00317
8.79167 70.5497 5.94534
8.79861 76.6105 5.8875
8.80556 79.8278 5.82966
8.8125 77.64 5.77182
8.81944 69.8935 5.71399
8.82639 60.1774 5.67085
8.83333 54.4356 5.65805
8.84028 55.495 5.64525
8.84722 60.5477 5.63245
8.85417 66.7682 5.61966
8.86111 73.2568 5.60686
8.86806 78.4727 5.59406
8.875 79.5933 5.58126
8.88194 74.7932 5.56847
8.88889 65.5 5.55567
8.89583 56.7901 5.54287
8.90278 54.0824 5.53007
8.90972 57.3896 5.51727
8.91667 63.1135 5.50448
8.92361 69.5078 5.49168
8.93056 75.7447 5.47888
8.9375 79.5677 5.46608
8.94444 78.1995 5.45329
8.95139 71.0176 5.44049
8.95833 61.1694 5.42769
8.96528 54.6254 5.41489
8.97222 54.9443 5.4021
8.97917 59.6882 5.3893
8.98611 65.7522 5.3765
8.99306 72.221 5.3637
9 77.7988 5.35091
9.00694 79.67 5.33811
9.01389 75.6472 5.32531
9.02083 66.6576 5.31251
9.02778 57.4687 5.29972
9.03472 53.8792 5.28692
9.04167 56.6527 5.27412
9.04861 62.1678 5.26132
9.05556 68.4356 5.24852
9.0625 74.7868 5.23573
9.06944 79.1656 5.22293
9.07639 78.6247 5.21013
9.08333 72.0789 5.19733
9.09028 62.2013 5.18454
9.09722 54.9009 5.17174
9.10417 54.4311 5.15894
9.11111 58.8323 5.14614
9.11806 64.7273 5.13335
9.125 71.1313 5.12055
9.13194 77.0058 5.10775
9.13889 79.5987 5.09495
9.14583 76.3901 5.08216
9.15278 67.7972 5.06936
9.15972 58.2207 5.05656
9.16667 53.7462 5.04376
9.17361 55.9321 5.03096
9.18056 61.2222 5.01817
9.1875 67.3413 5.00537
9.19444 73.746 4.99257
9.20139 78.624 4.97977
9.20833 78.9088 4.96698
9.21528 73.064 4.95418
9.22222 63.2611 4.94138
9.22917 55.2627 4.92858
9.23611 53.9618 4.91579
9.24306 57.9819 4.90299
9.25 63.6983 4.89019
9.25694 69.9975 4.87739
9.26389 76.1009 4.8646
9.27083 79.3778 4.8518
9.27778 77.0118 4.839
9.28472 68.9045 4.8262
9.29167 59.0386 4.81341
9.29861 53.6889 4.80061
9.30556 55.2316 4.78781
9.3125 60.2791 4.77501
9.31944 66.2325 4.76221
9.32639 72.6324 4.74942
9.33333 77.9467 4.73662
9.34028 79.0463 4.72382
9.34722 73.96 4.71102
9.35417 64.3358 4.69823
9.36111 55.7097 4.68543
9.36806 53.5428 4.67263
9.375 57.1389 4.65983
9.38194 62.6694 4.64704
9.38889 68.8296 4.63424
9.39583 75.0923 4.62144
9.40278 79.0072 4.60864
9.40972 77.5031 4.59585
9.41667 69.9652 4.58305
9.42361 59.9133 4.57025
9.43056 53.7118 4.55745
9.4375 54.5559 4.54466
9.44444 59.3399 4.53186
9.45139 65.1162 4.51906
9.45833 71.4564 4.50626
9.46528 77.1389 4.49346
9.47222 79.0326 4.48067
9.47917 74.7547 4.46787
9.48611 65.4116 4.45507
9.49306 56.2392 4.44227
9.5 53.1804 4.42948
9.50694 56.3051 4.41668
9.51389 61.6439 4.40388
9.52083 67.6373 4.39108
9.52778 73.9894 4.37829
9.53472 78.4879 4.36549
9.54167 77.8558 4.35269
9.54861 70.965 4.33989
9.55556 60.834 4.3271
9.5625 53.8182 4.3143
9.56944 53.9096 4.3015
9.57639 58.4056 4.2887
9.58333 63.9986 4.27591
9.59028 70.2292 4.26311
9.59722 76.2069 4.25031
9.60417 78.8647 4.23751
9.61111 75.4366 4.22471
9.61806 66.4742 4.21192
9.625 56.8463 4.19912
9.63194 52.881 4.18632
9.63889 55.4824 4.17352
9.64583 60.6241 4.16073
9.65278 66.4297 4.14793
9.65972 72.8025 4.13513
9.66667 77.8226 4.12233
9.67361 78.0627 4.10954
9.68056 71.89 4.09674
9.6875 61.7891 4.08394
9.69444 54.0101 4.07114
9.70139 53.2981 4.05835
9.70833 57.4767 4.04555
9.71528 62.885 4.03275
9.72222 68.962 4.01995
9.72917 75.1587 4.00716
9.73611 78.5406 3.99436
9.74306 75.9948 3.98156
9.75 67.509 3.96876
9.75694 57.5246 3.95596
9.76389 52.6506 3.94317
9.77083 54.6734 3.93037
9.77778 59.6114 3.91757
9.78472 65.2156 3.90477
9.79167 71.5427 3.89198
9.79861 77.0153 3.87918
9.80556 78.1176 3.86638
9.8125 72.7266 3.85358
9.81944 62.7654 3.84079
9.82639 54.2878 3.82799
9.83333 52.7271 3.81519
9.84028 56.5535 3.80239
9.84722 61.7794 3.7896
9.85417 67.6659 3.7768
9.86111 74.0032 3.764
9.86806 78.06 3.7512
9.875 76.4196 3.7384
9.88194 68.501 3.72561
9.88889 58.2657 3.71281
9.89583 52.4945 3.70001
9.90278 53.8808 3.68721
9.90972 58.6062 3.67442
9.91667 64.0027 3.66162
9.92361 70.222 3.64882
9.93056 76.0714 3.63602
9.9375 78.0157 3.62323
9.94444 73.4619 3.61043
9.95139 63.7492 3.59763
9.95833 54.6499 3.58483
9.96528 52.2027 3.57204
9.97222 55.6361 3.55924
9.97917 60.6849 3.54644
9.98611 66.3519 3.53364
9.99306 72.7506 3.52085
10 77.424 3.50805
10.0069 76.7022 3.49525
10.0139 69.4356 3.48245
10.0208 59.0598 3.46965
10.0278 52.4171 3.45686
10.0347 53.1079 3.44406
10.0417 57.6083 3.43126
10.0486 62.7979 3.41846
10.0556 68.8526 3.40567
10.0625 74.9977 3.39287
10.0694 77.7534 3.38007
10.0764 74.0837 3.36727
10.0833 64.726 3.35448
10.0903 55.0933 3.34168
10.0972 51.731 3.32888
10.1042 54.7246 3.31608
10.1111 59.6034 3.30329
10.1181 65.0308 3.29049
10.125 71.4123 3.27769
10.1319 76.635 3.26489
10.1389 76.8348 3.2521
10.1458 70.2982 3.2393
10.1528 59.8954 3.2265
10.1597 52.4221 3.2137
10.1667 52.3587 3.2009
10.1736 56.6165 3.18811
10.1806 61.607 3.17531
10.1875 67.4474 3.16251
10.1944 73.8027 3.14971
10.2014 77.3285 3.13692
10.2083 74.5806 3.12412
10.2153 65.681 3.11132
10.2222 55.6129 3.09062
10.2292 51.3184 3.06643
10.2361 53.8194 3.04224
10.2431 58.5352 3.01805
10.25 63.7125 2.99386
10.2569 70.0008 2.96967
10.2639 75.6972 2.94548
10.2708 76.8108 2.92129
10.2778 71.0747 2.8971
10.2847 60.7602 2.87291
10.2917 52.5114 2.84872
10.2986 51.6378 2.82453
10.3056 55.6294 2.80034
10.3125 60.4341 2.77615
10.3194 66.0192 2.75196
10.3264 72.496 2.72777
10.3333 76.7404 2.70358
10.3403 74.9422 2.67939
10.3472 66.599 2.6552
10.3542 56.2017 2.63101
10.3611 50.971 2.60682
10.3681 52.9213 2.58263
10.375 57.4799 2.55844
10.3819 62.4058 2.53425
10.3889 68.5292 2.51006
10.3958 74.6161 2.48587
10.4028 76.6247 2.46168
10.4097 71.7515 2.43749
10.4167 61.6404 2.4133
10.4236 52.6857 2.38911
10.4306 50.9503 2.36492
10.4375 54.645 2.34073
10.4444 59.2822 2.31654
10.4514 64.5807 2.29234
10.4583 71.0887 2.26815
10.4653 75.9897 2.24396
10.4722 75.1589 2.21977
10.4792 67.4648 2.19558
10.4861 56.8511 2.18039
10.4931 50.6946 2.175
10.5 52.0317 2.16962
10.5069 56.4357 2.16423
10.5139 61.1187 2.15885
10.5208 67.0115 2.15346
10.5278 73.3989 2.14808
10.5347 76.2726 2.14269
10.5417 72.3156 2.13731
10.5486 62.5218 2.13192
10.5556 52.9438 2.12654
10.5625 50.3022 2.12115
10.5694 53.6613 2.11577
10.5764 58.1527 2.11038
10.5833 63.1442 2.105
10.5903 69.5933 2.09961
10.5972 75.079 2.09423
10.6042 75.2224 2.08884
10.6111 68.2634 2.08346
10.6181 57.5506 2.07808
10.625 50.4944 2.07269
10.6319 51.1527 2.06731
10.6389 55.3999 2.06192
10.6458 59.8576 2.05654
10.6528 65.4623 2.05115
10.6597 72.0543 2.04577
10.6667 75.7517 2.04038
10.6736 72.7551 2.035
10.6806 63.3894 2.02961
10.6875 53.2827 2.02423
10.6944 49.6998 2.01884
10.7014 52.6764 2.01346
10.7083 57.0454 2.00807
10.7153 61.7213 2.00269
10.7222 68.0234 1.9973
10.7292 74.012 1.99192
10.7361 75.1255 1.98653
10.7431 68.98 1.98115
10.75 58.2886 1.97576
10.7569 50.3744 1.97038
10.7639 50.2874 1.965
10.7708 54.3688 1.95961
10.7778 58.6272 1.95423
10.7847 63.8963 1.94884
10.7917 70.5927 1.94346
10.7986 75.0609 1.93807
10.8056 73.0587 1.93269
10.8125 64.2278 1.9273
10.8194 53.6973 1.92192
10.8264 49.1497 1.91653
10.8333 51.6887 1.91115
10.8403 55.9585 1.90576
10.8472 60.3226 1.90038
10.8542 66.3938 1.89499
10.8611 72.7944 1.88961
10.8681 74.8621 1.88422
10.875 69.6004 1.87884
10.8819 59.0521 1.87345
10.8889 50.3377 1.86807
10.8958 49.4396 1.86268
10.9028 53.3384 1.8573
10.9097 57.4306 1.85192
10.9167 62.3283 1.84653
10.9236 69.026 1.84115
10.9306 74.2004 1.83576
10.9375 73.2162 1.83038
10.9444 65.0215 1.82499
10.9514 54.1809 1.81961
10.9583 48.659 1.81422
10.9653 50.6972 1.80884
10.9722 54.8888 1.80345
10.9792 58.9574 1.79807
10.9861 64.7202 1.79268
10.9931 71.4334 1.7873
11 74.4275 1.78191
11.0069 70.1111 1.77653
11.0139 59.8271 1.77114
11.0208 50.3858 1.76576
11.0278 48.6142 1.76037
11.0347 52.3043 1.75499
11.0417 56.2689 1.7496
11.0486 60.7727 1.74422
11.0556 67.3675 1.73884
11.0625 73.1724 1.73345
11.0694 73.2187 1.72807
11.0764 65.7552 1.72268
11.0833 54.7246 1.7173
11.0903 48.2345 1.71191
11.0972 49.7017 1.70653
11.1042 53.8319 1.70114
11.1111 57.6331 1.69576
11.1181 63.0191 1.69037
11.125 69.9381 1.68499
11.1319 73.8185 1.6796
11.1389 70.4993 1.67422
11.1458 60.599 1.66883
11.1528 50.5184 1.66345
11.1597 47.8172 1.65806
11.1667 51.2618 1.65268
11.1736 55.1413 1.64729
11.1806 59.2433 1.64191
11.1875 65.6322 1.63652
11.1944 71.9803 1.63114
11.2014 73.058 1.62576
11.2083 66.4136 1.62037
11.2153 55.3183 1.61499
11.2222 47.8826 1.6096
11.2292 48.7031 1.60422
11.2361 52.7819 1.59883
11.2431 56.3557 1.59345
11.25 61.3075 1.58806
11.2569 68.3192 1.58268
11.2639 73.0332 1.57729
11.2708 70.753 1.57191
11.2778 61.3523 1.56652
11.2847 50.7332 1.56114
11.2917 47.0554 1.55575
11.2986 50.2066 1.55037
11.3056 54.0449 1.54498
11.3125 57.753 1.5396
11.3194 63.8364 1.53421
11.3264 70.6296 1.52883
11.3333 72.7275 1.52344
11.3403 66.9819 1.51806
11.3472 55.9499 1.51268
11.3542 47.6092 1.50729
11.3611 47.7032 1.50191
11.3681 51.7323 1.49652
11.375 55.1284 1.49114
11.3819 59.6029 1.48575
11.3889 66.589 1.48037
11.3958 72.0713 1.47498
11.4028 70.8612 1.4696
11.4097 62.0714 1.46421
11.4167 51.0261 1.45883
11.4236 46.3364 1.45344
11.4306 49.1349 1.44806
11.4375 52.9751 1.44267
11.4444 56.3129 1.43729
11.4514 61.9977 1.4319
11.4583 69.1274 1.42652
11.4653 72.2218 1.42113
11.4722 67.4458 1.41575
11.4792 56.6064 1.41036
11.4861 47.419 1.40498
11.4931 46.7053 1.3996
11.5 50.676 1.39421
11.5069 53.9527 1.38883
11.5139 57.9223 1.38344
11.5208 64.762 1.37806
11.5278 70.9342 1.37267
11.5347 70.8142 1.36729
11.5417 62.7408 1.3619
11.5486 51.3909 1.41712
11.5556 45.6688 1.51017
11.5625 48.0436 1.60323
11.5694 51.9254 1.69628
11.5764 54.9327 1.78933
11.5833 60.1349 1.88238
11.5903 67.4824 1.97543
11.5972 71.5366 2.06848
11.6042 67.7918 2.16154
11.6111 57.2736 2.25459
11.6181 47.3155 2.34764
11.625 45.7142 2.44069
11.6319 49.6055 2.53374
11.6389 52.8271 2.6268
11.6458 56.2825 2.71985
11.6528 62.8541 2.8129
11.6597 69.6249 2.90595
11.6667 70.603 2.999
11.6736 63.3445 3.09205
11.6806 51.8194 3.26699
11.6875 45.0614 3.52103
11.6944 46.9308 3.77507
11.7014 50.8879 4.02911
11.7083 53.6193 4.28315
11.7153 58.2678 4.53719
11.7222 65.7058 4.79123
11.7292 70.6693 5.04527
11.7361 68.0071 5.29931
11.7431 57.9365 5.55336
11.75 47.3 5.8074
11.7569 44.7361 6.06144
11.7639 48.5134 6.31548
11.7708 51.748 6.56952
11.7778 54.6992 6.82356
11.7847 60.8832 7.0776
11.7917 68.1482 7.33164
11.7986 70.2201 7.58568
11.8056 63.8673 7.83972
11.8125 52.3015 8.03115
11.8194 44.5231 8.12941
11.8264 45.7955 8.22768
11.8333 49.8535 8.32594
11.8403 52.3775 8.42421
11.8472 56.4168 8.52248
11.8542 63.8101 8.62074
11.8611 69.6189 8.71901
11.8681 68.0799 8.81728
11.875 58.5794 8.91554
11.8819 47.3724 9.01381
11.8889 43.7789 9.11208
11.8958 47.3925 9.21034
11.9028 50.7092 9.30861
11.9097 53.1868 9.40687
11.9167 58.8691 9.50514
11.9236 66.5107 9.60341
11.9306 69.659 9.70167
11.9375 64.2942 9.79994
11.9444 52.8255 9.89821
11.9514 44.0626 9.99647
11.9583 44.6388 10.0947
11.9653 48.812 10.193
11.9722 51.2091 10.2913
11.9792 54.6025 10.3895
11.9861 61.8103 10.4878
11.9931 68.3857 10.5861
12 67.9993 10.6843
12.0069 59.1866 10.7826
12.0139 47.53 10.8809
12.0208 42.8519 10.9791
12.0278 46.2364 11.0774
12.0347 49.7024 11.1757
12.0417 51.7574 11.2739
12.0486 56.8328 11.3722
12.0556 64.721 11.4705
12.0625 68.9148 11.5687
12.0694 64.6109 11.667
12.0764 53.3783 11.7653
12.0833 43.6877 11.8635
12.0903 43.4631 11.9618
12.0972 47.7528 12.0601
12.1042 50.1126 12.1583
12.1111 52.8456 12.2566
12.1181 59.7233 12.3549
12.125 66.972 12.4531
12.1319 67.7558 12.5514
12.1389 59.7419 12.6497
12.1458 47.768 12.7479
12.1528 41.966 12.8462
12.1597 45.0398 12.9445
12.1667 48.7173 13.0427
12.1736 50.4206 13.141
12.1806 54.7974 13.2393
12.1875 62.7897 13.3375
12.1944 67.9836 13.4358
12.2014 64.8038 13.5341
12.2083 53.9456 13.6323
12.2153 43.4053 13.7306
12.2222 42.273 13.8289
12.2292 46.6652 13.9271
12.2361 49.0837 14.0254
12.2431 51.1659 14.1237
12.25 57.5685 14.2219
12.2569 65.3816 14.3202
12.2639 67.3405 14.4185
12.2708 60.2294 14.5167
12.2778 48.0791 14.615
12.2847 41.1332 14.7133
12.2917 43.7985 14.8115
12.2986 47.7419 14.9098
12.3056 49.1831 15.0081
12.3125 52.787 15.1063
12.3194 60.7293 15.2046
12.3264 66.8634 15.3029
12.3333 64.8601 15.4011
12.3403 54.5121 15.4994
12.3472 43.2202 15.5977
12.3542 41.0755 15.6959
12.3611 45.5385 15.7942
12.3681 48.1148 15.8925
12.375 49.5821 15.9907
12.3819 55.3673 16.089
12.3889 63.6203 16.1872
12.3958 66.7461 16.2855
12.4028 60.6335 16.3838
12.4097 48.4542 16.482
12.4167 40.3665 16.5803
12.4236 42.51 16.6786
12.4306 46.7632 16.7768
12.4375 48.0479 16.8751
12.4444 50.8267 16.9734
12.4514 58.555 17.0716
12.4583 65.5534 17.1699
12.4653 64.7679 17.2682
12.4722 55.0619 17.3664
12.4792 43.1352 17.4647
12.4861 39.8795 17.563
12.4931 44.3626 17.6612
12.5 47.1957 17.7595
12.5069 48.1105 17.8578
12.5139 53.1437 17.956
12.5208 61.6958 18.0543
12.5278 65.9664 18.1526
12.5347 60.939 18.2508
12.5417 48.8818 18.3491
12.5486 39.6792 18.4474
12.5556 41.1737 18.5456
12.5625 45.7672 18.6439
12.5694 47.0139 18.7422
12.5764 48.9424 18.8404
12.5833 56.2841 18.9387
12.5903 64.0547 19.037
12.5972 64.5164 19.1352
12.6042 55.5788 19.2335
12.6111 43.1507 19.3318
12.6181 38.6969 19.43
12.625 43.1283 19.5283
12.6319 46.3136 19.6266
12.6389 46.7645 19.7248
12.6458 50.924 19.8231
12.6528 59.6179 19.9214
12.6597 64.9964 20.0196
12.6667 61.1313 20.1179
12.6736 49.349 20.2162
12.6806 39.0846 20.3144
12.6875 39.791 20.4127
12.6944 44.7396 20.511
12.7014 46.0765 20.6092
12.7083 47.1598 20.7075
12.7153 53.937 20.8058
12.7222 62.3698 20.904
12.7292 64.0958 21.0023
12.7361 56.0461 21.1006
12.7431 43.2639 21.1988
12.75 37.5419 21.2971
12.7569 41.8277 21.3954
12.7639 45.4537 21.4936
12.7708 45.5541 21.5919
12.7778 48.737 21.6902
12.7847 57.3985 21.7884
12.7917 63.8326 21.8867
12.7986 61.1966 21.985
12.8056 49.8411 22.078
12.8125 38.5951 22.1167
12.8194 38.3664 22.1555
12.8264 43.6661 22.1942
12.8333 45.2268 22.2329
12.8403 45.5037 22.2717
12.8472 51.5369 22.3104
12.8542 60.5032 22.3491
12.8611 63.4976 22.3878
12.8681 56.4476 22.4266
12.875 43.4697 22.4653
12.8819 36.4314 22.504
12.8889 40.4541 22.5427
12.8958 44.5995 22.5815
12.9028 44.4843 22.6202
12.9097 46.6137 22.6589
12.9167 55.0522 22.6976
12.9236 62.4731 22.7364
12.9306 61.1219 22.7751
12.9375 50.3425 22.8138
12.9444 38.2213 22.8526
12.9514 36.9067 22.8913
12.9583 42.5329 22.93
12.9653 44.4525 22.9687
12.9722 43.9968 23.0075
12.9792 49.1101 23.0462
12.9861 58.4612 23.0849
12.9931 62.7141 23.1236
13 56.7671 23.1624
13.0069 43.7597 23.2011
13.0139 35.3845 23.2398
13.0208 39.003 23.2785
13.0278 43.7336 23.3173
13.0347 43.5556 23.356
13.0417 44.5868 23.3947
13.0486 52.5962 23.4335
13.0556 60.9173 23.4722
13.0625 60.8952 23.5109
13.0694 50.8366 23.5496
13.0764 37.9714 23.5884
13.0833 35.4226 23.6271
13.0903 41.327 23.6658
13.0972 43.7378 23.7045
13.1042 42.6585 23.7433
13.1111 46.6868 23.782
13.1181 56.2523 23.8207
13.125 61.7392 23.8594
13.1319 56.9889 23.8982
13.1389 44.1231 23.9369
13.1458 34.4223 23.9756
13.1528 37.4717 24.0144
13.1597 42.8383 24.0531
13.1667 42.7627 24.0918
13.1736 42.6902 24.1305
13.1806 50.0511 24.1693
13.1875 59.1662 24.208
13.1944 60.5054 24.2467
13.2014 51.3063 24.2854
13.2083 37.8507 24.3053
13.2153 33.9281 24.3194
13.2222 40.0366 24.3335
13.2292 43.0648 24.3475
13.2361 41.5039 24.3616
13.2431 44.3009 24.3757
13.25 53.8871 24.3897
13.2569 60.5679 24.4038
13.2639 57.0979 24.4179
13.2708 44.5466 24.4319
13.2778 33.5669 24.446
13.2847 35.8602 24.4601
13.2917 41.8957 24.4741
13.2986 42.0956 24.4882
13.3056 40.958 24.5023
13.3125 47.4409 24.5163
13.3194 57.2227 24.5304
13.3264 59.9426 24.5445
13.3333 51.7343 24.5585
13.3403 37.8603 24.5726
13.3472 32.442 24.5867
13.3542 38.6511 24.6007
13.3611 42.4133 24.6148
13.3681 40.5419 24.6289
13.375 41.9907 24.6429
13.3819 51.3787 24.657
13.3889 59.1965 24.6711
13.3958 57.0801 24.6851
13.4028 45.0149 24.6992
13.4097 32.8406 24.7133
13.4167 34.1712 24.7273
13.4236 40.8886 24.7414
13.4306 41.5389 24.7555
13.4375 39.4228 24.7695
13.4444 44.794 24.7836
13.4514 55.0911 24.7977
13.4583 59.1978 24.8117
13.4653 52.1033 24.8258
13.4722 37.9975 24.8399
13.4792 30.9874 24.8539
13.4861 37.1617 24.868
13.4931 41.7622 24.8821
13.5 39.7744 24.8961
13.5069 39.7984 24.9102
13.5139 48.7431 24.9243
13.5208 57.6229 24.9383
13.5278 56.9218 24.9524
13.5347 45.5113 24.9665
13.5417 32.2647 24.9805
13.5486 32.4111 24.9946
13.5556 39.8005 25.0087
13.5625 41.0735 25.0228
13.5694 38.1136 25.0368
13.5764 42.144 25.0509
13.5833 52.778 25.065
13.5903 58.2634 25.079
13.5972 52.3964 25.0931
13.6042 38.2553 25.1072
13.6111 29.5928 25.1212
13.6181 35.5614 25.1353
13.625 41.0901 25.1494
13.6319 39.1962 25.1634
13.6389 37.7699 25.1775
13.6458 46 25.1916
13.6528 55.8464 25.2056
13.6597 56.6107 25.2197
13.6667 46.0179 25.2338
13.6736 31.8571 25.2478
13.6806 30.5901 25.2619
13.6875 38.6164 25.276
13.6944 40.6769 25.29
13.7014 37.0535 25.3041
13.7083 39.5305 25.3182
13.7153 50.2918 25.3322
13.7222 57.1328 25.3463
13.7292 52.597 25.3604
13.7361 38.6228 25.3607
13.7431 28.2918 25.3334
13.75 33.8454 25.3061
13.7569 40.3757 25.2788
13.7639 38.7942 25.2516
13.7708 35.9535 25.2243
13.7778 43.1727 25.197
13.7847 53.8676 25.1697
13.7917 56.1354 25.1424
13.7986 46.5158 25.1152
13.8056 31.6317 25.0879
13.8125 28.7239 25.0606
13.8194 37.3229 25.0333
13.8264 40.3245 25.0061
13.8333 36.257 24.9788
13.8403 37.0004 24.9515
13.8472 47.6433 24.9242
13.8542 55.8008 24.8969
13.8611 52.6892 24.8697
13.8681 39.0854 24.8809
13.875 27.1227 25.0245
13.8819 32.0112 25.1681
13.8889 39.5988 25.3117
13.8958 38.5489 25.4553
13.9028 34.3976 25.5989
13.9097 40.2904 25.7425
13.9167 51.6891 25.8861
13.9236 55.4855 26.0298
13.9306 46.9862 26.1734
13.9375 31.5961 26.317
13.9444 26.8341 26.4606
13.9514 35.9082 26.6042
13.9583 39.9907 26.7478
13.9653 35.7281 26.8914
13.9722 34.6086 27.035
13.9792 44.8461 27.1786
13.9861 54.2637 27.3223
13.9931 52.6582 27.4659
14 39.6257 27.6095
14.0069 26.1271 27.7531
14.0139 30.059 27.8967
14.0208 38.7405 28.0403
14.0278 38.4352 28.1839
14.0347 33.1469 28.3275
14.0417 37.3886 28.4711
14.0486 49.3148 28.6148
14.0556 54.6518 28.7584
14.0625 47.4101 28.902
14.0694 31.7507 29.0456
14.0764 24.9509 29.1892
14.0833 34.3625 29.3328
14.0903 39.6498 29.4764
14.0972 35.4593 29.62
14.1042 32.419 29.7636
14.1111 41.9171 29.9073
14.1181 52.5187 30.0509
14.125 52.4898 30.1945
14.1319 40.2239 30.3381
14.1389 25.3474 30.4817
14.1458 27.9922 30.6253
14.1528 37.7838 30.7689
14.1597 38.4239 30.9125
14.1667 32.2373 31.0561
14.1736 34.5118 31.1998
14.1806 46.7506 31.3434
14.1875 53.6264 31.487
14.1944 47.7689 31.6306
14.2014 32.0888 31.7742
14.2083 23.1149 31.9178
14.2153 32.6781 32.0614
14.2222 39.2772 32.205
14.2292 35.4317 32.3486
14.2361 30.5028 32.4923
14.2431 38.8772 32.6359
14.25 50.565 32.7795
14.2569 52.1711 32.9231
14.2639 40.8588 33.0667
14.2708 24.8228 33.2103
14.2778 25.818 33.3539
14.2847 36.7139 33.4975
14.2917 38.4839 33.6411
14.2986 31.6909 33.7848
14.3056 31.7163 33.9284
14.3125 44.0042 34.072
14.3194 52.4027 34.2156
14.3264 48.0448 34.3592
14.3333 32.5965 34.5028
14.3403 21.3801 34.6464
14.3472 30.8497 34.79
14.3542 38.8499 34.9336
14.3611 35.6169 35.0773
14.3681 28.9354 35.2209
14.375 35.753 35.3645
14.3819 48.4028 35.5081
14.3889 51.6903 35.6517
14.3958 41.5084 35.7953
14.4028 24.5838 35.9389
14.4097 23.5488 36.0825
14.4167 35.5185 36.2261
14.4236 38.5834 36.3698
14.4306 31.5117 36.5134
14.4375 29.0737 36.657
14.4444 41.0856 36.8006
14.4514 50.9754 36.9442
14.4583 48.2207 37.0878
14.4653 33.2538 37.2314
14.4722 19.8165 37.375
14.4792 28.8744 37.5186
14.4861 38.3472 37.6623
14.4931 35.9789 37.8059
14.5 27.7884 37.9495
14.5069 32.5789 38.0931
14.5139 46.034 38.2367
14.5208 51.0368 38.3803
14.5278 42.1503 38.5239
14.5347 24.648 38.4683
14.5417 21.2039 38.3204
14.5486 34.1881 38.1725
14.5556 38.6916 38.0246
14.5625 31.684 37.8768
14.5694 26.6743 37.7289
14.5764 38.0074 37.581
14.5833 49.3406 37.4332
14.5903 48.2805 37.2853
14.5972 34.0365 37.1374
14.6042 18.5107 36.9896
14.6111 26.7518 36.8417
14.6181 37.7513 36.6938
14.625 36.478 36.546
14.6319 27.1188 36.3981
14.6389 29.4008 36.2502
14.6458 43.4619 36.1024
14.6528 50.2014 35.9545
14.6597 42.7625 35.8066
14.6667 25.0162 35.6587
14.6736 18.8136 35.5109
14.6806 32.7163 35.363
14.6875 38.7796 35.2151
