time error errTLE
0 0 0
0.00694444 0.0416998 0.00385908
0.0138889 0.0832644 0.00771815
0.0208333 0.124825 0.0115772
0.0277778 0.166514 0.0154363
0.0347222 0.208465 0.0192954
0.0416667 0.250812 0.0231545
0.0486111 0.293682 0.0270135
0.0555556 0.337198 0.0308726
0.0625 0.381474 0.0347317
0.0694444 0.426612 0.0385908
0.0763889 0.472705 0.0424498
0.0833333 0.519829 0.0463089
0.0902778 0.568046 0.050168
0.0972222 0.617402 0.0540271
0.104167 0.667926 0.0578861
0.111111 0.719628 0.0617452
0.118056 0.772503 0.0656043
0.125 0.826525 0.0694634
0.131944 0.881651 0.0733224
0.138889 0.937822 0.0771815
0.145833 0.994958 0.0810406
0.152778 1.05296 0.0848997
0.159722 1.11173 0.0887587
0.166667 1.17113 0.0926178
0.173611 1.23102 0.0964769
0.180556 1.29124 0.100336
0.1875 1.35163 0.104195
0.194444 1.41201 0.108054
0.201389 1.47219 0.111913
0.208333 1.53197 0.115772
0.215278 1.59115 0.119631
0.222222 1.6495 0.12349
0.229167 1.70682 0.12735
0.236111 1.76288 0.131209
0.243056 1.81746 0.135068
0.25 1.87034 0.138927
0.256944 1.9213 0.142786
0.263889 1.97013 0.146645
0.270833 2.01661 0.150504
0.277778 2.06053 0.154363
0.284722 2.10172 0.158222
0.291667 2.13997 0.162081
0.298611 2.17513 0.16594
0.305556 2.20704 0.169799
0.3125 2.23556 0.173658
0.319444 2.26056 0.177517
0.326389 2.28196 0.181377
0.333333 2.29967 0.185236
0.340278 2.31363 0.189095
0.347222 2.32383 0.192954
0.354167 2.33026 0.196813
0.361111 2.33294 0.200672
0.368056 2.33194 0.204531
0.375 2.32734 0.20839
0.381944 2.31927 0.212249
0.388889 2.30788 0.216108
0.395833 2.29336 0.219967
0.402778 2.27594 0.223826
0.409722 2.25587 0.227685
0.416667 2.23346 0.231545
0.423611 2.20904 0.235404
0.430556 2.18297 0.239263
0.4375 2.15565 0.243122
0.444444 2.12752 0.246981
0.451389 2.09902 0.25084
0.458333 2.07063 0.254699
0.465278 2.04284 0.258558
0.472222 2.01614 0.262417
0.479167 1.99104 0.266276
0.486111 1.96801 0.270135
0.493056 1.9475 0.273994
0.5 1.92993 0.277853
0.506944 1.91565 0.281569
0.513889 1.90495 0.285216
0.520833 1.89804 0.288863
0.527778 1.89506 0.29251
0.534722 1.89603 0.296156
0.541667 1.90089 0.299803
0.548611 1.90949 0.30345
0.555556 1.92159 0.307097
0.5625 1.93689 0.310744
0.569444 1.955 0.314391
0.576389 1.97551 0.318038
0.583333 1.99795 0.321685
0.590278 2.02185 0.325332
0.597222 2.04671 0.328979
0.604167 2.07205 0.332626
0.611111 2.09738 0.336273
0.618056 2.12225 0.33992
0.625 2.14622 0.343567
0.631944 2.16888 0.347214
0.638889 2.18986 0.350861
0.645833 2.20881 0.354508
0.652778 2.22544 0.358155
0.659722 2.23947 0.361802
0.666667 2.25067 0.365449
0.673611 2.25884 0.369096
0.680556 2.26382 0.372742
0.6875 2.26549 0.376389
0.694444 2.26374 0.380036
0.701389 2.25852 0.383683
0.708333 2.2498 0.38733
0.715278 2.23757 0.390977
0.722222 2.22186 0.394624
0.729167 2.20271 0.398271
0.736111 2.18021 0.401918
0.743056 2.15445 0.405565
0.75 2.12555 0.409212
0.756944 2.09364 0.412859
0.763889 2.05887 0.416506
0.770833 2.02141 0.420153
0.777778 1.98145 0.4238
0.784722 1.93916 0.427447
0.791667 1.89476 0.431094
0.798611 1.84845 0.434741
0.805556 1.80043 0.438388
0.8125 1.75094 0.442035
0.819444 1.70017 0.445682
0.826389 1.64835 0.449328
0.833333 1.5957 0.452975
0.840278 1.54241 0.456622
0.847222 1.48871 0.460269
0.854167 1.43478 0.463916
0.861111 1.38082 0.467563
0.868056 1.327 0.47121
0.875 1.27349 0.474857
0.881944 1.22044 0.478504
0.888889 1.16799 0.482151
0.895833 1.11628 0.485798
0.902778 1.0654 0.489445
0.909722 1.01546 0.493092
0.916667 0.966524 0.496739
0.923611 0.918661 0.500386
0.930556 0.871915 0.504033
0.9375 0.826319 0.50768
0.944444 0.781896 0.511327
0.951389 0.738657 0.514974
0.958333 0.696609 0.518621
0.965278 0.655763 0.522268
0.972222 0.616136 0.525914
0.979167 0.577761 0.529561
0.986111 0.540703 0.533208
0.993056 0.505073 0.536855
1 0.471046 0.540502
1.00694 0.438894 0.544261
1.01389 0.409006 0.548906
1.02083 0.381933 0.553551
1.02778 0.35841 0.558196
1.03472 0.339357 0.562842
1.04167 0.325838 0.567487
1.04861 0.318923 0.572132
1.05556 0.319489 0.576777
1.0625 0.328006 0.581422
1.06944 0.344432 0.586068
1.07639 0.368272 0.590713
1.08333 0.398759 0.595358
1.09028 0.435037 0.600003
1.09722 0.476295 0.604648
1.10417 0.521828 0.609294
1.11111 0.571043 0.613939
1.11806 0.623453 0.618584
1.125 0.678651 0.623229
1.13194 0.736294 0.627874
1.13889 0.796084 0.63252
1.14583 0.857753 0.637165
1.15278 0.921051 0.64181
1.15972 0.985746 0.646455
1.16667 1.05161 0.6511
1.17361 1.11841 0.655746
1.18056 1.18593 0.660391
1.1875 1.25394 0.665036
1.19444 1.32221 0.669681
1.20139 1.3905 0.674326
1.20833 1.45859 0.678972
1.21528 1.52622 0.683617
1.22222 1.59317 0.688262
1.22917 1.65918 0.692907
1.23611 1.72401 0.697552
1.24306 1.78742 0.702198
1.25 1.84917 0.706843
1.25694 1.90901 0.711488
1.26389 1.96672 0.716133
1.27083 2.02205 0.720778
1.27778 2.07479 0.725424
1.28472 2.12473 0.730069
1.29167 2.17166 0.734714
1.29861 2.2154 0.739359
1.30556 2.25576 0.744004
1.3125 2.29258 0.74865
1.31944 2.32572 0.753295
1.32639 2.35506 0.75794
1.33333 2.38048 0.762585
1.34028 2.4019 0.76723
1.34722 2.41925 0.771876
1.35417 2.4325 0.776521
1.36111 2.44164 0.781166
1.36806 2.44666 0.785811
1.375 2.44762 0.790456
1.38194 2.44457 0.795102
1.38889 2.43762 0.799747
1.39583 2.42688 0.804392
1.40278 2.4125 0.809037
1.40972 2.39467 0.813682
1.41667 2.3736 0.818327
1.42361 2.34953 0.822973
1.43056 2.32273 0.827618
1.4375 2.29349 0.832094
1.44444 2.26214 0.836311
1.45139 2.22902 0.840528
1.45833 2.19451 0.844745
1.46528 2.159 0.848962
1.47222 2.12288 0.853179
1.47917 2.08659 0.857396
1.48611 2.05054 0.861613
1.49306 2.01516 0.86583
1.5 1.98087 0.870047
1.50694 1.94806 0.874264
1.51389 1.91712 0.878481
1.52083 1.88838 0.882698
1.52778 1.86215 0.886915
1.53472 1.83869 0.891132
1.54167 1.81816 0.895349
1.54861 1.80071 0.899566
1.55556 1.78637 0.903783
1.5625 1.77513 0.908
1.56944 1.76689 0.912217
1.57639 1.7615 0.916434
1.58333 1.75873 0.920651
1.59028 1.75831 0.924868
1.59722 1.75992 0.929085
1.60417 1.76321 0.933302
1.61111 1.76784 0.937519
1.61806 1.77341 0.941736
1.625 1.77957 0.945953
1.63194 1.78594 0.95017
1.63889 1.79219 0.954387
1.64583 1.79799 0.958604
1.65278 1.80307 0.962822
1.65972 1.80715 0.967039
1.66667 1.81001 0.971256
1.67361 1.81146 0.975473
1.68056 1.81137 0.97969
1.6875 1.8096 0.983907
1.69444 1.80609 0.988124
1.70139 1.80079 0.992341
1.70833 1.7937 0.996558
1.71528 1.78484 1.00077
1.72222 1.77427 1.00499
1.72917 1.76208 1.00921
1.73611 1.74838 1.01343
1.74306 1.7333 1.01764
1.75 1.71701 1.02186
1.75694 1.69969 1.02608
1.76389 1.68151 1.03029
1.77083 1.66268 1.03451
1.77778 1.64341 1.03873
1.78472 1.62391 1.04294
1.79167 1.60438 1.04716
1.79861 1.58505 1.05138
1.80556 1.56609 1.0556
1.8125 1.5477 1.05981
1.81944 1.53002 1.06403
1.82639 1.51322 1.06825
1.83333 1.49739 1.07246
1.84028 1.48264 1.07668
1.84722 1.46902 1.0809
1.85417 1.45657 1.08511
1.86111 1.44528 1.08933
1.86806 1.43512 1.09355
1.875 1.42604 1.09777
1.88194 1.41797 1.10198
1.88889 1.41081 1.1062
1.89583 1.40443 1.11042
1.90278 1.39872 1.11463
1.90972 1.39355 1.11885
1.91667 1.38879 1.12307
1.92361 1.38431 1.12723
1.93056 1.37999 1.12835
1.9375 1.37574 1.12947
1.94444 1.37147 1.13059
1.95139 1.36711 1.13171
1.95833 1.36265 1.13283
1.96528 1.35806 1.13395
1.97222 1.35338 1.13508
1.97917 1.34868 1.1362
1.98611 1.34405 1.13732
1.99306 1.33962 1.13844
2 1.33559 1.13956
2.00694 1.33215 1.14068
2.01389 1.32958 1.1418
2.02083 1.32815 1.14292
2.02778 1.32819 1.14404
2.03472 1.33004 1.14516
2.04167 1.33407 1.14628
2.04861 1.34065 1.1474
2.05556 1.35017 1.14852
2.0625 1.36297 1.14964
2.06944 1.37939 1.15077
2.07639 1.39973 1.15189
2.08333 1.42425 1.15301
2.09028 1.45312 1.15413
2.09722 1.48649 1.15525
2.10417 1.52441 1.15637
2.11111 1.56688 1.15749
2.11806 1.61384 1.15861
2.125 1.66516 1.15973
2.13194 1.72065 1.16085
2.13889 1.78009 1.16197
2.14583 1.84323 1.16309
2.15278 1.90976 1.16421
2.15972 1.97936 1.16533
2.16667 2.0517 1.16646
2.17361 2.12642 1.16758
2.18056 2.20317 1.1687
2.1875 2.28157 1.16982
2.19444 2.36126 1.17094
2.20139 2.44186 1.17206
2.20833 2.52299 1.17318
2.21528 2.60429 1.1743
2.22222 2.68538 1.17542
2.22917 2.76591 1.17654
2.23611 2.84551 1.17766
2.24306 2.92384 1.17878
2.25 3.00054 1.1799
2.25694 3.07527 1.18102
2.26389 3.14772 1.18215
2.27083 3.21755 1.18327
2.27778 3.28447 1.18439
2.28472 3.34816 1.18551
2.29167 3.40837 1.18663
2.29861 3.4648 1.18775
2.30556 3.51721 1.18887
2.3125 3.56535 1.18999
2.31944 3.60902 1.19111
2.32639 3.648 1.19223
2.33333 3.6821 1.19335
2.34028 3.71117 1.19447
2.34722 3.73506 1.19559
2.35417 3.75364 1.19672
2.36111 3.76681 1.19784
2.36806 3.77449 1.19896
2.375 3.77662 1.20008
2.38194 3.77317 1.2012
2.38889 3.76412 1.20232
2.39583 3.74947 1.20344
2.40278 3.72927 1.20456
2.40972 3.70356 1.20568
2.41667 3.67243 1.2068
2.42361 3.63595 1.20792
2.43056 3.59426 1.20904
2.4375 3.54749 1.21016
2.44444 3.49579 1.21128
2.45139 3.43933 1.21241
2.45833 3.3783 1.21353
2.46528 3.31291 1.21465
2.47222 3.24338 1.21577
2.47917 3.16992 1.21689
2.48611 3.0928 1.21801
2.49306 3.01225 1.21913
2.5 2.92854 1.22025
2.50694 2.84193 1.22137
2.51389 2.75271 1.22249
2.52083 2.66115 1.22361
2.52778 2.56754 1.22473
2.53472 2.47217 1.22585
2.54167 2.37533 1.22697
2.54861 2.27732 1.2281
2.55556 2.17846 1.22922
2.5625 2.07906 1.23034
2.56944 1.97943 1.23146
2.57639 1.87994 1.23258
2.58333 1.78094 1.2337
2.59028 1.68283 1.23482
2.59722 1.58605 1.23594
2.60417 1.49109 1.23706
2.61111 1.39853 1.23818
2.61806 1.30903 1.2393
2.625 1.22339 1.24042
2.63194 1.14257 1.24154
2.63889 1.06769 1.24267
2.64583 1.00012 1.24379
2.65278 0.941411 1.24491
2.65972 0.893249 1.24603
2.66667 0.857333 1.24715
2.67361 0.835131 1.24827
2.68056 0.827613 1.24939
2.6875 0.835023 1.25051
2.69444 0.856805 1.25163
2.70139 0.891724 1.25275
2.70833 0.938122 1.25387
2.71528 0.994189 1.25499
2.72222 1.05818 1.25611
2.72917 1.12851 1.25723
2.73611 1.20384 1.25836
2.74306 1.28303 1.25948
2.75 1.36516 1.2606
2.75694 1.44943 1.26172
2.76389 1.53519 1.26284
2.77083 1.62191 1.26396
2.77778 1.70911 1.26508
2.78472 1.79637 1.2662
2.79167 1.88334 1.26732
2.79861 1.96968 1.26844
2.80556 2.05511 1.26956
2.8125 2.13935 1.27068
2.81944 2.22214 1.2718
2.82639 2.30324 1.27292
2.83333 2.38245 1.27405
2.84028 2.45954 1.27517
2.84722 2.53432 1.27629
2.85417 2.60662 1.27741
2.86111 2.67626 1.27853
2.86806 2.74311 1.27965
2.875 2.80701 1.28077
2.88194 2.86785 1.28189
2.88889 2.92553 1.28301
2.89583 2.97996 1.28413
2.90278 3.03107 1.28525
2.90972 3.07882 1.28637
2.91667 3.12318 1.28749
2.92361 3.16415 1.28861
2.93056 3.20175 1.28974
2.9375 3.23603 1.29086
2.94444 3.26705 1.29198
2.95139 3.2949 1.2931
2.95833 3.31973 1.29422
2.96528 3.34166 1.29534
2.97222 3.36088 1.29646
2.97917 3.3776 1.29758
2.98611 3.39205 1.2987
2.99306 3.40449 1.29982
3 3.41522 1.30094
3.00694 3.42454 1.30206
3.01389 3.4328 1.32567
3.02083 3.44037 1.35662
3.02778 3.44763 1.38757
3.03472 3.45499 1.41852
3.04167 3.46286 1.44947
3.04861 3.47168 1.48041
3.05556 3.48188 1.51136
3.0625 3.49389 1.54231
3.06944 3.50813 1.57326
3.07639 3.52503 1.60421
3.08333 3.54497 1.63516
3.09028 3.5683 1.66611
3.09722 3.59536 1.69706
3.10417 3.62643 1.728
3.11111 3.66174 1.75895
3.11806 3.70147 1.7899
3.125 3.74575 1.82085
3.13194 3.79465 1.8518
3.13889 3.84816 1.88275
3.14583 3.90622 1.9137
3.15278 3.96874 1.94465
3.15972 4.03552 1.97559
3.16667 4.10636 2.00654
3.17361 4.18097 2.03749
3.18056 4.25905 2.06844
3.1875 4.34025 2.09939
3.19444 4.42418 2.13034
3.20139 4.51043 2.16129
3.20833 4.59858 2.19223
3.21528 4.68818 2.22318
3.22222 4.77876 2.25413
3.22917 4.86987 2.28508
3.23611 4.96102 2.31603
3.24306 5.05176 2.34698
3.25 5.1416 2.37793
3.25694 5.23009 2.40888
3.26389 5.31677 2.43982
3.27083 5.4012 2.47077
3.27778 5.48293 2.50172
3.28472 5.56156 2.53267
3.29167 5.63666 2.56362
3.29861 5.70787 2.59457
3.30556 5.7748 2.62552
3.3125 5.83711 2.65647
3.31944 5.89446 2.68741
3.32639 5.94654 2.71836
3.33333 5.99308 2.74931
3.34028 6.03381 2.78026
3.34722 6.06848 2.81121
3.35417 6.09688 2.84216
3.36111 6.11883 2.87311
3.36806 6.13415 2.90406
3.375 6.14272 2.935
3.38194 6.14441 2.96595
3.38889 6.13914 2.9969
3.39583 6.12686 3.02785
3.40278 6.10751 3.0588
3.40972 6.0811 3.08975
3.41667 6.04765 3.1207
3.42361 6.00719 3.15164
3.43056 5.95979 3.18259
3.4375 5.90554 3.21354
3.44444 5.84457 3.24449
3.45139 5.777 3.27544
3.45833 5.703 3.30639
3.46528 5.62277 3.33734
3.47222 5.53649 3.36829
3.47917 5.44442 3.39923
3.48611 5.34678 3.43018
3.49306 5.24387 3.46113
3.5 5.13598 3.49208
3.50694 5.02342 3.52303
3.51389 4.90654 3.55398
3.52083 4.78571 3.58493
3.52778 4.66131 3.58527
3.53472 4.53376 3.56625
3.54167 4.40352 3.54723
3.54861 4.27107 3.52822
3.55556 4.13694 3.5092
3.5625 4.00169 3.49018
3.56944 3.86593 3.47116
3.57639 3.73035 3.45215
3.58333 3.59568 3.43313
3.59028 3.46273 3.41411
3.59722 3.3324 3.39509
3.60417 3.20568 3.37608
3.61111 3.08365 3.35706
3.61806 2.96752 3.33804
3.625 2.85858 3.31903
3.63194 2.75823 3.30001
3.63889 2.66794 3.28099
3.64583 2.58919 3.26197
3.65278 2.52346 3.24296
3.65972 2.47211 3.22394
3.66667 2.4363 3.20492
3.67361 2.4169 3.1859
3.68056 2.41443 3.16689
3.6875 2.42897 3.14787
3.69444 2.46018 3.12885
3.70139 2.50731 3.10984
3.70833 2.56932 3.09082
3.71528 2.6449 3.0718
3.72222 2.73264 3.05278
3.72917 2.83102 3.03377
3.73611 2.93859 3.01475
3.74306 3.05391 2.99573
3.75 3.17565 2.97671
3.75694 3.30257 2.9577
3.76389 3.43355 2.93868
3.77083 3.56756 2.91966
3.77778 3.70368 2.90065
3.78472 3.84107 2.88163
3.79167 3.97898 2.86261
3.79861 4.11673 2.84359
3.80556 4.25369 2.82458
3.8125 4.38932 2.80556
3.81944 4.5231 2.78654
3.82639 4.65457 2.76752
3.83333 4.78333 2.74851
3.84028 4.90897 2.72949
3.84722 5.03118 2.71047
3.85417 5.14963 2.69146
3.86111 5.26405 2.67244
3.86806 5.3742 2.65342
3.875 5.47986 2.6344
3.88194 5.58086 2.61539
3.88889 5.67703 2.59637
3.89583 5.76826 2.57735
3.90278 5.85444 2.55833
3.90972 5.93551 2.53932
3.91667 6.01145 2.5203
3.92361 6.08223 2.50128
3.93056 6.14789 2.48226
3.9375 6.20848 2.46325
3.94444 6.26409 2.44423
3.95139 6.31484 2.42521
3.95833 6.36086 2.4062
3.96528 6.40234 2.38718
3.97222 6.43949 2.36816
3.97917 6.47254 2.35875
3.98611 6.50177 2.37055
3.99306 6.52747 2.38235
4 6.54997 2.39414
4.00694 6.56961 2.40594
4.01389 6.58678 2.41774
4.02083 6.60188 2.42953
4.02778 6.61533 2.44133
4.03472 6.62757 2.45313
4.04167 6.63906 2.46492
4.04861 6.65026 2.47672
4.05556 6.66165 2.48852
4.0625 6.6737 2.50031
4.06944 6.68691 2.51211
4.07639 6.70173 2.52391
4.08333 6.71862 2.5357
4.09028 6.73802 2.5475
4.09722 6.76035 2.5593
4.10417 6.78599 2.57109
4.11111 6.81528 2.58289
4.11806 6.84855 2.59469
4.125 6.88605 2.60648
4.13194 6.92798 2.61828
4.13889 6.97451 2.63007
4.14583 7.02574 2.64187
4.15278 7.0817 2.65367
4.15972 7.14238 2.66546
4.16667 7.2077 2.67726
4.17361 7.27752 2.68906
4.18056 7.35165 2.70085
4.1875 7.42985 2.71265
4.19444 7.51182 2.72445
4.20139 7.59723 2.73624
4.20833 7.68568 2.74804
4.21528 7.77677 2.75984
4.22222 7.87004 2.77163
4.22917 7.96501 2.78343
4.23611 8.0612 2.79523
4.24306 8.15809 2.80702
4.25 8.25516 2.81882
4.25694 8.35186 2.83062
4.26389 8.44768 2.84241
4.27083 8.54207 2.85421
4.27778 8.63451 2.86601
4.28472 8.72448 2.8778
4.29167 8.81147 2.8896
4.29861 8.89499 2.9014
4.30556 8.97455 2.91319
4.3125 9.04969 2.92499
4.31944 9.11999 2.93679
4.32639 9.18502 2.94858
4.33333 9.24439 2.96038
4.34028 9.29774 2.97218
4.34722 9.34473 2.98397
4.35417 9.38505 2.99577
4.36111 9.41843 3.00757
4.36806 9.44461 3.01936
4.375 9.46337 3.03116
4.38194 9.47454 3.04296
4.38889 9.47795 3.05475
4.39583 9.47349 3.06655
4.40278 9.46106 3.07834
4.40972 9.44062 3.09014
4.41667 9.41215 3.10194
4.42361 9.37564 3.11373
4.43056 9.33117 3.12553
4.4375 9.27879 3.13733
4.44444 9.21863 3.14912
4.45139 9.15084 3.16092
4.45833 9.07559 3.17272
4.46528 8.9931 3.18451
4.47222 8.90363 3.19631
4.47917 8.80746 3.20811
4.48611 8.70491 3.2199
4.49306 8.59633 3.2317
4.5 8.48211 3.2435
4.50694 8.36269 3.25529
4.51389 8.23852 3.26709
4.52083 8.11011 3.27889
4.52778 7.97801 3.29068
4.53472 7.84278 3.30248
4.54167 7.70507 3.31428
4.54861 7.56553 3.32607
4.55556 7.42489 3.33787
4.5625 7.28389 3.34967
4.56944 7.14334 3.36146
4.57639 7.00409 3.37326
4.58333 6.86704 3.38506
4.59028 6.73313 3.39685
4.59722 6.60333 3.40865
4.60417 6.47865 3.42045
4.61111 6.36015 3.43224
4.61806 6.24889 3.44404
4.625 6.14591 3.45584
4.63194 6.05229 3.46763
4.63889 5.96903 3.47943
4.64583 5.89711 3.49123
4.65278 5.83742 3.50302
4.65972 5.79073 3.51482
4.66667 5.75771 3.52661
4.67361 5.73887 3.53841
4.68056 5.73454 3.55021
4.6875 5.74489 3.562
4.69444 5.76988 3.5738
4.70139 5.80932 3.5856
4.70833 5.86281 3.59739
4.71528 5.9298 3.60919
4.72222 6.00962 3.62099
4.72917 6.10145 3.63278
4.73611 6.2044 3.64458
4.74306 6.31751 3.65638
4.75 6.43977 3.66817
4.75694 6.57015 3.67997
4.76389 6.7076 3.69177
4.77083 6.85111 3.70356
4.77778 6.99966 3.71536
4.78472 7.15227 3.72716
4.79167 7.30802 3.73895
4.79861 7.466 3.75075
4.80556 7.62536 3.76255
4.8125 7.7853 3.77434
4.81944 7.94506 3.78614
4.82639 8.10395 3.79794
4.83333 8.26129 3.80973
4.84028 8.41649 3.82153
4.84722 8.56898 3.83333
4.85417 8.71824 3.84512
4.86111 8.86381 3.85692
4.86806 9.00526 3.86872
4.875 9.14221 3.88051
4.88194 9.27432 3.89231
4.88889 9.4013 3.90411
4.89583 9.52289 3.9159
4.90278 9.63888 3.9277
4.90972 9.74911 3.9395
4.91667 9.85344 3.95129
4.92361 9.95178 3.96309
4.93056 10.0441 3.97488
4.9375 10.1303 3.98668
4.94444 10.2106 3.99848
4.95139 10.2849 4.00927
4.95833 10.3533 4.01206
4.96528 10.4161 4.01485
4.97222 10.4733 4.01764
4.97917 10.5253 4.02043
4.98611 10.5721 4.02323
4.99306 10.6143 4.02602
5 10.6519 4.02881
5.00694 10.6855 4.0316
5.01389 10.7153 4.03439
5.02083 10.7418 4.03719
5.02778 10.7655 4.03998
5.03472 10.7866 4.04277
5.04167 10.8058 4.04556
5.04861 10.8235 4.04836
5.05556 10.8402 4.05115
5.0625 10.8565 4.05394
5.06944 10.8727 4.05673
5.07639 10.8894 4.05952
5.08333 10.9071 4.06232
5.09028 10.9264 4.06511
5.09722 10.9476 4.0679
5.10417 10.9712 4.07069
5.11111 10.9976 4.07349
5.11806 11.0273 4.07628
5.125 11.0605 4.07907
5.13194 11.0976 4.08186
5.13889 11.1389 4.08465
5.14583 11.1845 4.08745
5.15278 11.2346 4.09024
5.15972 11.2893 4.09303
5.16667 11.3487 4.09582
5.17361 11.4128 4.09861
5.18056 11.4814 4.10141
5.1875 11.5545 4.1042
5.19444 11.6318 4.10699
5.20139 11.7131 4.10978
5.20833 11.7982 4.11258
5.21528 11.8867 4.11537
5.22222 11.9783 4.11816
5.22917 12.0724 4.12095
5.23611 12.1686 4.12374
5.24306 12.2666 4.12654
5.25 12.3656 4.12933
5.25694 12.4653 4.13212
5.26389 12.5651 4.13491
5.27083 12.6644 4.1377
5.27778 12.7626 4.1405
5.28472 12.8592 4.14329
5.29167 12.9536 4.14608
5.29861 13.0453 4.14887
5.30556 13.1337 4.15167
5.3125 13.2182 4.15446
5.31944 13.2984 4.15725
5.32639 13.3738 4.16004
5.33333 13.4439 4.16283
5.34028 13.5082 4.16563
5.34722 13.5663 4.16842
5.35417 13.6179 4.17121
5.36111 13.6625 4.174
5.36806 13.6998 4.1768
5.375 13.7296 4.17959
5.38194 13.7515 4.18238
5.38889 13.7655 4.18517
5.39583 13.7711 4.18796
5.40278 13.7685 4.19076
5.40972 13.7573 4.19355
5.41667 13.7376 4.19634
5.42361 13.7094 4.19913
5.43056 13.6725 4.20192
5.4375 13.6272 4.20472
5.44444 13.5735 4.20751
5.45139 13.5115 4.2103
5.45833 13.4414 4.22323
5.46528 13.3635 4.23635
5.47222 13.278 4.24948
5.47917 13.1852 4.26261
5.48611 13.0855 4.27573
5.49306 12.9792 4.28886
5.5 12.8668 4.30199
5.50694 12.7488 4.31512
5.51389 12.6257 4.32824
5.52083 12.4981 4.34137
5.52778 12.3665 4.3545
5.53472 12.2316 4.36762
5.54167 12.0942 4.38075
5.54861 11.9548 4.39388
5.55556 11.8144 4.40701
5.5625 11.6737 4.42013
5.56944 11.5335 4.43326
5.57639 11.3948 4.44639
5.58333 11.2585 4.45951
5.59028 11.1254 4.47264
5.59722 10.9965 4.48577
5.60417 10.8728 4.49889
5.61111 10.7553 4.51202
5.61806 10.6449 4.52515
5.625 10.5426 4.53828
5.63194 10.4493 4.5514
5.63889 10.3659 4.56453
5.64583 10.2932 4.57766
5.65278 10.2319 4.59078
5.65972 10.1829 4.60391
5.66667 10.1465 4.61704
5.67361 10.1234 4.63017
5.68056 10.114 4.64329
5.6875 10.1183 4.65642
5.69444 10.1367 4.66955
5.70139 10.169 4.68267
5.70833 10.2151 4.6958
5.71528 10.2748 4.70893
5.72222 10.3476 4.72205
5.72917 10.4331 4.73518
5.73611 10.5306 4.74831
5.74306 10.6395 4.76144
5.75 10.7591 4.77456
5.75694 10.8884 4.78769
5.76389 11.0266 4.80082
5.77083 11.1728 4.81394
5.77778 11.3261 4.82707
5.78472 11.4856 4.8402
5.79167 11.6503 4.85333
5.79861 11.8193 4.86645
5.80556 11.9917 4.87958
5.8125 12.1665 4.89271
5.81944 12.343 4.90583
5.82639 12.5203 4.91896
5.83333 12.6977 4.93209
5.84028 12.8742 4.94521
5.84722 13.0494 4.95834
5.85417 13.2224 4.97147
5.86111 13.3926 4.9846
5.86806 13.5596 4.99772
5.875 13.7227 5.01085
5.88194 13.8815 5.02398
5.88889 14.0355 5.0371
5.89583 14.1844 5.05023
5.90278 14.3278 5.06336
5.90972 14.4654 5.07649
5.91667 14.597 5.08961
5.92361 14.7224 5.10274
5.93056 14.8414 5.11587
5.9375 14.954 5.12899
5.94444 15.06 5.14212
5.95139 15.1595 5.15525
5.95833 15.2525 5.16403
5.96528 15.339 5.16325
5.97222 15.4193 5.16247
5.97917 15.4934 5.16168
5.98611 15.5615 5.1609
5.99306 15.624 5.16012
6 15.681 5.15933
6.00694 15.7329 5.15855
6.01389 15.78 5.15777
6.02083 15.8227 5.15698
6.02778 15.8614 5.1562
6.03472 15.8966 5.15541
6.04167 15.9286 5.15463
6.04861 15.9581 5.15385
6.05556 15.9853 5.15306
6.0625 16.011 5.15228
6.06944 16.0355 5.1515
6.07639 16.0593 5.15071
6.08333 16.0831 5.14993
6.09028 16.1073 5.14915
6.09722 16.1323 5.14836
6.10417 16.1588 5.14758
6.11111 16.187 5.1468
6.11806 16.2176 5.14601
6.125 16.2508 5.14523
6.13194 16.287 5.14444
6.13889 16.3266 5.14366
6.14583 16.3699 5.14288
6.15278 16.4172 5.14209
6.15972 16.4685 5.14131
6.16667 16.524 5.14053
6.17361 16.5839 5.13974
6.18056 16.6482 5.13896
6.1875 16.7168 5.13818
6.19444 16.7897 5.13739
6.20139 16.8667 5.13661
6.20833 16.9477 5.13583
6.21528 17.0323 5.13504
6.22222 17.1204 5.13426
6.22917 17.2115 5.13348
6.23611 17.3053 5.13269
6.24306 17.4014 5.13191
6.25 17.4993 5.13112
6.25694 17.5986 5.13034
6.26389 17.6986 5.12956
6.27083 17.7989 5.12877
6.27778 17.899 5.12799
6.28472 17.9982 5.12721
6.29167 18.096 5.12642
6.29861 18.1919 5.12564
6.30556 18.2852 5.12486
6.3125 18.3754 5.12407
6.31944 18.4619 5.12329
6.32639 18.5442 5.12251
6.33333 18.6218 5.12172
6.34028 18.6942 5.12094
6.34722 18.7608 5.12015
6.35417 18.8213 5.11937
6.36111 18.8752 5.11859
6.36806 18.9221 5.1178
6.375 18.9616 5.11702
6.38194 18.9936 5.11624
6.38889 19.0175 5.11545
6.39583 19.0334 5.11467
6.40278 19.0408 5.11389
6.40972 19.0397 5.1131
6.41667 19.0299 5.11232
6.42361 19.0114 5.11154
6.43056 18.9842 5.11075
6.4375 18.9482 5.10997
6.44444 18.9036 5.10919
6.45139 18.8504 5.1084
6.45833 18.7888 5.11378
6.46528 18.719 5.12914
6.47222 18.6412 5.14449
6.47917 18.5559 5.15984
6.48611 18.4632 5.1752
6.49306 18.3636 5.19055
6.5 18.2576 5.2059
6.50694 18.1456 5.22126
6.51389 18.0281 5.23661
6.52083 17.9058 5.25196
6.52778 17.7792 5.26732
6.53472 17.649 5.28267
6.54167 17.5159 5.29802
6.54861 17.3807 5.31338
6.55556 17.2441 5.32873
6.5625 17.1069 5.34409
6.56944 16.97 5.35944
6.57639 16.8342 5.37479
6.58333 16.7004 5.39015
6.59028 16.5696 5.4055
6.59722 16.4426 5.42085
6.60417 16.3204 5.43621
6.61111 16.2039 5.45156
6.61806 16.0939 5.46691
6.625 15.9915 5.48227
6.63194 15.8975 5.49762
6.63889 15.8126 5.51297
6.64583 15.7378 5.52833
6.65278 15.6736 5.54368
6.65972 15.6209 5.55904
6.66667 15.5801 5.57439
6.67361 15.5518 5.58974
6.68056 15.5364 5.6051
6.6875 15.5342 5.62045
6.69444 15.5455 5.6358
6.70139 15.5703 5.65116
6.70833 15.6087 5.66651
6.71528 15.6605 5.68186
6.72222 15.7256 5.69722
6.72917 15.8037 5.71257
6.73611 15.8943 5.72792
6.74306 15.9969 5.74328
6.75 16.1111 5.75863
6.75694 16.236 5.77399
6.76389 16.3711 5.78934
6.77083 16.5156 5.80469
6.77778 16.6686 5.82005
6.78472 16.8294 5.8354
6.79167 16.997 5.85075
6.79861 17.1706 5.86611
6.80556 17.3493 5.88146
6.8125 17.5322 5.89681
6.81944 17.7184 5.91217
6.82639 17.9071 5.92752
6.83333 18.0974 5.94287
6.84028 18.2885 5.95823
6.84722 18.4797 5.97358
6.85417 18.67 5.98894
6.86111 18.8589 6.00429
6.86806 19.0457 6.01964
6.875 19.2297 6.035
6.88194 19.4103 6.05035
6.88889 19.587 6.0657
6.89583 19.7593 6.08106
6.90278 19.9267 6.09641
6.90972 20.0889 6.11176
6.91667 20.2454 6.12712
6.92361 20.3959 6.14247
6.93056 20.5403 6.15782
6.9375 20.6783 6.17318
6.94444 20.8098 6.18853
6.95139 20.9346 6.20388
6.95833 21.0528 6.21924
6.96528 21.1642 6.23459
6.97222 21.269 6.24835
6.97917 21.3672 6.24512
6.98611 21.4589 6.24189
6.99306 21.5443 6.23865
7 21.6237 6.23542
7.00694 21.6973 6.23219
7.01389 21.7654 6.22895
7.02083 21.8282 6.22572
7.02778 21.8863 6.22249
7.03472 21.9399 6.21926
7.04167 21.9895 6.21602
7.04861 22.0354 6.21279
7.05556 22.0783 6.20956
7.0625 22.1185 6.20632
7.06944 22.1565 6.20309
7.07639 22.1928 6.19986
7.08333 22.228 6.19662
7.09028 22.2625 6.19339
7.09722 22.2968 6.19016
7.10417 22.3314 6.18693
7.11111 22.3669 6.18369
7.11806 22.4035 6.18046
7.125 22.4418 6.17723
7.13194 22.4822 6.17399
7.13889 22.525 6.17076
7.14583 22.5706 6.16753
7.15278 22.6193 6.1643
7.15972 22.6713 6.16106
7.16667 22.7269 6.15783
7.17361 22.7861 6.1546
7.18056 22.8492 6.15136
7.1875 22.9161 6.14813
7.19444 22.9869 6.1449
7.20139 23.0615 6.14167
7.20833 23.1399 6.13843
7.21528 23.2218 6.1352
7.22222 23.307 6.13197
7.22917 23.3954 6.12873
7.23611 23.4866 6.1255
7.24306 23.5803 6.12227
7.25 23.6761 6.11903
7.25694 23.7735 6.1158
7.26389 23.8722 6.11257
7.27083 23.9716 6.10934
7.27778 24.0712 6.1061
7.28472 24.1706 6.10287
7.29167 24.2691 6.09964
7.29861 24.3663 6.0964
7.30556 24.4615 6.09317
7.3125 24.5543 6.08994
7.31944 24.644 6.08671
7.32639 24.7302 6.08347
7.33333 24.8122 6.08024
7.34028 24.8896 6.07701
7.34722 24.9618 6.07377
7.35417 25.0284 6.07054
7.36111 25.0889 6.06731
7.36806 25.143 6.06408
7.375 25.1901 6.06084
7.38194 25.23 6.05761
7.38889 25.2623 6.05438
7.39583 25.2867 6.05114
7.40278 25.3031 6.04791
7.40972 25.3111 6.04468
7.41667 25.3107 6.04144
7.42361 25.3016 6.03821
7.43056 25.284 6.03498
7.4375 25.2576 6.03175
7.44444 25.2226 6.02851
7.45139 25.1791 6.02528
7.45833 25.1271 6.02205
7.46528 25.0669 6.00945
7.47222 24.9986 5.99431
7.47917 24.9226 5.97916
7.48611 24.8391 5.96402
7.49306 24.7486 5.94888
7.5 24.6514 5.93373
7.50694 24.548 5.91859
7.51389 24.4389 5.90345
7.52083 24.3248 5.8883
7.52778 24.2061 5.87316
7.53472 24.0835 5.85802
7.54167 23.9577 5.84288
7.54861 23.8295 5.82773
7.55556 23.6995 5.81259
7.5625 23.5686 5.79745
7.56944 23.4376 5.7823
7.57639 23.3073 5.76716
7.58333 23.1785 5.75202
7.59028 23.0522 5.73687
7.59722 22.9291 5.72173
7.60417 22.8103 5.70659
7.61111 22.6966 5.69144
7.61806 22.5887 5.6763
7.625 22.4877 5.66116
7.63194 22.3943 5.64601
7.63889 22.3094 5.63087
7.64583 22.2336 5.61573
7.65278 22.1677 5.60058
7.65972 22.1124 5.58544
7.66667 22.0683 5.5703
7.67361 22.0358 5.55515
7.68056 22.0155 5.54001
7.6875 22.0077 5.52487
7.69444 22.0127 5.50972
7.70139 22.0307 5.49458
7.70833 22.0619 5.47944
7.71528 22.1061 5.46429
7.72222 22.1635 5.44915
7.72917 22.2337 5.43401
7.73611 22.3166 5.41886
7.74306 22.4117 5.40372
7.75 22.5188 5.38858
7.75694 22.6373 5.37343
7.76389 22.7666 5.35829
7.77083 22.9061 5.34315
7.77778 23.0551 5.328
7.78472 23.213 5.31286
7.79167 23.3789 5.29772
7.79861 23.552 5.28257
7.80556 23.7316 5.26743
7.8125 23.9168 5.25229
7.81944 24.1068 5.23714
7.82639 24.3007 5.222
7.83333 24.4976 5.20686
7.84028 24.6969 5.19171
7.84722 24.8976 5.17657
7.85417 25.0989 5.16143
7.86111 25.3002 5.14628
7.86806 25.5007 5.13114
7.875 25.6996 5.116
7.88194 25.8963 5.10086
7.88889 26.0902 5.08571
7.89583 26.2808 5.07057
7.90278 26.4674 5.05543
7.90972 26.6496 5.04028
7.91667 26.827 5.02514
7.92361 26.9991 5.01
7.93056 27.1657 4.99485
7.9375 27.3264 4.97971
7.94444 27.4809 4.96457
7.95139 27.6292 4.94942
7.95833 27.771 4.93428
7.96528 27.9063 4.91914
7.97222 28.035 4.90399
7.97917 28.1571 4.88885
7.98611 28.2727 4.87371
7.99306 28.3818 4.85856
8 28.4847 4.84342
8.00694 28.5814 4.82828
8.01389 28.6723 4.81313
8.02083 28.7575 4.79799
8.02778 28.8374 4.78285
8.03472 28.9123 4.7677
8.04167 28.9825 4.75256
8.04861 29.0485 4.73742
8.05556 29.1106 4.76119
8.0625 29.1694 4.79904
8.06944 29.2251 4.83689
8.07639 29.2783 4.87474
8.08333 29.3295 4.9126
8.09028 29.379 4.95045
8.09722 29.4275 4.9883
8.10417 29.4753 5.02616
8.11111 29.5229 5.06401
8.11806 29.5708 5.10186
8.125 29.6193 5.13972
8.13194 29.669 5.17757
8.13889 29.7201 5.21542
8.14583 29.7731 5.25327
8.15278 29.8282 5.29113
8.15972 29.8857 5.32898
8.16667 29.9459 5.36683
8.17361 30.0089 5.40469
8.18056 30.075 5.44254
8.1875 30.1443 5.48039
8.19444 30.2167 5.51825
8.20139 30.2924 5.5561
8.20833 30.3713 5.59395
8.21528 30.4532 5.63181
8.22222 30.5382 5.66966
8.22917 30.6259 5.70751
8.23611 30.7162 5.74536
8.24306 30.8089 5.78322
8.25 30.9035 5.82107
8.25694 30.9998 5.85892
8.26389 31.0973 5.89678
8.27083 31.1958 5.93463
8.27778 31.2946 5.97248
8.28472 31.3934 6.01034
8.29167 31.4916 6.04819
8.29861 31.5888 6.08604
8.30556 31.6845 6.12389
8.3125 31.778 6.16175
8.31944 31.869 6.1996
8.32639 31.9569 6.23745
8.33333 32.0411 6.27531
8.34028 32.1211 6.31316
8.34722 32.1966 6.35101
8.35417 32.2669 6.38887
8.36111 32.3316 6.42672
8.36806 32.3904 6.46457
8.375 32.4427 6.50242
8.38194 32.4882 6.54028
8.38889 32.5266 6.57813
8.39583 32.5576 6.61598
8.40278 32.5809 6.65384
8.40972 32.5963 6.69169
8.41667 32.6036 6.72954
8.42361 32.6026 6.7674
8.43056 32.5933 6.80525
8.4375 32.5756 6.8431
8.44444 32.5495 6.88096
8.45139 32.5151 6.91881
8.45833 32.4724 6.95666
8.46528 32.4216 6.99406
8.47222 32.3629 7.02931
8.47917 32.2966 7.06457
8.48611 32.2229 7.09983
8.49306 32.1421 7.13509
8.5 32.0547 7.17035
8.50694 31.9611 7.20561
8.51389 31.8618 7.24087
8.52083 31.7573 7.27612
8.52778 31.6481 7.31138
8.53472 31.535 7.34664
8.54167 31.4184 7.3819
8.54861 31.2992 7.41716
8.55556 31.1779 7.45242
8.5625 31.0555 7.48767
8.56944 30.9325 7.52293
8.57639 30.8099 7.55819
8.58333 30.6885 7.59345
8.59028 30.5689 7.62871
8.59722 30.4522 7.66397
8.60417 30.3391 7.69922
8.61111 30.2305 7.73448
8.61806 30.1272 7.76974
8.625 30.0299 7.805
8.63194 29.9396 7.84026
8.63889 29.8569 7.87552
8.64583 29.7826 7.91077
8.65278 29.7173 7.94603
8.65972 29.6618 7.98129
8.66667 29.6166 8.01655
8.67361 29.5823 8.05181
8.68056 29.5593 8.08707
8.6875 29.548 8.12232
8.69444 29.5487 8.15758
8.70139 29.5618 8.19284
8.70833 29.5874 8.2281
8.71528 29.6255 8.26336
8.72222 29.6763 8.29862
8.72917 29.7396 8.33387
8.73611 29.8153 8.36913
8.74306 29.9032 8.40439
8.75 30.003 8.43965
8.75694 30.1143 8.47491
8.76389 30.2367 8.51017
8.77083 30.3696 8.54542
8.77778 30.5126 8.58068
8.78472 30.6651 8.61594
8.79167 30.8263 8.6512
8.79861 30.9955 8.68646
8.80556 31.1722 8.72172
8.8125 31.3554 8.75697
8.81944 31.5445 8.79223
8.82639 31.7386 8.82749
8.83333 31.937 8.86275
8.84028 32.1389 8.89801
8.84722 32.3435 8.93327
8.85417 32.55 8.96853
8.86111 32.7577 9.00378
8.86806 32.9658 9.03904
8.875 33.1736 9.0743
8.88194 33.3805 9.10956
8.88889 33.5857 9.14482
8.89583 33.7887 9.18008
8.90278 33.9889 9.21533
8.90972 34.1857 9.25059
8.91667 34.3787 9.28585
8.92361 34.5674 9.32111
8.93056 34.7514 9.35637
8.9375 34.9304 9.39163
8.94444 35.104 9.42688
8.95139 35.2719 9.46214
8.95833 35.434 9.4974
8.96528 35.5901 9.53266
8.97222 35.74 9.51356
8.97917 35.8837 9.48788
8.98611 36.0213 9.46221
8.99306 36.1526 9.43653
9 36.2778 9.41086
9.00694 36.397 9.38518
9.01389 36.5102 9.3595
9.02083 36.6179 9.33383
9.02778 36.72 9.30815
9.03472 36.817 9.28248
9.04167 36.909 9.2568
9.04861 36.9965 9.23113
9.05556 37.0797 9.20545
9.0625 37.1591 9.17977
9.06944 37.235 9.1541
9.07639 37.3078 9.12842
9.08333 37.378 9.10275
9.09028 37.4459 9.07707
9.09722 37.512 9.05139
9.10417 37.5767 9.02572
9.11111 37.6405 9.00004
9.11806 37.7037 8.97437
9.125 37.7667 8.94869
9.13194 37.83 8.92302
9.13889 37.8939 8.89734
9.14583 37.9587 8.87166
9.15278 38.0248 8.84599
9.15972 38.0924 8.82031
9.16667 38.1619 8.79464
9.17361 38.2333 8.76896
9.18056 38.3069 8.74328
9.1875 38.3829 8.71761
9.19444 38.4613 8.69193
9.20139 38.5421 8.66626
9.20833 38.6255 8.64058
9.21528 38.7112 8.6149
9.22222 38.7994 8.58923
9.22917 38.8897 8.56355
9.23611 38.9822 8.53788
9.24306 39.0765 8.5122
9.25 39.1724 8.48653
9.25694 39.2697 8.46085
9.26389 39.3679 8.43517
9.27083 39.4669 8.4095
9.27778 39.5661 8.38382
9.28472 39.6651 8.35815
9.29167 39.7636 8.33247
9.29861 39.8611 8.30679
9.30556 39.9572 8.28112
9.3125 40.0513 8.25544
9.31944 40.1429 8.22977
9.32639 40.2317 8.20409
9.33333 40.3171 8.17841
9.34028 40.3987 8.15274
9.34722 40.4759 8.12706
9.35417 40.5483 8.10139
9.36111 40.6156 8.07571
9.36806 40.6772 8.05004
9.375 40.7329 8.02436
9.38194 40.7821 7.99868
9.38889 40.8247 7.97301
9.39583 40.8602 7.94733
9.40278 40.8885 7.92166
9.40972 40.9093 7.89598
9.41667 40.9224 7.8703
9.42361 40.9277 7.84463
9.43056 40.925 7.81895
9.4375 40.9143 7.79328
9.44444 40.8955 7.7676
9.45139 40.8688 7.74192
9.45833 40.8342 7.71625
9.46528 40.7918 7.69057
9.47222 40.7418 7.85681
9.47917 40.6844 8.16533
9.48611 40.6198 8.47386
9.49306 40.5484 8.78238
9.5 40.4706 9.09091
9.50694 40.3868 9.39943
9.51389 40.2973 9.70796
9.52083 40.2028 10.0165
9.52778 40.1036 10.325
9.53472 40.0005 10.6335
9.54167 39.894 10.9421
9.54861 39.7847 11.2506
9.55556 39.6733 11.5591
9.5625 39.5606 11.8676
9.56944 39.4472 12.1762
9.57639 39.3339 12.4847
9.58333 39.2214 12.7932
9.59028 39.1106 13.1017
9.59722 39.0022 13.4103
9.60417 38.8969 13.7188
9.61111 38.7956 14.0273
9.61806 38.6991 14.3358
9.625 38.608 14.6444
9.63194 38.5232 14.9529
9.63889 38.4454 15.0984
9.64583 38.3752 15.0111
9.65278 38.3134 14.9237
9.65972 38.2604 14.8364
9.66667 38.217 14.7491
9.67361 38.1836 14.6618
9.68056 38.1608 14.5745
9.6875 38.1488 14.4872
9.69444 38.1481 14.3999
9.70139 38.1589 14.3126
9.70833 38.1815 14.2253
9.71528 38.2159 14.138
9.72222 38.2624 14.0507
9.72917 38.3208 13.9634
9.73611 38.3912 13.8761
9.74306 38.4733 13.7888
9.75 38.567 13.7015
9.75694 38.672 13.6142
9.76389 38.788 13.5268
9.77083 38.9145 13.4395
9.77778 39.0511 13.3522
9.78472 39.1973 13.2649
9.79167 39.3526 13.1776
9.79861 39.5164 13.0903
9.80556 39.688 13.003
9.8125 39.8668 12.9157
9.81944 40.052 12.8284
9.82639 40.2431 12.7411
9.83333 40.4393 12.6538
9.84028 40.6397 12.5665
9.84722 40.8439 12.4792
9.85417 41.0509 12.3919
9.86111 41.26 12.3046
9.86806 41.4707 12.2173
9.875 41.6821 12.1299
9.88194 41.8936 12.0426
9.88889 42.1046 11.9553
9.89583 42.3145 11.868
9.90278 42.5226 11.7807
9.90972 42.7284 11.6934
9.91667 42.9314 11.6061
9.92361 43.1311 11.5188
9.93056 43.327 11.4315
9.9375 43.5189 11.3442
9.94444 43.7063 11.2569
9.95139 43.8889 11.1696
9.95833 44.0665 11.0823
9.96528 44.2389 10.995
9.97222 44.4058 10.9231
9.97917 44.5671 10.8872
9.98611 44.7229 10.8513
9.99306 44.8729 10.8154
10 45.0174 10.7795
10.0069 45.1562 10.7435
10.0139 45.2895 10.7076
10.0208 45.4173 10.6717
10.0278 45.54 10.6358
10.0347 45.6576 10.5999
10.0417 45.7704 10.564
10.0486 45.8786 10.5281
10.0556 45.9826 10.4922
10.0625 46.0826 10.4563
10.0694 46.179 10.4204
10.0764 46.272 10.3845
10.0833 46.3622 10.3485
10.0903 46.4497 10.3126
10.0972 46.535 10.2767
10.1042 46.6185 10.2408
10.1111 46.7006 10.2049
10.1181 46.7815 10.169
10.125 46.8617 10.1331
10.1319 46.9415 10.0972
10.1389 47.0213 10.0613
10.1458 47.1013 10.0254
10.1528 47.1818 9.98946
10.1597 47.2631 9.95355
10.1667 47.3455 9.91764
10.1736 47.4291 9.88173
10.1806 47.5141 9.84583
10.1875 47.6007 9.80992
10.1944 47.6889 9.77401
10.2014 47.7788 9.7381
10.2083 47.8705 9.70219
10.2153 47.9639 9.66628
10.2222 48.0589 9.63037
10.2292 48.1555 9.59446
10.2361 48.2535 9.55856
10.2431 48.3528 9.52265
10.25 48.4531 9.48674
10.2569 48.5543 9.45083
10.2639 48.6559 9.41492
10.2708 48.7578 9.37901
10.2778 48.8596 9.3431
10.2847 48.961 9.3072
10.2917 49.0615 9.27129
10.2986 49.1608 9.23538
10.3056 49.2584 9.19947
10.3125 49.354 9.16356
10.3194 49.447 9.12765
10.3264 49.5372 9.09174
10.3333 49.6239 9.05583
10.3403 49.7069 9.01993
10.3472 49.7857 8.98402
10.3542 49.8598 8.94811
10.3611 49.9289 8.9122
10.3681 49.9926 8.87629
10.375 50.0505 8.84038
10.3819 50.1023 8.80447
10.3889 50.1476 8.76857
10.3958 50.1863 8.73266
10.4028 50.2181 8.69675
10.4097 50.2427 8.66084
10.4167 50.2599 8.62493
10.4236 50.2697 8.58902
10.4306 50.2719 8.55311
10.4375 50.2665 8.5172
10.4444 50.2535 8.4813
10.4514 50.2328 8.44539
10.4583 50.2047 8.40948
10.4653 50.1691 8.37357
10.4722 50.1262 8.33766
10.4792 50.0764 8.35206
10.4861 50.0197 8.36778
10.4931 49.9566 8.38349
10.5 49.8873 8.39921
10.5069 49.8123 8.41492
10.5139 49.7319 8.43064
10.5208 49.6467 8.44635
10.5278 49.5571 8.46207
10.5347 49.4637 8.47778
10.5417 49.3671 8.4935
10.5486 49.2678 8.50921
10.5556 49.1665 8.52493
10.5625 49.0639 8.54064
10.5694 48.9606 8.55636
10.5764 48.8573 8.57207
10.5833 48.7547 8.58779
10.5903 48.6536 8.6035
10.5972 48.5547 8.61922
10.6042 48.4587 8.63493
10.6111 48.3663 8.65065
10.6181 48.2783 8.66636
10.625 48.1954 8.68208
10.6319 48.1183 8.69779
10.6389 48.0475 8.71351
10.6458 47.9839 8.72922
10.6528 47.928 8.74494
10.6597 47.8803 8.76065
10.6667 47.8415 8.77637
10.6736 47.8119 8.79208
10.6806 47.7921 8.8078
10.6875 47.7825 8.82351
10.6944 47.7833 8.83923
10.7014 47.795 8.85494
10.7083 47.8176 8.87066
10.7153 47.8514 8.88637
10.7222 47.8965 8.90209
10.7292 47.9528 8.9178
10.7361 48.0205 8.93351
10.7431 48.0993 8.94923
10.75 48.1892 8.96494
10.7569 48.2899 8.98066
10.7639 48.4012 8.99637
10.7708 48.5227 9.01209
10.7778 48.6541 9.0278
10.7847 48.795 9.04352
10.7917 48.9448 9.05923
10.7986 49.1032 9.07495
10.8056 49.2694 9.09066
10.8125 49.443 9.10638
10.8194 49.6234 9.12209
10.8264 49.8098 9.13781
10.8333 50.0018 9.15352
10.8403 50.1986 9.16924
10.8472 50.3996 9.18495
10.8542 50.604 9.20067
10.8611 50.8113 9.21638
10.8681 51.0208 9.2321
10.875 51.2318 9.24781
10.8819 51.4438 9.26353
10.8889 51.656 9.27924
10.8958 51.8679 9.29496
10.9028 52.079 9.31067
10.9097 52.2887 9.32639
10.9167 52.4965 9.3421
10.9236 52.7019 9.35782
10.9306 52.9045 9.37353
10.9375 53.1039 9.38925
10.9444 53.2997 9.40496
10.9514 53.4916 9.42068
10.9583 53.6794 9.43639
10.9653 53.8627 9.45211
10.9722 54.0414 9.46782
10.9792 54.2154 9.48354
10.9861 54.3845 9.49925
10.9931 54.5486 9.51497
11 54.7077 9.53068
11.0069 54.8618 9.5464
11.0139 55.011 9.56211
11.0208 55.1554 9.57332
11.0278 55.2949 9.57287
11.0347 55.4299 9.57241
11.0417 55.5604 9.57195
11.0486 55.6867 9.5715
11.0556 55.8089 9.57104
11.0625 55.9275 9.57058
11.0694 56.0425 9.57013
11.0764 56.1543 9.56967
11.0833 56.2632 9.56921
11.0903 56.3695 9.56876
11.0972 56.4735 9.5683
11.1042 56.5755 9.56784
11.1111 56.6759 9.56739
11.1181 56.7749 9.56693
11.125 56.8729 9.56647
11.1319 56.9702 9.56602
11.1389 57.067 9.56556
11.1458 57.1636 9.5651
11.1528 57.2603 9.56465
11.1597 57.3572 9.56419
11.1667 57.4546 9.56373
11.1736 57.5527 9.56327
11.1806 57.6516 9.56282
11.1875 57.7515 9.56236
11.1944 57.8523 9.5619
11.2014 57.9542 9.56145
11.2083 58.0571 9.56099
11.2153 58.1611 9.56053
11.2222 58.2661 9.56008
11.2292 58.372 9.55962
11.2361 58.4786 9.55916
11.2431 58.5859 9.55871
11.25 58.6936 9.55825
11.2569 58.8015 9.55779
11.2639 58.9094 9.55734
11.2708 59.017 9.55688
11.2778 59.1239 9.55642
11.2847 59.23 9.55597
11.2917 59.3347 9.55551
11.2986 59.4378 9.55505
11.3056 59.5389 9.5546
11.3125 59.6376 9.55414
11.3194 59.7336 9.55368
11.3264 59.8263 9.55322
11.3333 59.9155 9.55277
11.3403 60.0008 9.55231
11.3472 60.0817 9.55185
11.3542 60.1579 9.5514
11.3611 60.229 9.55094
11.3681 60.2948 9.55048
11.375 60.3548 9.55003
11.3819 60.4087 9.54957
11.3889 60.4564 9.54911
11.3958 60.4975 9.54866
11.4028 60.5319 9.5482
11.4097 60.5593 9.54774
11.4167 60.5796 9.54729
11.4236 60.5927 9.54683
11.4306 60.5985 9.54637
11.4375 60.597 9.54592
11.4444 60.5882 9.54546
11.4514 60.5721 9.545
11.4583 60.5488 9.54455
11.4653 60.5185 9.54409
11.4722 60.4813 9.54363
11.4792 60.4374 9.54318
11.4861 60.3871 9.54272
11.4931 60.3307 9.54226
11.5 60.2685 9.66391
11.5069 60.2009 9.78606
11.5139 60.1284 9.90821
11.5208 60.0513 10.0304
11.5278 59.9702 10.1525
11.5347 59.8855 10.2747
11.5417 59.7979 10.3968
11.5486 59.7079 10.5189
11.5556 59.6161 10.6411
11.5625 59.5231 10.7632
11.5694 59.4296 10.8854
11.5764 59.3362 11.0075
11.5833 59.2436 11.1297
11.5903 59.1525 11.2518
11.5972 59.0636 11.374
11.6042 58.9774 11.4961
11.6111 58.8948 11.6183
11.6181 58.8164 11.7404
11.625 58.7428 11.8626
11.6319 58.6747 11.9847
11.6389 58.6127 12.1069
11.6458 58.5574 12.229
11.6528 58.5094 12.3512
11.6597 58.4691 12.4733
11.6667 58.4371 12.5955
11.6736 58.4139 12.7176
11.6806 58.3998 12.8398
11.6875 58.3953 12.9619
11.6944 58.4006 13.0841
11.7014 58.416 13.2062
11.7083 58.4417 13.3284
11.7153 58.4779 13.4505
11.7222 58.5246 13.5726
11.7292 58.582 13.6948
11.7361 58.65 13.8169
11.7431 58.7286 13.9391
11.75 58.8175 14.0612
11.7569 58.9167 14.1834
11.7639 59.026 14.3055
11.7708 59.145 14.4277
11.7778 59.2734 14.5498
11.7847 59.4109 14.672
11.7917 59.557 14.7941
11.7986 59.7113 14.9163
11.8056 59.8734 15.0384
11.8125 60.0426 15.1606
11.8194 60.2185 15.2827
11.8264 60.4006 15.4049
11.8333 60.5881 15.527
11.8403 60.7806 15.6492
11.8472 60.9775 15.7713
11.8542 61.1781 15.8935
11.8611 61.3819 16.0156
11.8681 61.5882 16.1378
11.875 61.7965 16.2599
11.8819 62.0062 16.3821
11.8889 62.2166 16.5042
11.8958 62.4274 16.6263
11.9028 62.6378 16.7485
11.9097 62.8476 16.8209
11.9167 63.056 16.8247
11.9236 63.2628 16.8284
11.9306 63.4675 16.8322
11.9375 63.6698 16.836
11.9444 63.8692 16.8397
11.9514 64.0654 16.8435
11.9583 64.2583 16.8473
11.9653 64.4475 16.851
11.9722 64.6328 16.8548
11.9792 64.8142 16.8586
11.9861 64.9914 16.8623
11.9931 65.1644 16.8661
12 65.3331 16.8699
12.0069 65.4975 16.8736
12.0139 65.6576 16.8774
12.0208 65.8135 16.8811
12.0278 65.9653 16.8849
12.0347 66.113 16.8887
12.0417 66.2569 16.8924
12.0486 66.397 16.8962
12.0556 66.5335 16.9
12.0625 66.6668 16.9037
12.0694 66.7969 16.9075
12.0764 66.9241 16.9113
12.0833 67.0488 16.915
12.0903 67.171 16.9188
12.0972 67.2911 16.9226
12.1042 67.4095 16.9263
12.1111 67.5262 16.9301
12.1181 67.6416 16.9338
12.125 67.756 16.9376
12.1319 67.8696 16.9414
12.1389 67.9826 16.9451
12.1458 68.0952 16.9489
12.1528 68.2077 16.9527
12.1597 68.3202 16.9564
12.1667 68.4329 16.9602
12.1736 68.5459 16.964
12.1806 68.6594 16.9677
12.1875 68.7733 16.9715
12.1944 68.8879 16.9752
12.2014 69.003 16.979
12.2083 69.1186 16.9828
12.2153 69.2348 16.9865
12.2222 69.3515 16.9903
12.2292 69.4685 16.9941
12.2361 69.5857 16.9978
12.2431 69.703 17.0016
12.25 69.8202 17.0054
12.2569 69.937 17.0091
12.2639 70.0532 17.0129
12.2708 70.1686 17.0167
12.2778 70.2828 17.0204
12.2847 70.3956 17.0242
12.2917 70.5065 17.0279
12.2986 70.6154 17.0317
12.3056 70.7218 17.0355
12.3125 70.8254 17.0392
12.3194 70.9258 17.043
12.3264 71.0227 17.0468
12.3333 71.1156 17.0505
12.3403 71.2043 17.0543
12.3472 71.2884 17.0581
12.3542 71.3676 17.0618
12.3611 71.4415 17.0656
12.3681 71.5099 17.0694
12.375 71.5723 17.0731
12.3819 71.6287 17.0769
12.3889 71.6787 17.0806
12.3958 71.7222 17.0844
12.4028 71.7589 17.0882
12.4097 71.7887 17.0919
12.4167 71.8115 17.0957
12.4236 71.8272 17.0995
12.4306 71.8358 17.1032
12.4375 71.8372 17.107
12.4444 71.8315 17.1108
12.4514 71.8188 17.1145
12.4583 71.7992 17.1183
12.4653 71.7728 17.1221
12.4722 71.7398 17.1258
12.4792 71.7004 17.1296
12.4861 71.655 17.1333
12.4931 71.6039 17.1371
12.5 71.5473 17.1409
12.5069 71.4857 17.1446
12.5139 71.4194 17.1484
12.5208 71.349 17.1522
12.5278 71.275 17.1559
12.5347 71.1977 17.1597
12.5417 71.1178 17.1635
12.5486 71.0359 17.1672
12.5556 70.9525 17.171
12.5625 70.8682 17.1748
12.5694 70.7836 17.1785
12.5764 70.6994 17.1823
12.5833 70.6162 17.186
12.5903 70.5347 17.1898
12.5972 70.4554 17.1936
12.6042 70.3791 17.1973
12.6111 70.3063 17.2011
12.6181 70.2377 17.2049
12.625 70.1739 17.2086
12.6319 70.1155 17.2124
12.6389 70.0631 17.2162
12.6458 70.0172 17.2199
12.6528 69.9783 17.2237
12.6597 69.9469 17.2275
12.6667 69.9235 17.2312
12.6736 69.9085 17.235
12.6806 69.9022 17.2387
12.6875 69.9049 17.2425
12.6944 69.9171 17.2463
12.7014 69.9388 17.25
12.7083 69.9702 17.2538
12.7153 70.0116 17.2576
12.7222 70.0629 17.2613
12.7292 70.1243 17.2651
12.7361 70.1957 17.2689
12.7431 70.277 17.2726
12.75 70.3681 17.2764
12.7569 70.4689 17.2801
12.7639 70.5791 17.2839
12.7708 70.6985 17.2877
12.7778 70.8267 17.2914
12.7847 70.9635 17.2952
12.7917 71.1085 17.299
12.7986 71.2612 17.3027
12.8056 71.4212 17.3065
12.8125 71.5881 17.3103
12.8194 71.7613 17.314
12.8264 71.9403 17.3178
12.8333 72.1247 17.3216
12.8403 72.3139 17.3253
12.8472 72.5073 17.3291
12.8542 72.7043 17.3328
12.8611 72.9045 17.3366
12.8681 73.1073 17.3404
12.875 73.3122 17.3441
12.8819 73.5186 17.3479
12.8889 73.7259 17.3517
12.8958 73.9338 17.3554
12.9028 74.1417 17.3592
12.9097 74.3492 17.363
12.9167 74.5558 17.0505
12.9236 74.7611 16.6753
12.9306 74.9648 16.3002
12.9375 75.1664 15.9251
12.9444 75.3658 15.5499
12.9514 75.5625 15.1748
12.9583 75.7564 14.7997
12.9653 75.9472 14.4245
12.9722 76.1348 14.0494
12.9792 76.319 13.6743
12.9861 76.4996 13.2992
12.9931 76.6767 12.924
13 76.8501 12.5489
13.0069 77.0198 12.1738
13.0139 77.1859 11.7986
13.0208 77.3484 11.4235
13.0278 77.5074 11.0484
13.0347 77.6629 10.6732
13.0417 77.8152 10.2981
13.0486 77.9643 9.92299
13.0556 78.1103 9.54786
13.0625 78.2536 9.17273
13.0694 78.3943 8.7976
13.0764 78.5325 8.42247
13.0833 78.6686 8.04734
13.0903 78.8027 7.67221
13.0972 78.935 7.29708
13.1042 79.0658 6.92195
13.1111 79.1954 6.54682
13.1181 79.3239 6.17169
13.125 79.4515 5.79656
13.1319 79.5785 5.42143
13.1389 79.7051 5.0463
13.1458 79.8313 4.67117
13.1528 79.9575 4.29604
13.1597 80.0836 3.92091
13.1667 80.2099 3.56955
13.1736 80.3364 3.6135
13.1806 80.4631 3.65744
13.1875 80.5903 3.70139
13.1944 80.7177 3.74534
13.2014 80.8455 3.78928
13.2083 80.9735 3.83323
13.2153 81.1018 3.87717
13.2222 81.2302 3.92112
13.2292 81.3586 3.96507
13.2361 81.4867 4.00901
13.2431 81.6146 4.05296
13.25 81.7418 4.0969
13.2569 81.8683 4.14085
13.2639 81.9937 4.18479
13.2708 82.1179 4.22874
13.2778 82.2403 4.27269
13.2847 82.3609 4.31663
13.2917 82.4792 4.36058
13.2986 82.595 4.40452
13.3056 82.7078 4.44847
13.3125 82.8174 4.49241
13.3194 82.9233 4.53636
13.3264 83.0254 4.58031
13.3333 83.1231 4.62425
13.3403 83.2162 4.6682
13.3472 83.3043 4.71214
13.3542 83.3872 4.75609
13.3611 83.4646 4.80003
13.3681 83.5361 4.84398
13.375 83.6015 4.88793
13.3819 83.6606 4.93187
13.3889 83.7131 4.97582
13.3958 83.759 5.01976
13.4028 83.798 5.06371
13.4097 83.83 5.10765
13.4167 83.855 5.1516
13.4236 83.8729 5.19555
13.4306 83.8837 5.23949
13.4375 83.8875 5.28344
13.4444 83.8842 5.32738
13.4514 83.874 5.37133
13.4583 83.857 5.41528
13.4653 83.8335 5.45922
13.4722 83.8036 5.50317
13.4792 83.7676 5.54711
13.4861 83.7258 5.59106
13.4931 83.6785 5.635
13.5 83.6261 5.67895
13.5069 83.569 5.7229
13.5139 83.5076 5.76684
13.5208 83.4424 5.81079
13.5278 83.374 5.85473
13.5347 83.3027 5.89868
13.5417 83.2291 5.94262
13.5486 83.1539 5.98657
13.5556 83.0775 6.03052
13.5625 83.0006 6.07446
13.5694 82.9238 6.11841
13.5764 82.8477 6.16235
13.5833 82.7729 6.2063
13.5903 82.7 6.25024
13.5972 82.6297 6.29419
13.6042 82.5626 6.33814
13.6111 82.4992 6.38208
13.6181 82.4402 6.42603
13.625 82.3861 6.46997
13.6319 82.3374 6.51392
13.6389 82.2948 6.55786
13.6458 82.2587 6.60181
13.6528 82.2296 6.64576
13.6597 82.2079 6.6897
13.6667 82.1941 6.73365
13.6736 82.1884 6.77759
13.6806 82.1913 6.82154
13.6875 82.203 6.86549
13.6944 82.2237 6.90943
13.7014 82.2537 6.95338
13.7083 82.2931 6.99732
13.7153 82.3419 7.04127
13.7222 82.4003 7.08521
13.7292 82.4683 7.12916
13.7361 82.5457 7.17311
13.7431 82.6326 7.21705
13.75 82.7288 7.261
13.7569 82.8341 7.30494
13.7639 82.9482 7.34889
13.7708 83.071 7.39283
13.7778 83.2022 7.43678
13.7847 83.3413 7.48073
13.7917 83.488 7.52467
13.7986 83.642 7.56862
13.8056 83.8028 7.61256
13.8125 83.97 7.65651
13.8194 84.143 7.70045
13.8264 84.3215 7.7444
13.8333 84.5049 7.78835
13.8403 84.6927 7.83229
13.8472 84.8844 7.87624
13.8542 85.0795 7.92018
13.8611 85.2774 7.96413
13.8681 85.4778 8.00807
13.875 85.68 8.05202
13.8819 85.8836 8.09597
13.8889 86.0881 8.13991
13.8958 86.2931 8.18386
13.9028 86.4981 8.2278
13.9097 86.7026 8.27175
13.9167 86.9064 8.3157
13.9236 87.1091 8.35964
13.9306 87.3102 8.40359
13.9375 87.5095 8.44753
13.9444 87.7067 8.49148
13.9514 87.9016 8.53542
13.9583 88.094 8.57937
13.9653 88.2836 8.62332
13.9722 88.4703 8.66726
13.9792 88.6539 8.71121
13.9861 88.8345 8.75515
13.9931 89.0119 8.7991
14 89.1862 8.84304
14.0069 89.3572 8.88699
14.0139 89.5251 8.93094
14.0208 89.6899 8.97488
14.0278 89.8516 9.01883
14.0347 90.0105 9.06277
14.0417 90.1666 9.10672
14.0486 90.32 9.15066
14.0556 90.4709 9.19461
14.0625 90.6195 9.10962
14.0694 90.7661 9.02451
14.0764 90.9107 8.9394
14.0833 91.0535 8.85429
14.0903 91.1949 8.76918
14.0972 91.335 8.68407
14.1042 91.4739 8.59896
14.1111 91.612 8.51385
14.1181 91.7493 8.42874
14.125 91.8862 8.34363
14.1319 92.0227 8.25852
14.1389 92.159 8.17341
14.1458 92.2953 8.0883
14.1528 92.4316 8.00319
14.1597 92.5681 7.91808
14.1667 92.7049 7.83297
14.1736 92.842 7.74786
14.1806 92.9794 7.66275
14.1875 93.1171 7.57764
14.1944 93.2552 7.49253
14.2014 93.3936 7.40742
14.2083 93.5321 7.32231
14.2153 93.6707 7.2372
14.2222 93.8093 7.15209
14.2292 93.9476 7.06698
14.2361 94.0856 6.98187
14.2431 94.223 6.89676
14.25 94.3595 6.81165
14.2569 94.4949 6.72654
14.2639 94.629 6.64143
14.2708 94.7614 6.55632
14.2778 94.8918 6.47121
14.2847 95.0199 6.3861
14.2917 95.1455 6.30099
14.2986 95.2681 6.21588
14.3056 95.3873 6.13077
14.3125 95.503 6.04566
14.3194 95.6146 5.96055
14.3264 95.7219 5.87544
14.3333 95.8246 5.79033
14.3403 95.9222 5.70522
14.3472 96.0146 5.62011
14.3542 96.1013 5.535
14.3611 96.1822 5.44989
14.3681 96.2569 5.36478
14.375 96.3253 5.27967
14.3819 96.3871 5.19456
14.3889 96.4421 5.10945
14.3958 96.4902 5.02434
14.4028 96.5313 4.93923
14.4097 96.5653 4.85412
14.4167 96.5921 4.76901
14.4236 96.6117 4.92422
14.4306 96.6242 5.09658
14.4375 96.6295 5.26894
14.4444 96.6279 5.4413
14.4514 96.6194 5.61366
14.4583 96.6042 5.78602
14.4653 96.5826 5.95838
14.4722 96.5547 6.13073
14.4792 96.5209 6.30309
14.4861 96.4814 6.47545
14.4931 96.4368 6.64781
14.5 96.3873 6.82017
14.5069 96.3333 6.99253
14.5139 96.2754 7.16488
14.5208 96.214 7.33724
14.5278 96.1497 7.5096
14.5347 96.0829 7.68196
14.5417 96.0142 7.85432
14.5486 95.9442 8.02668
14.5556 95.8735 8.19904
14.5625 95.8026 8.37139
14.5694 95.7322 8.54375
14.5764 95.6629 8.71611
14.5833 95.5953 8.88847
14.5903 95.53 9.06083
14.5972 95.4676 9.23319
14.6042 95.4087 9.40554
14.6111 95.3539 9.5779
14.6181 95.3037 9.75026
14.625 95.2588 9.92262
14.6319 95.2195 10.095
14.6389 95.1865 10.2673
14.6458 95.1601 10.4397
14.6528 95.1409 10.6121
14.6597 95.1292 10.7844
14.6667 95.1254 10.9568
14.6736 95.1298 11.1291
14.6806 95.1427 11.3015
14.6875 95.1644 11.4738
