time error errTLE
0 0 0
0.00694444 0.0424597 0.00385908
0.0138889 0.086193 0.00771815
0.0208333 0.131159 0.0115772
0.0277778 0.177316 0.0154363
0.0347222 0.224624 0.0192954
0.0416667 0.273052 0.0231545
0.0486111 0.322576 0.0270135
0.0555556 0.373187 0.0308726
0.0625 0.424896 0.0347317
0.0694444 0.477732 0.0385908
0.0763889 0.531752 0.0424498
0.0833333 0.587044 0.0463089
0.0902778 0.643728 0.050168
0.0972222 0.701966 0.0540271
0.104167 0.761957 0.0578861
0.111111 0.823948 0.0617452
0.118056 0.888228 0.0656043
0.125 0.955136 0.0694634
0.131944 1.02505 0.0733224
0.138889 1.0984 0.0771815
0.145833 1.17565 0.0810406
0.152778 1.25728 0.0848997
0.159722 1.34384 0.0887587
0.166667 1.43585 0.0926178
0.173611 1.53388 0.0964769
0.180556 1.63846 0.100336
0.1875 1.75016 0.104195
0.194444 1.86949 0.108054
0.201389 1.99695 0.111913
0.208333 2.13302 0.115772
0.215278 2.27812 0.119631
0.222222 2.43264 0.12349
0.229167 2.59691 0.12735
0.236111 2.77122 0.131209
0.243056 2.95579 0.135068
0.25 3.15079 0.138927
0.256944 3.35635 0.142786
0.263889 3.57253 0.146645
0.270833 3.79932 0.150504
0.277778 4.03667 0.154363
0.284722 4.28448 0.158222
0.291667 4.54257 0.162081
0.298611 4.81075 0.16594
0.305556 5.08872 0.169799
0.3125 5.37618 0.173658
0.319444 5.67276 0.177517
0.326389 5.97805 0.181377
0.333333 6.29157 0.185236
0.340278 6.61282 0.189095
0.347222 6.94127 0.192954
0.354167 7.27632 0.196813
0.361111 7.61736 0.200672
0.368056 7.96374 0.204531
0.375 8.31477 0.20839
0.381944 8.66975 0.212249
0.388889 9.02795 0.216108
0.395833 9.38861 0.219967
0.402778 9.75098 0.223826
0.409722 10.1143 0.227685
0.416667 10.4777 0.231545
0.423611 10.8405 0.235404
0.430556 11.2019 0.239263
0.4375 11.5611 0.243122
0.444444 11.9173 0.246981
0.451389 12.2698 0.25084
0.458333 12.6178 0.254699
0.465278 12.9607 0.258558
0.472222 13.2977 0.262417
0.479167 13.6282 0.266276
0.486111 13.9515 0.270135
0.493056 14.2672 0.273994
0.5 14.5745 0.277853
0.506944 14.8731 0.281569
0.513889 15.1625 0.285216
0.520833 15.4423 0.288863
0.527778 15.7121 0.29251
0.534722 15.9717 0.296156
0.541667 16.2208 0.299803
0.548611 16.4591 0.30345
0.555556 16.6867 0.307097
0.5625 16.9033 0.310744
0.569444 17.109 0.314391
0.576389 17.3038 0.318038
0.583333 17.4877 0.321685
0.590278 17.661 0.325332
0.597222 17.8239 0.328979
0.604167 17.9764 0.332626
0.611111 18.1189 0.336273
0.618056 18.2518 0.33992
0.625 18.3754 0.343567
0.631944 18.49 0.347214
0.638889 18.5961 0.350861
0.645833 18.6941 0.354508
0.652778 18.7846 0.358155
0.659722 18.8679 0.361802
0.666667 18.9445 0.365449
0.673611 19.0151 0.369096
0.680556 19.08 0.372742
0.6875 19.1399 0.376389
0.694444 19.1951 0.380036
0.701389 19.2462 0.383683
0.708333 19.2938 0.38733
0.715278 19.3381 0.390977
0.722222 19.3798 0.394624
0.729167 19.4192 0.398271
0.736111 19.4568 0.401918
0.743056 19.4929 0.405565
0.75 19.5278 0.409212
0.756944 19.5618 0.412859
0.763889 19.5954 0.416506
0.770833 19.6286 0.420153
0.777778 19.6617 0.4238
0.784722 19.695 0.427447
0.791667 19.7284 0.431094
0.798611 19.7622 0.434741
0.805556 19.7964 0.438388
0.8125 19.831 0.442035
0.819444 19.866 0.445682
0.826389 19.9015 0.449328
0.833333 19.9373 0.452975
0.840278 19.9735 0.456622
0.847222 20.0098 0.460269
0.854167 20.0462 0.463916
0.861111 20.0824 0.467563
0.868056 20.1185 0.47121
0.875 20.1541 0.474857
0.881944 20.1891 0.478504
0.888889 20.2232 0.482151
0.895833 20.2564 0.485798
0.902778 20.2883 0.489445
0.909722 20.3188 0.493092
0.916667 20.3477 0.496739
0.923611 20.3747 0.500386
0.930556 20.3997 0.504033
0.9375 20.4226 0.50768
0.944444 20.443 0.511327
0.951389 20.461 0.514974
0.958333 20.4763 0.518621
0.965278 20.4888 0.522268
0.972222 20.4985 0.525914
0.979167 20.5053 0.529561
0.986111 20.5092 0.533208
0.993056 20.51 0.536855
1 20.508 0.540502
1.00694 20.5031 0.544261
1.01389 20.4954 0.548906
1.02083 20.485 0.553551
1.02778 20.4721 0.558196
1.03472 20.4569 0.562842
1.04167 20.4395 0.567487
1.04861 20.4203 0.572132
1.05556 20.3996 0.576777
1.0625 20.3777 0.581422
1.06944 20.355 0.586068
1.07639 20.3318 0.590713
1.08333 20.3087 0.595358
1.09028 20.2861 0.600003
1.09722 20.2646 0.604648
1.10417 20.2446 0.609294
1.11111 20.2268 0.613939
1.11806 20.2117 0.618584
1.125 20.2 0.623229
1.13194 20.1923 0.627874
1.13889 20.1893 0.63252
1.14583 20.1917 0.637165
1.15278 20.2001 0.64181
1.15972 20.2152 0.646455
1.16667 20.2377 0.6511
1.17361 20.2684 0.655746
1.18056 20.3077 0.660391
1.1875 20.3565 0.665036
1.19444 20.4153 0.669681
1.20139 20.4846 0.674326
1.20833 20.5652 0.678972
1.21528 20.6574 0.683617
1.22222 20.7619 0.688262
1.22917 20.8789 0.692907
1.23611 21.0088 0.697552
1.24306 21.152 0.702198
1.25 21.3087 0.706843
1.25694 21.4791 0.711488
1.26389 21.6633 0.716133
1.27083 21.8613 0.720778
1.27778 22.0731 0.725424
1.28472 22.2986 0.730069
1.29167 22.5377 0.734714
1.29861 22.7901 0.739359
1.30556 23.0555 0.744004
1.3125 23.3335 0.74865
1.31944 23.6238 0.753295
1.32639 23.9257 0.75794
1.33333 24.2388 0.762585
1.34028 24.5625 0.76723
1.34722 24.8961 0.771876
1.35417 25.2388 0.776521
1.36111 25.5901 0.781166
1.36806 25.949 0.785811
1.375 26.3147 0.790456
1.38194 26.6865 0.795102
1.38889 27.0635 0.799747
1.39583 27.4446 0.804392
1.40278 27.8291 0.809037
1.40972 28.216 0.813682
1.41667 28.6044 0.818327
1.42361 28.9933 0.822973
1.43056 29.3818 0.827618
1.4375 29.769 0.832094
1.44444 30.1538 0.836311
1.45139 30.5355 0.840528
1.45833 30.9131 0.844745
1.46528 31.2857 0.848962
1.47222 31.6526 0.853179
1.47917 32.0128 0.857396
1.48611 32.3656 0.861613
1.49306 32.7102 0.86583
1.5 33.046 0.870047
1.50694 33.3723 0.874264
1.51389 33.6885 0.878481
1.52083 33.994 0.882698
1.52778 34.2884 0.886915
1.53472 34.5711 0.891132
1.54167 34.8418 0.895349
1.54861 35.1003 0.899566
1.55556 35.3462 0.903783
1.5625 35.5793 0.908
1.56944 35.7996 0.912217
1.57639 36.007 0.916434
1.58333 36.2015 0.920651
1.59028 36.3831 0.924868
1.59722 36.552 0.929085
1.60417 36.7085 0.933302
1.61111 36.8527 0.937519
1.61806 36.985 0.941736
1.625 37.1058 0.945953
1.63194 37.2155 0.95017
1.63889 37.3146 0.954387
1.64583 37.4035 0.958604
1.65278 37.483 0.962822
1.65972 37.5534 0.967039
1.66667 37.6156 0.971256
1.67361 37.67 0.975473
1.68056 37.7175 0.97969
1.6875 37.7586 0.983907
1.69444 37.7941 0.988124
1.70139 37.8246 0.992341
1.70833 37.8508 0.996558
1.71528 37.8735 1.00077
1.72222 37.8933 1.00499
1.72917 37.9108 1.00921
1.73611 37.9266 1.01343
1.74306 37.9414 1.01764
1.75 37.9558 1.02186
1.75694 37.9701 1.02608
1.76389 37.985 1.03029
1.77083 38.0009 1.03451
1.77778 38.0182 1.03873
1.78472 38.0373 1.04294
1.79167 38.0583 1.04716
1.79861 38.0818 1.05138
1.80556 38.1077 1.0556
1.8125 38.1363 1.05981
1.81944 38.1677 1.06403
1.82639 38.202 1.06825
1.83333 38.2391 1.07246
1.84028 38.2791 1.07668
1.84722 38.3219 1.0809
1.85417 38.3673 1.08511
1.86111 38.4153 1.08933
1.86806 38.4655 1.09355
1.875 38.5179 1.09777
1.88194 38.572 1.10198
1.88889 38.6278 1.1062
1.89583 38.6848 1.11042
1.90278 38.7428 1.11463
1.90972 38.8015 1.11885
1.91667 38.8604 1.12307
1.92361 38.9193 1.12723
1.93056 38.9778 1.12835
1.9375 39.0355 1.12947
1.94444 39.0922 1.13059
1.95139 39.1474 1.13171
1.95833 39.201 1.13283
1.96528 39.2525 1.13395
1.97222 39.3016 1.13508
1.97917 39.3482 1.1362
1.98611 39.392 1.13732
1.99306 39.4328 1.13844
2 39.4703 1.13956
2.00694 39.5045 1.14068
2.01389 39.5352 1.1418
2.02083 39.5624 1.14292
2.02778 39.5859 1.14404
2.03472 39.6059 1.14516
2.04167 39.6224 1.14628
2.04861 39.6354 1.1474
2.05556 39.6451 1.14852
2.0625 39.6516 1.14964
2.06944 39.6552 1.15077
2.07639 39.6561 1.15189
2.08333 39.6546 1.15301
2.09028 39.651 1.15413
2.09722 39.6458 1.15525
2.10417 39.6393 1.15637
2.11111 39.6321 1.15749
2.11806 39.6246 1.15861
2.125 39.6173 1.15973
2.13194 39.6108 1.16085
2.13889 39.6058 1.16197
2.14583 39.6027 1.16309
2.15278 39.6023 1.16421
2.15972 39.6052 1.16533
2.16667 39.6121 1.16646
2.17361 39.6236 1.16758
2.18056 39.6405 1.1687
2.1875 39.6633 1.16982
2.19444 39.6929 1.17094
2.20139 39.7299 1.17206
2.20833 39.7748 1.17318
2.21528 39.8284 1.1743
2.22222 39.8913 1.17542
2.22917 39.964 1.17654
2.23611 40.0471 1.17766
2.24306 40.1411 1.17878
2.25 40.2464 1.1799
2.25694 40.3635 1.18102
2.26389 40.4927 1.18215
2.27083 40.6343 1.18327
2.27778 40.7885 1.18439
2.28472 40.9556 1.18551
2.29167 41.1355 1.18663
2.29861 41.3285 1.18775
2.30556 41.5344 1.18887
2.3125 41.7532 1.18999
2.31944 41.9846 1.19111
2.32639 42.2286 1.19223
2.33333 42.4846 1.19335
2.34028 42.7525 1.19447
2.34722 43.0318 1.19559
2.35417 43.3219 1.19672
2.36111 43.6224 1.19784
2.36806 43.9325 1.19896
2.375 44.2517 1.20008
2.38194 44.5792 1.2012
2.38889 44.9143 1.20232
2.39583 45.2561 1.20344
2.40278 45.6039 1.20456
2.40972 45.9566 1.20568
2.41667 46.3136 1.2068
2.42361 46.6737 1.20792
2.43056 47.036 1.20904
2.4375 47.3997 1.21016
2.44444 47.7637 1.21128
2.45139 48.127 1.21241
2.45833 48.4887 1.21353
2.46528 48.8479 1.21465
2.47222 49.2035 1.21577
2.47917 49.5547 1.21689
2.48611 49.9005 1.21801
2.49306 50.24 1.21913
2.5 50.5725 1.22025
2.50694 50.897 1.22137
2.51389 51.2129 1.22249
2.52083 51.5194 1.22361
2.52778 51.8158 1.22473
2.53472 52.1016 1.22585
2.54167 52.3761 1.22697
2.54861 52.6388 1.2281
2.55556 52.8894 1.22922
2.5625 53.1274 1.23034
2.56944 53.3526 1.23146
2.57639 53.5648 1.23258
2.58333 53.7637 1.2337
2.59028 53.9493 1.23482
2.59722 54.1216 1.23594
2.60417 54.2807 1.23706
2.61111 54.4266 1.23818
2.61806 54.5596 1.2393
2.625 54.6799 1.24042
2.63194 54.7879 1.24154
2.63889 54.884 1.24267
2.64583 54.9687 1.24379
2.65278 55.0424 1.24491
2.65972 55.1058 1.24603
2.66667 55.1594 1.24715
2.67361 55.2039 1.24827
2.68056 55.24 1.24939
2.6875 55.2684 1.25051
2.69444 55.29 1.25163
2.70139 55.3054 1.25275
2.70833 55.3154 1.25387
2.71528 55.3208 1.25499
2.72222 55.3225 1.25611
2.72917 55.3212 1.25723
2.73611 55.3177 1.25836
2.74306 55.3127 1.25948
2.75 55.307 1.2606
2.75694 55.3013 1.26172
2.76389 55.2962 1.26284
2.77083 55.2925 1.26396
2.77778 55.2906 1.26508
2.78472 55.2911 1.2662
2.79167 55.2945 1.26732
2.79861 55.3013 1.26844
2.80556 55.3118 1.26956
2.8125 55.3263 1.27068
2.81944 55.3452 1.2718
2.82639 55.3686 1.27292
2.83333 55.3967 1.27405
2.84028 55.4296 1.27517
2.84722 55.4673 1.27629
2.85417 55.5097 1.27741
2.86111 55.5568 1.27853
2.86806 55.6086 1.27965
2.875 55.6647 1.28077
2.88194 55.725 1.28189
2.88889 55.7893 1.28301
2.89583 55.8571 1.28413
2.90278 55.9282 1.28525
2.90972 56.0023 1.28637
2.91667 56.0789 1.28749
2.92361 56.1576 1.28861
2.93056 56.2381 1.28974
2.9375 56.3197 1.29086
2.94444 56.4022 1.29198
2.95139 56.4851 1.2931
2.95833 56.5679 1.29422
2.96528 56.6502 1.29534
2.97222 56.7315 1.29646
2.97917 56.8114 1.29758
2.98611 56.8896 1.2987
2.99306 56.9657 1.29982
3 57.0392 1.30094
3.00694 57.1099 1.30206
3.01389 57.1775 1.32567
3.02083 57.2418 1.35662
3.02778 57.3024 1.38757
3.03472 57.3593 1.41852
3.04167 57.4122 1.44947
3.04861 57.4611 1.48041
3.05556 57.506 1.51136
3.0625 57.5468 1.54231
3.06944 57.5835 1.57326
3.07639 57.6162 1.60421
3.08333 57.6452 1.63516
3.09028 57.6704 1.66611
3.09722 57.6923 1.69706
3.10417 57.711 1.728
3.11111 57.7268 1.75895
3.11806 57.7402 1.7899
3.125 57.7515 1.82085
3.13194 57.7611 1.8518
3.13889 57.7696 1.88275
3.14583 57.7774 1.9137
3.15278 57.7851 1.94465
3.15972 57.7933 1.97559
3.16667 57.8026 2.00654
3.17361 57.8135 2.03749
3.18056 57.8268 2.06844
3.1875 57.843 2.09939
3.19444 57.8629 2.13034
3.20139 57.8871 2.16129
3.20833 57.9163 2.19223
3.21528 57.9511 2.22318
3.22222 57.9921 2.25413
3.22917 58.04 2.28508
3.23611 58.0955 2.31603
3.24306 58.1591 2.34698
3.25 58.2313 2.37793
3.25694 58.3127 2.40888
3.26389 58.4038 2.43982
3.27083 58.505 2.47077
3.27778 58.6166 2.50172
3.28472 58.7392 2.53267
3.29167 58.8728 2.56362
3.29861 59.0179 2.59457
3.30556 59.1744 2.62552
3.3125 59.3427 2.65647
3.31944 59.5226 2.68741
3.32639 59.7142 2.71836
3.33333 59.9174 2.74931
3.34028 60.1321 2.78026
3.34722 60.358 2.81121
3.35417 60.5949 2.84216
3.36111 60.8424 2.87311
3.36806 61.1002 2.90406
3.375 61.3677 2.935
3.38194 61.6445 2.96595
3.38889 61.9299 2.9969
3.39583 62.2234 3.02785
3.40278 62.5242 3.0588
3.40972 62.8317 3.08975
3.41667 63.145 3.1207
3.42361 63.4634 3.15164
3.43056 63.7861 3.18259
3.4375 64.1121 3.21354
3.44444 64.4406 3.24449
3.45139 64.7707 3.27544
3.45833 65.1015 3.30639
3.46528 65.432 3.33734
3.47222 65.7613 3.36829
3.47917 66.0885 3.39923
3.48611 66.4126 3.43018
3.49306 66.7328 3.46113
3.5 67.0482 3.49208
3.50694 67.3578 3.52303
3.51389 67.6609 3.55398
3.52083 67.9566 3.58493
3.52778 68.2442 3.58527
3.53472 68.523 3.56625
3.54167 68.7922 3.54723
3.54861 69.0513 3.52822
3.55556 69.2997 3.5092
3.5625 69.5368 3.49018
3.56944 69.7622 3.47116
3.57639 69.9755 3.45215
3.58333 70.1764 3.43313
3.59028 70.3646 3.41411
3.59722 70.54 3.39509
3.60417 70.7025 3.37608
3.61111 70.852 3.35706
3.61806 70.9885 3.33804
3.625 71.1122 3.31903
3.63194 71.2232 3.30001
3.63889 71.3218 3.28099
3.64583 71.4084 3.26197
3.65278 71.4832 3.24296
3.65972 71.5469 3.22394
3.66667 71.5998 3.20492
3.67361 71.6425 3.1859
3.68056 71.6758 3.16689
3.6875 71.7001 3.14787
3.69444 71.7164 3.12885
3.70139 71.7252 3.10984
3.70833 71.7274 3.09082
3.71528 71.7237 3.0718
3.72222 71.7151 3.05278
3.72917 71.7023 3.03377
3.73611 71.6861 3.01475
3.74306 71.6675 2.99573
3.75 71.6471 2.97671
3.75694 71.6259 2.9577
3.76389 71.6047 2.93868
3.77083 71.5841 2.91966
3.77778 71.5649 2.90065
3.78472 71.5478 2.88163
3.79167 71.5336 2.86261
3.79861 71.5226 2.84359
3.80556 71.5156 2.82458
3.8125 71.513 2.80556
3.81944 71.5152 2.78654
3.82639 71.5227 2.76752
3.83333 71.5357 2.74851
3.84028 71.5546 2.72949
3.84722 71.5794 2.71047
3.85417 71.6103 2.69146
3.86111 71.6474 2.67244
3.86806 71.6907 2.65342
3.875 71.7402 2.6344
3.88194 71.7956 2.61539
3.88889 71.8569 2.59637
3.89583 71.9239 2.57735
3.90278 71.9962 2.55833
3.90972 72.0735 2.53932
3.91667 72.1556 2.5203
3.92361 72.242 2.50128
3.93056 72.3322 2.48226
3.9375 72.426 2.46325
3.94444 72.5227 2.44423
3.95139 72.6219 2.42521
3.95833 72.7231 2.4062
3.96528 72.8258 2.38718
3.97222 72.9295 2.36816
3.97917 73.0337 2.35875
3.98611 73.1379 2.37055
3.99306 73.2416 2.38235
4 73.3442 2.39414
4.00694 73.4455 2.40594
4.01389 73.5449 2.41774
4.02083 73.642 2.42953
4.02778 73.7365 2.44133
4.03472 73.828 2.45313
4.04167 73.9162 2.46492
4.04861 74.0009 2.47672
4.05556 74.0817 2.48852
4.0625 74.1586 2.50031
4.06944 74.2313 2.51211
4.07639 74.2998 2.52391
4.08333 74.3641 2.5357
4.09028 74.4241 2.5475
4.09722 74.4799 2.5593
4.10417 74.5315 2.57109
4.11111 74.5792 2.58289
4.11806 74.623 2.59469
4.125 74.6633 2.60648
4.13194 74.7003 2.61828
4.13889 74.7344 2.63007
4.14583 74.7658 2.64187
4.15278 74.7951 2.65367
4.15972 74.8226 2.66546
4.16667 74.8488 2.67726
4.17361 74.8742 2.68906
4.18056 74.8993 2.70085
4.1875 74.9248 2.71265
4.19444 74.9511 2.72445
4.20139 74.9789 2.73624
4.20833 75.0087 2.74804
4.21528 75.0412 2.75984
4.22222 75.077 2.77163
4.22917 75.1166 2.78343
4.23611 75.1608 2.79523
4.24306 75.21 2.80702
4.25 75.2649 2.81882
4.25694 75.326 2.83062
4.26389 75.3938 2.84241
4.27083 75.4689 2.85421
4.27778 75.5518 2.86601
4.28472 75.6427 2.8778
4.29167 75.7423 2.8896
4.29861 75.8507 2.9014
4.30556 75.9684 2.91319
4.3125 76.0955 2.92499
4.31944 76.2323 2.93679
4.32639 76.379 2.94858
4.33333 76.5356 2.96038
4.34028 76.7021 2.97218
4.34722 76.8786 2.98397
4.35417 77.065 2.99577
4.36111 77.2611 3.00757
4.36806 77.4667 3.01936
4.375 77.6816 3.03116
4.38194 77.9056 3.04296
4.38889 78.1381 3.05475
4.39583 78.3788 3.06655
4.40278 78.6273 3.07834
4.40972 78.8829 3.09014
4.41667 79.1452 3.10194
4.42361 79.4135 3.11373
4.43056 79.6872 3.12553
4.4375 79.9656 3.13733
4.44444 80.2479 3.14912
4.45139 80.5335 3.16092
4.45833 80.8214 3.17272
4.46528 81.111 3.18451
4.47222 81.4015 3.19631
4.47917 81.6919 3.20811
4.48611 81.9814 3.2199
4.49306 82.2692 3.2317
4.5 82.5546 3.2435
4.50694 82.8366 3.25529
4.51389 83.1144 3.26709
4.52083 83.3872 3.27889
4.52778 83.6543 3.29068
4.53472 83.9149 3.30248
4.54167 84.1683 3.31428
4.54861 84.4137 3.32607
4.55556 84.6507 3.33787
4.5625 84.8784 3.34967
4.56944 85.0965 3.36146
4.57639 85.3044 3.37326
4.58333 85.5016 3.38506
4.59028 85.6878 3.39685
4.59722 85.8627 3.40865
4.60417 86.0259 3.42045
4.61111 86.1773 3.43224
4.61806 86.3167 3.44404
4.625 86.4441 3.45584
4.63194 86.5596 3.46763
4.63889 86.6631 3.47943
4.64583 86.7548 3.49123
4.65278 86.835 3.50302
4.65972 86.9038 3.51482
4.66667 86.9618 3.52661
4.67361 87.0092 3.53841
4.68056 87.0466 3.55021
4.6875 87.0744 3.562
4.69444 87.0933 3.5738
4.70139 87.1038 3.5856
4.70833 87.1067 3.59739
4.71528 87.1027 3.60919
4.72222 87.0925 3.62099
4.72917 87.0768 3.63278
4.73611 87.0566 3.64458
4.74306 87.0325 3.65638
4.75 87.0054 3.66817
4.75694 86.9762 3.67997
4.76389 86.9457 3.69177
4.77083 86.9146 3.70356
4.77778 86.8838 3.71536
4.78472 86.854 3.72716
4.79167 86.8261 3.73895
4.79861 86.8006 3.75075
4.80556 86.7783 3.76255
4.8125 86.7599 3.77434
4.81944 86.7458 3.78614
4.82639 86.7367 3.79794
4.83333 86.7331 3.80973
4.84028 86.7352 3.82153
4.84722 86.7436 3.83333
4.85417 86.7584 3.84512
4.86111 86.78 3.85692
4.86806 86.8085 3.86872
4.875 86.8441 3.88051
4.88194 86.8867 3.89231
4.88889 86.9364 3.90411
4.89583 86.9931 3.9159
4.90278 87.0566 3.9277
4.90972 87.1269 3.9395
4.91667 87.2036 3.95129
4.92361 87.2864 3.96309
4.93056 87.3751 3.97488
4.9375 87.4693 3.98668
4.94444 87.5686 3.99848
4.95139 87.6725 4.00927
4.95833 87.7806 4.01206
4.96528 87.8923 4.01485
4.97222 88.0073 4.01764
4.97917 88.125 4.02043
4.98611 88.2448 4.02323
4.99306 88.3663 4.02602
5 88.4888 4.02881
5.00694 88.6119 4.0316
5.01389 88.7352 4.03439
5.02083 88.858 4.03719
5.02778 88.9799 4.03998
5.03472 89.1004 4.04277
5.04167 89.2191 4.04556
5.04861 89.3357 4.04836
5.05556 89.4497 4.05115
5.0625 89.5608 4.05394
5.06944 89.6687 4.05673
5.07639 89.7731 4.05952
5.08333 89.8738 4.06232
5.09028 89.9707 4.06511
5.09722 90.0636 4.0679
5.10417 90.1523 4.07069
5.11111 90.237 4.07349
5.11806 90.3175 4.07628
5.125 90.3938 4.07907
5.13194 90.4662 4.08186
5.13889 90.5347 4.08465
5.14583 90.5995 4.08745
5.15278 90.6608 4.09024
5.15972 90.7189 4.09303
5.16667 90.774 4.09582
5.17361 90.8265 4.09861
5.18056 90.8768 4.10141
5.1875 90.9253 4.1042
5.19444 90.9723 4.10699
5.20139 91.0184 4.10978
5.20833 91.064 4.11258
5.21528 91.1096 4.11537
5.22222 91.1556 4.11816
5.22917 91.2027 4.12095
5.23611 91.2512 4.12374
5.24306 91.3019 4.12654
5.25 91.3551 4.12933
5.25694 91.4113 4.13212
5.26389 91.4712 4.13491
5.27083 91.5351 4.1377
5.27778 91.6036 4.1405
5.28472 91.6771 4.14329
5.29167 91.756 4.14608
5.29861 91.8408 4.14887
5.30556 91.9318 4.15167
5.3125 92.0293 4.15446
5.31944 92.1337 4.15725
5.32639 92.2452 4.16004
5.33333 92.3641 4.16283
5.34028 92.4905 4.16563
5.34722 92.6245 4.16842
5.35417 92.7662 4.17121
5.36111 92.9158 4.174
5.36806 93.0731 4.1768
5.375 93.2381 4.17959
5.38194 93.4107 4.18238
5.38889 93.5907 4.18517
5.39583 93.778 4.18796
5.40278 93.9723 4.19076
5.40972 94.1732 4.19355
5.41667 94.3805 4.19634
5.42361 94.5938 4.19913
5.43056 94.8125 4.20192
5.4375 95.0363 4.20472
5.44444 95.2646 4.20751
5.45139 95.497 4.2103
5.45833 95.7327 4.22323
5.46528 95.9713 4.23635
5.47222 96.2121 4.24948
5.47917 96.4544 4.26261
5.48611 96.6976 4.27573
5.49306 96.9409 4.28886
5.5 97.1838 4.30199
5.50694 97.4254 4.31512
5.51389 97.6652 4.32824
5.52083 97.9023 4.34137
5.52778 98.1361 4.3545
5.53472 98.366 4.36762
5.54167 98.5911 4.38075
5.54861 98.811 4.39388
5.55556 99.0249 4.40701
5.5625 99.2322 4.42013
5.56944 99.4324 4.43326
5.57639 99.6249 4.44639
5.58333 99.8092 4.45951
5.59028 99.9849 4.47264
5.59722 100.152 4.48577
5.60417 100.309 4.49889
5.61111 100.456 4.51202
5.61806 100.594 4.52515
5.625 100.721 4.53828
5.63194 100.838 4.5514
5.63889 100.944 4.56453
5.64583 101.04 4.57766
5.65278 101.126 4.59078
5.65972 101.201 4.60391
5.66667 101.266 4.61704
5.67361 101.32 4.63017
5.68056 101.366 4.64329
5.6875 101.401 4.65642
5.69444 101.428 4.66955
5.70139 101.446 4.68267
5.70833 101.457 4.6958
5.71528 101.459 4.70893
5.72222 101.455 4.72205
5.72917 101.444 4.73518
5.73611 101.428 4.74831
5.74306 101.407 4.76144
5.75 101.382 4.77456
5.75694 101.353 4.78769
5.76389 101.321 4.80082
5.77083 101.288 4.81394
5.77778 101.253 4.82707
5.78472 101.218 4.8402
5.79167 101.183 4.85333
5.79861 101.149 4.86645
5.80556 101.117 4.87958
5.8125 101.088 4.89271
5.81944 101.062 4.90583
5.82639 101.039 4.91896
5.83333 101.021 4.93209
5.84028 101.008 4.94521
5.84722 101 4.95834
5.85417 100.999 4.97147
5.86111 101.003 4.9846
5.86806 101.015 4.99772
5.875 101.033 5.01085
5.88194 101.059 5.02398
5.88889 101.091 5.0371
5.89583 101.132 5.05023
5.90278 101.18 5.06336
5.90972 101.235 5.07649
5.91667 101.298 5.08961
5.92361 101.369 5.10274
5.93056 101.446 5.11587
5.9375 101.531 5.12899
5.94444 101.622 5.14212
5.95139 101.72 5.15525
5.95833 101.824 5.16403
5.96528 101.934 5.16325
5.97222 102.048 5.16247
5.97917 102.168 5.16168
5.98611 102.293 5.1609
5.99306 102.421 5.16012
6 102.553 5.15933
6.00694 102.687 5.15855
6.01389 102.824 5.15777
6.02083 102.963 5.15698
6.02778 103.104 5.1562
6.03472 103.245 5.15541
6.04167 103.387 5.15463
6.04861 103.528 5.15385
6.05556 103.669 5.15306
6.0625 103.81 5.15228
6.06944 103.948 5.1515
6.07639 104.085 5.15071
6.08333 104.22 5.14993
6.09028 104.352 5.14915
6.09722 104.481 5.14836
6.10417 104.608 5.14758
6.11111 104.731 5.1468
6.11806 104.85 5.14601
6.125 104.966 5.14523
6.13194 105.079 5.14444
6.13889 105.187 5.14366
6.14583 105.292 5.14288
6.15278 105.392 5.14209
6.15972 105.489 5.14131
6.16667 105.582 5.14053
6.17361 105.672 5.13974
6.18056 105.758 5.13896
6.1875 105.841 5.13818
6.19444 105.921 5.13739
6.20139 105.998 5.13661
6.20833 106.072 5.13583
6.21528 106.145 5.13504
6.22222 106.215 5.13426
6.22917 106.284 5.13348
6.23611 106.352 5.13269
6.24306 106.419 5.13191
6.25 106.486 5.13112
6.25694 106.553 5.13034
6.26389 106.62 5.12956
6.27083 106.688 5.12877
6.27778 106.758 5.12799
6.28472 106.829 5.12721
6.29167 106.902 5.12642
6.29861 106.977 5.12564
6.30556 107.056 5.12486
6.3125 107.137 5.12407
6.31944 107.222 5.12329
6.32639 107.311 5.12251
6.33333 107.403 5.12172
6.34028 107.501 5.12094
6.34722 107.602 5.12015
6.35417 107.708 5.11937
6.36111 107.82 5.11859
6.36806 107.936 5.1178
6.375 108.057 5.11702
6.38194 108.184 5.11624
6.38889 108.316 5.11545
6.39583 108.453 5.11467
6.40278 108.595 5.11389
6.40972 108.742 5.1131
6.41667 108.895 5.11232
6.42361 109.052 5.11154
6.43056 109.213 5.11075
6.4375 109.379 5.10997
6.44444 109.55 5.10919
6.45139 109.724 5.1084
6.45833 109.901 5.11378
6.46528 110.081 5.12914
6.47222 110.265 5.14449
6.47917 110.45 5.15984
6.48611 110.637 5.1752
6.49306 110.826 5.19055
6.5 111.016 5.2059
6.50694 111.206 5.22126
6.51389 111.396 5.23661
6.52083 111.585 5.25196
6.52778 111.773 5.26732
6.53472 111.959 5.28267
6.54167 112.144 5.29802
6.54861 112.325 5.31338
6.55556 112.503 5.32873
6.5625 112.677 5.34409
6.56944 112.847 5.35944
6.57639 113.012 5.37479
6.58333 113.172 5.39015
6.59028 113.326 5.4055
6.59722 113.473 5.42085
6.60417 113.614 5.43621
6.61111 113.748 5.45156
6.61806 113.875 5.46691
6.625 113.994 5.48227
6.63194 114.105 5.49762
6.63889 114.208 5.51297
6.64583 114.303 5.52833
6.65278 114.389 5.54368
6.65972 114.467 5.55904
6.66667 114.536 5.57439
6.67361 114.597 5.58974
6.68056 114.65 5.6051
6.6875 114.694 5.62045
6.69444 114.73 5.6358
6.70139 114.758 5.65116
6.70833 114.778 5.66651
6.71528 114.792 5.68186
6.72222 114.798 5.69722
6.72917 114.798 5.71257
6.73611 114.791 5.72792
6.74306 114.78 5.74328
6.75 114.763 5.75863
6.75694 114.742 5.77399
6.76389 114.717 5.78934
6.77083 114.688 5.80469
6.77778 114.657 5.82005
6.78472 114.625 5.8354
6.79167 114.591 5.85075
6.79861 114.556 5.86611
6.80556 114.522 5.88146
6.8125 114.488 5.89681
6.81944 114.456 5.91217
6.82639 114.426 5.92752
6.83333 114.399 5.94287
6.84028 114.376 5.95823
6.84722 114.356 5.97358
6.85417 114.341 5.98894
6.86111 114.331 6.00429
6.86806 114.326 6.01964
6.875 114.328 6.035
6.88194 114.336 6.05035
6.88889 114.35 6.0657
6.89583 114.372 6.08106
6.90278 114.401 6.09641
6.90972 114.437 6.11176
6.91667 114.482 6.12712
6.92361 114.534 6.14247
6.93056 114.593 6.15782
6.9375 114.661 6.17318
6.94444 114.736 6.18853
6.95139 114.819 6.20388
6.95833 114.91 6.21924
6.96528 115.007 6.23459
6.97222 115.112 6.24835
6.97917 115.224 6.24512
6.98611 115.342 6.24189
6.99306 115.466 6.23865
7 115.596 6.23542
7.00694 115.731 6.23219
7.01389 115.871 6.22895
7.02083 116.015 6.22572
7.02778 116.164 6.22249
7.03472 116.316 6.21926
7.04167 116.471 6.21602
7.04861 116.628 6.21279
7.05556 116.788 6.20956
7.0625 116.949 6.20632
7.06944 117.112 6.20309
7.07639 117.274 6.19986
7.08333 117.437 6.19662
7.09028 117.6 6.19339
7.09722 117.762 6.19016
7.10417 117.923 6.18693
7.11111 118.082 6.18369
7.11806 118.24 6.18046
7.125 118.395 6.17723
7.13194 118.548 6.17399
7.13889 118.698 6.17076
7.14583 118.845 6.16753
7.15278 118.989 6.1643
7.15972 119.129 6.16106
7.16667 119.266 6.15783
7.17361 119.399 6.1546
7.18056 119.529 6.15136
7.1875 119.654 6.14813
7.19444 119.776 6.1449
7.20139 119.894 6.14167
7.20833 120.009 6.13843
7.21528 120.119 6.1352
7.22222 120.227 6.13197
7.22917 120.33 6.12873
7.23611 120.431 6.1255
7.24306 120.528 6.12227
7.25 120.623 6.11903
7.25694 120.715 6.1158
7.26389 120.805 6.11257
7.27083 120.892 6.10934
7.27778 120.977 6.1061
7.28472 121.061 6.10287
7.29167 121.143 6.09964
7.29861 121.225 6.0964
7.30556 121.305 6.09317
7.3125 121.385 6.08994
7.31944 121.465 6.08671
7.32639 121.545 6.08347
7.33333 121.625 6.08024
7.34028 121.706 6.07701
7.34722 121.788 6.07377
7.35417 121.871 6.07054
7.36111 121.955 6.06731
7.36806 122.041 6.06408
7.375 122.129 6.06084
7.38194 122.218 6.05761
7.38889 122.31 6.05438
7.39583 122.404 6.05114
7.40278 122.5 6.04791
7.40972 122.599 6.04468
7.41667 122.7 6.04144
7.42361 122.804 6.03821
7.43056 122.911 6.03498
7.4375 123.02 6.03175
7.44444 123.132 6.02851
7.45139 123.247 6.02528
7.45833 123.364 6.02205
7.46528 123.483 6.00945
7.47222 123.604 5.99431
7.47917 123.728 5.97916
7.48611 123.853 5.96402
7.49306 123.981 5.94888
7.5 124.109 5.93373
7.50694 124.239 5.91859
7.51389 124.37 5.90345
7.52083 124.502 5.8883
7.52778 124.633 5.87316
7.53472 124.765 5.85802
7.54167 124.897 5.84288
7.54861 125.028 5.82773
7.55556 125.158 5.81259
7.5625 125.287 5.79745
7.56944 125.414 5.7823
7.57639 125.538 5.76716
7.58333 125.661 5.75202
7.59028 125.78 5.73687
7.59722 125.896 5.72173
7.60417 126.009 5.70659
7.61111 126.118 5.69144
7.61806 126.223 5.6763
7.625 126.323 5.66116
7.63194 126.418 5.64601
7.63889 126.508 5.63087
7.64583 126.592 5.61573
7.65278 126.671 5.60058
7.65972 126.744 5.58544
7.66667 126.812 5.5703
7.67361 126.873 5.55515
7.68056 126.927 5.54001
7.6875 126.976 5.52487
7.69444 127.018 5.50972
7.70139 127.054 5.49458
7.70833 127.083 5.47944
7.71528 127.107 5.46429
7.72222 127.124 5.44915
7.72917 127.136 5.43401
7.73611 127.142 5.41886
7.74306 127.143 5.40372
7.75 127.138 5.38858
7.75694 127.129 5.37343
7.76389 127.116 5.35829
7.77083 127.099 5.34315
7.77778 127.078 5.328
7.78472 127.054 5.31286
7.79167 127.028 5.29772
7.79861 127 5.28257
7.80556 126.97 5.26743
7.8125 126.94 5.25229
7.81944 126.909 5.23714
7.82639 126.879 5.222
7.83333 126.849 5.20686
7.84028 126.821 5.19171
7.84722 126.795 5.17657
7.85417 126.772 5.16143
7.86111 126.752 5.14628
7.86806 126.736 5.13114
7.875 126.724 5.116
7.88194 126.717 5.10086
7.88889 126.715 5.08571
7.89583 126.719 5.07057
7.90278 126.729 5.05543
7.90972 126.746 5.04028
7.91667 126.77 5.02514
7.92361 126.801 5.01
7.93056 126.84 4.99485
7.9375 126.886 4.97971
7.94444 126.94 4.96457
7.95139 127.002 4.94942
7.95833 127.072 4.93428
7.96528 127.151 4.91914
7.97222 127.237 4.90399
7.97917 127.332 4.88885
7.98611 127.434 4.87371
7.99306 127.545 4.85856
8 127.663 4.84342
8.00694 127.788 4.82828
8.01389 127.921 4.81313
8.02083 128.06 4.79799
8.02778 128.206 4.78285
8.03472 128.358 4.7677
8.04167 128.516 4.75256
8.04861 128.679 4.73742
8.05556 128.847 4.76119
8.0625 129.019 4.79904
8.06944 129.196 4.83689
8.07639 129.376 4.87474
8.08333 129.559 4.9126
8.09028 129.745 4.95045
8.09722 129.932 4.9883
8.10417 130.121 5.02616
8.11111 130.312 5.06401
8.11806 130.503 5.10186
8.125 130.694 5.13972
8.13194 130.884 5.17757
8.13889 131.074 5.21542
8.14583 131.263 5.25327
8.15278 131.45 5.29113
8.15972 131.635 5.32898
8.16667 131.817 5.36683
8.17361 131.997 5.40469
8.18056 132.174 5.44254
8.1875 132.347 5.48039
8.19444 132.517 5.51825
8.20139 132.683 5.5561
8.20833 132.845 5.59395
8.21528 133.002 5.63181
8.22222 133.156 5.66966
8.22917 133.304 5.70751
8.23611 133.448 5.74536
8.24306 133.587 5.78322
8.25 133.722 5.82107
8.25694 133.852 5.85892
8.26389 133.977 5.89678
8.27083 134.097 5.93463
8.27778 134.212 5.97248
8.28472 134.323 6.01034
8.29167 134.43 6.04819
8.29861 134.532 6.08604
8.30556 134.629 6.12389
8.3125 134.723 6.16175
8.31944 134.813 6.1996
8.32639 134.899 6.23745
8.33333 134.981 6.27531
8.34028 135.061 6.31316
8.34722 135.137 6.35101
8.35417 135.21 6.38887
8.36111 135.281 6.42672
8.36806 135.349 6.46457
8.375 135.415 6.50242
8.38194 135.48 6.54028
8.38889 135.542 6.57813
8.39583 135.604 6.61598
8.40278 135.664 6.65384
8.40972 135.723 6.69169
8.41667 135.781 6.72954
8.42361 135.839 6.7674
8.43056 135.897 6.80525
8.4375 135.955 6.8431
8.44444 136.013 6.88096
8.45139 136.071 6.91881
8.45833 136.13 6.95666
8.46528 136.189 6.99406
8.47222 136.249 7.02931
8.47917 136.31 7.06457
8.48611 136.372 7.09983
8.49306 136.435 7.13509
8.5 136.499 7.17035
8.50694 136.564 7.20561
8.51389 136.63 7.24087
8.52083 136.698 7.27612
8.52778 136.766 7.31138
8.53472 136.836 7.34664
8.54167 136.906 7.3819
8.54861 136.977 7.41716
8.55556 137.049 7.45242
8.5625 137.122 7.48767
8.56944 137.195 7.52293
8.57639 137.268 7.55819
8.58333 137.342 7.59345
8.59028 137.415 7.62871
8.59722 137.488 7.66397
8.60417 137.56 7.69922
8.61111 137.632 7.73448
8.61806 137.702 7.76974
8.625 137.771 7.805
8.63194 137.838 7.84026
8.63889 137.904 7.87552
8.64583 137.967 7.91077
8.65278 138.028 7.94603
8.65972 138.086 7.98129
8.66667 138.142 8.01655
8.67361 138.194 8.05181
8.68056 138.243 8.08707
8.6875 138.288 8.12232
8.69444 138.33 8.15758
8.70139 138.368 8.19284
8.70833 138.401 8.2281
8.71528 138.431 8.26336
8.72222 138.456 8.29862
8.72917 138.477 8.33387
8.73611 138.494 8.36913
8.74306 138.506 8.40439
8.75 138.514 8.43965
8.75694 138.519 8.47491
8.76389 138.519 8.51017
8.77083 138.515 8.54542
8.77778 138.507 8.58068
8.78472 138.496 8.61594
8.79167 138.482 8.6512
8.79861 138.465 8.68646
8.80556 138.446 8.72172
8.8125 138.424 8.75697
8.81944 138.401 8.79223
8.82639 138.376 8.82749
8.83333 138.351 8.86275
8.84028 138.325 8.89801
8.84722 138.299 8.93327
8.85417 138.274 8.96853
8.86111 138.25 9.00378
8.86806 138.228 9.03904
8.875 138.208 9.0743
8.88194 138.191 9.10956
8.88889 138.177 9.14482
8.89583 138.167 9.18008
8.90278 138.162 9.21533
8.90972 138.161 9.25059
8.91667 138.166 9.28585
8.92361 138.177 9.32111
8.93056 138.194 9.35637
8.9375 138.218 9.39163
8.94444 138.249 9.42688
8.95139 138.287 9.46214
8.95833 138.334 9.4974
8.96528 138.388 9.53266
8.97222 138.451 9.51356
8.97917 138.523 9.48788
8.98611 138.603 9.46221
8.99306 138.692 9.43653
9 138.79 9.41086
9.00694 138.897 9.38518
9.01389 139.013 9.3595
9.02083 139.137 9.33383
9.02778 139.271 9.30815
9.03472 139.412 9.28248
9.04167 139.563 9.2568
9.04861 139.721 9.23113
9.05556 139.887 9.20545
9.0625 140.06 9.17977
9.06944 140.24 9.1541
9.07639 140.427 9.12842
9.08333 140.621 9.10275
9.09028 140.82 9.07707
9.09722 141.024 9.05139
9.10417 141.233 9.02572
9.11111 141.446 9.00004
9.11806 141.663 8.97437
9.125 141.883 8.94869
9.13194 142.106 8.92302
9.13889 142.331 8.89734
9.14583 142.557 8.87166
9.15278 142.783 8.84599
9.15972 143.01 8.82031
9.16667 143.237 8.79464
9.17361 143.463 8.76896
9.18056 143.688 8.74328
9.1875 143.91 8.71761
9.19444 144.13 8.69193
9.20139 144.347 8.66626
9.20833 144.56 8.64058
9.21528 144.77 8.6149
9.22222 144.975 8.58923
9.22917 145.175 8.56355
9.23611 145.371 8.53788
9.24306 145.56 8.5122
9.25 145.744 8.48653
9.25694 145.922 8.46085
9.26389 146.093 8.43517
9.27083 146.257 8.4095
9.27778 146.415 8.38382
9.28472 146.566 8.35815
9.29167 146.709 8.33247
9.29861 146.845 8.30679
9.30556 146.974 8.28112
9.3125 147.096 8.25544
9.31944 147.21 8.22977
9.32639 147.317 8.20409
9.33333 147.417 8.17841
9.34028 147.509 8.15274
9.34722 147.594 8.12706
9.35417 147.673 8.10139
9.36111 147.745 8.07571
9.36806 147.81 8.05004
9.375 147.869 8.02436
9.38194 147.921 7.99868
9.38889 147.968 7.97301
9.39583 148.01 7.94733
9.40278 148.046 7.92166
9.40972 148.077 7.89598
9.41667 148.104 7.8703
9.42361 148.127 7.84463
9.43056 148.145 7.81895
9.4375 148.16 7.79328
9.44444 148.172 7.7676
9.45139 148.182 7.74192
9.45833 148.188 7.71625
9.46528 148.193 7.69057
9.47222 148.196 7.85681
9.47917 148.198 8.16533
9.48611 148.199 8.47386
9.49306 148.199 8.78238
9.5 148.2 9.09091
9.50694 148.2 9.39943
9.51389 148.2 9.70796
9.52083 148.201 10.0165
9.52778 148.203 10.325
9.53472 148.206 10.6335
9.54167 148.21 10.9421
9.54861 148.216 11.2506
9.55556 148.223 11.5591
9.5625 148.233 11.8676
9.56944 148.244 12.1762
9.57639 148.257 12.4847
9.58333 148.272 12.7932
9.59028 148.29 13.1017
9.59722 148.309 13.4103
9.60417 148.33 13.7188
9.61111 148.353 14.0273
9.61806 148.378 14.3358
9.625 148.405 14.6444
9.63194 148.433 14.9529
9.63889 148.462 15.0984
9.64583 148.493 15.0111
9.65278 148.525 14.9237
9.65972 148.557 14.8364
9.66667 148.59 14.7491
9.67361 148.623 14.6618
9.68056 148.655 14.5745
9.6875 148.688 14.4872
9.69444 148.72 14.3999
9.70139 148.751 14.3126
9.70833 148.78 14.2253
9.71528 148.809 14.138
9.72222 148.835 14.0507
9.72917 148.86 13.9634
9.73611 148.882 13.8761
9.74306 148.902 13.7888
9.75 148.919 13.7015
9.75694 148.934 13.6142
9.76389 148.946 13.5268
9.77083 148.954 13.4395
9.77778 148.96 13.3522
9.78472 148.963 13.2649
9.79167 148.962 13.1776
9.79861 148.958 13.0903
9.80556 148.952 13.003
9.8125 148.943 12.9157
9.81944 148.931 12.8284
9.82639 148.916 12.7411
9.83333 148.9 12.6538
9.84028 148.881 12.5665
9.84722 148.861 12.4792
9.85417 148.84 12.3919
9.86111 148.818 12.3046
9.86806 148.795 12.2173
9.875 148.773 12.1299
9.88194 148.752 12.0426
9.88889 148.731 11.9553
9.89583 148.712 11.868
9.90278 148.695 11.7807
9.90972 148.682 11.6934
9.91667 148.671 11.6061
9.92361 148.665 11.5188
9.93056 148.663 11.4315
9.9375 148.666 11.3442
9.94444 148.675 11.2569
9.95139 148.69 11.1696
9.95833 148.712 11.0823
9.96528 148.741 10.995
9.97222 148.778 10.9231
9.97917 148.823 10.8872
9.98611 148.877 10.8513
9.99306 148.94 10.8154
10 149.013 10.7795
10.0069 149.095 10.7435
10.0139 149.187 10.7076
10.0208 149.289 10.6717
10.0278 149.401 10.6358
10.0347 149.524 10.5999
10.0417 149.657 10.564
10.0486 149.801 10.5281
10.0556 149.955 10.4922
10.0625 150.118 10.4563
10.0694 150.292 10.4204
10.0764 150.476 10.3845
10.0833 150.669 10.3485
10.0903 150.871 10.3126
10.0972 151.081 10.2767
10.1042 151.3 10.2408
10.1111 151.527 10.2049
10.1181 151.761 10.169
10.125 152.001 10.1331
10.1319 152.247 10.0972
10.1389 152.499 10.0613
10.1458 152.755 10.0254
10.1528 153.016 9.98946
10.1597 153.279 9.95355
10.1667 153.545 9.91764
10.1736 153.813 9.88173
10.1806 154.082 9.84583
10.1875 154.352 9.80992
10.1944 154.621 9.77401
10.2014 154.888 9.7381
10.2083 155.154 9.70219
10.2153 155.417 9.66628
10.2222 155.677 9.63037
10.2292 155.932 9.59446
10.2361 156.183 9.55856
10.2431 156.428 9.52265
10.25 156.667 9.48674
10.2569 156.9 9.45083
10.2639 157.125 9.41492
10.2708 157.343 9.37901
10.2778 157.552 9.3431
10.2847 157.753 9.3072
10.2917 157.944 9.27129
10.2986 158.126 9.23538
10.3056 158.299 9.19947
10.3125 158.461 9.16356
10.3194 158.612 9.12765
10.3264 158.754 9.09174
10.3333 158.884 9.05583
10.3403 159.004 9.01993
10.3472 159.113 8.98402
10.3542 159.211 8.94811
10.3611 159.299 8.9122
10.3681 159.376 8.87629
10.375 159.442 8.84038
10.3819 159.498 8.80447
10.3889 159.544 8.76857
10.3958 159.58 8.73266
10.4028 159.606 8.69675
10.4097 159.623 8.66084
10.4167 159.632 8.62493
10.4236 159.632 8.58902
10.4306 159.624 8.55311
10.4375 159.608 8.5172
10.4444 159.585 8.4813
10.4514 159.556 8.44539
10.4583 159.521 8.40948
10.4653 159.481 8.37357
10.4722 159.435 8.33766
10.4792 159.385 8.35206
10.4861 159.332 8.36778
10.4931 159.275 8.38349
10.5 159.216 8.39921
10.5069 159.155 8.41492
10.5139 159.093 8.43064
10.5208 159.03 8.44635
10.5278 158.966 8.46207
10.5347 158.903 8.47778
10.5417 158.84 8.4935
10.5486 158.779 8.50921
10.5556 158.72 8.52493
10.5625 158.662 8.54064
10.5694 158.607 8.55636
10.5764 158.555 8.57207
10.5833 158.506 8.58779
10.5903 158.461 8.6035
10.5972 158.419 8.61922
10.6042 158.382 8.63493
10.6111 158.348 8.65065
10.6181 158.318 8.66636
10.625 158.293 8.68208
10.6319 158.272 8.69779
10.6389 158.256 8.71351
10.6458 158.243 8.72922
10.6528 158.235 8.74494
10.6597 158.23 8.76065
10.6667 158.229 8.77637
10.6736 158.232 8.79208
10.6806 158.238 8.8078
10.6875 158.247 8.82351
10.6944 158.259 8.83923
10.7014 158.273 8.85494
10.7083 158.289 8.87066
10.7153 158.307 8.88637
10.7222 158.326 8.90209
10.7292 158.346 8.9178
10.7361 158.366 8.93351
10.7431 158.387 8.94923
10.75 158.407 8.96494
10.7569 158.426 8.98066
10.7639 158.445 8.99637
10.7708 158.462 9.01209
10.7778 158.477 9.0278
10.7847 158.491 9.04352
10.7917 158.502 9.05923
10.7986 158.511 9.07495
10.8056 158.517 9.09066
10.8125 158.521 9.10638
10.8194 158.522 9.12209
10.8264 158.519 9.13781
10.8333 158.514 9.15352
10.8403 158.506 9.16924
10.8472 158.496 9.18495
10.8542 158.483 9.20067
10.8611 158.467 9.21638
10.8681 158.45 9.2321
10.875 158.43 9.24781
10.8819 158.409 9.26353
10.8889 158.388 9.27924
10.8958 158.365 9.29496
10.9028 158.343 9.31067
10.9097 158.321 9.32639
10.9167 158.3 9.3421
10.9236 158.281 9.35782
10.9306 158.265 9.37353
10.9375 158.251 9.38925
10.9444 158.241 9.40496
10.9514 158.236 9.42068
10.9583 158.235 9.43639
10.9653 158.24 9.45211
10.9722 158.252 9.46782
10.9792 158.271 9.48354
10.9861 158.298 9.49925
10.9931 158.333 9.51497
11 158.377 9.53068
11.0069 158.43 9.5464
11.0139 158.494 9.56211
11.0208 158.569 9.57332
11.0278 158.654 9.57287
11.0347 158.751 9.57241
11.0417 158.86 9.57195
11.0486 158.981 9.5715
11.0556 159.113 9.57104
11.0625 159.259 9.57058
11.0694 159.416 9.57013
11.0764 159.586 9.56967
11.0833 159.769 9.56921
11.0903 159.963 9.56876
11.0972 160.169 9.5683
11.1042 160.387 9.56784
11.1111 160.616 9.56739
11.1181 160.856 9.56693
11.125 161.107 9.56647
11.1319 161.366 9.56602
11.1389 161.635 9.56556
11.1458 161.913 9.5651
11.1528 162.198 9.56465
11.1597 162.489 9.56419
11.1667 162.787 9.56373
11.1736 163.09 9.56327
11.1806 163.398 9.56282
11.1875 163.708 9.56236
11.1944 164.021 9.5619
11.2014 164.336 9.56145
11.2083 164.651 9.56099
11.2153 164.965 9.56053
11.2222 165.278 9.56008
11.2292 165.589 9.55962
11.2361 165.896 9.55916
11.2431 166.199 9.55871
11.25 166.496 9.55825
11.2569 166.787 9.55779
11.2639 167.071 9.55734
11.2708 167.347 9.55688
11.2778 167.615 9.55642
11.2847 167.873 9.55597
11.2917 168.12 9.55551
11.2986 168.357 9.55505
11.3056 168.582 9.5546
11.3125 168.795 9.55414
11.3194 168.996 9.55368
11.3264 169.183 9.55322
11.3333 169.357 9.55277
11.3403 169.517 9.55231
11.3472 169.663 9.55185
11.3542 169.795 9.5514
11.3611 169.912 9.55094
11.3681 170.015 9.55048
11.375 170.104 9.55003
11.3819 170.178 9.54957
11.3889 170.238 9.54911
11.3958 170.283 9.54866
11.4028 170.315 9.5482
11.4097 170.333 9.54774
11.4167 170.338 9.54729
11.4236 170.33 9.54683
11.4306 170.31 9.54637
11.4375 170.277 9.54592
11.4444 170.234 9.54546
11.4514 170.18 9.545
11.4583 170.115 9.54455
11.4653 170.042 9.54409
11.4722 169.959 9.54363
11.4792 169.869 9.54318
11.4861 169.772 9.54272
11.4931 169.668 9.54226
11.5 169.559 9.66391
11.5069 169.445 9.78606
11.5139 169.326 9.90821
11.5208 169.205 10.0304
11.5278 169.082 10.1525
11.5347 168.957 10.2747
11.5417 168.831 10.3968
11.5486 168.705 10.5189
11.5556 168.58 10.6411
11.5625 168.457 10.7632
11.5694 168.336 10.8854
11.5764 168.218 11.0075
11.5833 168.103 11.1297
11.5903 167.992 11.2518
11.5972 167.886 11.374
11.6042 167.785 11.4961
11.6111 167.689 11.6183
11.6181 167.599 11.7404
11.625 167.515 11.8626
11.6319 167.438 11.9847
11.6389 167.367 12.1069
11.6458 167.303 12.229
11.6528 167.245 12.3512
11.6597 167.194 12.4733
11.6667 167.151 12.5955
11.6736 167.113 12.7176
11.6806 167.082 12.8398
11.6875 167.058 12.9619
11.6944 167.039 13.0841
11.7014 167.026 13.2062
11.7083 167.018 13.3284
11.7153 167.015 13.4505
11.7222 167.017 13.5726
11.7292 167.022 13.6948
11.7361 167.031 13.8169
11.7431 167.043 13.9391
11.75 167.058 14.0612
11.7569 167.074 14.1834
11.7639 167.092 14.3055
11.7708 167.111 14.4277
11.7778 167.13 14.5498
11.7847 167.15 14.672
11.7917 167.168 14.7941
11.7986 167.186 14.9163
11.8056 167.201 15.0384
11.8125 167.216 15.1606
11.8194 167.227 15.2827
11.8264 167.237 15.4049
11.8333 167.243 15.527
11.8403 167.247 15.6492
11.8472 167.247 15.7713
11.8542 167.244 15.8935
11.8611 167.238 16.0156
11.8681 167.228 16.1378
11.875 167.216 16.2599
11.8819 167.2 16.3821
11.8889 167.182 16.5042
11.8958 167.162 16.6263
11.9028 167.139 16.7485
11.9097 167.115 16.8209
11.9167 167.09 16.8247
11.9236 167.064 16.8284
11.9306 167.038 16.8322
11.9375 167.013 16.836
11.9444 166.989 16.8397
11.9514 166.968 16.8435
11.9583 166.949 16.8473
11.9653 166.934 16.851
11.9722 166.924 16.8548
11.9792 166.919 16.8586
11.9861 166.92 16.8623
11.9931 166.928 16.8661
12 166.945 16.8699
12.0069 166.969 16.8736
12.0139 167.004 16.8774
12.0208 167.048 16.8811
12.0278 167.104 16.8849
12.0347 167.171 16.8887
12.0417 167.251 16.8924
12.0486 167.343 16.8962
12.0556 167.449 16.9
12.0625 167.568 16.9037
12.0694 167.702 16.9075
12.0764 167.85 16.9113
12.0833 168.012 16.915
12.0903 168.189 16.9188
12.0972 168.381 16.9226
12.1042 168.587 16.9263
12.1111 168.808 16.9301
12.1181 169.043 16.9338
12.125 169.292 16.9376
12.1319 169.554 16.9414
12.1389 169.829 16.9451
12.1458 170.116 16.9489
12.1528 170.414 16.9527
12.1597 170.724 16.9564
12.1667 171.043 16.9602
12.1736 171.371 16.964
12.1806 171.707 16.9677
12.1875 172.05 16.9715
12.1944 172.399 16.9752
12.2014 172.753 16.979
12.2083 173.111 16.9828
12.2153 173.471 16.9865
12.2222 173.832 16.9903
12.2292 174.194 16.9941
12.2361 174.554 16.9978
12.2431 174.912 17.0016
12.25 175.266 17.0054
12.2569 175.615 17.0091
12.2639 175.959 17.0129
12.2708 176.295 17.0167
12.2778 176.623 17.0204
12.2847 176.942 17.0242
12.2917 177.25 17.0279
12.2986 177.547 17.0317
12.3056 177.832 17.0355
12.3125 178.103 17.0392
12.3194 178.361 17.043
12.3264 178.604 17.0468
12.3333 178.831 17.0505
12.3403 179.042 17.0543
12.3472 179.237 17.0581
12.3542 179.415 17.0618
12.3611 179.575 17.0656
12.3681 179.718 17.0694
12.375 179.842 17.0731
12.3819 179.949 17.0769
12.3889 180.037 17.0806
12.3958 180.108 17.0844
12.4028 180.16 17.0882
12.4097 180.195 17.0919
12.4167 180.212 17.0957
12.4236 180.212 17.0995
12.4306 180.195 17.1032
12.4375 180.162 17.107
12.4444 180.114 17.1108
12.4514 180.05 17.1145
12.4583 179.972 17.1183
12.4653 179.88 17.1221
12.4722 179.775 17.1258
12.4792 179.659 17.1296
12.4861 179.531 17.1333
12.4931 179.393 17.1371
12.5 179.246 17.1409
12.5069 179.091 17.1446
12.5139 178.929 17.1484
12.5208 178.76 17.1522
12.5278 178.586 17.1559
12.5347 178.408 17.1597
12.5417 178.227 17.1635
12.5486 178.044 17.1672
12.5556 177.86 17.171
12.5625 177.676 17.1748
12.5694 177.493 17.1785
12.5764 177.311 17.1823
12.5833 177.133 17.186
12.5903 176.958 17.1898
12.5972 176.787 17.1936
12.6042 176.622 17.1973
12.6111 176.463 17.2011
12.6181 176.31 17.2049
12.625 176.165 17.2086
12.6319 176.027 17.2124
12.6389 175.897 17.2162
12.6458 175.775 17.2199
12.6528 175.662 17.2237
12.6597 175.558 17.2275
12.6667 175.463 17.2312
12.6736 175.377 17.235
12.6806 175.301 17.2387
12.6875 175.233 17.2425
12.6944 175.174 17.2463
12.7014 175.124 17.25
12.7083 175.082 17.2538
12.7153 175.048 17.2576
12.7222 175.022 17.2613
12.7292 175.003 17.2651
12.7361 174.99 17.2689
12.7431 174.984 17.2726
12.75 174.983 17.2764
12.7569 174.987 17.2801
12.7639 174.995 17.2839
12.7708 175.006 17.2877
12.7778 175.021 17.2914
12.7847 175.038 17.2952
12.7917 175.056 17.299
12.7986 175.075 17.3027
12.8056 175.095 17.3065
12.8125 175.114 17.3103
12.8194 175.133 17.314
12.8264 175.15 17.3178
12.8333 175.165 17.3216
12.8403 175.178 17.3253
12.8472 175.188 17.3291
12.8542 175.195 17.3328
12.8611 175.198 17.3366
12.8681 175.198 17.3404
12.875 175.194 17.3441
12.8819 175.187 17.3479
12.8889 175.175 17.3517
12.8958 175.16 17.3554
12.9028 175.142 17.3592
12.9097 175.121 17.363
12.9167 175.096 17.0505
12.9236 175.069 16.6753
12.9306 175.04 16.3002
12.9375 175.01 15.9251
12.9444 174.979 15.5499
12.9514 174.948 15.1748
12.9583 174.918 14.7997
12.9653 174.889 14.4245
12.9722 174.862 14.0494
12.9792 174.839 13.6743
12.9861 174.82 13.2992
12.9931 174.806 12.924
13 174.798 12.5489
13.0069 174.797 12.1738
13.0139 174.805 11.7986
13.0208 174.821 11.4235
13.0278 174.848 11.0484
13.0347 174.885 10.6732
13.0417 174.934 10.2981
13.0486 174.996 9.92299
13.0556 175.071 9.54786
13.0625 175.161 9.17273
13.0694 175.266 8.7976
13.0764 175.385 8.42247
13.0833 175.521 8.04734
13.0903 175.673 7.67221
13.0972 175.842 7.29708
13.1042 176.027 6.92195
13.1111 176.23 6.54682
13.1181 176.449 6.17169
13.125 176.685 5.79656
13.1319 176.938 5.42143
13.1389 177.207 5.0463
13.1458 177.491 4.67117
13.1528 177.791 4.29604
13.1597 178.105 3.92091
13.1667 178.433 3.56955
13.1736 178.774 3.6135
13.1806 179.127 3.65744
13.1875 179.491 3.70139
13.1944 179.864 3.74534
13.2014 180.246 3.78928
13.2083 180.636 3.83323
13.2153 181.031 3.87717
13.2222 181.432 3.92112
13.2292 181.835 3.96507
13.2361 182.241 4.00901
13.2431 182.647 4.05296
13.25 183.052 4.0969
13.2569 183.455 4.14085
13.2639 183.853 4.18479
13.2708 184.247 4.22874
13.2778 184.634 4.27269
13.2847 185.012 4.31663
13.2917 185.382 4.36058
13.2986 185.74 4.40452
13.3056 186.087 4.44847
13.3125 186.42 4.49241
13.3194 186.739 4.53636
13.3264 187.042 4.58031
13.3333 187.33 4.62425
13.3403 187.6 4.6682
13.3472 187.851 4.71214
13.3542 188.084 4.75609
13.3611 188.298 4.80003
13.3681 188.491 4.84398
13.375 188.664 4.88793
13.3819 188.816 4.93187
13.3889 188.947 4.97582
13.3958 189.056 5.01976
13.4028 189.144 5.06371
13.4097 189.211 5.10765
13.4167 189.256 5.1516
13.4236 189.281 5.19555
13.4306 189.284 5.23949
13.4375 189.267 5.28344
13.4444 189.231 5.32738
13.4514 189.175 5.37133
13.4583 189.1 5.41528
13.4653 189.007 5.45922
13.4722 188.898 5.50317
13.4792 188.772 5.54711
13.4861 188.631 5.59106
13.4931 188.475 5.635
13.5 188.307 5.67895
13.5069 188.126 5.7229
13.5139 187.934 5.76684
13.5208 187.733 5.81079
13.5278 187.523 5.85473
13.5347 187.305 5.89868
13.5417 187.081 5.94262
13.5486 186.853 5.98657
13.5556 186.621 6.03052
13.5625 186.386 6.07446
13.5694 186.15 6.11841
13.5764 185.914 6.16235
13.5833 185.679 6.2063
13.5903 185.446 6.25024
13.5972 185.217 6.29419
13.6042 184.992 6.33814
13.6111 184.772 6.38208
13.6181 184.558 6.42603
13.625 184.352 6.46997
13.6319 184.153 6.51392
13.6389 183.963 6.55786
13.6458 183.782 6.60181
13.6528 183.611 6.64576
13.6597 183.449 6.6897
13.6667 183.299 6.73365
13.6736 183.159 6.77759
13.6806 183.03 6.82154
13.6875 182.912 6.86549
13.6944 182.805 6.90943
13.7014 182.709 6.95338
13.7083 182.624 6.99732
13.7153 182.549 7.04127
13.7222 182.485 7.08521
13.7292 182.431 7.12916
13.7361 182.386 7.17311
13.7431 182.35 7.21705
13.75 182.322 7.261
13.7569 182.302 7.30494
13.7639 182.289 7.34889
13.7708 182.283 7.39283
13.7778 182.282 7.43678
13.7847 182.286 7.48073
13.7917 182.294 7.52467
13.7986 182.306 7.56862
13.8056 182.32 7.61256
13.8125 182.336 7.65651
13.8194 182.354 7.70045
13.8264 182.371 7.7444
13.8333 182.389 7.78835
13.8403 182.405 7.83229
13.8472 182.42 7.87624
13.8542 182.432 7.92018
13.8611 182.443 7.96413
13.8681 182.45 8.00807
13.875 182.453 8.05202
13.8819 182.454 8.09597
13.8889 182.45 8.13991
13.8958 182.442 8.18386
13.9028 182.431 8.2278
13.9097 182.415 8.27175
13.9167 182.395 8.3157
13.9236 182.372 8.35964
13.9306 182.346 8.40359
13.9375 182.317 8.44753
13.9444 182.285 8.49148
13.9514 182.251 8.53542
13.9583 182.216 8.57937
13.9653 182.181 8.62332
13.9722 182.146 8.66726
13.9792 182.112 8.71121
13.9861 182.081 8.75515
13.9931 182.052 8.7991
14 182.028 8.84304
14.0069 182.008 8.88699
14.0139 181.995 8.93094
14.0208 181.989 8.97488
14.0278 181.992 9.01883
14.0347 182.004 9.06277
14.0417 182.026 9.10672
14.0486 182.06 9.15066
14.0556 182.107 9.19461
14.0625 182.167 9.10962
14.0694 182.242 9.02451
14.0764 182.333 8.9394
14.0833 182.439 8.85429
14.0903 182.562 8.76918
14.0972 182.703 8.68407
14.1042 182.862 8.59896
14.1111 183.039 8.51385
14.1181 183.235 8.42874
14.125 183.449 8.34363
14.1319 183.682 8.25852
14.1389 183.934 8.17341
14.1458 184.205 8.0883
14.1528 184.493 8.00319
14.1597 184.799 7.91808
14.1667 185.123 7.83297
14.1736 185.463 7.74786
14.1806 185.818 7.66275
14.1875 186.188 7.57764
14.1944 186.571 7.49253
14.2014 186.967 7.40742
14.2083 187.375 7.32231
14.2153 187.792 7.2372
14.2222 188.217 7.15209
14.2292 188.65 7.06698
14.2361 189.088 6.98187
14.2431 189.53 6.89676
14.25 189.974 6.81165
14.2569 190.419 6.72654
14.2639 190.864 6.64143
14.2708 191.305 6.55632
14.2778 191.743 6.47121
14.2847 192.174 6.3861
14.2917 192.599 6.30099
14.2986 193.014 6.21588
14.3056 193.419 6.13077
14.3125 193.811 6.04566
14.3194 194.19 5.96055
14.3264 194.555 5.87544
14.3333 194.903 5.79033
14.3403 195.234 5.70522
14.3472 195.547 5.62011
14.3542 195.84 5.535
14.3611 196.112 5.44989
14.3681 196.364 5.36478
14.375 196.593 5.27967
14.3819 196.8 5.19456
14.3889 196.984 5.10945
14.3958 197.144 5.02434
14.4028 197.28 4.93923
14.4097 197.392 4.85412
14.4167 197.48 4.76901
14.4236 197.543 4.92422
14.4306 197.583 5.09658
14.4375 197.599 5.26894
14.4444 197.591 5.4413
14.4514 197.561 5.61366
14.4583 197.508 5.78602
14.4653 197.433 5.95838
14.4722 197.337 6.13073
14.4792 197.221 6.30309
14.4861 197.086 6.47545
14.4931 196.932 6.64781
14.5 196.761 6.82017
14.5069 196.574 6.99253
14.5139 196.372 7.16488
14.5208 196.157 7.33724
14.5278 195.929 7.5096
14.5347 195.69 7.68196
14.5417 195.441 7.85432
14.5486 195.183 8.02668
14.5556 194.919 8.19904
14.5625 194.649 8.37139
14.5694 194.375 8.54375
14.5764 194.098 8.71611
14.5833 193.82 8.88847
14.5903 193.541 9.06083
14.5972 193.264 9.23319
14.6042 192.989 9.40554
14.6111 192.717 9.5779
14.6181 192.451 9.75026
14.625 192.19 9.92262
14.6319 191.936 10.095
14.6389 191.69 10.2673
14.6458 191.452 10.4397
14.6528 191.224 10.6121
14.6597 191.006 10.7844
14.6667 190.799 10.9568
14.6736 190.603 11.1291
14.6806 190.419 11.3015
14.6875 190.247 11.4738
