time error errTLE
0 0 0
0.00694444 0.0418364 0.00385908
0.0138889 0.0836731 0.00771815
0.0208333 0.125431 0.0115772
0.0277778 0.16703 0.0154363
0.0347222 0.208396 0.0192954
0.0416667 0.249458 0.0231545
0.0486111 0.29015 0.0270135
0.0555556 0.330416 0.0308726
0.0625 0.370211 0.0347317
0.0694444 0.409499 0.0385908
0.0763889 0.448258 0.0424498
0.0833333 0.486483 0.0463089
0.0902778 0.524183 0.050168
0.0972222 0.56139 0.0540271
0.104167 0.598153 0.0578861
0.111111 0.634546 0.0617452
0.118056 0.670666 0.0656043
0.125 0.706636 0.0694634
0.131944 0.742602 0.0733224
0.138889 0.778742 0.0771815
0.145833 0.815258 0.0810406
0.152778 0.852377 0.0848997
0.159722 0.890352 0.0887587
0.166667 0.929459 0.0926178
0.173611 0.969993 0.0964769
0.180556 1.01226 0.100336
0.1875 1.0566 0.104195
0.194444 1.10332 0.108054
0.201389 1.15276 0.111913
0.208333 1.20524 0.115772
0.215278 1.26109 0.119631
0.222222 1.32059 0.12349
0.229167 1.38403 0.12735
0.236111 1.45166 0.131209
0.243056 1.52372 0.135068
0.25 1.6004 0.138927
0.256944 1.68187 0.142786
0.263889 1.76828 0.146645
0.270833 1.85974 0.150504
0.277778 1.95632 0.154363
0.284722 2.05809 0.158222
0.291667 2.16508 0.162081
0.298611 2.27727 0.16594
0.305556 2.39467 0.169799
0.3125 2.51722 0.173658
0.319444 2.64488 0.177517
0.326389 2.77756 0.181377
0.333333 2.91516 0.185236
0.340278 3.0576 0.189095
0.347222 3.20473 0.192954
0.354167 3.35643 0.196813
0.361111 3.51256 0.200672
0.368056 3.67295 0.204531
0.375 3.83745 0.20839
0.381944 4.00587 0.212249
0.388889 4.17802 0.216108
0.395833 4.35373 0.219967
0.402778 4.53279 0.223826
0.409722 4.71498 0.227685
0.416667 4.90011 0.231545
0.423611 5.08795 0.235404
0.430556 5.27828 0.239263
0.4375 5.47087 0.243122
0.444444 5.66549 0.246981
0.451389 5.86191 0.25084
0.458333 6.05988 0.254699
0.465278 6.25916 0.258558
0.472222 6.45952 0.262417
0.479167 6.6607 0.266276
0.486111 6.86247 0.270135
0.493056 7.06458 0.273994
0.5 7.26678 0.277853
0.506944 7.46883 0.281569
0.513889 7.67049 0.285216
0.520833 7.8715 0.288863
0.527778 8.07164 0.29251
0.534722 8.27067 0.296156
0.541667 8.46835 0.299803
0.548611 8.66446 0.30345
0.555556 8.85876 0.307097
0.5625 9.05103 0.310744
0.569444 9.24107 0.314391
0.576389 9.42864 0.318038
0.583333 9.61356 0.321685
0.590278 9.79562 0.325332
0.597222 9.97462 0.328979
0.604167 10.1504 0.332626
0.611111 10.3227 0.336273
0.618056 10.4914 0.33992
0.625 10.6564 0.343567
0.631944 10.8175 0.347214
0.638889 10.9745 0.350861
0.645833 11.1272 0.354508
0.652778 11.2757 0.358155
0.659722 11.4196 0.361802
0.666667 11.559 0.365449
0.673611 11.6937 0.369096
0.680556 11.8236 0.372742
0.6875 11.9486 0.376389
0.694444 12.0686 0.380036
0.701389 12.1836 0.383683
0.708333 12.2935 0.38733
0.715278 12.3982 0.390977
0.722222 12.4978 0.394624
0.729167 12.5921 0.398271
0.736111 12.6812 0.401918
0.743056 12.7649 0.405565
0.75 12.8434 0.409212
0.756944 12.9166 0.412859
0.763889 12.9845 0.416506
0.770833 13.0472 0.420153
0.777778 13.1046 0.4238
0.784722 13.1568 0.427447
0.791667 13.2039 0.431094
0.798611 13.2459 0.434741
0.805556 13.2828 0.438388
0.8125 13.3147 0.442035
0.819444 13.3418 0.445682
0.826389 13.364 0.449328
0.833333 13.3815 0.452975
0.840278 13.3944 0.456622
0.847222 13.4028 0.460269
0.854167 13.4067 0.463916
0.861111 13.4064 0.467563
0.868056 13.4019 0.47121
0.875 13.3935 0.474857
0.881944 13.3811 0.478504
0.888889 13.365 0.482151
0.895833 13.3454 0.485798
0.902778 13.3224 0.489445
0.909722 13.2961 0.493092
0.916667 13.2668 0.496739
0.923611 13.2347 0.500386
0.930556 13.1999 0.504033
0.9375 13.1626 0.50768
0.944444 13.123 0.511327
0.951389 13.0814 0.514974
0.958333 13.0379 0.518621
0.965278 12.9928 0.522268
0.972222 12.9464 0.525914
0.979167 12.8987 0.529561
0.986111 12.8502 0.533208
0.993056 12.8009 0.536855
1 12.7512 0.540502
1.00694 12.7014 0.544261
1.01389 12.6516 0.548906
1.02083 12.6022 0.553551
1.02778 12.5533 0.558196
1.03472 12.5054 0.562842
1.04167 12.4586 0.567487
1.04861 12.4132 0.572132
1.05556 12.3695 0.576777
1.0625 12.3277 0.581422
1.06944 12.2882 0.586068
1.07639 12.2512 0.590713
1.08333 12.217 0.595358
1.09028 12.1859 0.600003
1.09722 12.158 0.604648
1.10417 12.1338 0.609294
1.11111 12.1134 0.613939
1.11806 12.0971 0.618584
1.125 12.0852 0.623229
1.13194 12.0778 0.627874
1.13889 12.0752 0.63252
1.14583 12.0777 0.637165
1.15278 12.0854 0.64181
1.15972 12.0985 0.646455
1.16667 12.1173 0.6511
1.17361 12.1417 0.655746
1.18056 12.1722 0.660391
1.1875 12.2086 0.665036
1.19444 12.2512 0.669681
1.20139 12.3001 0.674326
1.20833 12.3554 0.678972
1.21528 12.417 0.683617
1.22222 12.4851 0.688262
1.22917 12.5597 0.692907
1.23611 12.6408 0.697552
1.24306 12.7283 0.702198
1.25 12.8223 0.706843
1.25694 12.9228 0.711488
1.26389 13.0295 0.716133
1.27083 13.1426 0.720778
1.27778 13.2618 0.725424
1.28472 13.3871 0.730069
1.29167 13.5184 0.734714
1.29861 13.6555 0.739359
1.30556 13.7982 0.744004
1.3125 13.9465 0.74865
1.31944 14.1 0.753295
1.32639 14.2588 0.75794
1.33333 14.4225 0.762585
1.34028 14.591 0.76723
1.34722 14.764 0.771876
1.35417 14.9413 0.776521
1.36111 15.1228 0.781166
1.36806 15.3082 0.785811
1.375 15.4973 0.790456
1.38194 15.6897 0.795102
1.38889 15.8854 0.799747
1.39583 16.084 0.804392
1.40278 16.2853 0.809037
1.40972 16.489 0.813682
1.41667 16.695 0.818327
1.42361 16.9028 0.822973
1.43056 17.1124 0.827618
1.4375 17.3234 0.832094
1.44444 17.5356 0.836311
1.45139 17.7488 0.840528
1.45833 17.9626 0.844745
1.46528 18.1769 0.848962
1.47222 18.3913 0.853179
1.47917 18.6057 0.857396
1.48611 18.8198 0.861613
1.49306 19.0333 0.86583
1.5 19.246 0.870047
1.50694 19.4577 0.874264
1.51389 19.6681 0.878481
1.52083 19.8771 0.882698
1.52778 20.0843 0.886915
1.53472 20.2896 0.891132
1.54167 20.4927 0.895349
1.54861 20.6935 0.899566
1.55556 20.8917 0.903783
1.5625 21.0872 0.908
1.56944 21.2797 0.912217
1.57639 21.469 0.916434
1.58333 21.655 0.920651
1.59028 21.8376 0.924868
1.59722 22.0164 0.929085
1.60417 22.1914 0.933302
1.61111 22.3624 0.937519
1.61806 22.5293 0.941736
1.625 22.6919 0.945953
1.63194 22.8501 0.95017
1.63889 23.0038 0.954387
1.64583 23.1528 0.958604
1.65278 23.297 0.962822
1.65972 23.4364 0.967039
1.66667 23.5708 0.971256
1.67361 23.7002 0.975473
1.68056 23.8245 0.97969
1.6875 23.9435 0.983907
1.69444 24.0573 0.988124
1.70139 24.1659 0.992341
1.70833 24.269 0.996558
1.71528 24.3668 1.00077
1.72222 24.4592 1.00499
1.72917 24.5461 1.00921
1.73611 24.6275 1.01343
1.74306 24.7036 1.01764
1.75 24.7741 1.02186
1.75694 24.8393 1.02608
1.76389 24.899 1.03029
1.77083 24.9533 1.03451
1.77778 25.0023 1.03873
1.78472 25.0459 1.04294
1.79167 25.0843 1.04716
1.79861 25.1175 1.05138
1.80556 25.1455 1.0556
1.8125 25.1685 1.05981
1.81944 25.1865 1.06403
1.82639 25.1997 1.06825
1.83333 25.208 1.07246
1.84028 25.2116 1.07668
1.84722 25.2107 1.0809
1.85417 25.2053 1.08511
1.86111 25.1956 1.08933
1.86806 25.1817 1.09355
1.875 25.1638 1.09777
1.88194 25.1419 1.10198
1.88889 25.1163 1.1062
1.89583 25.0871 1.11042
1.90278 25.0546 1.11463
1.90972 25.0187 1.11885
1.91667 24.9799 1.12307
1.92361 24.9381 1.12723
1.93056 24.8938 1.12835
1.9375 24.8469 1.12947
1.94444 24.7979 1.13059
1.95139 24.7468 1.13171
1.95833 24.6939 1.13283
1.96528 24.6394 1.13395
1.97222 24.5836 1.13508
1.97917 24.5267 1.1362
1.98611 24.469 1.13732
1.99306 24.4107 1.13844
2 24.352 1.13956
2.00694 24.2933 1.14068
2.01389 24.2347 1.1418
2.02083 24.1766 1.14292
2.02778 24.1193 1.14404
2.03472 24.0629 1.14516
2.04167 24.0078 1.14628
2.04861 23.9543 1.1474
2.05556 23.9025 1.14852
2.0625 23.8529 1.14964
2.06944 23.8057 1.15077
2.07639 23.7612 1.15189
2.08333 23.7195 1.15301
2.09028 23.6811 1.15413
2.09722 23.6461 1.15525
2.10417 23.6149 1.15637
2.11111 23.5876 1.15749
2.11806 23.5646 1.15861
2.125 23.546 1.15973
2.13194 23.5322 1.16085
2.13889 23.5232 1.16197
2.14583 23.5194 1.16309
2.15278 23.521 1.16421
2.15972 23.528 1.16533
2.16667 23.5408 1.16646
2.17361 23.5594 1.16758
2.18056 23.5841 1.1687
2.1875 23.6149 1.16982
2.19444 23.6519 1.17094
2.20139 23.6954 1.17206
2.20833 23.7452 1.17318
2.21528 23.8016 1.1743
2.22222 23.8646 1.17542
2.22917 23.9342 1.17654
2.23611 24.0103 1.17766
2.24306 24.0931 1.17878
2.25 24.1825 1.1799
2.25694 24.2784 1.18102
2.26389 24.3808 1.18215
2.27083 24.4897 1.18327
2.27778 24.6049 1.18439
2.28472 24.7263 1.18551
2.29167 24.8539 1.18663
2.29861 24.9874 1.18775
2.30556 25.1268 1.18887
2.3125 25.2718 1.18999
2.31944 25.4223 1.19111
2.32639 25.5782 1.19223
2.33333 25.7392 1.19335
2.34028 25.905 1.19447
2.34722 26.0756 1.19559
2.35417 26.2506 1.19672
2.36111 26.4299 1.19784
2.36806 26.6132 1.19896
2.375 26.8002 1.20008
2.38194 26.9906 1.2012
2.38889 27.1844 1.20232
2.39583 27.381 1.20344
2.40278 27.5804 1.20456
2.40972 27.7823 1.20568
2.41667 27.9863 1.2068
2.42361 28.1921 1.20792
2.43056 28.3996 1.20904
2.4375 28.6085 1.21016
2.44444 28.8184 1.21128
2.45139 29.0292 1.21241
2.45833 29.2405 1.21353
2.46528 29.452 1.21465
2.47222 29.6636 1.21577
2.47917 29.8749 1.21689
2.48611 30.0856 1.21801
2.49306 30.2957 1.21913
2.5 30.5047 1.22025
2.50694 30.7124 1.22137
2.51389 30.9186 1.22249
2.52083 31.1231 1.22361
2.52778 31.3256 1.22473
2.53472 31.5259 1.22585
2.54167 31.7238 1.22697
2.54861 31.9191 1.2281
2.55556 32.1115 1.22922
2.5625 32.3009 1.23034
2.56944 32.4871 1.23146
2.57639 32.6699 1.23258
2.58333 32.849 1.2337
2.59028 33.0245 1.23482
2.59722 33.1959 1.23594
2.60417 33.3633 1.23706
2.61111 33.5265 1.23818
2.61806 33.6853 1.2393
2.625 33.8395 1.24042
2.63194 33.9892 1.24154
2.63889 34.134 1.24267
2.64583 34.274 1.24379
2.65278 34.4091 1.24491
2.65972 34.5391 1.24603
2.66667 34.6639 1.24715
2.67361 34.7835 1.24827
2.68056 34.8979 1.24939
2.6875 35.0068 1.25051
2.69444 35.1104 1.25163
2.70139 35.2085 1.25275
2.70833 35.3011 1.25387
2.71528 35.3881 1.25499
2.72222 35.4696 1.25611
2.72917 35.5456 1.25723
2.73611 35.616 1.25836
2.74306 35.6808 1.25948
2.75 35.74 1.2606
2.75694 35.7937 1.26172
2.76389 35.8419 1.26284
2.77083 35.8846 1.26396
2.77778 35.9219 1.26508
2.78472 35.9537 1.2662
2.79167 35.9802 1.26732
2.79861 36.0015 1.26844
2.80556 36.0175 1.26956
2.8125 36.0284 1.27068
2.81944 36.0343 1.2718
2.82639 36.0352 1.27292
2.83333 36.0313 1.27405
2.84028 36.0226 1.27517
2.84722 36.0094 1.27629
2.85417 35.9916 1.27741
2.86111 35.9695 1.27853
2.86806 35.9432 1.27965
2.875 35.9128 1.28077
2.88194 35.8785 1.28189
2.88889 35.8405 1.28301
2.89583 35.7989 1.28413
2.90278 35.754 1.28525
2.90972 35.7058 1.28637
2.91667 35.6546 1.28749
2.92361 35.6006 1.28861
2.93056 35.5441 1.28974
2.9375 35.4851 1.29086
2.94444 35.424 1.29198
2.95139 35.361 1.2931
2.95833 35.2963 1.29422
2.96528 35.2301 1.29534
2.97222 35.1627 1.29646
2.97917 35.0945 1.29758
2.98611 35.0255 1.2987
2.99306 34.9561 1.29982
3 34.8865 1.30094
3.00694 34.8171 1.30206
3.01389 34.7481 1.32567
3.02083 34.6798 1.35662
3.02778 34.6124 1.38757
3.03472 34.5463 1.41852
3.04167 34.4817 1.44947
3.04861 34.4189 1.48041
3.05556 34.3582 1.51136
3.0625 34.2999 1.54231
3.06944 34.2443 1.57326
3.07639 34.1917 1.60421
3.08333 34.1423 1.63516
3.09028 34.0964 1.66611
3.09722 34.0543 1.69706
3.10417 34.0162 1.728
3.11111 33.9824 1.75895
3.11806 33.9531 1.7899
3.125 33.9287 1.82085
3.13194 33.9092 1.8518
3.13889 33.895 1.88275
3.14583 33.8862 1.9137
3.15278 33.883 1.94465
3.15972 33.8857 1.97559
3.16667 33.8944 2.00654
3.17361 33.9091 2.03749
3.18056 33.9302 2.06844
3.1875 33.9577 2.09939
3.19444 33.9917 2.13034
3.20139 34.0323 2.16129
3.20833 34.0796 2.19223
3.21528 34.1336 2.22318
3.22222 34.1944 2.25413
3.22917 34.2619 2.28508
3.23611 34.3363 2.31603
3.24306 34.4175 2.34698
3.25 34.5054 2.37793
3.25694 34.6 2.40888
3.26389 34.7013 2.43982
3.27083 34.8091 2.47077
3.27778 34.9234 2.50172
3.28472 35.044 2.53267
3.29167 35.1708 2.56362
3.29861 35.3037 2.59457
3.30556 35.4425 2.62552
3.3125 35.587 2.65647
3.31944 35.7371 2.68741
3.32639 35.8925 2.71836
3.33333 36.0531 2.74931
3.34028 36.2185 2.78026
3.34722 36.3887 2.81121
3.35417 36.5633 2.84216
3.36111 36.7422 2.87311
3.36806 36.9249 2.90406
3.375 37.1114 2.935
3.38194 37.3013 2.96595
3.38889 37.4944 2.9969
3.39583 37.6903 3.02785
3.40278 37.8889 3.0588
3.40972 38.0898 3.08975
3.41667 38.2928 3.1207
3.42361 38.4975 3.15164
3.43056 38.7037 3.18259
3.4375 38.9111 3.21354
3.44444 39.1195 3.24449
3.45139 39.3285 3.27544
3.45833 39.5378 3.30639
3.46528 39.7473 3.33734
3.47222 39.9566 3.36829
3.47917 40.1654 3.39923
3.48611 40.3735 3.43018
3.49306 40.5807 3.46113
3.5 40.7866 3.49208
3.50694 40.991 3.52303
3.51389 41.1938 3.55398
3.52083 41.3945 3.58493
3.52778 41.5931 3.58527
3.53472 41.7893 3.56625
3.54167 41.9828 3.54723
3.54861 42.1734 3.52822
3.55556 42.361 3.5092
3.5625 42.5453 3.49018
3.56944 42.7262 3.47116
3.57639 42.9034 3.45215
3.58333 43.0768 3.43313
3.59028 43.2461 3.41411
3.59722 43.4113 3.39509
3.60417 43.5722 3.37608
3.61111 43.7287 3.35706
3.61806 43.8805 3.33804
3.625 44.0275 3.31903
3.63194 44.1697 3.30001
3.63889 44.3069 3.28099
3.64583 44.439 3.26197
3.65278 44.5659 3.24296
3.65972 44.6876 3.22394
3.66667 44.8038 3.20492
3.67361 44.9146 3.1859
3.68056 45.0198 3.16689
3.6875 45.1195 3.14787
3.69444 45.2135 3.12885
3.70139 45.3019 3.10984
3.70833 45.3845 3.09082
3.71528 45.4614 3.0718
3.72222 45.5325 3.05278
3.72917 45.5978 3.03377
3.73611 45.6573 3.01475
3.74306 45.711 2.99573
3.75 45.7589 2.97671
3.75694 45.8011 2.9577
3.76389 45.8376 2.93868
3.77083 45.8683 2.91966
3.77778 45.8934 2.90065
3.78472 45.9129 2.88163
3.79167 45.9269 2.86261
3.79861 45.9353 2.84359
3.80556 45.9384 2.82458
3.8125 45.9362 2.80556
3.81944 45.9288 2.78654
3.82639 45.9162 2.76752
3.83333 45.8987 2.74851
3.84028 45.8763 2.72949
3.84722 45.8491 2.71047
3.85417 45.8173 2.69146
3.86111 45.781 2.67244
3.86806 45.7405 2.65342
3.875 45.6957 2.6344
3.88194 45.647 2.61539
3.88889 45.5945 2.59637
3.89583 45.5383 2.57735
3.90278 45.4788 2.55833
3.90972 45.416 2.53932
3.91667 45.3502 2.5203
3.92361 45.2816 2.50128
3.93056 45.2105 2.48226
3.9375 45.137 2.46325
3.94444 45.0615 2.44423
3.95139 44.9842 2.42521
3.95833 44.9052 2.4062
3.96528 44.825 2.38718
3.97222 44.7437 2.36816
3.97917 44.6616 2.35875
3.98611 44.5791 2.37055
3.99306 44.4964 2.38235
4 44.4137 2.39414
4.00694 44.3314 2.40594
4.01389 44.2498 2.41774
4.02083 44.1692 2.42953
4.02778 44.0898 2.44133
4.03472 44.012 2.45313
4.04167 43.9361 2.46492
4.04861 43.8624 2.47672
4.05556 43.7911 2.48852
4.0625 43.7226 2.50031
4.06944 43.6572 2.51211
4.07639 43.5952 2.52391
4.08333 43.5367 2.5357
4.09028 43.4822 2.5475
4.09722 43.4319 2.5593
4.10417 43.3861 2.57109
4.11111 43.345 2.58289
4.11806 43.3088 2.59469
4.125 43.2778 2.60648
4.13194 43.2523 2.61828
4.13889 43.2324 2.63007
4.14583 43.2184 2.64187
4.15278 43.2104 2.65367
4.15972 43.2086 2.66546
4.16667 43.2132 2.67726
4.17361 43.2243 2.68906
4.18056 43.2421 2.70085
4.1875 43.2665 2.71265
4.19444 43.2979 2.72445
4.20139 43.3361 2.73624
4.20833 43.3813 2.74804
4.21528 43.4336 2.75984
4.22222 43.4928 2.77163
4.22917 43.5591 2.78343
4.23611 43.6325 2.79523
4.24306 43.7128 2.80702
4.25 43.8001 2.81882
4.25694 43.8943 2.83062
4.26389 43.9952 2.84241
4.27083 44.1029 2.85421
4.27778 44.2171 2.86601
4.28472 44.3378 2.8778
4.29167 44.4648 2.8896
4.29861 44.5979 2.9014
4.30556 44.7369 2.91319
4.3125 44.8818 2.92499
4.31944 45.0322 2.93679
4.32639 45.188 2.94858
4.33333 45.3489 2.96038
4.34028 45.5147 2.97218
4.34722 45.6852 2.98397
4.35417 45.8602 2.99577
4.36111 46.0392 3.00757
4.36806 46.2222 3.01936
4.375 46.4088 3.03116
4.38194 46.5988 3.04296
4.38889 46.7919 3.05475
4.39583 46.9877 3.06655
4.40278 47.1861 3.07834
4.40972 47.3867 3.09014
4.41667 47.5893 3.10194
4.42361 47.7935 3.11373
4.43056 47.9991 3.12553
4.4375 48.2058 3.13733
4.44444 48.4133 3.14912
4.45139 48.6213 3.16092
4.45833 48.8295 3.17272
4.46528 49.0378 3.18451
4.47222 49.2457 3.19631
4.47917 49.453 3.20811
4.48611 49.6595 3.2199
4.49306 49.8648 3.2317
4.5 50.0688 3.2435
4.50694 50.2712 3.25529
4.51389 50.4716 3.26709
4.52083 50.67 3.27889
4.52778 50.866 3.29068
4.53472 51.0595 3.30248
4.54167 51.2501 3.31428
4.54861 51.4377 3.32607
4.55556 51.6221 3.33787
4.5625 51.803 3.34967
4.56944 51.9803 3.36146
4.57639 52.1538 3.37326
4.58333 52.3232 3.38506
4.59028 52.4885 3.39685
4.59722 52.6494 3.40865
4.60417 52.8057 3.42045
4.61111 52.9574 3.43224
4.61806 53.1043 3.44404
4.625 53.2462 3.45584
4.63194 53.383 3.46763
4.63889 53.5146 3.47943
4.64583 53.6408 3.49123
4.65278 53.7616 3.50302
4.65972 53.8769 3.51482
4.66667 53.9865 3.52661
4.67361 54.0904 3.53841
4.68056 54.1885 3.55021
4.6875 54.2807 3.562
4.69444 54.367 3.5738
4.70139 54.4473 3.5856
4.70833 54.5216 3.59739
4.71528 54.5898 3.60919
4.72222 54.6519 3.62099
4.72917 54.7079 3.63278
4.73611 54.7579 3.64458
4.74306 54.8016 3.65638
4.75 54.8393 3.66817
4.75694 54.8709 3.67997
4.76389 54.8964 3.69177
4.77083 54.9159 3.70356
4.77778 54.9294 3.71536
4.78472 54.937 3.72716
4.79167 54.9387 3.73895
4.79861 54.9346 3.75075
4.80556 54.9248 3.76255
4.8125 54.9094 3.77434
4.81944 54.8884 3.78614
4.82639 54.8621 3.79794
4.83333 54.8304 3.80973
4.84028 54.7936 3.82153
4.84722 54.7517 3.83333
4.85417 54.705 3.84512
4.86111 54.6536 3.85692
4.86806 54.5977 3.86872
4.875 54.5374 3.88051
4.88194 54.4729 3.89231
4.88889 54.4044 3.90411
4.89583 54.3322 3.9159
4.90278 54.2564 3.9277
4.90972 54.1774 3.9395
4.91667 54.0952 3.95129
4.92361 54.0102 3.96309
4.93056 53.9226 3.97488
4.9375 53.8327 3.98668
4.94444 53.7408 3.99848
4.95139 53.6471 4.00927
4.95833 53.5518 4.01206
4.96528 53.4554 4.01485
4.97222 53.3581 4.01764
4.97917 53.2602 4.02043
4.98611 53.162 4.02323
4.99306 53.0638 4.02602
5 52.9659 4.02881
5.00694 52.8687 4.0316
5.01389 52.7725 4.03439
5.02083 52.6775 4.03719
5.02778 52.5842 4.03998
5.03472 52.4928 4.04277
5.04167 52.4037 4.04556
5.04861 52.3172 4.04836
5.05556 52.2335 4.05115
5.0625 52.1531 4.05394
5.06944 52.0762 4.05673
5.07639 52.0031 4.05952
5.08333 51.9342 4.06232
5.09028 51.8696 4.06511
5.09722 51.8097 4.0679
5.10417 51.7548 4.07069
5.11111 51.7051 4.07349
5.11806 51.6609 4.07628
5.125 51.6224 4.07907
5.13194 51.5898 4.08186
5.13889 51.5633 4.08465
5.14583 51.5432 4.08745
5.15278 51.5295 4.09024
5.15972 51.5225 4.09303
5.16667 51.5224 4.09582
5.17361 51.5291 4.09861
5.18056 51.543 4.10141
5.1875 51.5639 4.1042
5.19444 51.5921 4.10699
5.20139 51.6275 4.10978
5.20833 51.6703 4.11258
5.21528 51.7204 4.11537
5.22222 51.7778 4.11816
5.22917 51.8425 4.12095
5.23611 51.9145 4.12374
5.24306 51.9938 4.12654
5.25 52.0802 4.12933
5.25694 52.1736 4.13212
5.26389 52.274 4.13491
5.27083 52.3812 4.1377
5.27778 52.4952 4.1405
5.28472 52.6157 4.14329
5.29167 52.7425 4.14608
5.29861 52.8756 4.14887
5.30556 53.0147 4.15167
5.3125 53.1596 4.15446
5.31944 53.3101 4.15725
5.32639 53.466 4.16004
5.33333 53.627 4.16283
5.34028 53.7929 4.16563
5.34722 53.9635 4.16842
5.35417 54.1384 4.17121
5.36111 54.3175 4.174
5.36806 54.5004 4.1768
5.375 54.687 4.17959
5.38194 54.8768 4.18238
5.38889 55.0696 4.18517
5.39583 55.2652 4.18796
5.40278 55.4633 4.19076
5.40972 55.6635 4.19355
5.41667 55.8656 4.19634
5.42361 56.0694 4.19913
5.43056 56.2744 4.20192
5.4375 56.4805 4.20472
5.44444 56.6873 4.20751
5.45139 56.8945 4.2103
5.45833 57.102 4.22323
5.46528 57.3093 4.23635
5.47222 57.5163 4.24948
5.47917 57.7227 4.26261
5.48611 57.9282 4.27573
5.49306 58.1325 4.28886
5.5 58.3353 4.30199
5.50694 58.5365 4.31512
5.51389 58.7358 4.32824
5.52083 58.9329 4.34137
5.52778 59.1276 4.3545
5.53472 59.3196 4.36762
5.54167 59.5088 4.38075
5.54861 59.6949 4.39388
5.55556 59.8776 4.40701
5.5625 60.0568 4.42013
5.56944 60.2323 4.43326
5.57639 60.4039 4.44639
5.58333 60.5714 4.45951
5.59028 60.7345 4.47264
5.59722 60.8931 4.48577
5.60417 61.0471 4.49889
5.61111 61.1963 4.51202
5.61806 61.3404 4.52515
5.625 61.4794 4.53828
5.63194 61.6131 4.5514
5.63889 61.7414 4.56453
5.64583 61.8641 4.57766
5.65278 61.9812 4.59078
5.65972 62.0924 4.60391
5.66667 62.1977 4.61704
5.67361 62.297 4.63017
5.68056 62.3902 4.64329
5.6875 62.4773 4.65642
5.69444 62.558 4.66955
5.70139 62.6324 4.68267
5.70833 62.7005 4.6958
5.71528 62.7621 4.70893
5.72222 62.8172 4.72205
5.72917 62.8658 4.73518
5.73611 62.9079 4.74831
5.74306 62.9435 4.76144
5.75 62.9725 4.77456
5.75694 62.995 4.78769
5.76389 63.0109 4.80082
5.77083 63.0204 4.81394
5.77778 63.0235 4.82707
5.78472 63.0201 4.8402
5.79167 63.0104 4.85333
5.79861 62.9945 4.86645
5.80556 62.9724 4.87958
5.8125 62.9443 4.89271
5.81944 62.9102 4.90583
5.82639 62.8702 4.91896
5.83333 62.8245 4.93209
5.84028 62.7733 4.94521
5.84722 62.7166 4.95834
5.85417 62.6547 4.97147
5.86111 62.5877 4.9846
5.86806 62.5158 4.99772
5.875 62.4393 5.01085
5.88194 62.3583 5.02398
5.88889 62.273 5.0371
5.89583 62.1838 5.05023
5.90278 62.0907 5.06336
5.90972 61.9942 5.07649
5.91667 61.8944 5.08961
5.92361 61.7917 5.10274
5.93056 61.6862 5.11587
5.9375 61.5784 5.12899
5.94444 61.4686 5.14212
5.95139 61.3569 5.15525
5.95833 61.2438 5.16403
5.96528 61.1296 5.16325
5.97222 61.0146 5.16247
5.97917 60.8991 5.16168
5.98611 60.7835 5.1609
5.99306 60.6681 5.16012
6 60.5533 5.15933
6.00694 60.4395 5.15855
6.01389 60.3269 5.15777
6.02083 60.216 5.15698
6.02778 60.1071 5.1562
6.03472 60.0004 5.15541
6.04167 59.8965 5.15463
6.04861 59.7956 5.15385
6.05556 59.6981 5.15306
6.0625 59.6042 5.15228
6.06944 59.5144 5.1515
6.07639 59.4289 5.15071
6.08333 59.3481 5.14993
6.09028 59.2722 5.14915
6.09722 59.2015 5.14836
6.10417 59.1363 5.14758
6.11111 59.0769 5.1468
6.11806 59.0235 5.14601
6.125 58.9763 5.14523
6.13194 58.9356 5.14444
6.13889 58.9015 5.14366
6.14583 58.8743 5.14288
6.15278 58.8541 5.14209
6.15972 58.841 5.14131
6.16667 58.8352 5.14053
6.17361 58.8368 5.13974
6.18056 58.8459 5.13896
6.1875 58.8625 5.13818
6.19444 58.8867 5.13739
6.20139 58.9186 5.13661
6.20833 58.9581 5.13583
6.21528 59.0052 5.13504
6.22222 59.06 5.13426
6.22917 59.1223 5.13348
6.23611 59.1921 5.13269
6.24306 59.2694 5.13191
6.25 59.354 5.13112
6.25694 59.4458 5.13034
6.26389 59.5447 5.12956
6.27083 59.6506 5.12877
6.27778 59.7633 5.12799
6.28472 59.8826 5.12721
6.29167 60.0083 5.12642
6.29861 60.1403 5.12564
6.30556 60.2784 5.12486
6.3125 60.4222 5.12407
6.31944 60.5717 5.12329
6.32639 60.7265 5.12251
6.33333 60.8865 5.12172
6.34028 61.0513 5.12094
6.34722 61.2207 5.12015
6.35417 61.3945 5.11937
6.36111 61.5724 5.11859
6.36806 61.7542 5.1178
6.375 61.9394 5.11702
6.38194 62.128 5.11624
6.38889 62.3196 5.11545
6.39583 62.5138 5.11467
6.40278 62.7105 5.11389
6.40972 62.9094 5.1131
6.41667 63.1102 5.11232
6.42361 63.3126 5.11154
6.43056 63.5163 5.11075
6.4375 63.721 5.10997
6.44444 63.9265 5.10919
6.45139 64.1326 5.1084
6.45833 64.3388 5.11378
6.46528 64.545 5.12914
6.47222 64.7509 5.14449
6.47917 64.9562 5.15984
6.48611 65.1607 5.1752
6.49306 65.3641 5.19055
6.5 65.5661 5.2059
6.50694 65.7666 5.22126
6.51389 65.9652 5.23661
6.52083 66.1617 5.25196
6.52778 66.3558 5.26732
6.53472 66.5474 5.28267
6.54167 66.7362 5.29802
6.54861 66.9219 5.31338
6.55556 67.1043 5.32873
6.5625 67.2833 5.34409
6.56944 67.4586 5.35944
6.57639 67.6299 5.37479
6.58333 67.7972 5.39015
6.59028 67.9601 5.4055
6.59722 68.1185 5.42085
6.60417 68.2721 5.43621
6.61111 68.4209 5.45156
6.61806 68.5646 5.46691
6.625 68.703 5.48227
6.63194 68.836 5.49762
6.63889 68.9635 5.51297
6.64583 69.0851 5.52833
6.65278 69.2009 5.54368
6.65972 69.3106 5.55904
6.66667 69.4142 5.57439
6.67361 69.5115 5.58974
6.68056 69.6024 5.6051
6.6875 69.6867 5.62045
6.69444 69.7644 5.6358
6.70139 69.8354 5.65116
6.70833 69.8997 5.66651
6.71528 69.957 5.68186
6.72222 70.0074 5.69722
6.72917 70.0509 5.71257
6.73611 70.0873 5.72792
6.74306 70.1167 5.74328
6.75 70.139 5.75863
6.75694 70.1543 5.77399
6.76389 70.1624 5.78934
6.77083 70.1636 5.80469
6.77778 70.1577 5.82005
6.78472 70.1449 5.8354
6.79167 70.1251 5.85075
6.79861 70.0985 5.86611
6.80556 70.0652 5.88146
6.8125 70.0252 5.89681
6.81944 69.9787 5.91217
6.82639 69.9258 5.92752
6.83333 69.8666 5.94287
6.84028 69.8013 5.95823
6.84722 69.73 5.97358
6.85417 69.653 5.98894
6.86111 69.5704 6.00429
6.86806 69.4825 6.01964
6.875 69.3895 6.035
6.88194 69.2916 6.05035
6.88889 69.189 6.0657
6.89583 69.0821 6.08106
6.90278 68.9712 6.09641
6.90972 68.8564 6.11176
6.91667 68.7382 6.12712
6.92361 68.6167 6.14247
6.93056 68.4925 6.15782
6.9375 68.3657 6.17318
6.94444 68.2368 6.18853
6.95139 68.106 6.20388
6.95833 67.9738 6.21924
6.96528 67.8405 6.23459
6.97222 67.7066 6.24835
6.97917 67.5723 6.24512
6.98611 67.438 6.24189
6.99306 67.3042 6.23865
7 67.1712 6.23542
7.00694 67.0394 6.23219
7.01389 66.9093 6.22895
7.02083 66.7811 6.22572
7.02778 66.6553 6.22249
7.03472 66.5323 6.21926
7.04167 66.4124 6.21602
7.04861 66.296 6.21279
7.05556 66.1835 6.20956
7.0625 66.0752 6.20632
7.06944 65.9715 6.20309
7.07639 65.8726 6.19986
7.08333 65.779 6.19662
7.09028 65.6909 6.19339
7.09722 65.6086 6.19016
7.10417 65.5324 6.18693
7.11111 65.4625 6.18369
7.11806 65.3992 6.18046
7.125 65.3427 6.17723
7.13194 65.2933 6.17399
7.13889 65.251 6.17076
7.14583 65.2161 6.16753
7.15278 65.1888 6.1643
7.15972 65.169 6.16106
7.16667 65.157 6.15783
7.17361 65.1529 6.1546
7.18056 65.1566 6.15136
7.1875 65.1683 6.14813
7.19444 65.1879 6.1449
7.20139 65.2155 6.14167
7.20833 65.2511 6.13843
7.21528 65.2945 6.1352
7.22222 65.3458 6.13197
7.22917 65.4049 6.12873
7.23611 65.4717 6.1255
7.24306 65.5461 6.12227
7.25 65.6279 6.11903
7.25694 65.717 6.1158
7.26389 65.8133 6.11257
7.27083 65.9166 6.10934
7.27778 66.0268 6.1061
7.28472 66.1435 6.10287
7.29167 66.2667 6.09964
7.29861 66.3961 6.0964
7.30556 66.5315 6.09317
7.3125 66.6727 6.08994
7.31944 66.8194 6.08671
7.32639 66.9714 6.08347
7.33333 67.1285 6.08024
7.34028 67.2904 6.07701
7.34722 67.4568 6.07377
7.35417 67.6276 6.07054
7.36111 67.8023 6.06731
7.36806 67.9809 6.06408
7.375 68.1629 6.06084
7.38194 68.3482 6.05761
7.38889 68.5365 6.05438
7.39583 68.7275 6.05114
7.40278 68.921 6.04791
7.40972 69.1167 6.04468
7.41667 69.3143 6.04144
7.42361 69.5135 6.03821
7.43056 69.7142 6.03498
7.4375 69.9161 6.03175
7.44444 70.1188 6.02851
7.45139 70.3221 6.02528
7.45833 70.5259 6.02205
7.46528 70.7297 6.00945
7.47222 70.9335 5.99431
7.47917 71.1368 5.97916
7.48611 71.3396 5.96402
7.49306 71.5414 5.94888
7.5 71.7421 5.93373
7.50694 71.9415 5.91859
7.51389 72.1392 5.90345
7.52083 72.3351 5.8883
7.52778 72.5289 5.87316
7.53472 72.7203 5.85802
7.54167 72.9092 5.84288
7.54861 73.0953 5.82773
7.55556 73.2783 5.81259
7.5625 73.458 5.79745
7.56944 73.6342 5.7823
7.57639 73.8067 5.76716
7.58333 73.9752 5.75202
7.59028 74.1395 5.73687
7.59722 74.2994 5.72173
7.60417 74.4546 5.70659
7.61111 74.605 5.69144
7.61806 74.7504 5.6763
7.625 74.8905 5.66116
7.63194 75.0251 5.64601
7.63889 75.1541 5.63087
7.64583 75.2772 5.61573
7.65278 75.3943 5.60058
7.65972 75.5052 5.58544
7.66667 75.6097 5.5703
7.67361 75.7077 5.55515
7.68056 75.799 5.54001
7.6875 75.8834 5.52487
7.69444 75.9608 5.50972
7.70139 76.0311 5.49458
7.70833 76.0942 5.47944
7.71528 76.15 5.46429
7.72222 76.1984 5.44915
7.72917 76.2392 5.43401
7.73611 76.2725 5.41886
7.74306 76.2981 5.40372
7.75 76.3161 5.38858
7.75694 76.3263 5.37343
7.76389 76.3289 5.35829
7.77083 76.3237 5.34315
7.77778 76.3108 5.328
7.78472 76.2903 5.31286
7.79167 76.2621 5.29772
7.79861 76.2264 5.28257
7.80556 76.1833 5.26743
7.8125 76.1327 5.25229
7.81944 76.0749 5.23714
7.82639 76.0101 5.222
7.83333 75.9382 5.20686
7.84028 75.8595 5.19171
7.84722 75.7743 5.17657
7.85417 75.6826 5.16143
7.86111 75.5848 5.14628
7.86806 75.481 5.13114
7.875 75.3715 5.116
7.88194 75.2567 5.10086
7.88889 75.1367 5.08571
7.89583 75.0119 5.07057
7.90278 74.8825 5.05543
7.90972 74.7491 5.04028
7.91667 74.6118 5.02514
7.92361 74.471 5.01
7.93056 74.3272 4.99485
7.9375 74.1807 4.97971
7.94444 74.0318 4.96457
7.95139 73.8811 4.94942
7.95833 73.7289 4.93428
7.96528 73.5756 4.91914
7.97222 73.4217 4.90399
7.97917 73.2675 4.88885
7.98611 73.1136 4.87371
7.99306 72.9604 4.85856
8 72.8082 4.84342
8.00694 72.6576 4.82828
8.01389 72.5089 4.81313
8.02083 72.3627 4.79799
8.02778 72.2192 4.78285
8.03472 72.079 4.7677
8.04167 71.9424 4.75256
8.04861 71.8099 4.73742
8.05556 71.6818 4.76119
8.0625 71.5585 4.79904
8.06944 71.4403 4.83689
8.07639 71.3277 4.87474
8.08333 71.2209 4.9126
8.09028 71.1203 4.95045
8.09722 71.0261 4.9883
8.10417 70.9387 5.02616
8.11111 70.8582 5.06401
8.11806 70.785 5.10186
8.125 70.7192 5.13972
8.13194 70.661 5.17757
8.13889 70.6106 5.21542
8.14583 70.5681 5.25327
8.15278 70.5336 5.29113
8.15972 70.5073 5.32898
8.16667 70.4892 5.36683
8.17361 70.4793 5.40469
8.18056 70.4778 5.44254
8.1875 70.4846 5.48039
8.19444 70.4996 5.51825
8.20139 70.5229 5.5561
8.20833 70.5543 5.59395
8.21528 70.5939 5.63181
8.22222 70.6415 5.66966
8.22917 70.697 5.70751
8.23611 70.7603 5.74536
8.24306 70.8312 5.78322
8.25 70.9096 5.82107
8.25694 70.9953 5.85892
8.26389 71.0881 5.89678
8.27083 71.1878 5.93463
8.27778 71.2943 5.97248
8.28472 71.4073 6.01034
8.29167 71.5265 6.04819
8.29861 71.6519 6.08604
8.30556 71.783 6.12389
8.3125 71.9198 6.16175
8.31944 72.0619 6.1996
8.32639 72.2092 6.23745
8.33333 72.3613 6.27531
8.34028 72.5181 6.31316
8.34722 72.6792 6.35101
8.35417 72.8445 6.38887
8.36111 73.0137 6.42672
8.36806 73.1866 6.46457
8.375 73.3629 6.50242
8.38194 73.5423 6.54028
8.38889 73.7247 6.57813
8.39583 73.9098 6.61598
8.40278 74.0974 6.65384
8.40972 74.2871 6.69169
8.41667 74.4789 6.72954
8.42361 74.6725 6.7674
8.43056 74.8675 6.80525
8.4375 75.0639 6.8431
8.44444 75.2614 6.88096
8.45139 75.4597 6.91881
8.45833 75.6587 6.95666
8.46528 75.8581 6.99406
8.47222 76.0576 7.02931
8.47917 76.2571 7.06457
8.48611 76.4563 7.09983
8.49306 76.655 7.13509
8.5 76.853 7.17035
8.50694 77.05 7.20561
8.51389 77.2459 7.24087
8.52083 77.4402 7.27612
8.52778 77.633 7.31138
8.53472 77.8238 7.34664
8.54167 78.0125 7.3819
8.54861 78.1988 7.41716
8.55556 78.3824 7.45242
8.5625 78.5632 7.48767
8.56944 78.7409 7.52293
8.57639 78.9152 7.55819
8.58333 79.0859 7.59345
8.59028 79.2527 7.62871
8.59722 79.4154 7.66397
8.60417 79.5737 7.69922
8.61111 79.7274 7.73448
8.61806 79.8763 7.76974
8.625 80.02 7.805
8.63194 80.1584 7.84026
8.63889 80.2912 7.87552
8.64583 80.4182 7.91077
8.65278 80.5391 7.94603
8.65972 80.6537 7.98129
8.66667 80.7618 8.01655
8.67361 80.8632 8.05181
8.68056 80.9577 8.08707
8.6875 81.0451 8.12232
8.69444 81.1251 8.15758
8.70139 81.1977 8.19284
8.70833 81.2626 8.2281
8.71528 81.3197 8.26336
8.72222 81.3689 8.29862
8.72917 81.41 8.33387
8.73611 81.4429 8.36913
8.74306 81.4676 8.40439
8.75 81.4839 8.43965
8.75694 81.4918 8.47491
8.76389 81.4912 8.51017
8.77083 81.4822 8.54542
8.77778 81.4646 8.58068
8.78472 81.4386 8.61594
8.79167 81.4042 8.6512
8.79861 81.3613 8.68646
8.80556 81.3101 8.72172
8.8125 81.2508 8.75697
8.81944 81.1833 8.79223
8.82639 81.1078 8.82749
8.83333 81.0245 8.86275
8.84028 80.9336 8.89801
8.84722 80.8353 8.93327
8.85417 80.7298 8.96853
8.86111 80.6174 9.00378
8.86806 80.4983 9.03904
8.875 80.3727 9.0743
8.88194 80.2411 9.10956
8.88889 80.1038 9.14482
8.89583 79.9611 9.18008
8.90278 79.8133 9.21533
8.90972 79.6608 9.25059
8.91667 79.5041 9.28585
8.92361 79.3436 9.32111
8.93056 79.1797 9.35637
8.9375 79.0128 9.39163
8.94444 78.8434 9.42688
8.95139 78.672 9.46214
8.95833 78.499 9.4974
8.96528 78.3249 9.53266
8.97222 78.1502 9.51356
8.97917 77.9755 9.48788
8.98611 77.8011 9.46221
8.99306 77.6276 9.43653
9 77.4555 9.41086
9.00694 77.2852 9.38518
9.01389 77.1173 9.3595
9.02083 76.9523 9.33383
9.02778 76.7906 9.30815
9.03472 76.6326 9.28248
9.04167 76.4789 9.2568
9.04861 76.3298 9.23113
9.05556 76.1858 9.20545
9.0625 76.0473 9.17977
9.06944 75.9147 9.1541
9.07639 75.7883 9.12842
9.08333 75.6684 9.10275
9.09028 75.5555 9.07707
9.09722 75.4497 9.05139
9.10417 75.3514 9.02572
9.11111 75.2608 9.00004
9.11806 75.1782 8.97437
9.125 75.1036 8.94869
9.13194 75.0374 8.92302
9.13889 74.9795 8.89734
9.14583 74.9302 8.87166
9.15278 74.8895 8.84599
9.15972 74.8575 8.82031
9.16667 74.8341 8.79464
9.17361 74.8195 8.76896
9.18056 74.8136 8.74328
9.1875 74.8163 8.71761
9.19444 74.8276 8.69193
9.20139 74.8474 8.66626
9.20833 74.8755 8.64058
9.21528 74.9119 8.6149
9.22222 74.9564 8.58923
9.22917 75.0088 8.56355
9.23611 75.069 8.53788
9.24306 75.1368 8.5122
9.25 75.2119 8.48653
9.25694 75.2942 8.46085
9.26389 75.3834 8.43517
9.27083 75.4793 8.4095
9.27778 75.5817 8.38382
9.28472 75.6903 8.35815
9.29167 75.8048 8.33247
9.29861 75.9251 8.30679
9.30556 76.051 8.28112
9.3125 76.182 8.25544
9.31944 76.3181 8.22977
9.32639 76.4589 8.20409
9.33333 76.6043 8.17841
9.34028 76.7539 8.15274
9.34722 76.9077 8.12706
9.35417 77.0652 8.10139
9.36111 77.2264 8.07571
9.36806 77.391 8.05004
9.375 77.5588 8.02436
9.38194 77.7295 7.99868
9.38889 77.9031 7.97301
9.39583 78.0792 7.94733
9.40278 78.2577 7.92166
9.40972 78.4385 7.89598
9.41667 78.6212 7.8703
9.42361 78.8058 7.84463
9.43056 78.992 7.81895
9.4375 79.1798 7.79328
9.44444 79.3688 7.7676
9.45139 79.5589 7.74192
9.45833 79.75 7.71625
9.46528 79.9418 7.69057
9.47222 80.1342 7.85681
9.47917 80.327 8.16533
9.48611 80.52 8.47386
9.49306 80.7129 8.78238
9.5 80.9057 9.09091
9.50694 81.0982 9.39943
9.51389 81.29 9.70796
9.52083 81.4809 10.0165
9.52778 81.6709 10.325
9.53472 81.8596 10.6335
9.54167 82.0468 10.9421
9.54861 82.2322 11.2506
9.55556 82.4157 11.5591
9.5625 82.5969 11.8676
9.56944 82.7757 12.1762
9.57639 82.9516 12.4847
9.58333 83.1246 12.7932
9.59028 83.2942 13.1017
9.59722 83.4603 13.4103
9.60417 83.6224 13.7188
9.61111 83.7804 14.0273
9.61806 83.934 14.3358
9.625 84.0828 14.6444
9.63194 84.2265 14.9529
9.63889 84.365 15.0984
9.64583 84.4977 15.0111
9.65278 84.6246 14.9237
9.65972 84.7452 14.8364
9.66667 84.8594 14.7491
9.67361 84.9668 14.6618
9.68056 85.0671 14.5745
9.6875 85.1602 14.4872
9.69444 85.2457 14.3999
9.70139 85.3235 14.3126
9.70833 85.3932 14.2253
9.71528 85.4546 14.138
9.72222 85.5077 14.0507
9.72917 85.5521 13.9634
9.73611 85.5878 13.8761
9.74306 85.6145 13.7888
9.75 85.6322 13.7015
9.75694 85.6406 13.6142
9.76389 85.6399 13.5268
9.77083 85.6298 13.4395
9.77778 85.6103 13.3522
9.78472 85.5815 13.2649
9.79167 85.5433 13.1776
9.79861 85.4957 13.0903
9.80556 85.4388 13.003
9.8125 85.3727 12.9157
9.81944 85.2976 12.8284
9.82639 85.2134 12.7411
9.83333 85.1205 12.6538
9.84028 85.0189 12.5665
9.84722 84.909 12.4792
9.85417 84.7909 12.3919
9.86111 84.665 12.3046
9.86806 84.5315 12.2173
9.875 84.3907 12.1299
9.88194 84.243 12.0426
9.88889 84.0888 11.9553
9.89583 83.9285 11.868
9.90278 83.7624 11.7807
9.90972 83.5911 11.6934
9.91667 83.415 11.6061
9.92361 83.2346 11.5188
9.93056 83.0503 11.4315
9.9375 82.8627 11.3442
9.94444 82.6722 11.2569
9.95139 82.4796 11.1696
9.95833 82.2852 11.0823
9.96528 82.0897 10.995
9.97222 81.8936 10.9231
9.97917 81.6975 10.8872
9.98611 81.5019 10.8513
9.99306 81.3074 10.8154
10 81.1147 10.7795
10.0069 80.9241 10.7435
10.0139 80.7364 10.7076
10.0208 80.552 10.6717
10.0278 80.3715 10.6358
10.0347 80.1954 10.5999
10.0417 80.0242 10.564
10.0486 79.8583 10.5281
10.0556 79.6983 10.4922
10.0625 79.5445 10.4563
10.0694 79.3975 10.4204
10.0764 79.2575 10.3845
10.0833 79.1249 10.3485
10.0903 79.0001 10.3126
10.0972 78.8833 10.2767
10.1042 78.7749 10.2408
10.1111 78.675 10.2049
10.1181 78.5839 10.169
10.125 78.5017 10.1331
10.1319 78.4286 10.0972
10.1389 78.3646 10.0613
10.1458 78.3099 10.0254
10.1528 78.2645 9.98946
10.1597 78.2283 9.95355
10.1667 78.2014 9.91764
10.1736 78.1837 9.88173
10.1806 78.1752 9.84583
10.1875 78.1756 9.80992
10.1944 78.1849 9.77401
10.2014 78.2029 9.7381
10.2083 78.2295 9.70219
10.2153 78.2644 9.66628
10.2222 78.3075 9.63037
10.2292 78.3584 9.59446
10.2361 78.417 9.55856
10.2431 78.483 9.52265
10.25 78.5561 9.48674
10.2569 78.6361 9.45083
10.2639 78.7227 9.41492
10.2708 78.8156 9.37901
10.2778 78.9146 9.3431
10.2847 79.0192 9.3072
10.2917 79.1294 9.27129
10.2986 79.2448 9.23538
10.3056 79.3651 9.19947
10.3125 79.4901 9.16356
10.3194 79.6196 9.12765
10.3264 79.7532 9.09174
10.3333 79.8908 9.05583
10.3403 80.0321 9.01993
10.3472 80.177 8.98402
10.3542 80.3251 8.94811
10.3611 80.4764 8.9122
10.3681 80.6306 8.87629
10.375 80.7876 8.84038
10.3819 80.9472 8.80447
10.3889 81.1092 8.76857
10.3958 81.2736 8.73266
10.4028 81.4401 8.69675
10.4097 81.6087 8.66084
10.4167 81.7791 8.62493
10.4236 81.9514 8.58902
10.4306 82.1254 8.55311
10.4375 82.3009 8.5172
10.4444 82.4779 8.4813
10.4514 82.6562 8.44539
10.4583 82.8357 8.40948
10.4653 83.0164 8.37357
10.4722 83.1981 8.33766
10.4792 83.3806 8.35206
10.4861 83.5638 8.36778
10.4931 83.7477 8.38349
10.5 83.932 8.39921
10.5069 84.1166 8.41492
10.5139 84.3013 8.43064
10.5208 84.486 8.44635
10.5278 84.6704 8.46207
10.5347 84.8544 8.47778
10.5417 85.0378 8.4935
10.5486 85.2202 8.50921
10.5556 85.4016 8.52493
10.5625 85.5816 8.54064
10.5694 85.7599 8.55636
10.5764 85.9363 8.57207
10.5833 86.1105 8.58779
10.5903 86.2822 8.6035
10.5972 86.4511 8.61922
10.6042 86.6169 8.63493
10.6111 86.7792 8.65065
10.6181 86.9377 8.66636
10.625 87.0921 8.68208
10.6319 87.2419 8.69779
10.6389 87.3869 8.71351
10.6458 87.5267 8.72922
10.6528 87.6609 8.74494
10.6597 87.7892 8.76065
10.6667 87.9113 8.77637
10.6736 88.0266 8.79208
10.6806 88.1351 8.8078
10.6875 88.2362 8.82351
10.6944 88.3296 8.83923
10.7014 88.4151 8.85494
10.7083 88.4924 8.87066
10.7153 88.561 8.88637
10.7222 88.6209 8.90209
10.7292 88.6716 8.9178
10.7361 88.713 8.93351
10.7431 88.7448 8.94923
10.75 88.7669 8.96494
10.7569 88.7791 8.98066
10.7639 88.7812 8.99637
10.7708 88.7731 9.01209
10.7778 88.7547 9.0278
10.7847 88.726 9.04352
10.7917 88.6869 9.05923
10.7986 88.6374 9.07495
10.8056 88.5776 9.09066
10.8125 88.5074 9.10638
10.8194 88.4271 9.12209
10.8264 88.3366 9.13781
10.8333 88.2363 9.15352
10.8403 88.1262 9.16924
10.8472 88.0066 9.18495
10.8542 87.8778 9.20067
10.8611 87.74 9.21638
10.8681 87.5936 9.2321
10.875 87.4389 9.24781
10.8819 87.2763 9.26353
10.8889 87.1063 9.27924
10.8958 86.9292 9.29496
10.9028 86.7456 9.31067
10.9097 86.556 9.32639
10.9167 86.3608 9.3421
10.9236 86.1607 9.35782
10.9306 85.9562 9.37353
10.9375 85.7479 9.38925
10.9444 85.5364 9.40496
10.9514 85.3223 9.42068
10.9583 85.1062 9.43639
10.9653 84.8889 9.45211
10.9722 84.6709 9.46782
10.9792 84.4529 9.48354
10.9861 84.2356 9.49925
10.9931 84.0196 9.51497
11 83.8056 9.53068
11.0069 83.5942 9.5464
11.0139 83.3861 9.56211
11.0208 83.1818 9.57332
11.0278 82.9821 9.57287
11.0347 82.7874 9.57241
11.0417 82.5983 9.57195
11.0486 82.4154 9.5715
11.0556 82.2392 9.57104
11.0625 82.0701 9.57058
11.0694 81.9087 9.57013
11.0764 81.7553 9.56967
11.0833 81.6104 9.56921
11.0903 81.4742 9.56876
11.0972 81.3471 9.5683
11.1042 81.2293 9.56784
11.1111 81.1211 9.56739
11.1181 81.0227 9.56693
11.125 80.9342 9.56647
11.1319 80.8557 9.56602
11.1389 80.7872 9.56556
11.1458 80.7289 9.5651
11.1528 80.6806 9.56465
11.1597 80.6424 9.56419
11.1667 80.614 9.56373
11.1736 80.5955 9.56327
11.1806 80.5867 9.56282
11.1875 80.5873 9.56236
11.1944 80.5971 9.5619
11.2014 80.6159 9.56145
11.2083 80.6435 9.56099
11.2153 80.6796 9.56053
11.2222 80.7238 9.56008
11.2292 80.7758 9.55962
11.2361 80.8354 9.55916
11.2431 80.9021 9.55871
11.25 80.9756 9.55825
11.2569 81.0557 9.55779
11.2639 81.1418 9.55734
11.2708 81.2338 9.55688
11.2778 81.3313 9.55642
11.2847 81.4338 9.55597
11.2917 81.5412 9.55551
11.2986 81.653 9.55505
11.3056 81.7691 9.5546
11.3125 81.889 9.55414
11.3194 82.0126 9.55368
11.3264 82.1396 9.55322
11.3333 82.2697 9.55277
11.3403 82.4027 9.55231
11.3472 82.5385 9.55185
11.3542 82.6768 9.5514
11.3611 82.8174 9.55094
11.3681 82.9603 9.55048
11.375 83.1053 9.55003
11.3819 83.2522 9.54957
11.3889 83.401 9.54911
11.3958 83.5517 9.54866
11.4028 83.704 9.5482
11.4097 83.858 9.54774
11.4167 84.0136 9.54729
11.4236 84.1708 9.54683
11.4306 84.3295 9.54637
11.4375 84.4896 9.54592
11.4444 84.6513 9.54546
11.4514 84.8144 9.545
11.4583 84.9789 9.54455
11.4653 85.1448 9.54409
11.4722 85.3121 9.54363
11.4792 85.4806 9.54318
11.4861 85.6504 9.54272
11.4931 85.8214 9.54226
11.5 85.9934 9.66391
11.5069 86.1665 9.78606
11.5139 86.3405 9.90821
11.5208 86.5153 10.0304
11.5278 86.6907 10.1525
11.5347 86.8667 10.2747
11.5417 87.0429 10.3968
11.5486 87.2193 10.5189
11.5556 87.3956 10.6411
11.5625 87.5716 10.7632
11.5694 87.747 10.8854
11.5764 87.9215 11.0075
11.5833 88.0949 11.1297
11.5903 88.2668 11.2518
11.5972 88.4368 11.374
11.6042 88.6048 11.4961
11.6111 88.7702 11.6183
11.6181 88.9327 11.7404
11.625 89.092 11.8626
11.6319 89.2475 11.9847
11.6389 89.3989 12.1069
11.6458 89.5458 12.229
11.6528 89.6877 12.3512
11.6597 89.8243 12.4733
11.6667 89.9549 12.5955
11.6736 90.0794 12.7176
11.6806 90.1971 12.8398
11.6875 90.3077 12.9619
11.6944 90.4107 13.0841
11.7014 90.5058 13.2062
11.7083 90.5926 13.3284
11.7153 90.6706 13.4505
11.7222 90.7395 13.5726
11.7292 90.799 13.6948
11.7361 90.8487 13.8169
11.7431 90.8883 13.9391
11.75 90.9176 14.0612
11.7569 90.9363 14.1834
11.7639 90.9441 14.3055
11.7708 90.9409 14.4277
11.7778 90.9266 14.5498
11.7847 90.9009 14.672
11.7917 90.8639 14.7941
11.7986 90.8154 14.9163
11.8056 90.7555 15.0384
11.8125 90.6841 15.1606
11.8194 90.6014 15.2827
11.8264 90.5073 15.4049
11.8333 90.4022 15.527
11.8403 90.2861 15.6492
11.8472 90.1593 15.7713
11.8542 90.022 15.8935
11.8611 89.8746 16.0156
11.8681 89.7173 16.1378
11.875 89.5507 16.2599
11.8819 89.375 16.3821
11.8889 89.1908 16.5042
11.8958 88.9985 16.6263
11.9028 88.7987 16.7485
11.9097 88.5919 16.8209
11.9167 88.3787 16.8247
11.9236 88.1598 16.8284
11.9306 87.9358 16.8322
11.9375 87.7074 16.836
11.9444 87.4752 16.8397
11.9514 87.24 16.8435
11.9583 87.0025 16.8473
11.9653 86.7635 16.851
11.9722 86.5236 16.8548
11.9792 86.2837 16.8586
11.9861 86.0444 16.8623
11.9931 85.8067 16.8661
12 85.5711 16.8699
12.0069 85.3385 16.8736
12.0139 85.1096 16.8774
12.0208 84.8851 16.8811
12.0278 84.6657 16.8849
12.0347 84.4521 16.8887
12.0417 84.2449 16.8924
12.0486 84.0447 16.8962
12.0556 83.8522 16.9
12.0625 83.6678 16.9037
12.0694 83.492 16.9075
12.0764 83.3254 16.9113
12.0833 83.1684 16.915
12.0903 83.0212 16.9188
12.0972 82.8843 16.9226
12.1042 82.7579 16.9263
12.1111 82.6423 16.9301
12.1181 82.5376 16.9338
12.125 82.444 16.9376
12.1319 82.3615 16.9414
12.1389 82.2901 16.9451
12.1458 82.2298 16.9489
12.1528 82.1806 16.9527
12.1597 82.1424 16.9564
12.1667 82.1149 16.9602
12.1736 82.0979 16.964
12.1806 82.0913 16.9677
12.1875 82.0948 16.9715
12.1944 82.108 16.9752
12.2014 82.1306 16.979
12.2083 82.1622 16.9828
12.2153 82.2025 16.9865
12.2222 82.251 16.9903
12.2292 82.3073 16.9941
12.2361 82.3711 16.9978
12.2431 82.4418 17.0016
12.25 82.519 17.0054
12.2569 82.6024 17.0091
12.2639 82.6913 17.0129
12.2708 82.7855 17.0167
12.2778 82.8845 17.0204
12.2847 82.9879 17.0242
12.2917 83.0953 17.0279
12.2986 83.2063 17.0317
12.3056 83.3207 17.0355
12.3125 83.4379 17.0392
12.3194 83.5579 17.043
12.3264 83.6802 17.0468
12.3333 83.8046 17.0505
12.3403 83.9309 17.0543
12.3472 84.0589 17.0581
12.3542 84.1884 17.0618
12.3611 84.3193 17.0656
12.3681 84.4515 17.0694
12.375 84.5848 17.0731
12.3819 84.7191 17.0769
12.3889 84.8546 17.0806
12.3958 84.991 17.0844
12.4028 85.1284 17.0882
12.4097 85.2668 17.0919
12.4167 85.4063 17.0957
12.4236 85.5469 17.0995
12.4306 85.6886 17.1032
12.4375 85.8315 17.107
12.4444 85.9756 17.1108
12.4514 86.1211 17.1145
12.4583 86.268 17.1183
12.4653 86.4163 17.1221
12.4722 86.5662 17.1258
12.4792 86.7177 17.1296
12.4861 86.8707 17.1333
12.4931 87.0255 17.1371
12.5 87.1819 17.1409
12.5069 87.3399 17.1446
12.5139 87.4996 17.1484
12.5208 87.6609 17.1522
12.5278 87.8238 17.1559
12.5347 87.9881 17.1597
12.5417 88.1537 17.1635
12.5486 88.3205 17.1672
12.5556 88.4883 17.171
12.5625 88.6569 17.1748
12.5694 88.8261 17.1785
12.5764 88.9956 17.1823
12.5833 89.1651 17.186
12.5903 89.3343 17.1898
12.5972 89.503 17.1936
12.6042 89.6706 17.1973
12.6111 89.8368 17.2011
12.6181 90.0013 17.2049
12.625 90.1635 17.2086
12.6319 90.3231 17.2124
12.6389 90.4794 17.2162
12.6458 90.6322 17.2199
12.6528 90.7808 17.2237
12.6597 90.9248 17.2275
12.6667 91.0636 17.2312
12.6736 91.1967 17.235
12.6806 91.3237 17.2387
12.6875 91.4439 17.2425
12.6944 91.5569 17.2463
12.7014 91.6622 17.25
12.7083 91.7592 17.2538
12.7153 91.8476 17.2576
12.7222 91.9267 17.2613
12.7292 91.9963 17.2651
12.7361 92.0558 17.2689
12.7431 92.1049 17.2726
12.75 92.1432 17.2764
12.7569 92.1703 17.2801
12.7639 92.186 17.2839
12.7708 92.1899 17.2877
12.7778 92.1819 17.2914
12.7847 92.1618 17.2952
12.7917 92.1292 17.299
12.7986 92.0843 17.3027
12.8056 92.0268 17.3065
12.8125 91.9569 17.3103
12.8194 91.8743 17.314
12.8264 91.7794 17.3178
12.8333 91.672 17.3216
12.8403 91.5525 17.3253
12.8472 91.4211 17.3291
12.8542 91.2779 17.3328
12.8611 91.1232 17.3366
12.8681 90.9576 17.3404
12.875 90.7812 17.3441
12.8819 90.5947 17.3479
12.8889 90.3984 17.3517
12.8958 90.1929 17.3554
12.9028 89.9788 17.3592
12.9097 89.7567 17.363
12.9167 89.5272 17.0505
12.9236 89.2911 16.6753
12.9306 89.049 16.3002
12.9375 88.8017 15.9251
12.9444 88.5501 15.5499
12.9514 88.2948 15.1748
12.9583 88.0367 14.7997
12.9653 87.7767 14.4245
12.9722 87.5156 14.0494
12.9792 87.2543 13.6743
12.9861 86.9936 13.2992
12.9931 86.7344 12.924
13 86.4776 12.5489
13.0069 86.224 12.1738
13.0139 85.9745 11.7986
13.0208 85.7298 11.4235
13.0278 85.4909 11.0484
13.0347 85.2583 10.6732
13.0417 85.033 10.2981
13.0486 84.8155 9.92299
13.0556 84.6066 9.54786
13.0625 84.4069 9.17273
13.0694 84.217 8.7976
13.0764 84.0373 8.42247
13.0833 83.8683 8.04734
13.0903 83.7106 7.67221
13.0972 83.5643 7.29708
13.1042 83.4299 6.92195
13.1111 83.3075 6.54682
13.1181 83.1973 6.17169
13.125 83.0995 5.79656
13.1319 83.0141 5.42143
13.1389 82.9411 5.0463
13.1458 82.8804 4.67117
13.1528 82.8319 4.29604
13.1597 82.7954 3.92091
13.1667 82.7706 3.56955
13.1736 82.7574 3.6135
13.1806 82.7554 3.65744
13.1875 82.7641 3.70139
13.1944 82.7833 3.74534
13.2014 82.8123 3.78928
13.2083 82.8509 3.83323
13.2153 82.8985 3.87717
13.2222 82.9545 3.92112
13.2292 83.0184 3.96507
13.2361 83.0897 4.00901
13.2431 83.1678 4.05296
13.25 83.2523 4.0969
13.2569 83.3425 4.14085
13.2639 83.4378 4.18479
13.2708 83.5378 4.22874
13.2778 83.642 4.27269
13.2847 83.7499 4.31663
13.2917 83.8609 4.36058
13.2986 83.9747 4.40452
13.3056 84.0907 4.44847
13.3125 84.2088 4.49241
13.3194 84.3284 4.53636
13.3264 84.4492 4.58031
13.3333 84.571 4.62425
13.3403 84.6936 4.6682
13.3472 84.8166 4.71214
13.3542 84.94 4.75609
13.3611 85.0635 4.80003
13.3681 85.1872 4.84398
13.375 85.3108 4.88793
13.3819 85.4344 4.93187
13.3889 85.558 4.97582
13.3958 85.6816 5.01976
13.4028 85.8052 5.06371
13.4097 85.9289 5.10765
13.4167 86.0528 5.1516
13.4236 86.1771 5.19555
13.4306 86.3019 5.23949
13.4375 86.4273 5.28344
13.4444 86.5536 5.32738
13.4514 86.6807 5.37133
13.4583 86.8091 5.41528
13.4653 86.9387 5.45922
13.4722 87.0698 5.50317
13.4792 87.2026 5.54711
13.4861 87.3371 5.59106
13.4931 87.4736 5.635
13.5 87.6121 5.67895
13.5069 87.7527 5.7229
13.5139 87.8956 5.76684
13.5208 88.0408 5.81079
13.5278 88.1882 5.85473
13.5347 88.3379 5.89868
13.5417 88.4899 5.94262
13.5486 88.644 5.98657
13.5556 88.8001 6.03052
13.5625 88.9582 6.07446
13.5694 89.118 6.11841
13.5764 89.2792 6.16235
13.5833 89.4417 6.2063
13.5903 89.6051 6.25024
13.5972 89.7692 6.29419
13.6042 89.9335 6.33814
13.6111 90.0976 6.38208
13.6181 90.2611 6.42603
13.625 90.4235 6.46997
13.6319 90.5844 6.51392
13.6389 90.7433 6.55786
13.6458 90.8995 6.60181
13.6528 91.0526 6.64576
13.6597 91.2019 6.6897
13.6667 91.347 6.73365
13.6736 91.4871 6.77759
13.6806 91.6217 6.82154
13.6875 91.7502 6.86549
13.6944 91.872 6.90943
13.7014 91.9865 6.95338
13.7083 92.0931 6.99732
13.7153 92.1911 7.04127
13.7222 92.2802 7.08521
13.7292 92.3596 7.12916
13.7361 92.4289 7.17311
13.7431 92.4876 7.21705
13.75 92.5352 7.261
13.7569 92.5714 7.30494
13.7639 92.5955 7.34889
13.7708 92.6075 7.39283
13.7778 92.6068 7.43678
13.7847 92.5932 7.48073
13.7917 92.5665 7.52467
13.7986 92.5265 7.56862
13.8056 92.4731 7.61256
13.8125 92.4061 7.65651
13.8194 92.3255 7.70045
13.8264 92.2314 7.7444
13.8333 92.1239 7.78835
13.8403 92.0029 7.83229
13.8472 91.8688 7.87624
13.8542 91.7218 7.92018
13.8611 91.5621 7.96413
13.8681 91.3902 8.00807
13.875 91.2063 8.05202
13.8819 91.011 8.09597
13.8889 90.8049 8.13991
13.8958 90.5883 8.18386
13.9028 90.362 8.2278
13.9097 90.1266 8.27175
13.9167 89.8829 8.3157
13.9236 89.6315 8.35964
13.9306 89.3733 8.40359
13.9375 89.109 8.44753
13.9444 88.8396 8.49148
13.9514 88.566 8.53542
13.9583 88.289 8.57937
13.9653 88.0095 8.62332
13.9722 87.7286 8.66726
13.9792 87.4472 8.71121
13.9861 87.1663 8.75515
13.9931 86.8868 8.7991
14 86.6098 8.84304
14.0069 86.3361 8.88699
14.0139 86.0668 8.93094
14.0208 85.8028 8.97488
14.0278 85.545 9.01883
14.0347 85.2942 9.06277
14.0417 85.0513 9.10672
14.0486 84.8171 9.15066
14.0556 84.5924 9.19461
14.0625 84.3779 9.10962
14.0694 84.1742 9.02451
14.0764 83.9819 8.9394
14.0833 83.8016 8.85429
14.0903 83.6337 8.76918
14.0972 83.4786 8.68407
14.1042 83.3367 8.59896
14.1111 83.2082 8.51385
14.1181 83.0933 8.42874
14.125 82.9922 8.34363
14.1319 82.9047 8.25852
14.1389 82.831 8.17341
14.1458 82.7709 8.0883
14.1528 82.7243 8.00319
14.1597 82.6909 7.91808
14.1667 82.6704 7.83297
14.1736 82.6624 7.74786
14.1806 82.6666 7.66275
14.1875 82.6825 7.57764
14.1944 82.7096 7.49253
14.2014 82.7473 7.40742
14.2083 82.795 7.32231
14.2153 82.8522 7.2372
14.2222 82.9182 7.15209
14.2292 82.9924 7.06698
14.2361 83.074 6.98187
14.2431 83.1625 6.89676
14.25 83.2571 6.81165
14.2569 83.3573 6.72654
14.2639 83.4622 6.64143
14.2708 83.5714 6.55632
14.2778 83.6842 6.47121
14.2847 83.7999 6.3861
14.2917 83.9181 6.30099
14.2986 84.0381 6.21588
14.3056 84.1596 6.13077
14.3125 84.282 6.04566
14.3194 84.4049 5.96055
14.3264 84.5279 5.87544
14.3333 84.6508 5.79033
14.3403 84.7731 5.70522
14.3472 84.8948 5.62011
14.3542 85.0155 5.535
14.3611 85.1351 5.44989
14.3681 85.2536 5.36478
14.375 85.3708 5.27967
14.3819 85.4868 5.19456
14.3889 85.6016 5.10945
14.3958 85.7151 5.02434
14.4028 85.8277 4.93923
14.4097 85.9393 4.85412
14.4167 86.0501 4.76901
14.4236 86.1603 4.92422
14.4306 86.2702 5.09658
14.4375 86.38 5.26894
14.4444 86.4899 5.4413
14.4514 86.6002 5.61366
14.4583 86.7111 5.78602
14.4653 86.823 5.95838
14.4722 86.9361 6.13073
14.4792 87.0506 6.30309
14.4861 87.1669 6.47545
14.4931 87.2851 6.64781
14.5 87.4056 6.82017
14.5069 87.5284 6.99253
14.5139 87.6538 7.16488
14.5208 87.7819 7.33724
14.5278 87.9129 7.5096
14.5347 88.0468 7.68196
14.5417 88.1836 7.85432
14.5486 88.3234 8.02668
14.5556 88.4661 8.19904
14.5625 88.6116 8.37139
14.5694 88.7599 8.54375
14.5764 88.9107 8.71611
14.5833 89.0637 8.88847
14.5903 89.2189 9.06083
14.5972 89.3757 9.23319
14.6042 89.534 9.40554
14.6111 89.6932 9.5779
14.6181 89.853 9.75026
14.625 90.0128 9.92262
14.6319 90.1722 10.095
14.6389 90.3307 10.2673
14.6458 90.4875 10.4397
14.6528 90.6422 10.6121
14.6597 90.7941 10.7844
14.6667 90.9426 10.9568
14.6736 91.087 11.1291
14.6806 91.2267 11.3015
14.6875 91.3609 11.4738
