time error errTLE
0 0 0
0.00694444 0.0418168 0.00385908
0.0138889 0.0836408 0.00771815
0.0208333 0.125462 0.0115772
0.0277778 0.167267 0.0154363
0.0347222 0.209048 0.0192954
0.0416667 0.250795 0.0231545
0.0486111 0.292496 0.0270135
0.0555556 0.334145 0.0308726
0.0625 0.375734 0.0347317
0.0694444 0.417255 0.0385908
0.0763889 0.458701 0.0424498
0.0833333 0.500067 0.0463089
0.0902778 0.541347 0.050168
0.0972222 0.582538 0.0540271
0.104167 0.623636 0.0578861
0.111111 0.664638 0.0617452
0.118056 0.705542 0.0656043
0.125 0.746348 0.0694634
0.131944 0.787053 0.0733224
0.138889 0.827659 0.0771815
0.145833 0.868166 0.0810406
0.152778 0.908574 0.0848997
0.159722 0.948887 0.0887587
0.166667 0.989106 0.0926178
0.173611 1.02923 0.0964769
0.180556 1.06927 0.100336
0.1875 1.10923 0.104195
0.194444 1.1491 0.108054
0.201389 1.1889 0.111913
0.208333 1.22862 0.115772
0.215278 1.26827 0.119631
0.222222 1.30785 0.12349
0.229167 1.34737 0.12735
0.236111 1.38683 0.131209
0.243056 1.42624 0.135068
0.25 1.46559 0.138927
0.256944 1.50489 0.142786
0.263889 1.54414 0.146645
0.270833 1.58334 0.150504
0.277778 1.62249 0.154363
0.284722 1.66159 0.158222
0.291667 1.70065 0.162081
0.298611 1.73966 0.16594
0.305556 1.77863 0.169799
0.3125 1.81754 0.173658
0.319444 1.8564 0.177517
0.326389 1.8952 0.181377
0.333333 1.93394 0.185236
0.340278 1.97263 0.189095
0.347222 2.01124 0.192954
0.354167 2.04978 0.196813
0.361111 2.08825 0.200672
0.368056 2.12664 0.204531
0.375 2.16494 0.20839
0.381944 2.20315 0.212249
0.388889 2.24127 0.216108
0.395833 2.27929 0.219967
0.402778 2.31721 0.223826
0.409722 2.35502 0.227685
0.416667 2.39272 0.231545
0.423611 2.43031 0.235404
0.430556 2.46778 0.239263
0.4375 2.50514 0.243122
0.444444 2.54239 0.246981
0.451389 2.57952 0.25084
0.458333 2.61655 0.254699
0.465278 2.65346 0.258558
0.472222 2.69028 0.262417
0.479167 2.727 0.266276
0.486111 2.76362 0.270135
0.493056 2.80017 0.273994
0.5 2.83665 0.277853
0.506944 2.87308 0.281569
0.513889 2.90946 0.285216
0.520833 2.94581 0.288863
0.527778 2.98214 0.29251
0.534722 3.01848 0.296156
0.541667 3.05485 0.299803
0.548611 3.09126 0.30345
0.555556 3.12773 0.307097
0.5625 3.16429 0.310744
0.569444 3.20096 0.314391
0.576389 3.23777 0.318038
0.583333 3.27473 0.321685
0.590278 3.31188 0.325332
0.597222 3.34924 0.328979
0.604167 3.38683 0.332626
0.611111 3.42469 0.336273
0.618056 3.46283 0.33992
0.625 3.50127 0.343567
0.631944 3.54006 0.347214
0.638889 3.57919 0.350861
0.645833 3.61872 0.354508
0.652778 3.65864 0.358155
0.659722 3.69897 0.361802
0.666667 3.73975 0.365449
0.673611 3.78097 0.369096
0.680556 3.82266 0.372742
0.6875 3.86483 0.376389
0.694444 3.90749 0.380036
0.701389 3.95064 0.383683
0.708333 3.99429 0.38733
0.715278 4.03844 0.390977
0.722222 4.0831 0.394624
0.729167 4.12825 0.398271
0.736111 4.1739 0.401918
0.743056 4.22004 0.405565
0.75 4.26665 0.409212
0.756944 4.31372 0.412859
0.763889 4.36124 0.416506
0.770833 4.4092 0.420153
0.777778 4.45756 0.4238
0.784722 4.50631 0.427447
0.791667 4.55543 0.431094
0.798611 4.60488 0.434741
0.805556 4.65465 0.438388
0.8125 4.70471 0.442035
0.819444 4.75501 0.445682
0.826389 4.80554 0.449328
0.833333 4.85627 0.452975
0.840278 4.90715 0.456622
0.847222 4.95816 0.460269
0.854167 5.00926 0.463916
0.861111 5.06042 0.467563
0.868056 5.11161 0.47121
0.875 5.16279 0.474857
0.881944 5.21394 0.478504
0.888889 5.26502 0.482151
0.895833 5.316 0.485798
0.902778 5.36686 0.489445
0.909722 5.41756 0.493092
0.916667 5.46808 0.496739
0.923611 5.5184 0.500386
0.930556 5.56849 0.504033
0.9375 5.61834 0.50768
0.944444 5.66792 0.511327
0.951389 5.71722 0.514974
0.958333 5.76623 0.518621
0.965278 5.81493 0.522268
0.972222 5.86332 0.525914
0.979167 5.91139 0.529561
0.986111 5.95913 0.533208
0.993056 6.00655 0.536855
1 6.05365 0.540502
1.00694 6.10042 0.544261
1.01389 6.14689 0.548906
1.02083 6.19305 0.553551
1.02778 6.23892 0.558196
1.03472 6.28451 0.562842
1.04167 6.32983 0.567487
1.04861 6.37491 0.572132
1.05556 6.41977 0.576777
1.0625 6.46442 0.581422
1.06944 6.5089 0.586068
1.07639 6.55321 0.590713
1.08333 6.5974 0.595358
1.09028 6.64148 0.600003
1.09722 6.68548 0.604648
1.10417 6.72943 0.609294
1.11111 6.77337 0.613939
1.11806 6.8173 0.618584
1.125 6.86128 0.623229
1.13194 6.90531 0.627874
1.13889 6.94943 0.63252
1.14583 6.99366 0.637165
1.15278 7.03803 0.64181
1.15972 7.08256 0.646455
1.16667 7.12727 0.6511
1.17361 7.17218 0.655746
1.18056 7.2173 0.660391
1.1875 7.26265 0.665036
1.19444 7.30825 0.669681
1.20139 7.3541 0.674326
1.20833 7.4002 0.678972
1.21528 7.44657 0.683617
1.22222 7.4932 0.688262
1.22917 7.54009 0.692907
1.23611 7.58724 0.697552
1.24306 7.63463 0.702198
1.25 7.68227 0.706843
1.25694 7.73012 0.711488
1.26389 7.77819 0.716133
1.27083 7.82644 0.720778
1.27778 7.87486 0.725424
1.28472 7.92342 0.730069
1.29167 7.97209 0.734714
1.29861 8.02086 0.739359
1.30556 8.06968 0.744004
1.3125 8.11853 0.74865
1.31944 8.16737 0.753295
1.32639 8.21618 0.75794
1.33333 8.26492 0.762585
1.34028 8.31354 0.76723
1.34722 8.36203 0.771876
1.35417 8.41035 0.776521
1.36111 8.45845 0.781166
1.36806 8.50632 0.785811
1.375 8.55392 0.790456
1.38194 8.60122 0.795102
1.38889 8.64819 0.799747
1.39583 8.69482 0.804392
1.40278 8.74107 0.809037
1.40972 8.78693 0.813682
1.41667 8.83237 0.818327
1.42361 8.8774 0.822973
1.43056 8.922 0.827618
1.4375 8.96615 0.832094
1.44444 9.00987 0.836311
1.45139 9.05315 0.840528
1.45833 9.096 0.844745
1.46528 9.13843 0.848962
1.47222 9.18045 0.853179
1.47917 9.22209 0.857396
1.48611 9.26335 0.861613
1.49306 9.30429 0.86583
1.5 9.34491 0.870047
1.50694 9.38527 0.874264
1.51389 9.42539 0.878481
1.52083 9.46533 0.882698
1.52778 9.50513 0.886915
1.53472 9.54483 0.891132
1.54167 9.5845 0.895349
1.54861 9.62418 0.899566
1.55556 9.66394 0.903783
1.5625 9.70382 0.908
1.56944 9.7439 0.912217
1.57639 9.78424 0.916434
1.58333 9.82489 0.920651
1.59028 9.86592 0.924868
1.59722 9.90739 0.929085
1.60417 9.94937 0.933302
1.61111 9.99191 0.937519
1.61806 10.0351 0.941736
1.625 10.0789 0.945953
1.63194 10.1235 0.95017
1.63889 10.1688 0.954387
1.64583 10.215 0.958604
1.65278 10.262 0.962822
1.65972 10.3099 0.967039
1.66667 10.3588 0.971256
1.67361 10.4086 0.975473
1.68056 10.4594 0.97969
1.6875 10.5113 0.983907
1.69444 10.5641 0.988124
1.70139 10.6179 0.992341
1.70833 10.6728 0.996558
1.71528 10.7287 1.00077
1.72222 10.7856 1.00499
1.72917 10.8434 1.00921
1.73611 10.9022 1.01343
1.74306 10.9619 1.01764
1.75 11.0225 1.02186
1.75694 11.084 1.02608
1.76389 11.1462 1.03029
1.77083 11.2092 1.03451
1.77778 11.2728 1.03873
1.78472 11.3371 1.04294
1.79167 11.4019 1.04716
1.79861 11.4673 1.05138
1.80556 11.533 1.0556
1.8125 11.5991 1.05981
1.81944 11.6655 1.06403
1.82639 11.732 1.06825
1.83333 11.7987 1.07246
1.84028 11.8655 1.07668
1.84722 11.9322 1.0809
1.85417 11.9988 1.08511
1.86111 12.0652 1.08933
1.86806 12.1313 1.09355
1.875 12.1972 1.09777
1.88194 12.2626 1.10198
1.88889 12.3276 1.1062
1.89583 12.3921 1.11042
1.90278 12.456 1.11463
1.90972 12.5192 1.11885
1.91667 12.5818 1.12307
1.92361 12.6437 1.12723
1.93056 12.7048 1.12835
1.9375 12.765 1.12947
1.94444 12.8245 1.13059
1.95139 12.8831 1.13171
1.95833 12.9409 1.13283
1.96528 12.9978 1.13395
1.97222 13.0538 1.13508
1.97917 13.1089 1.1362
1.98611 13.1632 1.13732
1.99306 13.2166 1.13844
2 13.2691 1.13956
2.00694 13.3209 1.14068
2.01389 13.3718 1.1418
2.02083 13.422 1.14292
2.02778 13.4715 1.14404
2.03472 13.5203 1.14516
2.04167 13.5685 1.14628
2.04861 13.6162 1.1474
2.05556 13.6633 1.14852
2.0625 13.71 1.14964
2.06944 13.7563 1.15077
2.07639 13.8022 1.15189
2.08333 13.8479 1.15301
2.09028 13.8935 1.15413
2.09722 13.9389 1.15525
2.10417 13.9843 1.15637
2.11111 14.0297 1.15749
2.11806 14.0751 1.15861
2.125 14.1208 1.15973
2.13194 14.1666 1.16085
2.13889 14.2128 1.16197
2.14583 14.2593 1.16309
2.15278 14.3061 1.16421
2.15972 14.3534 1.16533
2.16667 14.4013 1.16646
2.17361 14.4496 1.16758
2.18056 14.4985 1.1687
2.1875 14.548 1.16982
2.19444 14.5982 1.17094
2.20139 14.649 1.17206
2.20833 14.7004 1.17318
2.21528 14.7525 1.1743
2.22222 14.8053 1.17542
2.22917 14.8587 1.17654
2.23611 14.9127 1.17766
2.24306 14.9674 1.17878
2.25 15.0226 1.1799
2.25694 15.0784 1.18102
2.26389 15.1347 1.18215
2.27083 15.1915 1.18327
2.27778 15.2487 1.18439
2.28472 15.3063 1.18551
2.29167 15.3641 1.18663
2.29861 15.4222 1.18775
2.30556 15.4805 1.18887
2.3125 15.5389 1.18999
2.31944 15.5973 1.19111
2.32639 15.6557 1.19223
2.33333 15.714 1.19335
2.34028 15.7721 1.19447
2.34722 15.8299 1.19559
2.35417 15.8874 1.19672
2.36111 15.9445 1.19784
2.36806 16.0012 1.19896
2.375 16.0573 1.20008
2.38194 16.1128 1.2012
2.38889 16.1676 1.20232
2.39583 16.2218 1.20344
2.40278 16.2752 1.20456
2.40972 16.3278 1.20568
2.41667 16.3796 1.2068
2.42361 16.4306 1.20792
2.43056 16.4806 1.20904
2.4375 16.5298 1.21016
2.44444 16.5781 1.21128
2.45139 16.6255 1.21241
2.45833 16.672 1.21353
2.46528 16.7177 1.21465
2.47222 16.7625 1.21577
2.47917 16.8065 1.21689
2.48611 16.8498 1.21801
2.49306 16.8923 1.21913
2.5 16.9342 1.22025
2.50694 16.9755 1.22137
2.51389 17.0163 1.22249
2.52083 17.0567 1.22361
2.52778 17.0967 1.22473
2.53472 17.1365 1.22585
2.54167 17.1761 1.22697
2.54861 17.2156 1.2281
2.55556 17.2552 1.22922
2.5625 17.295 1.23034
2.56944 17.335 1.23146
2.57639 17.3754 1.23258
2.58333 17.4163 1.2337
2.59028 17.4578 1.23482
2.59722 17.5 1.23594
2.60417 17.5431 1.23706
2.61111 17.5871 1.23818
2.61806 17.6321 1.2393
2.625 17.6783 1.24042
2.63194 17.7257 1.24154
2.63889 17.7745 1.24267
2.64583 17.8247 1.24379
2.65278 17.8763 1.24491
2.65972 17.9295 1.24603
2.66667 17.9844 1.24715
2.67361 18.0409 1.24827
2.68056 18.0991 1.24939
2.6875 18.159 1.25051
2.69444 18.2207 1.25163
2.70139 18.2842 1.25275
2.70833 18.3494 1.25387
2.71528 18.4163 1.25499
2.72222 18.485 1.25611
2.72917 18.5553 1.25723
2.73611 18.6273 1.25836
2.74306 18.7009 1.25948
2.75 18.776 1.2606
2.75694 18.8525 1.26172
2.76389 18.9304 1.26284
2.77083 19.0095 1.26396
2.77778 19.0898 1.26508
2.78472 19.1712 1.2662
2.79167 19.2535 1.26732
2.79861 19.3366 1.26844
2.80556 19.4204 1.26956
2.8125 19.5047 1.27068
2.81944 19.5896 1.2718
2.82639 19.6747 1.27292
2.83333 19.76 1.27405
2.84028 19.8453 1.27517
2.84722 19.9305 1.27629
2.85417 20.0155 1.27741
2.86111 20.1001 1.27853
2.86806 20.1842 1.27965
2.875 20.2678 1.28077
2.88194 20.3506 1.28189
2.88889 20.4325 1.28301
2.89583 20.5135 1.28413
2.90278 20.5935 1.28525
2.90972 20.6723 1.28637
2.91667 20.7499 1.28749
2.92361 20.8261 1.28861
2.93056 20.901 1.28974
2.9375 20.9745 1.29086
2.94444 21.0465 1.29198
2.95139 21.117 1.2931
2.95833 21.1859 1.29422
2.96528 21.2532 1.29534
2.97222 21.319 1.29646
2.97917 21.3832 1.29758
2.98611 21.4459 1.2987
2.99306 21.5069 1.29982
3 21.5665 1.30094
3.00694 21.6246 1.30206
3.01389 21.6813 1.32567
3.02083 21.7367 1.35662
3.02778 21.7907 1.38757
3.03472 21.8436 1.41852
3.04167 21.8953 1.44947
3.04861 21.9459 1.48041
3.05556 21.9957 1.51136
3.0625 22.0445 1.54231
3.06944 22.0927 1.57326
3.07639 22.1402 1.60421
3.08333 22.1872 1.63516
3.09028 22.2339 1.66611
3.09722 22.2802 1.69706
3.10417 22.3264 1.728
3.11111 22.3726 1.75895
3.11806 22.4188 1.7899
3.125 22.4652 1.82085
3.13194 22.512 1.8518
3.13889 22.5591 1.88275
3.14583 22.6067 1.9137
3.15278 22.655 1.94465
3.15972 22.704 1.97559
3.16667 22.7537 2.00654
3.17361 22.8043 2.03749
3.18056 22.8558 2.06844
3.1875 22.9083 2.09939
3.19444 22.9618 2.13034
3.20139 23.0163 2.16129
3.20833 23.0719 2.19223
3.21528 23.1287 2.22318
3.22222 23.1865 2.25413
3.22917 23.2454 2.28508
3.23611 23.3053 2.31603
3.24306 23.3663 2.34698
3.25 23.4283 2.37793
3.25694 23.4913 2.40888
3.26389 23.5551 2.43982
3.27083 23.6197 2.47077
3.27778 23.6851 2.50172
3.28472 23.7511 2.53267
3.29167 23.8177 2.56362
3.29861 23.8847 2.59457
3.30556 23.9521 2.62552
3.3125 24.0197 2.65647
3.31944 24.0875 2.68741
3.32639 24.1552 2.71836
3.33333 24.2228 2.74931
3.34028 24.2902 2.78026
3.34722 24.3573 2.81121
3.35417 24.4238 2.84216
3.36111 24.4898 2.87311
3.36806 24.5551 2.90406
3.375 24.6196 2.935
3.38194 24.6831 2.96595
3.38889 24.7457 2.9969
3.39583 24.8072 3.02785
3.40278 24.8675 3.0588
3.40972 24.9265 3.08975
3.41667 24.9843 3.1207
3.42361 25.0407 3.15164
3.43056 25.0957 3.18259
3.4375 25.1492 3.21354
3.44444 25.2014 3.24449
3.45139 25.252 3.27544
3.45833 25.3013 3.30639
3.46528 25.3491 3.33734
3.47222 25.3955 3.36829
3.47917 25.4406 3.39923
3.48611 25.4844 3.43018
3.49306 25.5269 3.46113
3.5 25.5684 3.49208
3.50694 25.6088 3.52303
3.51389 25.6483 3.55398
3.52083 25.687 3.58493
3.52778 25.725 3.58527
3.53472 25.7624 3.56625
3.54167 25.7994 3.54723
3.54861 25.8362 3.52822
3.55556 25.8729 3.5092
3.5625 25.9097 3.49018
3.56944 25.9467 3.47116
3.57639 25.9841 3.45215
3.58333 26.0221 3.43313
3.59028 26.0609 3.41411
3.59722 26.1006 3.39509
3.60417 26.1415 3.37608
3.61111 26.1836 3.35706
3.61806 26.2272 3.33804
3.625 26.2723 3.31903
3.63194 26.3193 3.30001
3.63889 26.3681 3.28099
3.64583 26.419 3.26197
3.65278 26.4721 3.24296
3.65972 26.5274 3.22394
3.66667 26.5851 3.20492
3.67361 26.6453 3.1859
3.68056 26.708 3.16689
3.6875 26.7732 3.14787
3.69444 26.8412 3.12885
3.70139 26.9117 3.10984
3.70833 26.985 3.09082
3.71528 27.0608 3.0718
3.72222 27.1393 3.05278
3.72917 27.2204 3.03377
3.73611 27.3041 3.01475
3.74306 27.3901 2.99573
3.75 27.4786 2.97671
3.75694 27.5693 2.9577
3.76389 27.6622 2.93868
3.77083 27.757 2.91966
3.77778 27.8538 2.90065
3.78472 27.9522 2.88163
3.79167 28.0522 2.86261
3.79861 28.1536 2.84359
3.80556 28.2562 2.82458
3.8125 28.3598 2.80556
3.81944 28.4642 2.78654
3.82639 28.5693 2.76752
3.83333 28.6747 2.74851
3.84028 28.7804 2.72949
3.84722 28.8861 2.71047
3.85417 28.9916 2.69146
3.86111 29.0967 2.67244
3.86806 29.2013 2.65342
3.875 29.3051 2.6344
3.88194 29.4079 2.61539
3.88889 29.5097 2.59637
3.89583 29.6101 2.57735
3.90278 29.7091 2.55833
3.90972 29.8066 2.53932
3.91667 29.9023 2.5203
3.92361 29.9962 2.50128
3.93056 30.0881 2.48226
3.9375 30.1779 2.46325
3.94444 30.2657 2.44423
3.95139 30.3512 2.42521
3.95833 30.4344 2.4062
3.96528 30.5154 2.38718
3.97222 30.594 2.36816
3.97917 30.6703 2.35875
3.98611 30.7442 2.37055
3.99306 30.8159 2.38235
4 30.8852 2.39414
4.00694 30.9524 2.40594
4.01389 31.0173 2.41774
4.02083 31.0802 2.42953
4.02778 31.141 2.44133
4.03472 31.2 2.45313
4.04167 31.2572 2.46492
4.04861 31.3127 2.47672
4.05556 31.3666 2.48852
4.0625 31.4192 2.50031
4.06944 31.4705 2.51211
4.07639 31.5208 2.52391
4.08333 31.5701 2.5357
4.09028 31.6186 2.5475
4.09722 31.6666 2.5593
4.10417 31.7142 2.57109
4.11111 31.7614 2.58289
4.11806 31.8087 2.59469
4.125 31.856 2.60648
4.13194 31.9035 2.61828
4.13889 31.9515 2.63007
4.14583 32 2.64187
4.15278 32.0492 2.65367
4.15972 32.0992 2.66546
4.16667 32.1503 2.67726
4.17361 32.2024 2.68906
4.18056 32.2557 2.70085
4.1875 32.3103 2.71265
4.19444 32.3662 2.72445
4.20139 32.4235 2.73624
4.20833 32.4824 2.74804
4.21528 32.5427 2.75984
4.22222 32.6045 2.77163
4.22917 32.6678 2.78343
4.23611 32.7327 2.79523
4.24306 32.799 2.80702
4.25 32.8668 2.81882
4.25694 32.9359 2.83062
4.26389 33.0063 2.84241
4.27083 33.0779 2.85421
4.27778 33.1507 2.86601
4.28472 33.2244 2.8778
4.29167 33.299 2.8896
4.29861 33.3743 2.9014
4.30556 33.4503 2.91319
4.3125 33.5266 2.92499
4.31944 33.6033 2.93679
4.32639 33.6801 2.94858
4.33333 33.7568 2.96038
4.34028 33.8334 2.97218
4.34722 33.9095 2.98397
4.35417 33.9851 2.99577
4.36111 34.06 3.00757
4.36806 34.134 3.01936
4.375 34.207 3.03116
4.38194 34.2788 3.04296
4.38889 34.3493 3.05475
4.39583 34.4184 3.06655
4.40278 34.4858 3.07834
4.40972 34.5516 3.09014
4.41667 34.6156 3.10194
4.42361 34.6777 3.11373
4.43056 34.7379 3.12553
4.4375 34.7961 3.13733
4.44444 34.8523 3.14912
4.45139 34.9064 3.16092
4.45833 34.9584 3.17272
4.46528 35.0084 3.18451
4.47222 35.0564 3.19631
4.47917 35.1024 3.20811
4.48611 35.1465 3.2199
4.49306 35.1888 3.2317
4.5 35.2293 3.2435
4.50694 35.2682 3.25529
4.51389 35.3057 3.26709
4.52083 35.3419 3.27889
4.52778 35.3768 3.29068
4.53472 35.4108 3.30248
4.54167 35.444 3.31428
4.54861 35.4766 3.32607
4.55556 35.5088 3.33787
4.5625 35.5409 3.34967
4.56944 35.573 3.36146
4.57639 35.6054 3.37326
4.58333 35.6384 3.38506
4.59028 35.6721 3.39685
4.59722 35.7069 3.40865
4.60417 35.7429 3.42045
4.61111 35.7804 3.43224
4.61806 35.8197 3.44404
4.625 35.8609 3.45584
4.63194 35.9043 3.46763
4.63889 35.9501 3.47943
4.64583 35.9984 3.49123
4.65278 36.0496 3.50302
4.65972 36.1037 3.51482
4.66667 36.1609 3.52661
4.67361 36.2213 3.53841
4.68056 36.2851 3.55021
4.6875 36.3524 3.562
4.69444 36.4232 3.5738
4.70139 36.4976 3.5856
4.70833 36.5756 3.59739
4.71528 36.6573 3.60919
4.72222 36.7426 3.62099
4.72917 36.8315 3.63278
4.73611 36.9239 3.64458
4.74306 37.0198 3.65638
4.75 37.1191 3.66817
4.75694 37.2216 3.67997
4.76389 37.3273 3.69177
4.77083 37.4359 3.70356
4.77778 37.5473 3.71536
4.78472 37.6614 3.72716
4.79167 37.7777 3.73895
4.79861 37.8963 3.75075
4.80556 38.0168 3.76255
4.8125 38.139 3.77434
4.81944 38.2626 3.78614
4.82639 38.3874 3.79794
4.83333 38.5131 3.80973
4.84028 38.6395 3.82153
4.84722 38.7662 3.83333
4.85417 38.8931 3.84512
4.86111 39.0197 3.85692
4.86806 39.146 3.86872
4.875 39.2715 3.88051
4.88194 39.3962 3.89231
4.88889 39.5196 3.90411
4.89583 39.6416 3.9159
4.90278 39.7619 3.9277
4.90972 39.8804 3.9395
4.91667 39.9969 3.95129
4.92361 40.1111 3.96309
4.93056 40.2229 3.97488
4.9375 40.3321 3.98668
4.94444 40.4386 3.99848
4.95139 40.5424 4.00927
4.95833 40.6432 4.01206
4.96528 40.7411 4.01485
4.97222 40.8359 4.01764
4.97917 40.9276 4.02043
4.98611 41.0163 4.02323
4.99306 41.1019 4.02602
5 41.1844 4.02881
5.00694 41.2638 4.0316
5.01389 41.3404 4.03439
5.02083 41.414 4.03719
5.02778 41.4848 4.03998
5.03472 41.553 4.04277
5.04167 41.6186 4.04556
5.04861 41.6818 4.04836
5.05556 41.7427 4.05115
5.0625 41.8016 4.05394
5.06944 41.8586 4.05673
5.07639 41.9139 4.05952
5.08333 41.9677 4.06232
5.09028 42.0203 4.06511
5.09722 42.0717 4.0679
5.10417 42.1223 4.07069
5.11111 42.1723 4.07349
5.11806 42.2218 4.07628
5.125 42.2712 4.07907
5.13194 42.3205 4.08186
5.13889 42.3702 4.08465
5.14583 42.4202 4.08745
5.15278 42.4709 4.09024
5.15972 42.5224 4.09303
5.16667 42.575 4.09582
5.17361 42.6286 4.09861
5.18056 42.6836 4.10141
5.1875 42.7401 4.1042
5.19444 42.7981 4.10699
5.20139 42.8578 4.10978
5.20833 42.9193 4.11258
5.21528 42.9825 4.11537
5.22222 43.0476 4.11816
5.22917 43.1146 4.12095
5.23611 43.1835 4.12374
5.24306 43.2543 4.12654
5.25 43.3269 4.12933
5.25694 43.4012 4.13212
5.26389 43.4773 4.13491
5.27083 43.5549 4.1377
5.27778 43.6341 4.1405
5.28472 43.7146 4.14329
5.29167 43.7964 4.14608
5.29861 43.8792 4.14887
5.30556 43.9629 4.15167
5.3125 44.0473 4.15446
5.31944 44.1322 4.15725
5.32639 44.2175 4.16004
5.33333 44.3029 4.16283
5.34028 44.3881 4.16563
5.34722 44.4731 4.16842
5.35417 44.5575 4.17121
5.36111 44.6412 4.174
5.36806 44.7239 4.1768
5.375 44.8055 4.17959
5.38194 44.8857 4.18238
5.38889 44.9643 4.18517
5.39583 45.0412 4.18796
5.40278 45.1163 4.19076
5.40972 45.1892 4.19355
5.41667 45.26 4.19634
5.42361 45.3284 4.19913
5.43056 45.3945 4.20192
5.4375 45.4579 4.20472
5.44444 45.5188 4.20751
5.45139 45.5771 4.2103
5.45833 45.6327 4.22323
5.46528 45.6856 4.23635
5.47222 45.7359 4.24948
5.47917 45.7835 4.26261
5.48611 45.8286 4.27573
5.49306 45.8712 4.28886
5.5 45.9114 4.30199
5.50694 45.9493 4.31512
5.51389 45.9852 4.32824
5.52083 46.0191 4.34137
5.52778 46.0513 4.3545
5.53472 46.082 4.36762
5.54167 46.1113 4.38075
5.54861 46.1396 4.39388
5.55556 46.167 4.40701
5.5625 46.1939 4.42013
5.56944 46.2205 4.43326
5.57639 46.2471 4.44639
5.58333 46.2741 4.45951
5.59028 46.3017 4.47264
5.59722 46.3302 4.48577
5.60417 46.3599 4.49889
5.61111 46.3912 4.51202
5.61806 46.4243 4.52515
5.625 46.4595 4.53828
5.63194 46.4972 4.5514
5.63889 46.5376 4.56453
5.64583 46.581 4.57766
5.65278 46.6276 4.59078
5.65972 46.6777 4.60391
5.66667 46.7315 4.61704
5.67361 46.7892 4.63017
5.68056 46.8509 4.64329
5.6875 46.9169 4.65642
5.69444 46.9873 4.66955
5.70139 47.0621 4.68267
5.70833 47.1414 4.6958
5.71528 47.2254 4.70893
5.72222 47.314 4.72205
5.72917 47.4072 4.73518
5.73611 47.505 4.74831
5.74306 47.6073 4.76144
5.75 47.714 4.77456
5.75694 47.8251 4.78769
5.76389 47.9404 4.80082
5.77083 48.0597 4.81394
5.77778 48.1828 4.82707
5.78472 48.3095 4.8402
5.79167 48.4396 4.85333
5.79861 48.5728 4.86645
5.80556 48.7089 4.87958
5.8125 48.8475 4.89271
5.81944 48.9884 4.90583
5.82639 49.1313 4.91896
5.83333 49.2758 4.93209
5.84028 49.4216 4.94521
5.84722 49.5684 4.95834
5.85417 49.7159 4.97147
5.86111 49.8636 4.9846
5.86806 50.0113 4.99772
5.875 50.1586 5.01085
5.88194 50.3052 5.02398
5.88889 50.4508 5.0371
5.89583 50.5952 5.05023
5.90278 50.7378 5.06336
5.90972 50.8786 5.07649
5.91667 51.0173 5.08961
5.92361 51.1535 5.10274
5.93056 51.2871 5.11587
5.9375 51.4178 5.12899
5.94444 51.5454 5.14212
5.95139 51.6698 5.15525
5.95833 51.7909 5.16403
5.96528 51.9084 5.16325
5.97222 52.0224 5.16247
5.97917 52.1326 5.16168
5.98611 52.2391 5.1609
5.99306 52.3419 5.16012
6 52.4409 5.15933
6.00694 52.5361 5.15855
6.01389 52.6276 5.15777
6.02083 52.7154 5.15698
6.02778 52.7997 5.1562
6.03472 52.8806 5.15541
6.04167 52.9581 5.15463
6.04861 53.0324 5.15385
6.05556 53.1038 5.15306
6.0625 53.1723 5.15228
6.06944 53.2382 5.1515
6.07639 53.3017 5.15071
6.08333 53.3631 5.14993
6.09028 53.4225 5.14915
6.09722 53.4803 5.14836
6.10417 53.5366 5.14758
6.11111 53.5918 5.1468
6.11806 53.646 5.14601
6.125 53.6997 5.14523
6.13194 53.7529 5.14444
6.13889 53.8061 5.14366
6.14583 53.8594 5.14288
6.15278 53.9131 5.14209
6.15972 53.9674 5.14131
6.16667 54.0226 5.14053
6.17361 54.0789 5.13974
6.18056 54.1364 5.13896
6.1875 54.1954 5.13818
6.19444 54.256 5.13739
6.20139 54.3183 5.13661
6.20833 54.3826 5.13583
6.21528 54.4488 5.13504
6.22222 54.5171 5.13426
6.22917 54.5875 5.13348
6.23611 54.66 5.13269
6.24306 54.7347 5.13191
6.25 54.8115 5.13112
6.25694 54.8904 5.13034
6.26389 54.9714 5.12956
6.27083 55.0543 5.12877
6.27778 55.139 5.12799
6.28472 55.2255 5.12721
6.29167 55.3135 5.12642
6.29861 55.4029 5.12564
6.30556 55.4935 5.12486
6.3125 55.5851 5.12407
6.31944 55.6774 5.12329
6.32639 55.7704 5.12251
6.33333 55.8636 5.12172
6.34028 55.9569 5.12094
6.34722 56.05 5.12015
6.35417 56.1427 5.11937
6.36111 56.2348 5.11859
6.36806 56.3258 5.1178
6.375 56.4157 5.11702
6.38194 56.5041 5.11624
6.38889 56.5909 5.11545
6.39583 56.6758 5.11467
6.40278 56.7585 5.11389
6.40972 56.839 5.1131
6.41667 56.9169 5.11232
6.42361 56.9921 5.11154
6.43056 57.0646 5.11075
6.4375 57.134 5.10997
6.44444 57.2004 5.10919
6.45139 57.2637 5.1084
6.45833 57.3238 5.11378
6.46528 57.3806 5.12914
6.47222 57.4342 5.14449
6.47917 57.4846 5.15984
6.48611 57.5317 5.1752
6.49306 57.5758 5.19055
6.5 57.6168 5.2059
6.50694 57.655 5.22126
6.51389 57.6904 5.23661
6.52083 57.7232 5.25196
6.52778 57.7536 5.26732
6.53472 57.782 5.28267
6.54167 57.8084 5.29802
6.54861 57.8332 5.31338
6.55556 57.8566 5.32873
6.5625 57.879 5.34409
6.56944 57.9006 5.35944
6.57639 57.9219 5.37479
6.58333 57.9431 5.39015
6.59028 57.9646 5.4055
6.59722 57.9868 5.42085
6.60417 58.01 5.43621
6.61111 58.0346 5.45156
6.61806 58.061 5.46691
6.625 58.0895 5.48227
6.63194 58.1205 5.49762
6.63889 58.1544 5.51297
6.64583 58.1914 5.52833
6.65278 58.2319 5.54368
6.65972 58.2762 5.55904
6.66667 58.3246 5.57439
6.67361 58.3773 5.58974
6.68056 58.4347 5.6051
6.6875 58.4969 5.62045
6.69444 58.5641 5.6358
6.70139 58.6365 5.65116
6.70833 58.7142 5.66651
6.71528 58.7974 5.68186
6.72222 58.886 5.69722
6.72917 58.9801 5.71257
6.73611 59.0798 5.72792
6.74306 59.185 5.74328
6.75 59.2957 5.75863
6.75694 59.4117 5.77399
6.76389 59.5329 5.78934
6.77083 59.6592 5.80469
6.77778 59.7904 5.82005
6.78472 59.9263 5.8354
6.79167 60.0666 5.85075
6.79861 60.211 5.86611
6.80556 60.3594 5.88146
6.8125 60.5113 5.89681
6.81944 60.6664 5.91217
6.82639 60.8244 5.92752
6.83333 60.9849 5.94287
6.84028 61.1476 5.95823
6.84722 61.3121 5.97358
6.85417 61.4779 5.98894
6.86111 61.6447 6.00429
6.86806 61.8121 6.01964
6.875 61.9797 6.035
6.88194 62.147 6.05035
6.88889 62.3138 6.0657
6.89583 62.4797 6.08106
6.90278 62.6442 6.09641
6.90972 62.807 6.11176
6.91667 62.9678 6.12712
6.92361 63.1263 6.14247
6.93056 63.2822 6.15782
6.9375 63.4351 6.17318
6.94444 63.5849 6.18853
6.95139 63.7312 6.20388
6.95833 63.874 6.21924
6.96528 64.0129 6.23459
6.97222 64.1479 6.24835
6.97917 64.2788 6.24512
6.98611 64.4054 6.24189
6.99306 64.5278 6.23865
7 64.6459 6.23542
7.00694 64.7597 6.23219
7.01389 64.8691 6.22895
7.02083 64.9742 6.22572
7.02778 65.0751 6.22249
7.03472 65.1719 6.21926
7.04167 65.2646 6.21602
7.04861 65.3535 6.21279
7.05556 65.4387 6.20956
7.0625 65.5203 6.20632
7.06944 65.5985 6.20309
7.07639 65.6737 6.19986
7.08333 65.746 6.19662
7.09028 65.8157 6.19339
7.09722 65.8831 6.19016
7.10417 65.9484 6.18693
7.11111 66.0119 6.18369
7.11806 66.074 6.18046
7.125 66.1349 6.17723
7.13194 66.1948 6.17399
7.13889 66.2542 6.17076
7.14583 66.3133 6.16753
7.15278 66.3724 6.1643
7.15972 66.4318 6.16106
7.16667 66.4917 6.15783
7.17361 66.5524 6.1546
7.18056 66.6142 6.15136
7.1875 66.6772 6.14813
7.19444 66.7417 6.1449
7.20139 66.8079 6.14167
7.20833 66.8759 6.13843
7.21528 66.9459 6.1352
7.22222 67.0179 6.13197
7.22917 67.0922 6.12873
7.23611 67.1687 6.1255
7.24306 67.2474 6.12227
7.25 67.3285 6.11903
7.25694 67.4119 6.1158
7.26389 67.4975 6.11257
7.27083 67.5852 6.10934
7.27778 67.675 6.1061
7.28472 67.7668 6.10287
7.29167 67.8604 6.09964
7.29861 67.9556 6.0964
7.30556 68.0523 6.09317
7.3125 68.1503 6.08994
7.31944 68.2492 6.08671
7.32639 68.349 6.08347
7.33333 68.4492 6.08024
7.34028 68.5497 6.07701
7.34722 68.6502 6.07377
7.35417 68.7505 6.07054
7.36111 68.8501 6.06731
7.36806 68.9489 6.06408
7.375 69.0465 6.06084
7.38194 69.1427 6.05761
7.38889 69.2371 6.05438
7.39583 69.3297 6.05114
7.40278 69.4199 6.04791
7.40972 69.5077 6.04468
7.41667 69.5929 6.04144
7.42361 69.6751 6.03821
7.43056 69.7542 6.03498
7.4375 69.83 6.03175
7.44444 69.9024 6.02851
7.45139 69.9713 6.02528
7.45833 70.0366 6.02205
7.46528 70.0982 6.00945
7.47222 70.1561 5.99431
7.47917 70.2102 5.97916
7.48611 70.2606 5.96402
7.49306 70.3074 5.94888
7.5 70.3505 5.93373
7.50694 70.3902 5.91859
7.51389 70.4266 5.90345
7.52083 70.4597 5.8883
7.52778 70.49 5.87316
7.53472 70.5174 5.85802
7.54167 70.5424 5.84288
7.54861 70.5652 5.82773
7.55556 70.5861 5.81259
7.5625 70.6054 5.79745
7.56944 70.6234 5.7823
7.57639 70.6406 5.76716
7.58333 70.6573 5.75202
7.59028 70.6738 5.73687
7.59722 70.6907 5.72173
7.60417 70.7083 5.70659
7.61111 70.7269 5.69144
7.61806 70.7472 5.6763
7.625 70.7693 5.66116
7.63194 70.7938 5.64601
7.63889 70.8211 5.63087
7.64583 70.8516 5.61573
7.65278 70.8857 5.60058
7.65972 70.9236 5.58544
7.66667 70.9658 5.5703
7.67361 71.0127 5.55515
7.68056 71.0645 5.54001
7.6875 71.1214 5.52487
7.69444 71.1839 5.50972
7.70139 71.252 5.49458
7.70833 71.326 5.47944
7.71528 71.406 5.46429
7.72222 71.4922 5.44915
7.72917 71.5847 5.43401
7.73611 71.6834 5.41886
7.74306 71.7885 5.40372
7.75 71.8999 5.38858
7.75694 72.0176 5.37343
7.76389 72.1414 5.35829
7.77083 72.2712 5.34315
7.77778 72.4069 5.328
7.78472 72.5483 5.31286
7.79167 72.6951 5.29772
7.79861 72.8471 5.28257
7.80556 73.0039 5.26743
7.8125 73.1654 5.25229
7.81944 73.331 5.23714
7.82639 73.5005 5.222
7.83333 73.6735 5.20686
7.84028 73.8496 5.19171
7.84722 74.0283 5.17657
7.85417 74.2092 5.16143
7.86111 74.392 5.14628
7.86806 74.5761 5.13114
7.875 74.7611 5.116
7.88194 74.9467 5.10086
7.88889 75.1322 5.08571
7.89583 75.3174 5.07057
7.90278 75.5018 5.05543
7.90972 75.6849 5.04028
7.91667 75.8664 5.02514
7.92361 76.0459 5.01
7.93056 76.223 4.99485
7.9375 76.3974 4.97971
7.94444 76.5688 4.96457
7.95139 76.7369 4.94942
7.95833 76.9013 4.93428
7.96528 77.0619 4.91914
7.97222 77.2184 4.90399
7.97917 77.3706 4.88885
7.98611 77.5185 4.87371
7.99306 77.6618 4.85856
8 77.8004 4.84342
8.00694 77.9344 4.82828
8.01389 78.0636 4.81313
8.02083 78.1881 4.79799
8.02778 78.3078 4.78285
8.03472 78.423 4.7677
8.04167 78.5335 4.75256
8.04861 78.6396 4.73742
8.05556 78.7414 4.76119
8.0625 78.839 4.79904
8.06944 78.9327 4.83689
8.07639 79.0226 4.87474
8.08333 79.1091 4.9126
8.09028 79.1923 4.95045
8.09722 79.2725 4.9883
8.10417 79.35 5.02616
8.11111 79.4252 5.06401
8.11806 79.4982 5.10186
8.125 79.5695 5.13972
8.13194 79.6393 5.17757
8.13889 79.708 5.21542
8.14583 79.7759 5.25327
8.15278 79.8432 5.29113
8.15972 79.9104 5.32898
8.16667 79.9777 5.36683
8.17361 80.0454 5.40469
8.18056 80.1138 5.44254
8.1875 80.1831 5.48039
8.19444 80.2535 5.51825
8.20139 80.3254 5.5561
8.20833 80.3989 5.59395
8.21528 80.4742 5.63181
8.22222 80.5515 5.66966
8.22917 80.6308 5.70751
8.23611 80.7122 5.74536
8.24306 80.7959 5.78322
8.25 80.8819 5.82107
8.25694 80.9702 5.85892
8.26389 81.0607 5.89678
8.27083 81.1535 5.93463
8.27778 81.2485 5.97248
8.28472 81.3455 6.01034
8.29167 81.4445 6.04819
8.29861 81.5452 6.08604
8.30556 81.6475 6.12389
8.3125 81.7513 6.16175
8.31944 81.8562 6.1996
8.32639 81.962 6.23745
8.33333 82.0686 6.27531
8.34028 82.1755 6.31316
8.34722 82.2826 6.35101
8.35417 82.3895 6.38887
8.36111 82.4959 6.42672
8.36806 82.6016 6.46457
8.375 82.7061 6.50242
8.38194 82.8093 6.54028
8.38889 82.9108 6.57813
8.39583 83.0104 6.61598
8.40278 83.1076 6.65384
8.40972 83.2024 6.69169
8.41667 83.2943 6.72954
8.42361 83.3832 6.7674
8.43056 83.4688 6.80525
8.4375 83.551 6.8431
8.44444 83.6296 6.88096
8.45139 83.7043 6.91881
8.45833 83.7751 6.95666
8.46528 83.842 6.99406
8.47222 83.9047 7.02931
8.47917 83.9633 7.06457
8.48611 84.0178 7.09983
8.49306 84.0682 7.13509
8.5 84.1146 7.17035
8.50694 84.157 7.20561
8.51389 84.1956 7.24087
8.52083 84.2306 7.27612
8.52778 84.262 7.31138
8.53472 84.2902 7.34664
8.54167 84.3154 7.3819
8.54861 84.3379 7.41716
8.55556 84.3579 7.45242
8.5625 84.3759 7.48767
8.56944 84.3921 7.52293
8.57639 84.4069 7.55819
8.58333 84.4208 7.59345
8.59028 84.4341 7.62871
8.59722 84.4473 7.66397
8.60417 84.4608 7.69922
8.61111 84.4751 7.73448
8.61806 84.4906 7.76974
8.625 84.5077 7.805
8.63194 84.527 7.84026
8.63889 84.5488 7.87552
8.64583 84.5737 7.91077
8.65278 84.602 7.94603
8.65972 84.6342 7.98129
8.66667 84.6706 8.01655
8.67361 84.7117 8.05181
8.68056 84.7579 8.08707
8.6875 84.8094 8.12232
8.69444 84.8666 8.15758
8.70139 84.9298 8.19284
8.70833 84.9992 8.2281
8.71528 85.075 8.26336
8.72222 85.1574 8.29862
8.72917 85.2466 8.33387
8.73611 85.3426 8.36913
8.74306 85.4456 8.40439
8.75 85.5555 8.43965
8.75694 85.6724 8.47491
8.76389 85.7961 8.51017
8.77083 85.9267 8.54542
8.77778 86.0639 8.58068
8.78472 86.2076 8.61594
8.79167 86.3577 8.6512
8.79861 86.5137 8.68646
8.80556 86.6756 8.72172
8.8125 86.8429 8.75697
8.81944 87.0153 8.79223
8.82639 87.1926 8.82749
8.83333 87.3742 8.86275
8.84028 87.5598 8.89801
8.84722 87.749 8.93327
8.85417 87.9413 8.96853
8.86111 88.1363 9.00378
8.86806 88.3334 9.03904
8.875 88.5323 9.0743
8.88194 88.7324 9.10956
8.88889 88.9334 9.14482
8.89583 89.1346 9.18008
8.90278 89.3357 9.21533
8.90972 89.5362 9.25059
8.91667 89.7356 9.28585
8.92361 89.9335 9.32111
8.93056 90.1295 9.35637
8.9375 90.3232 9.39163
8.94444 90.5142 9.42688
8.95139 90.7022 9.46214
8.95833 90.8868 9.4974
8.96528 91.0678 9.53266
8.97222 91.2448 9.51356
8.97917 91.4177 9.48788
8.98611 91.5862 9.46221
8.99306 91.7501 9.43653
9 91.9093 9.41086
9.00694 92.0637 9.38518
9.01389 92.2131 9.3595
9.02083 92.3577 9.33383
9.02778 92.4972 9.30815
9.03472 92.6318 9.28248
9.04167 92.7615 9.2568
9.04861 92.8863 9.23113
9.05556 93.0065 9.20545
9.0625 93.122 9.17977
9.06944 93.2332 9.1541
9.07639 93.3402 9.12842
9.08333 93.4431 9.10275
9.09028 93.5423 9.07707
9.09722 93.638 9.05139
9.10417 93.7304 9.02572
9.11111 93.8199 9.00004
9.11806 93.9068 8.97437
9.125 93.9914 8.94869
9.13194 94.0739 8.92302
9.13889 94.1548 8.89734
9.14583 94.2343 8.87166
9.15278 94.3128 8.84599
9.15972 94.3906 8.82031
9.16667 94.4681 8.79464
9.17361 94.5454 8.76896
9.18056 94.623 8.74328
9.1875 94.7011 8.71761
9.19444 94.78 8.69193
9.20139 94.86 8.66626
9.20833 94.9411 8.64058
9.21528 95.0238 8.6149
9.22222 95.1081 8.58923
9.22917 95.1942 8.56355
9.23611 95.2822 8.53788
9.24306 95.3723 8.5122
9.25 95.4645 8.48653
9.25694 95.5588 8.46085
9.26389 95.6552 8.43517
9.27083 95.7538 8.4095
9.27778 95.8545 8.38382
9.28472 95.9572 8.35815
9.29167 96.0618 8.33247
9.29861 96.1682 8.30679
9.30556 96.2762 8.28112
9.3125 96.3856 8.25544
9.31944 96.4963 8.22977
9.32639 96.6079 8.20409
9.33333 96.7202 8.17841
9.34028 96.833 8.15274
9.34722 96.946 8.12706
9.35417 97.0589 8.10139
9.36111 97.1714 8.07571
9.36806 97.2832 8.05004
9.375 97.3939 8.02436
9.38194 97.5033 7.99868
9.38889 97.611 7.97301
9.39583 97.7167 7.94733
9.40278 97.8202 7.92166
9.40972 97.9212 7.89598
9.41667 98.0192 7.8703
9.42361 98.1142 7.84463
9.43056 98.2059 7.81895
9.4375 98.2939 7.79328
9.44444 98.3783 7.7676
9.45139 98.4586 7.74192
9.45833 98.5349 7.71625
9.46528 98.6069 7.69057
9.47222 98.6747 7.85681
9.47917 98.7381 8.16533
9.48611 98.797 8.47386
9.49306 98.8516 8.78238
9.5 98.9019 9.09091
9.50694 98.9478 9.39943
9.51389 98.9896 9.70796
9.52083 99.0273 10.0165
9.52778 99.0612 10.325
9.53472 99.0914 10.6335
9.54167 99.1183 10.9421
9.54861 99.1419 11.2506
9.55556 99.1627 11.5591
9.5625 99.181 11.8676
9.56944 99.1972 12.1762
9.57639 99.2115 12.4847
9.58333 99.2245 12.7932
9.59028 99.2365 13.1017
9.59722 99.248 13.4103
9.60417 99.2594 13.7188
9.61111 99.2712 14.0273
9.61806 99.2839 14.3358
9.625 99.2979 14.6444
9.63194 99.3138 14.9529
9.63889 99.3319 15.0984
9.64583 99.3528 15.0111
9.65278 99.377 14.9237
9.65972 99.4049 14.8364
9.66667 99.4369 14.7491
9.67361 99.4735 14.6618
9.68056 99.5151 14.5745
9.6875 99.5621 14.4872
9.69444 99.6147 14.3999
9.70139 99.6734 14.3126
9.70833 99.7385 14.2253
9.71528 99.8102 14.138
9.72222 99.8887 14.0507
9.72917 99.9742 13.9634
9.73611 100.067 13.8761
9.74306 100.167 13.7888
9.75 100.274 13.7015
9.75694 100.389 13.6142
9.76389 100.511 13.5268
9.77083 100.641 13.4395
9.77778 100.777 13.3522
9.78472 100.921 13.2649
9.79167 101.072 13.1776
9.79861 101.23 13.0903
9.80556 101.394 13.003
9.8125 101.564 12.9157
9.81944 101.74 12.8284
9.82639 101.922 12.7411
9.83333 102.109 12.6538
9.84028 102.3 12.5665
9.84722 102.496 12.4792
9.85417 102.696 12.3919
9.86111 102.899 12.3046
9.86806 103.106 12.2173
9.875 103.315 12.1299
9.88194 103.526 12.0426
9.88889 103.738 11.9553
9.89583 103.951 11.868
9.90278 104.165 11.7807
9.90972 104.379 11.6934
9.91667 104.593 11.6061
9.92361 104.806 11.5188
9.93056 105.017 11.4315
9.9375 105.227 11.3442
9.94444 105.435 11.2569
9.95139 105.64 11.1696
9.95833 105.842 11.0823
9.96528 106.04 10.995
9.97222 106.236 10.9231
9.97917 106.427 10.8872
9.98611 106.614 10.8513
9.99306 106.797 10.8154
10 106.975 10.7795
10.0069 107.148 10.7435
10.0139 107.317 10.7076
10.0208 107.481 10.6717
10.0278 107.639 10.6358
10.0347 107.793 10.5999
10.0417 107.942 10.564
10.0486 108.085 10.5281
10.0556 108.224 10.4922
10.0625 108.358 10.4563
10.0694 108.488 10.4204
10.0764 108.612 10.3845
10.0833 108.733 10.3485
10.0903 108.849 10.3126
10.0972 108.962 10.2767
10.1042 109.071 10.2408
10.1111 109.177 10.2049
10.1181 109.279 10.169
10.125 109.379 10.1331
10.1319 109.476 10.0972
10.1389 109.572 10.0613
10.1458 109.665 10.0254
10.1528 109.757 9.98946
10.1597 109.848 9.95355
10.1667 109.938 9.91764
10.1736 110.027 9.88173
10.1806 110.116 9.84583
10.1875 110.206 9.80992
10.1944 110.295 9.77401
10.2014 110.386 9.7381
10.2083 110.477 9.70219
10.2153 110.569 9.66628
10.2222 110.662 9.63037
10.2292 110.757 9.59446
10.2361 110.853 9.55856
10.2431 110.952 9.52265
10.25 111.052 9.48674
10.2569 111.153 9.45083
10.2639 111.257 9.41492
10.2708 111.363 9.37901
10.2778 111.47 9.3431
10.2847 111.579 9.3072
10.2917 111.69 9.27129
10.2986 111.803 9.23538
10.3056 111.917 9.19947
10.3125 112.032 9.16356
10.3194 112.149 9.12765
10.3264 112.266 9.09174
10.3333 112.384 9.05583
10.3403 112.503 9.01993
10.3472 112.621 8.98402
10.3542 112.74 8.94811
10.3611 112.858 8.9122
10.3681 112.975 8.87629
10.375 113.091 8.84038
10.3819 113.206 8.80447
10.3889 113.319 8.76857
10.3958 113.43 8.73266
10.4028 113.539 8.69675
10.4097 113.645 8.66084
10.4167 113.749 8.62493
10.4236 113.849 8.58902
10.4306 113.946 8.55311
10.4375 114.039 8.5172
10.4444 114.129 8.4813
10.4514 114.214 8.44539
10.4583 114.295 8.40948
10.4653 114.372 8.37357
10.4722 114.444 8.33766
10.4792 114.512 8.35206
10.4861 114.576 8.36778
10.4931 114.635 8.38349
10.5 114.689 8.39921
10.5069 114.739 8.41492
10.5139 114.784 8.43064
10.5208 114.825 8.44635
10.5278 114.862 8.46207
10.5347 114.895 8.47778
10.5417 114.924 8.4935
10.5486 114.95 8.50921
10.5556 114.973 8.52493
10.5625 114.993 8.54064
10.5694 115.011 8.55636
10.5764 115.026 8.57207
10.5833 115.04 8.58779
10.5903 115.052 8.6035
10.5972 115.064 8.61922
10.6042 115.075 8.63493
10.6111 115.087 8.65065
10.6181 115.099 8.66636
10.625 115.112 8.68208
10.6319 115.126 8.69779
10.6389 115.143 8.71351
10.6458 115.162 8.72922
10.6528 115.184 8.74494
10.6597 115.21 8.76065
10.6667 115.239 8.77637
10.6736 115.273 8.79208
10.6806 115.312 8.8078
10.6875 115.356 8.82351
10.6944 115.406 8.83923
10.7014 115.462 8.85494
10.7083 115.524 8.87066
10.7153 115.592 8.88637
10.7222 115.668 8.90209
10.7292 115.75 8.9178
10.7361 115.84 8.93351
10.7431 115.938 8.94923
10.75 116.043 8.96494
10.7569 116.155 8.98066
10.7639 116.276 8.99637
10.7708 116.404 9.01209
10.7778 116.539 9.0278
10.7847 116.682 9.04352
10.7917 116.832 9.05923
10.7986 116.99 9.07495
10.8056 117.154 9.09066
10.8125 117.326 9.10638
10.8194 117.503 9.12209
10.8264 117.687 9.13781
10.8333 117.876 9.15352
10.8403 118.071 9.16924
10.8472 118.271 9.18495
10.8542 118.475 9.20067
10.8611 118.684 9.21638
10.8681 118.896 9.2321
10.875 119.111 9.24781
10.8819 119.329 9.26353
10.8889 119.549 9.27924
10.8958 119.771 9.29496
10.9028 119.994 9.31067
10.9097 120.218 9.32639
10.9167 120.442 9.3421
10.9236 120.666 9.35782
10.9306 120.889 9.37353
10.9375 121.111 9.38925
10.9444 121.331 9.40496
10.9514 121.549 9.42068
10.9583 121.765 9.43639
10.9653 121.978 9.45211
10.9722 122.187 9.46782
10.9792 122.394 9.48354
10.9861 122.596 9.49925
10.9931 122.795 9.51497
11 122.989 9.53068
11.0069 123.179 9.5464
11.0139 123.364 9.56211
11.0208 123.545 9.57332
11.0278 123.721 9.57287
11.0347 123.891 9.57241
11.0417 124.057 9.57195
11.0486 124.218 9.5715
11.0556 124.375 9.57104
11.0625 124.526 9.57058
11.0694 124.673 9.57013
11.0764 124.815 9.56967
11.0833 124.953 9.56921
11.0903 125.086 9.56876
11.0972 125.216 9.5683
11.1042 125.341 9.56784
11.1111 125.463 9.56739
11.1181 125.582 9.56693
11.125 125.698 9.56647
11.1319 125.811 9.56602
11.1389 125.922 9.56556
11.1458 126.03 9.5651
11.1528 126.137 9.56465
11.1597 126.242 9.56419
11.1667 126.346 9.56373
11.1736 126.449 9.56327
11.1806 126.551 9.56282
11.1875 126.653 9.56236
11.1944 126.755 9.5619
11.2014 126.858 9.56145
11.2083 126.96 9.56099
11.2153 127.064 9.56053
11.2222 127.168 9.56008
11.2292 127.273 9.55962
11.2361 127.38 9.55916
11.2431 127.488 9.55871
11.25 127.597 9.55825
11.2569 127.707 9.55779
11.2639 127.82 9.55734
11.2708 127.934 9.55688
11.2778 128.049 9.55642
11.2847 128.166 9.55597
11.2917 128.284 9.55551
11.2986 128.404 9.55505
11.3056 128.525 9.5546
11.3125 128.646 9.55414
11.3194 128.769 9.55368
11.3264 128.893 9.55322
11.3333 129.016 9.55277
11.3403 129.141 9.55231
11.3472 129.265 9.55185
11.3542 129.388 9.5514
11.3611 129.512 9.55094
11.3681 129.634 9.55048
11.375 129.755 9.55003
11.3819 129.875 9.54957
11.3889 129.993 9.54911
11.3958 130.108 9.54866
11.4028 130.222 9.5482
11.4097 130.333 9.54774
11.4167 130.44 9.54729
11.4236 130.545 9.54683
11.4306 130.646 9.54637
11.4375 130.744 9.54592
11.4444 130.837 9.54546
11.4514 130.927 9.545
11.4583 131.012 9.54455
11.4653 131.093 9.54409
11.4722 131.169 9.54363
11.4792 131.241 9.54318
11.4861 131.308 9.54272
11.4931 131.371 9.54226
11.5 131.429 9.66391
11.5069 131.482 9.78606
11.5139 131.531 9.90821
11.5208 131.575 10.0304
11.5278 131.615 10.1525
11.5347 131.652 10.2747
11.5417 131.684 10.3968
11.5486 131.713 10.5189
11.5556 131.738 10.6411
11.5625 131.761 10.7632
11.5694 131.781 10.8854
11.5764 131.798 11.0075
11.5833 131.814 11.1297
11.5903 131.829 11.2518
11.5972 131.842 11.374
11.6042 131.855 11.4961
11.6111 131.867 11.6183
11.6181 131.88 11.7404
11.625 131.894 11.8626
11.6319 131.91 11.9847
11.6389 131.927 12.1069
11.6458 131.946 12.229
11.6528 131.968 12.3512
11.6597 131.994 12.4733
11.6667 132.023 12.5955
11.6736 132.057 12.7176
11.6806 132.095 12.8398
11.6875 132.139 12.9619
11.6944 132.188 13.0841
11.7014 132.243 13.2062
11.7083 132.304 13.3284
11.7153 132.371 13.4505
11.7222 132.446 13.5726
11.7292 132.527 13.6948
11.7361 132.616 13.8169
11.7431 132.712 13.9391
11.75 132.816 14.0612
11.7569 132.927 14.1834
11.7639 133.046 14.3055
11.7708 133.173 14.4277
11.7778 133.308 14.5498
11.7847 133.45 14.672
11.7917 133.6 14.7941
11.7986 133.757 14.9163
11.8056 133.922 15.0384
11.8125 134.093 15.1606
11.8194 134.271 15.2827
11.8264 134.456 15.4049
11.8333 134.647 15.527
11.8403 134.843 15.6492
11.8472 135.045 15.7713
11.8542 135.252 15.8935
11.8611 135.463 16.0156
11.8681 135.678 16.1378
11.875 135.897 16.2599
11.8819 136.119 16.3821
11.8889 136.344 16.5042
11.8958 136.571 16.6263
11.9028 136.8 16.7485
11.9097 137.03 16.8209
11.9167 137.261 16.8247
11.9236 137.492 16.8284
11.9306 137.722 16.8322
11.9375 137.952 16.836
11.9444 138.181 16.8397
11.9514 138.409 16.8435
11.9583 138.634 16.8473
11.9653 138.857 16.851
11.9722 139.078 16.8548
11.9792 139.295 16.8586
11.9861 139.509 16.8623
11.9931 139.72 16.8661
12 139.927 16.8699
12.0069 140.129 16.8736
12.0139 140.328 16.8774
12.0208 140.522 16.8811
12.0278 140.711 16.8849
12.0347 140.896 16.8887
12.0417 141.076 16.8924
12.0486 141.252 16.8962
12.0556 141.423 16.9
12.0625 141.589 16.9037
12.0694 141.751 16.9075
12.0764 141.908 16.9113
12.0833 142.061 16.915
12.0903 142.21 16.9188
12.0972 142.355 16.9226
12.1042 142.496 16.9263
12.1111 142.633 16.9301
12.1181 142.767 16.9338
12.125 142.898 16.9376
12.1319 143.026 16.9414
12.1389 143.152 16.9451
12.1458 143.275 16.9489
12.1528 143.396 16.9527
12.1597 143.516 16.9564
12.1667 143.634 16.9602
12.1736 143.751 16.964
12.1806 143.867 16.9677
12.1875 143.982 16.9715
12.1944 144.098 16.9752
12.2014 144.213 16.979
12.2083 144.328 16.9828
12.2153 144.443 16.9865
12.2222 144.559 16.9903
12.2292 144.676 16.9941
12.2361 144.793 16.9978
12.2431 144.912 17.0016
12.25 145.031 17.0054
12.2569 145.152 17.0091
12.2639 145.273 17.0129
12.2708 145.396 17.0167
12.2778 145.52 17.0204
12.2847 145.646 17.0242
12.2917 145.772 17.0279
12.2986 145.899 17.0317
12.3056 146.027 17.0355
12.3125 146.156 17.0392
12.3194 146.285 17.043
12.3264 146.415 17.0468
12.3333 146.545 17.0505
12.3403 146.675 17.0543
12.3472 146.804 17.0581
12.3542 146.933 17.0618
12.3611 147.061 17.0656
12.3681 147.188 17.0694
12.375 147.314 17.0731
12.3819 147.438 17.0769
12.3889 147.56 17.0806
12.3958 147.68 17.0844
12.4028 147.797 17.0882
12.4097 147.911 17.0919
12.4167 148.023 17.0957
12.4236 148.131 17.0995
12.4306 148.235 17.1032
12.4375 148.336 17.107
12.4444 148.433 17.1108
12.4514 148.525 17.1145
12.4583 148.613 17.1183
12.4653 148.697 17.1221
12.4722 148.776 17.1258
12.4792 148.851 17.1296
12.4861 148.921 17.1333
12.4931 148.987 17.1371
12.5 149.047 17.1409
12.5069 149.103 17.1446
12.5139 149.155 17.1484
12.5208 149.202 17.1522
12.5278 149.245 17.1559
12.5347 149.284 17.1597
12.5417 149.32 17.1635
12.5486 149.351 17.1672
12.5556 149.379 17.171
12.5625 149.405 17.1748
12.5694 149.428 17.1785
12.5764 149.448 17.1823
12.5833 149.466 17.186
12.5903 149.484 17.1898
12.5972 149.5 17.1936
12.6042 149.515 17.1973
12.6111 149.53 17.2011
12.6181 149.546 17.2049
12.625 149.562 17.2086
12.6319 149.58 17.2124
12.6389 149.599 17.2162
12.6458 149.621 17.2199
12.6528 149.646 17.2237
12.6597 149.673 17.2275
12.6667 149.705 17.2312
12.6736 149.74 17.235
12.6806 149.78 17.2387
12.6875 149.825 17.2425
12.6944 149.876 17.2463
12.7014 149.932 17.25
12.7083 149.995 17.2538
12.7153 150.064 17.2576
12.7222 150.139 17.2613
12.7292 150.222 17.2651
12.7361 150.311 17.2689
12.7431 150.409 17.2726
12.75 150.513 17.2764
12.7569 150.625 17.2801
12.7639 150.745 17.2839
12.7708 150.873 17.2877
12.7778 151.008 17.2914
12.7847 151.151 17.2952
12.7917 151.302 17.299
12.7986 151.46 17.3027
12.8056 151.625 17.3065
12.8125 151.797 17.3103
12.8194 151.976 17.314
12.8264 152.162 17.3178
12.8333 152.354 17.3216
12.8403 152.551 17.3253
12.8472 152.754 17.3291
12.8542 152.963 17.3328
12.8611 153.176 17.3366
12.8681 153.393 17.3404
12.875 153.614 17.3441
12.8819 153.839 17.3479
12.8889 154.066 17.3517
12.8958 154.296 17.3554
12.9028 154.528 17.3592
12.9097 154.762 17.363
12.9167 154.996 17.0505
12.9236 155.231 16.6753
12.9306 155.467 16.3002
12.9375 155.702 15.9251
12.9444 155.936 15.5499
12.9514 156.169 15.1748
12.9583 156.401 14.7997
12.9653 156.631 14.4245
12.9722 156.858 14.0494
12.9792 157.083 13.6743
12.9861 157.304 13.2992
12.9931 157.523 12.924
13 157.738 12.5489
13.0069 157.95 12.1738
13.0139 158.157 11.7986
13.0208 158.361 11.4235
13.0278 158.56 11.0484
13.0347 158.755 10.6732
13.0417 158.946 10.2981
13.0486 159.132 9.92299
13.0556 159.314 9.54786
13.0625 159.492 9.17273
13.0694 159.666 8.7976
13.0764 159.835 8.42247
13.0833 160 8.04734
13.0903 160.161 7.67221
13.0972 160.318 7.29708
13.1042 160.472 6.92195
13.1111 160.622 6.54682
13.1181 160.769 6.17169
13.125 160.913 5.79656
13.1319 161.054 5.42143
13.1389 161.193 5.0463
13.1458 161.329 4.67117
13.1528 161.464 4.29604
13.1597 161.596 3.92091
13.1667 161.727 3.56955
13.1736 161.857 3.6135
13.1806 161.986 3.65744
13.1875 162.114 3.70139
13.1944 162.241 3.74534
13.2014 162.369 3.78928
13.2083 162.496 3.83323
13.2153 162.623 3.87717
13.2222 162.75 3.92112
13.2292 162.878 3.96507
13.2361 163.006 4.00901
13.2431 163.135 4.05296
13.25 163.265 4.0969
13.2569 163.396 4.14085
13.2639 163.527 4.18479
13.2708 163.659 4.22874
13.2778 163.792 4.27269
13.2847 163.926 4.31663
13.2917 164.06 4.36058
13.2986 164.195 4.40452
13.3056 164.331 4.44847
13.3125 164.467 4.49241
13.3194 164.603 4.53636
13.3264 164.739 4.58031
13.3333 164.874 4.62425
13.3403 165.01 4.6682
13.3472 165.144 4.71214
13.3542 165.278 4.75609
13.3611 165.411 4.80003
13.3681 165.542 4.84398
13.375 165.672 4.88793
13.3819 165.799 4.93187
13.3889 165.925 4.97582
13.3958 166.047 5.01976
13.4028 166.167 5.06371
13.4097 166.285 5.10765
13.4167 166.398 5.1516
13.4236 166.509 5.19555
13.4306 166.615 5.23949
13.4375 166.718 5.28344
13.4444 166.817 5.32738
13.4514 166.911 5.37133
13.4583 167.001 5.41528
13.4653 167.087 5.45922
13.4722 167.167 5.50317
13.4792 167.244 5.54711
13.4861 167.315 5.59106
13.4931 167.382 5.635
13.5 167.445 5.67895
13.5069 167.503 5.7229
13.5139 167.556 5.76684
13.5208 167.605 5.81079
13.5278 167.65 5.85473
13.5347 167.691 5.89868
13.5417 167.728 5.94262
13.5486 167.762 5.98657
13.5556 167.793 6.03052
13.5625 167.821 6.07446
13.5694 167.846 6.11841
13.5764 167.869 6.16235
13.5833 167.89 6.2063
13.5903 167.91 6.25024
13.5972 167.929 6.29419
13.6042 167.948 6.33814
13.6111 167.967 6.38208
13.6181 167.986 6.42603
13.625 168.005 6.46997
13.6319 168.027 6.51392
13.6389 168.05 6.55786
13.6458 168.075 6.60181
13.6528 168.103 6.64576
13.6597 168.135 6.6897
13.6667 168.17 6.73365
13.6736 168.21 6.77759
13.6806 168.254 6.82154
13.6875 168.303 6.86549
13.6944 168.357 6.90943
13.7014 168.417 6.95338
13.7083 168.484 6.99732
13.7153 168.556 7.04127
13.7222 168.636 7.08521
13.7292 168.722 7.12916
13.7361 168.815 7.17311
13.7431 168.916 7.21705
13.75 169.024 7.261
13.7569 169.139 7.30494
13.7639 169.262 7.34889
13.7708 169.393 7.39283
13.7778 169.532 7.43678
13.7847 169.677 7.48073
13.7917 169.831 7.52467
13.7986 169.991 7.56862
13.8056 170.159 7.61256
13.8125 170.334 7.65651
13.8194 170.515 7.70045
13.8264 170.703 7.7444
13.8333 170.897 7.78835
13.8403 171.097 7.83229
13.8472 171.302 7.87624
13.8542 171.512 7.92018
13.8611 171.727 7.96413
13.8681 171.946 8.00807
13.875 172.17 8.05202
13.8819 172.396 8.09597
13.8889 172.626 8.13991
13.8958 172.858 8.18386
13.9028 173.092 8.2278
13.9097 173.328 8.27175
13.9167 173.565 8.3157
13.9236 173.803 8.35964
13.9306 174.041 8.40359
13.9375 174.279 8.44753
13.9444 174.516 8.49148
13.9514 174.752 8.53542
13.9583 174.987 8.57937
13.9653 175.221 8.62332
13.9722 175.452 8.66726
13.9792 175.681 8.71121
13.9861 175.907 8.75515
13.9931 176.13 8.7991
14 176.35 8.84304
14.0069 176.567 8.88699
14.0139 176.78 8.93094
14.0208 176.989 8.97488
14.0278 177.195 9.01883
14.0347 177.396 9.06277
14.0417 177.594 9.10672
14.0486 177.787 9.15066
14.0556 177.976 9.19461
14.0625 178.162 9.10962
14.0694 178.343 9.02451
14.0764 178.52 8.9394
14.0833 178.694 8.85429
14.0903 178.864 8.76918
14.0972 179.03 8.68407
14.1042 179.193 8.59896
14.1111 179.353 8.51385
14.1181 179.509 8.42874
14.125 179.663 8.34363
14.1319 179.814 8.25852
14.1389 179.963 8.17341
14.1458 180.11 8.0883
14.1528 180.255 8.00319
14.1597 180.398 7.91808
14.1667 180.539 7.83297
14.1736 180.68 7.74786
14.1806 180.819 7.66275
14.1875 180.958 7.57764
14.1944 181.096 7.49253
14.2014 181.234 7.40742
14.2083 181.371 7.32231
14.2153 181.509 7.2372
14.2222 181.646 7.15209
14.2292 181.784 7.06698
14.2361 181.922 6.98187
14.2431 182.061 6.89676
14.25 182.2 6.81165
14.2569 182.339 6.72654
14.2639 182.479 6.64143
14.2708 182.62 6.55632
14.2778 182.761 6.47121
14.2847 182.903 6.3861
14.2917 183.045 6.30099
14.2986 183.187 6.21588
14.3056 183.329 6.13077
14.3125 183.471 6.04566
14.3194 183.613 5.96055
14.3264 183.755 5.87544
14.3333 183.896 5.79033
14.3403 184.036 5.70522
14.3472 184.175 5.62011
14.3542 184.313 5.535
14.3611 184.449 5.44989
14.3681 184.584 5.36478
14.375 184.716 5.27967
14.3819 184.847 5.19456
14.3889 184.974 5.10945
14.3958 185.099 5.02434
14.4028 185.221 4.93923
14.4097 185.34 4.85412
14.4167 185.455 4.76901
14.4236 185.566 4.92422
14.4306 185.673 5.09658
14.4375 185.777 5.26894
14.4444 185.876 5.4413
14.4514 185.971 5.61366
14.4583 186.061 5.78602
14.4653 186.147 5.95838
14.4722 186.228 6.13073
14.4792 186.304 6.30309
14.4861 186.376 6.47545
14.4931 186.443 6.64781
14.5 186.505 6.82017
14.5069 186.563 6.99253
14.5139 186.617 7.16488
14.5208 186.667 7.33724
14.5278 186.712 7.5096
14.5347 186.754 7.68196
14.5417 186.792 7.85432
14.5486 186.827 8.02668
14.5556 186.859 8.19904
14.5625 186.888 8.37139
14.5694 186.915 8.54375
14.5764 186.941 8.71611
14.5833 186.964 8.88847
14.5903 186.987 9.06083
14.5972 187.009 9.23319
14.6042 187.03 9.40554
14.6111 187.052 9.5779
14.6181 187.075 9.75026
14.625 187.098 9.92262
14.6319 187.124 10.095
14.6389 187.151 10.2673
14.6458 187.181 10.4397
14.6528 187.214 10.6121
14.6597 187.251 10.7844
14.6667 187.291 10.9568
14.6736 187.336 11.1291
14.6806 187.386 11.3015
14.6875 187.441 11.4738
