time error errTLE
0 0 0
0.00694444 0.0417086 0.00385908
0.0138889 0.0832101 0.00771815
0.0208333 0.124498 0.0115772
0.0277778 0.165565 0.0154363
0.0347222 0.206409 0.0192954
0.0416667 0.247027 0.0231545
0.0486111 0.287422 0.0270135
0.0555556 0.327598 0.0308726
0.0625 0.367564 0.0347317
0.0694444 0.407333 0.0385908
0.0763889 0.446924 0.0424498
0.0833333 0.486362 0.0463089
0.0902778 0.525679 0.050168
0.0972222 0.564916 0.0540271
0.104167 0.604123 0.0578861
0.111111 0.643364 0.0617452
0.118056 0.682715 0.0656043
0.125 0.722268 0.0694634
0.131944 0.762133 0.0733224
0.138889 0.80244 0.0771815
0.145833 0.843342 0.0810406
0.152778 0.885016 0.0848997
0.159722 0.927666 0.0887587
0.166667 0.971527 0.0926178
0.173611 1.01686 0.0964769
0.180556 1.06396 0.100336
0.1875 1.11315 0.104195
0.194444 1.16479 0.108054
0.201389 1.21925 0.111913
0.208333 1.27696 0.115772
0.215278 1.33833 0.119631
0.222222 1.40383 0.12349
0.229167 1.4739 0.12735
0.236111 1.54902 0.131209
0.243056 1.62964 0.135068
0.25 1.71624 0.138927
0.256944 1.80926 0.142786
0.263889 1.90912 0.146645
0.270833 2.01623 0.150504
0.277778 2.13096 0.154363
0.284722 2.25367 0.158222
0.291667 2.38465 0.162081
0.298611 2.52419 0.16594
0.305556 2.67251 0.169799
0.3125 2.82982 0.173658
0.319444 2.99628 0.177517
0.326389 3.17199 0.181377
0.333333 3.35704 0.185236
0.340278 3.55148 0.189095
0.347222 3.75529 0.192954
0.354167 3.96845 0.196813
0.361111 4.19089 0.200672
0.368056 4.42248 0.204531
0.375 4.6631 0.20839
0.381944 4.91254 0.212249
0.388889 5.1706 0.216108
0.395833 5.43703 0.219967
0.402778 5.71155 0.223826
0.409722 5.99383 0.227685
0.416667 6.28354 0.231545
0.423611 6.58029 0.235404
0.430556 6.88369 0.239263
0.4375 7.1933 0.243122
0.444444 7.50867 0.246981
0.451389 7.82932 0.25084
0.458333 8.15474 0.254699
0.465278 8.48442 0.258558
0.472222 8.81781 0.262417
0.479167 9.15436 0.266276
0.486111 9.49349 0.270135
0.493056 9.83463 0.273994
0.5 10.1772 0.277853
0.506944 10.5206 0.281569
0.513889 10.8641 0.285216
0.520833 11.2073 0.288863
0.527778 11.5495 0.29251
0.534722 11.8901 0.296156
0.541667 12.2286 0.299803
0.548611 12.5642 0.30345
0.555556 12.8965 0.307097
0.5625 13.2248 0.310744
0.569444 13.5487 0.314391
0.576389 13.8676 0.318038
0.583333 14.1809 0.321685
0.590278 14.4883 0.325332
0.597222 14.7891 0.328979
0.604167 15.083 0.332626
0.611111 15.3696 0.336273
0.618056 15.6484 0.33992
0.625 15.9191 0.343567
0.631944 16.1813 0.347214
0.638889 16.4348 0.350861
0.645833 16.6793 0.354508
0.652778 16.9145 0.358155
0.659722 17.1402 0.361802
0.666667 17.3563 0.365449
0.673611 17.5626 0.369096
0.680556 17.759 0.372742
0.6875 17.9455 0.376389
0.694444 18.1219 0.380036
0.701389 18.2884 0.383683
0.708333 18.4448 0.38733
0.715278 18.5913 0.390977
0.722222 18.728 0.394624
0.729167 18.8548 0.398271
0.736111 18.9721 0.401918
0.743056 19.08 0.405565
0.75 19.1785 0.409212
0.756944 19.2681 0.412859
0.763889 19.3488 0.416506
0.770833 19.4209 0.420153
0.777778 19.4847 0.4238
0.784722 19.5405 0.427447
0.791667 19.5886 0.431094
0.798611 19.6292 0.434741
0.805556 19.6627 0.438388
0.8125 19.6895 0.442035
0.819444 19.7098 0.445682
0.826389 19.724 0.449328
0.833333 19.7324 0.452975
0.840278 19.7354 0.456622
0.847222 19.7332 0.460269
0.854167 19.7263 0.463916
0.861111 19.7149 0.467563
0.868056 19.6994 0.47121
0.875 19.6801 0.474857
0.881944 19.6573 0.478504
0.888889 19.6312 0.482151
0.895833 19.6022 0.485798
0.902778 19.5706 0.489445
0.909722 19.5366 0.493092
0.916667 19.5005 0.496739
0.923611 19.4624 0.500386
0.930556 19.4227 0.504033
0.9375 19.3815 0.50768
0.944444 19.3391 0.511327
0.951389 19.2955 0.514974
0.958333 19.2511 0.518621
0.965278 19.206 0.522268
0.972222 19.1602 0.525914
0.979167 19.1141 0.529561
0.986111 19.0677 0.533208
0.993056 19.0211 0.536855
1 18.9744 0.540502
1.00694 18.9279 0.544261
1.01389 18.8815 0.548906
1.02083 18.8355 0.553551
1.02778 18.79 0.558196
1.03472 18.7449 0.562842
1.04167 18.7006 0.567487
1.04861 18.657 0.572132
1.05556 18.6144 0.576777
1.0625 18.5729 0.581422
1.06944 18.5326 0.586068
1.07639 18.4936 0.590713
1.08333 18.4562 0.595358
1.09028 18.4205 0.600003
1.09722 18.3867 0.604648
1.10417 18.3551 0.609294
1.11111 18.3257 0.613939
1.11806 18.299 0.618584
1.125 18.2751 0.623229
1.13194 18.2543 0.627874
1.13889 18.2368 0.63252
1.14583 18.2231 0.637165
1.15278 18.2133 0.64181
1.15972 18.2078 0.646455
1.16667 18.207 0.6511
1.17361 18.2112 0.655746
1.18056 18.2208 0.660391
1.1875 18.2361 0.665036
1.19444 18.2575 0.669681
1.20139 18.2854 0.674326
1.20833 18.3201 0.678972
1.21528 18.3621 0.683617
1.22222 18.4118 0.688262
1.22917 18.4694 0.692907
1.23611 18.5353 0.697552
1.24306 18.61 0.702198
1.25 18.6937 0.706843
1.25694 18.7867 0.711488
1.26389 18.8894 0.716133
1.27083 19.002 0.720778
1.27778 19.1247 0.725424
1.28472 19.2578 0.730069
1.29167 19.4015 0.734714
1.29861 19.5558 0.739359
1.30556 19.721 0.744004
1.3125 19.8971 0.74865
1.31944 20.0841 0.753295
1.32639 20.2821 0.75794
1.33333 20.4909 0.762585
1.34028 20.7106 0.76723
1.34722 20.941 0.771876
1.35417 21.182 0.776521
1.36111 21.4333 0.781166
1.36806 21.6947 0.785811
1.375 21.966 0.790456
1.38194 22.2468 0.795102
1.38889 22.5368 0.799747
1.39583 22.8357 0.804392
1.40278 23.143 0.809037
1.40972 23.4582 0.813682
1.41667 23.781 0.818327
1.42361 24.1108 0.822973
1.43056 24.447 0.827618
1.4375 24.7892 0.832094
1.44444 25.1368 0.836311
1.45139 25.4892 0.840528
1.45833 25.8458 0.844745
1.46528 26.206 0.848962
1.47222 26.5692 0.853179
1.47917 26.9347 0.857396
1.48611 27.3019 0.861613
1.49306 27.6701 0.86583
1.5 28.0387 0.870047
1.50694 28.4071 0.874264
1.51389 28.7746 0.878481
1.52083 29.1405 0.882698
1.52778 29.5042 0.886915
1.53472 29.8652 0.891132
1.54167 30.2228 0.895349
1.54861 30.5763 0.899566
1.55556 30.9252 0.903783
1.5625 31.269 0.908
1.56944 31.6071 0.912217
1.57639 31.9389 0.916434
1.58333 32.264 0.920651
1.59028 32.5818 0.924868
1.59722 32.892 0.929085
1.60417 33.1941 0.933302
1.61111 33.4877 0.937519
1.61806 33.7725 0.941736
1.625 34.0481 0.945953
1.63194 34.3142 0.95017
1.63889 34.5706 0.954387
1.64583 34.817 0.958604
1.65278 35.0532 0.962822
1.65972 35.2791 0.967039
1.66667 35.4945 0.971256
1.67361 35.6994 0.975473
1.68056 35.8936 0.97969
1.6875 36.0772 0.983907
1.69444 36.2502 0.988124
1.70139 36.4125 0.992341
1.70833 36.5643 0.996558
1.71528 36.7057 1.00077
1.72222 36.8367 1.00499
1.72917 36.9576 1.00921
1.73611 37.0685 1.01343
1.74306 37.1696 1.01764
1.75 37.2611 1.02186
1.75694 37.3434 1.02608
1.76389 37.4166 1.03029
1.77083 37.4811 1.03451
1.77778 37.5371 1.03873
1.78472 37.585 1.04294
1.79167 37.6251 1.04716
1.79861 37.6577 1.05138
1.80556 37.6831 1.0556
1.8125 37.7018 1.05981
1.81944 37.7141 1.06403
1.82639 37.7202 1.06825
1.83333 37.7206 1.07246
1.84028 37.7157 1.07668
1.84722 37.7057 1.0809
1.85417 37.691 1.08511
1.86111 37.6719 1.08933
1.86806 37.6489 1.09355
1.875 37.6221 1.09777
1.88194 37.5919 1.10198
1.88889 37.5586 1.1062
1.89583 37.5225 1.11042
1.90278 37.4839 1.11463
1.90972 37.443 1.11885
1.91667 37.4 1.12307
1.92361 37.3553 1.12723
1.93056 37.3089 1.12835
1.9375 37.2612 1.12947
1.94444 37.2124 1.13059
1.95139 37.1625 1.13171
1.95833 37.1119 1.13283
1.96528 37.0605 1.13395
1.97222 37.0087 1.13508
1.97917 36.9565 1.1362
1.98611 36.9042 1.13732
1.99306 36.8517 1.13844
2 36.7992 1.13956
2.00694 36.7469 1.14068
2.01389 36.6949 1.1418
2.02083 36.6433 1.14292
2.02778 36.5922 1.14404
2.03472 36.5417 1.14516
2.04167 36.4919 1.14628
2.04861 36.4431 1.1474
2.05556 36.3952 1.14852
2.0625 36.3485 1.14964
2.06944 36.3031 1.15077
2.07639 36.2592 1.15189
2.08333 36.2169 1.15301
2.09028 36.1764 1.15413
2.09722 36.138 1.15525
2.10417 36.1018 1.15637
2.11111 36.068 1.15749
2.11806 36.0369 1.15861
2.125 36.0087 1.15973
2.13194 35.9837 1.16085
2.13889 35.9622 1.16197
2.14583 35.9445 1.16309
2.15278 35.9308 1.16421
2.15972 35.9215 1.16533
2.16667 35.917 1.16646
2.17361 35.9175 1.16758
2.18056 35.9233 1.1687
2.1875 35.935 1.16982
2.19444 35.9527 1.17094
2.20139 35.9769 1.17206
2.20833 36.008 1.17318
2.21528 36.0462 1.1743
2.22222 36.092 1.17542
2.22917 36.1457 1.17654
2.23611 36.2077 1.17766
2.24306 36.2782 1.17878
2.25 36.3576 1.1799
2.25694 36.4462 1.18102
2.26389 36.5443 1.18215
2.27083 36.6522 1.18327
2.27778 36.77 1.18439
2.28472 36.8981 1.18551
2.29167 37.0365 1.18663
2.29861 37.1855 1.18775
2.30556 37.3451 1.18887
2.3125 37.5155 1.18999
2.31944 37.6967 1.19111
2.32639 37.8888 1.19223
2.33333 38.0916 1.19335
2.34028 38.3052 1.19447
2.34722 38.5294 1.19559
2.35417 38.7641 1.19672
2.36111 39.0092 1.19784
2.36806 39.2644 1.19896
2.375 39.5294 1.20008
2.38194 39.804 1.2012
2.38889 40.0878 1.20232
2.39583 40.3805 1.20344
2.40278 40.6817 1.20456
2.40972 40.9909 1.20568
2.41667 41.3077 1.2068
2.42361 41.6316 1.20792
2.43056 41.962 1.20904
2.4375 42.2984 1.21016
2.44444 42.6402 1.21128
2.45139 42.9869 1.21241
2.45833 43.3378 1.21353
2.46528 43.6923 1.21465
2.47222 44.0498 1.21577
2.47917 44.4096 1.21689
2.48611 44.771 1.21801
2.49306 45.1334 1.21913
2.5 45.4962 1.22025
2.50694 45.8586 1.22137
2.51389 46.2199 1.22249
2.52083 46.5797 1.22361
2.52778 46.937 1.22473
2.53472 47.2915 1.22585
2.54167 47.6423 1.22697
2.54861 47.9889 1.2281
2.55556 48.3307 1.22922
2.5625 48.6671 1.23034
2.56944 48.9976 1.23146
2.57639 49.3216 1.23258
2.58333 49.6386 1.2337
2.59028 49.9482 1.23482
2.59722 50.2498 1.23594
2.60417 50.5431 1.23706
2.61111 50.8277 1.23818
2.61806 51.1032 1.2393
2.625 51.3692 1.24042
2.63194 51.6256 1.24154
2.63889 51.872 1.24267
2.64583 52.1081 1.24379
2.65278 52.3339 1.24491
2.65972 52.5492 1.24603
2.66667 52.7538 1.24715
2.67361 52.9477 1.24827
2.68056 53.1308 1.24939
2.6875 53.3032 1.25051
2.69444 53.4647 1.25163
2.70139 53.6156 1.25275
2.70833 53.7558 1.25387
2.71528 53.8855 1.25499
2.72222 54.0048 1.25611
2.72917 54.1138 1.25723
2.73611 54.2129 1.25836
2.74306 54.3022 1.25948
2.75 54.3819 1.2606
2.75694 54.4524 1.26172
2.76389 54.5138 1.26284
2.77083 54.5665 1.26396
2.77778 54.6109 1.26508
2.78472 54.6471 1.2662
2.79167 54.6756 1.26732
2.79861 54.6967 1.26844
2.80556 54.7108 1.26956
2.8125 54.7181 1.27068
2.81944 54.7192 1.2718
2.82639 54.7142 1.27292
2.83333 54.7037 1.27405
2.84028 54.6878 1.27517
2.84722 54.6671 1.27629
2.85417 54.6418 1.27741
2.86111 54.6123 1.27853
2.86806 54.5788 1.27965
2.875 54.5418 1.28077
2.88194 54.5015 1.28189
2.88889 54.4583 1.28301
2.89583 54.4124 1.28413
2.90278 54.364 1.28525
2.90972 54.3135 1.28637
2.91667 54.2611 1.28749
2.92361 54.207 1.28861
2.93056 54.1515 1.28974
2.9375 54.0948 1.29086
2.94444 54.037 1.29198
2.95139 53.9783 1.2931
2.95833 53.919 1.29422
2.96528 53.8592 1.29534
2.97222 53.799 1.29646
2.97917 53.7386 1.29758
2.98611 53.6781 1.2987
2.99306 53.6177 1.29982
3 53.5575 1.30094
3.00694 53.4976 1.30206
3.01389 53.4381 1.32567
3.02083 53.3793 1.35662
3.02778 53.3211 1.38757
3.03472 53.2637 1.41852
3.04167 53.2073 1.44947
3.04861 53.1519 1.48041
3.05556 53.0978 1.51136
3.0625 53.045 1.54231
3.06944 52.9938 1.57326
3.07639 52.9443 1.60421
3.08333 52.8967 1.63516
3.09028 52.8511 1.66611
3.09722 52.8078 1.69706
3.10417 52.7669 1.728
3.11111 52.7288 1.75895
3.11806 52.6936 1.7899
3.125 52.6616 1.82085
3.13194 52.633 1.8518
3.13889 52.6082 1.88275
3.14583 52.5874 1.9137
3.15278 52.5709 1.94465
3.15972 52.5591 1.97559
3.16667 52.5522 2.00654
3.17361 52.5506 2.03749
3.18056 52.5546 2.06844
3.1875 52.5645 2.09939
3.19444 52.5808 2.13034
3.20139 52.6037 2.16129
3.20833 52.6336 2.19223
3.21528 52.6709 2.22318
3.22222 52.7158 2.25413
3.22917 52.7688 2.28508
3.23611 52.8301 2.31603
3.24306 52.9 2.34698
3.25 52.9789 2.37793
3.25694 53.067 2.40888
3.26389 53.1646 2.43982
3.27083 53.272 2.47077
3.27778 53.3893 2.50172
3.28472 53.5167 2.53267
3.29167 53.6545 2.56362
3.29861 53.8028 2.59457
3.30556 53.9616 2.62552
3.3125 54.1311 2.65647
3.31944 54.3112 2.68741
3.32639 54.5021 2.71836
3.33333 54.7036 2.74931
3.34028 54.9156 2.78026
3.34722 55.1382 2.81121
3.35417 55.3711 2.84216
3.36111 55.6141 2.87311
3.36806 55.8671 2.90406
3.375 56.1297 2.935
3.38194 56.4017 2.96595
3.38889 56.6828 2.9969
3.39583 56.9725 3.02785
3.40278 57.2705 3.0588
3.40972 57.5763 3.08975
3.41667 57.8895 3.1207
3.42361 58.2096 3.15164
3.43056 58.536 3.18259
3.4375 58.8682 3.21354
3.44444 59.2056 3.24449
3.45139 59.5477 3.27544
3.45833 59.8938 3.30639
3.46528 60.2432 3.33734
3.47222 60.5955 3.36829
3.47917 60.9498 3.39923
3.48611 61.3055 3.43018
3.49306 61.6621 3.46113
3.5 62.0187 3.49208
3.50694 62.3748 3.52303
3.51389 62.7296 3.55398
3.52083 63.0825 3.58493
3.52778 63.4329 3.58527
3.53472 63.7801 3.56625
3.54167 64.1235 3.54723
3.54861 64.4625 3.52822
3.55556 64.7964 3.5092
3.5625 65.1247 3.49018
3.56944 65.4468 3.47116
3.57639 65.7623 3.45215
3.58333 66.0706 3.43313
3.59028 66.3711 3.41411
3.59722 66.6636 3.39509
3.60417 66.9475 3.37608
3.61111 67.2225 3.35706
3.61806 67.4882 3.33804
3.625 67.7443 3.31903
3.63194 67.9905 3.30001
3.63889 68.2265 3.28099
3.64583 68.4522 3.26197
3.65278 68.6673 3.24296
3.65972 68.8718 3.22394
3.66667 69.0655 3.20492
3.67361 69.2483 3.1859
3.68056 69.4202 3.16689
3.6875 69.5812 3.14787
3.69444 69.7313 3.12885
3.70139 69.8706 3.10984
3.70833 69.9992 3.09082
3.71528 70.1171 3.0718
3.72222 70.2246 3.05278
3.72917 70.3218 3.03377
3.73611 70.409 3.01475
3.74306 70.4863 2.99573
3.75 70.5539 2.97671
3.75694 70.6123 2.9577
3.76389 70.6616 2.93868
3.77083 70.7022 2.91966
3.77778 70.7343 2.90065
3.78472 70.7583 2.88163
3.79167 70.7746 2.86261
3.79861 70.7835 2.84359
3.80556 70.7853 2.82458
3.8125 70.7804 2.80556
3.81944 70.7693 2.78654
3.82639 70.7521 2.76752
3.83333 70.7293 2.74851
3.84028 70.7013 2.72949
3.84722 70.6684 2.71047
3.85417 70.6309 2.69146
3.86111 70.5892 2.67244
3.86806 70.5437 2.65342
3.875 70.4946 2.6344
3.88194 70.4423 2.61539
3.88889 70.3871 2.59637
3.89583 70.3292 2.57735
3.90278 70.269 2.55833
3.90972 70.2067 2.53932
3.91667 70.1426 2.5203
3.92361 70.0769 2.50128
3.93056 70.0098 2.48226
3.9375 69.9416 2.46325
3.94444 69.8724 2.44423
3.95139 69.8025 2.42521
3.95833 69.7321 2.4062
3.96528 69.6613 2.38718
3.97222 69.5902 2.36816
3.97917 69.5192 2.35875
3.98611 69.4482 2.37055
3.99306 69.3775 2.38235
4 69.3071 2.39414
4.00694 69.2374 2.40594
4.01389 69.1682 2.41774
4.02083 69.0999 2.42953
4.02778 69.0325 2.44133
4.03472 68.9663 2.45313
4.04167 68.9012 2.46492
4.04861 68.8375 2.47672
4.05556 68.7754 2.48852
4.0625 68.7149 2.50031
4.06944 68.6563 2.51211
4.07639 68.5997 2.52391
4.08333 68.5454 2.5357
4.09028 68.4935 2.5475
4.09722 68.4441 2.5593
4.10417 68.3977 2.57109
4.11111 68.3543 2.58289
4.11806 68.3142 2.59469
4.125 68.2777 2.60648
4.13194 68.245 2.61828
4.13889 68.2164 2.63007
4.14583 68.1922 2.64187
4.15278 68.1727 2.65367
4.15972 68.1582 2.66546
4.16667 68.1489 2.67726
4.17361 68.1453 2.68906
4.18056 68.1477 2.70085
4.1875 68.1563 2.71265
4.19444 68.1714 2.72445
4.20139 68.1936 2.73624
4.20833 68.2229 2.74804
4.21528 68.2599 2.75984
4.22222 68.3047 2.77163
4.22917 68.3577 2.78343
4.23611 68.4193 2.79523
4.24306 68.4896 2.80702
4.25 68.5691 2.81882
4.25694 68.6578 2.83062
4.26389 68.7561 2.84241
4.27083 68.8642 2.85421
4.27778 68.9823 2.86601
4.28472 69.1105 2.8778
4.29167 69.2491 2.8896
4.29861 69.398 2.9014
4.30556 69.5575 2.91319
4.3125 69.7275 2.92499
4.31944 69.908 2.93679
4.32639 70.0992 2.94858
4.33333 70.3008 2.96038
4.34028 70.5129 2.97218
4.34722 70.7352 2.98397
4.35417 70.9677 2.99577
4.36111 71.2102 3.00757
4.36806 71.4623 3.01936
4.375 71.7239 3.03116
4.38194 71.9947 3.04296
4.38889 72.2743 3.05475
4.39583 72.5623 3.06655
4.40278 72.8583 3.07834
4.40972 73.1619 3.09014
4.41667 73.4726 3.10194
4.42361 73.7899 3.11373
4.43056 74.1134 3.12553
4.4375 74.4424 3.13733
4.44444 74.7763 3.14912
4.45139 75.1147 3.16092
4.45833 75.4568 3.17272
4.46528 75.8021 3.18451
4.47222 76.1499 3.19631
4.47917 76.4995 3.20811
4.48611 76.8504 3.2199
4.49306 77.2018 3.2317
4.5 77.5531 3.2435
4.50694 77.9036 3.25529
4.51389 78.2527 3.26709
4.52083 78.5997 3.27889
4.52778 78.9439 3.29068
4.53472 79.2847 3.30248
4.54167 79.6215 3.31428
4.54861 79.9537 3.32607
4.55556 80.2807 3.33787
4.5625 80.6019 3.34967
4.56944 80.9168 3.36146
4.57639 81.2248 3.37326
4.58333 81.5254 3.38506
4.59028 81.8182 3.39685
4.59722 82.1027 3.40865
4.60417 82.3786 3.42045
4.61111 82.6453 3.43224
4.61806 82.9026 3.44404
4.625 83.1501 3.45584
4.63194 83.3876 3.46763
4.63889 83.6148 3.47943
4.64583 83.8315 3.49123
4.65278 84.0376 3.50302
4.65972 84.2328 3.51482
4.66667 84.4171 3.52661
4.67361 84.5905 3.53841
4.68056 84.7527 3.55021
4.6875 84.904 3.562
4.69444 85.0442 3.5738
4.70139 85.1735 3.5856
4.70833 85.2919 3.59739
4.71528 85.3996 3.60919
4.72222 85.4967 3.62099
4.72917 85.5834 3.63278
4.73611 85.6599 3.64458
4.74306 85.7264 3.65638
4.75 85.7832 3.66817
4.75694 85.8305 3.67997
4.76389 85.8686 3.69177
4.77083 85.8979 3.70356
4.77778 85.9186 3.71536
4.78472 85.9311 3.72716
4.79167 85.9357 3.73895
4.79861 85.9327 3.75075
4.80556 85.9226 3.76255
4.8125 85.9056 3.77434
4.81944 85.8822 3.78614
4.82639 85.8527 3.79794
4.83333 85.8174 3.80973
4.84028 85.7768 3.82153
4.84722 85.7312 3.83333
4.85417 85.6809 3.84512
4.86111 85.6263 3.85692
4.86806 85.5677 3.86872
4.875 85.5055 3.88051
4.88194 85.44 3.89231
4.88889 85.3715 3.90411
4.89583 85.3003 3.9159
4.90278 85.2267 3.9277
4.90972 85.1509 3.9395
4.91667 85.0733 3.95129
4.92361 84.9941 3.96309
4.93056 84.9136 3.97488
4.9375 84.8319 3.98668
4.94444 84.7493 3.99848
4.95139 84.6661 4.00927
4.95833 84.5823 4.01206
4.96528 84.4983 4.01485
4.97222 84.4142 4.01764
4.97917 84.3302 4.02043
4.98611 84.2464 4.02323
4.99306 84.1631 4.02602
5 84.0804 4.02881
5.00694 83.9984 4.0316
5.01389 83.9173 4.03439
5.02083 83.8373 4.03719
5.02778 83.7586 4.03998
5.03472 83.6812 4.04277
5.04167 83.6054 4.04556
5.04861 83.5313 4.04836
5.05556 83.4591 4.05115
5.0625 83.3889 4.05394
5.06944 83.3211 4.05673
5.07639 83.2556 4.05952
5.08333 83.1928 4.06232
5.09028 83.1329 4.06511
5.09722 83.076 4.0679
5.10417 83.0224 4.07069
5.11111 82.9723 4.07349
5.11806 82.926 4.07628
5.125 82.8838 4.07907
5.13194 82.8458 4.08186
5.13889 82.8124 4.08465
5.14583 82.7838 4.08745
5.15278 82.7603 4.09024
5.15972 82.7423 4.09303
5.16667 82.73 4.09582
5.17361 82.7238 4.09861
5.18056 82.7238 4.10141
5.1875 82.7306 4.1042
5.19444 82.7442 4.10699
5.20139 82.7652 4.10978
5.20833 82.7937 4.11258
5.21528 82.8301 4.11537
5.22222 82.8747 4.11816
5.22917 82.9277 4.12095
5.23611 82.9894 4.12374
5.24306 83.0601 4.12654
5.25 83.1401 4.12933
5.25694 83.2295 4.13212
5.26389 83.3286 4.13491
5.27083 83.4376 4.1377
5.27778 83.5566 4.1405
5.28472 83.6857 4.14329
5.29167 83.8252 4.14608
5.29861 83.975 4.14887
5.30556 84.1353 4.15167
5.3125 84.306 4.15446
5.31944 84.4872 4.15725
5.32639 84.6789 4.16004
5.33333 84.8809 4.16283
5.34028 85.0931 4.16563
5.34722 85.3155 4.16842
5.35417 85.5478 4.17121
5.36111 85.7899 4.174
5.36806 86.0414 4.1768
5.375 86.3022 4.17959
5.38194 86.5719 4.18238
5.38889 86.8501 4.18517
5.39583 87.1366 4.18796
5.40278 87.4308 4.19076
5.40972 87.7323 4.19355
5.41667 88.0407 4.19634
5.42361 88.3555 4.19913
5.43056 88.6762 4.20192
5.4375 89.0021 4.20472
5.44444 89.3328 4.20751
5.45139 89.6677 4.2103
5.45833 90.0061 4.22323
5.46528 90.3474 4.23635
5.47222 90.6911 4.24948
5.47917 91.0364 4.26261
5.48611 91.3828 4.27573
5.49306 91.7295 4.28886
5.5 92.0759 4.30199
5.50694 92.4214 4.31512
5.51389 92.7653 4.32824
5.52083 93.107 4.34137
5.52778 93.4458 4.3545
5.53472 93.781 4.36762
5.54167 94.1121 4.38075
5.54861 94.4385 4.39388
5.55556 94.7596 4.40701
5.5625 95.0748 4.42013
5.56944 95.3836 4.43326
5.57639 95.6854 4.44639
5.58333 95.9798 4.45951
5.59028 96.2662 4.47264
5.59722 96.5443 4.48577
5.60417 96.8136 4.49889
5.61111 97.0737 4.51202
5.61806 97.3243 4.52515
5.625 97.5651 4.53828
5.63194 97.7958 4.5514
5.63889 98.0161 4.56453
5.64583 98.2258 4.57766
5.65278 98.4248 4.59078
5.65972 98.6128 4.60391
5.66667 98.7898 4.61704
5.67361 98.9558 4.63017
5.68056 99.1105 4.64329
5.6875 99.2541 4.65642
5.69444 99.3866 4.66955
5.70139 99.508 4.68267
5.70833 99.6184 4.6958
5.71528 99.7179 4.70893
5.72222 99.8067 4.72205
5.72917 99.8849 4.73518
5.73611 99.9527 4.74831
5.74306 100.01 4.76144
5.75 100.058 4.77456
5.75694 100.096 4.78769
5.76389 100.125 4.80082
5.77083 100.144 4.81394
5.77778 100.155 4.82707
5.78472 100.157 4.8402
5.79167 100.151 4.85333
5.79861 100.138 4.86645
5.80556 100.117 4.87958
5.8125 100.088 4.89271
5.81944 100.054 4.90583
5.82639 100.012 4.91896
5.83333 99.9651 4.93209
5.84028 99.9122 4.94521
5.84722 99.8541 4.95834
5.85417 99.791 4.97147
5.86111 99.7234 4.9846
5.86806 99.6516 4.99772
5.875 99.5759 5.01085
5.88194 99.4967 5.02398
5.88889 99.4143 5.0371
5.89583 99.329 5.05023
5.90278 99.2411 5.06336
5.90972 99.1509 5.07649
5.91667 99.0587 5.08961
5.92361 98.9648 5.10274
5.93056 98.8694 5.11587
5.9375 98.7728 5.12899
5.94444 98.6753 5.14212
5.95139 98.5771 5.15525
5.95833 98.4784 5.16403
5.96528 98.3795 5.16325
5.97222 98.2805 5.16247
5.97917 98.1817 5.16168
5.98611 98.0832 5.1609
5.99306 97.9854 5.16012
6 97.8883 5.15933
6.00694 97.7921 5.15855
6.01389 97.6971 5.15777
6.02083 97.6034 5.15698
6.02778 97.5113 5.1562
6.03472 97.4208 5.15541
6.04167 97.3323 5.15463
6.04861 97.2458 5.15385
6.05556 97.1616 5.15306
6.0625 97.0799 5.15228
6.06944 97.0009 5.1515
6.07639 96.9248 5.15071
6.08333 96.8518 5.14993
6.09028 96.7821 5.14915
6.09722 96.716 5.14836
6.10417 96.6537 5.14758
6.11111 96.5954 5.1468
6.11806 96.5414 5.14601
6.125 96.492 5.14523
6.13194 96.4474 5.14444
6.13889 96.4079 5.14366
6.14583 96.3737 5.14288
6.15278 96.3452 5.14209
6.15972 96.3225 5.14131
6.16667 96.3061 5.14053
6.17361 96.2962 5.13974
6.18056 96.2931 5.13896
6.1875 96.2971 5.13818
6.19444 96.3084 5.13739
6.20139 96.3274 5.13661
6.20833 96.3544 5.13583
6.21528 96.3895 5.13504
6.22222 96.4331 5.13426
6.22917 96.4854 5.13348
6.23611 96.5467 5.13269
6.24306 96.6172 5.13191
6.25 96.6971 5.13112
6.25694 96.7867 5.13034
6.26389 96.886 5.12956
6.27083 96.9953 5.12877
6.27778 97.1146 5.12799
6.28472 97.2442 5.12721
6.29167 97.384 5.12642
6.29861 97.5341 5.12564
6.30556 97.6947 5.12486
6.3125 97.8656 5.12407
6.31944 98.0469 5.12329
6.32639 98.2384 5.12251
6.33333 98.4402 5.12172
6.34028 98.6521 5.12094
6.34722 98.8738 5.12015
6.35417 99.1053 5.11937
6.36111 99.3464 5.11859
6.36806 99.5967 5.1178
6.375 99.856 5.11702
6.38194 100.124 5.11624
6.38889 100.4 5.11545
6.39583 100.684 5.11467
6.40278 100.976 5.11389
6.40972 101.275 5.1131
6.41667 101.58 5.11232
6.42361 101.892 5.11154
6.43056 102.209 5.11075
6.4375 102.532 5.10997
6.44444 102.859 5.10919
6.45139 103.189 5.1084
6.45833 103.524 5.11378
6.46528 103.861 5.12914
6.47222 104.2 5.14449
6.47917 104.541 5.15984
6.48611 104.882 5.1752
6.49306 105.224 5.19055
6.5 105.565 5.2059
6.50694 105.906 5.22126
6.51389 106.245 5.23661
6.52083 106.581 5.25196
6.52778 106.915 5.26732
6.53472 107.245 5.28267
6.54167 107.571 5.29802
6.54861 107.892 5.31338
6.55556 108.208 5.32873
6.5625 108.518 5.34409
6.56944 108.822 5.35944
6.57639 109.118 5.37479
6.58333 109.407 5.39015
6.59028 109.689 5.4055
6.59722 109.962 5.42085
6.60417 110.226 5.43621
6.61111 110.481 5.45156
6.61806 110.727 5.46691
6.625 110.962 5.48227
6.63194 111.188 5.49762
6.63889 111.403 5.51297
6.64583 111.608 5.52833
6.65278 111.802 5.54368
6.65972 111.985 5.55904
6.66667 112.157 5.57439
6.67361 112.318 5.58974
6.68056 112.468 5.6051
6.6875 112.606 5.62045
6.69444 112.733 5.6358
6.70139 112.849 5.65116
6.70833 112.954 5.66651
6.71528 113.047 5.68186
6.72222 113.13 5.69722
6.72917 113.202 5.71257
6.73611 113.264 5.72792
6.74306 113.315 5.74328
6.75 113.355 5.75863
6.75694 113.386 5.77399
6.76389 113.408 5.78934
6.77083 113.419 5.80469
6.77778 113.422 5.82005
6.78472 113.416 5.8354
6.79167 113.402 5.85075
6.79861 113.379 5.86611
6.80556 113.348 5.88146
6.8125 113.311 5.89681
6.81944 113.265 5.91217
6.82639 113.214 5.92752
6.83333 113.156 5.94287
6.84028 113.091 5.95823
6.84722 113.022 5.97358
6.85417 112.946 5.98894
6.86111 112.866 6.00429
6.86806 112.782 6.01964
6.875 112.693 6.035
6.88194 112.6 6.05035
6.88889 112.504 6.0657
6.89583 112.404 6.08106
6.90278 112.302 6.09641
6.90972 112.196 6.11176
6.91667 112.089 6.12712
6.92361 111.98 6.14247
6.93056 111.869 6.15782
6.9375 111.757 6.17318
6.94444 111.643 6.18853
6.95139 111.529 6.20388
6.95833 111.414 6.21924
6.96528 111.299 6.23459
6.97222 111.184 6.24835
6.97917 111.069 6.24512
6.98611 110.955 6.24189
6.99306 110.841 6.23865
7 110.728 6.23542
7.00694 110.616 6.23219
7.01389 110.505 6.22895
7.02083 110.396 6.22572
7.02778 110.289 6.22249
7.03472 110.184 6.21926
7.04167 110.081 6.21602
7.04861 109.981 6.21279
7.05556 109.883 6.20956
7.0625 109.788 6.20632
7.06944 109.697 6.20309
7.07639 109.608 6.19986
7.08333 109.524 6.19662
7.09028 109.443 6.19339
7.09722 109.366 6.19016
7.10417 109.294 6.18693
7.11111 109.226 6.18369
7.11806 109.163 6.18046
7.125 109.105 6.17723
7.13194 109.053 6.17399
7.13889 109.006 6.17076
7.14583 108.965 6.16753
7.15278 108.93 6.1643
7.15972 108.902 6.16106
7.16667 108.88 6.15783
7.17361 108.866 6.1546
7.18056 108.859 6.15136
7.1875 108.859 6.14813
7.19444 108.867 6.1449
7.20139 108.883 6.14167
7.20833 108.908 6.13843
7.21528 108.941 6.1352
7.22222 108.983 6.13197
7.22917 109.034 6.12873
7.23611 109.094 6.1255
7.24306 109.163 6.12227
7.25 109.242 6.11903
7.25694 109.331 6.1158
7.26389 109.43 6.11257
7.27083 109.539 6.10934
7.27778 109.657 6.1061
7.28472 109.786 6.10287
7.29167 109.926 6.09964
7.29861 110.075 6.0964
7.30556 110.235 6.09317
7.3125 110.405 6.08994
7.31944 110.585 6.08671
7.32639 110.776 6.08347
7.33333 110.976 6.08024
7.34028 111.187 6.07701
7.34722 111.407 6.07377
7.35417 111.636 6.07054
7.36111 111.875 6.06731
7.36806 112.123 6.06408
7.375 112.379 6.06084
7.38194 112.644 6.05761
7.38889 112.917 6.05438
7.39583 113.198 6.05114
7.40278 113.486 6.04791
7.40972 113.78 6.04468
7.41667 114.082 6.04144
7.42361 114.389 6.03821
7.43056 114.701 6.03498
7.4375 115.019 6.03175
7.44444 115.34 6.02851
7.45139 115.666 6.02528
7.45833 115.995 6.02205
7.46528 116.327 6.00945
7.47222 116.66 5.99431
7.47917 116.995 5.97916
7.48611 117.331 5.96402
7.49306 117.667 5.94888
7.5 118.003 5.93373
7.50694 118.338 5.91859
7.51389 118.671 5.90345
7.52083 119.002 5.8883
7.52778 119.33 5.87316
7.53472 119.655 5.85802
7.54167 119.976 5.84288
7.54861 120.292 5.82773
7.55556 120.602 5.81259
7.5625 120.907 5.79745
7.56944 121.206 5.7823
7.57639 121.498 5.76716
7.58333 121.783 5.75202
7.59028 122.06 5.73687
7.59722 122.329 5.72173
7.60417 122.589 5.70659
7.61111 122.841 5.69144
7.61806 123.083 5.6763
7.625 123.315 5.66116
7.63194 123.537 5.64601
7.63889 123.749 5.63087
7.64583 123.951 5.61573
7.65278 124.142 5.60058
7.65972 124.322 5.58544
7.66667 124.491 5.5703
7.67361 124.649 5.55515
7.68056 124.796 5.54001
7.6875 124.931 5.52487
7.69444 125.055 5.50972
7.70139 125.168 5.49458
7.70833 125.27 5.47944
7.71528 125.36 5.46429
7.72222 125.439 5.44915
7.72917 125.508 5.43401
7.73611 125.565 5.41886
7.74306 125.612 5.40372
7.75 125.649 5.38858
7.75694 125.675 5.37343
7.76389 125.691 5.35829
7.77083 125.698 5.34315
7.77778 125.695 5.328
7.78472 125.683 5.31286
7.79167 125.662 5.29772
7.79861 125.632 5.28257
7.80556 125.594 5.26743
7.8125 125.548 5.25229
7.81944 125.495 5.23714
7.82639 125.434 5.222
7.83333 125.367 5.20686
7.84028 125.293 5.19171
7.84722 125.213 5.17657
7.85417 125.126 5.16143
7.86111 125.035 5.14628
7.86806 124.938 5.13114
7.875 124.837 5.116
7.88194 124.731 5.10086
7.88889 124.622 5.08571
7.89583 124.508 5.07057
7.90278 124.391 5.05543
7.90972 124.272 5.04028
7.91667 124.149 5.02514
7.92361 124.025 5.01
7.93056 123.898 4.99485
7.9375 123.77 4.97971
7.94444 123.64 4.96457
7.95139 123.509 4.94942
7.95833 123.378 4.93428
7.96528 123.246 4.91914
7.97222 123.114 4.90399
7.97917 122.982 4.88885
7.98611 122.85 4.87371
7.99306 122.719 4.85856
8 122.589 4.84342
8.00694 122.461 4.82828
8.01389 122.334 4.81313
8.02083 122.209 4.79799
8.02778 122.085 4.78285
8.03472 121.964 4.7677
8.04167 121.846 4.75256
8.04861 121.73 4.73742
8.05556 121.618 4.76119
8.0625 121.509 4.79904
8.06944 121.403 4.83689
8.07639 121.302 4.87474
8.08333 121.204 4.9126
8.09028 121.111 4.95045
8.09722 121.023 4.9883
8.10417 120.939 5.02616
8.11111 120.861 5.06401
8.11806 120.788 5.10186
8.125 120.721 5.13972
8.13194 120.66 5.17757
8.13889 120.605 5.21542
8.14583 120.557 5.25327
8.15278 120.515 5.29113
8.15972 120.481 5.32898
8.16667 120.453 5.36683
8.17361 120.434 5.40469
8.18056 120.422 5.44254
8.1875 120.418 5.48039
8.19444 120.422 5.51825
8.20139 120.435 5.5561
8.20833 120.456 5.59395
8.21528 120.487 5.63181
8.22222 120.526 5.66966
8.22917 120.575 5.70751
8.23611 120.633 5.74536
8.24306 120.701 5.78322
8.25 120.779 5.82107
8.25694 120.866 5.85892
8.26389 120.964 5.89678
8.27083 121.071 5.93463
8.27778 121.189 5.97248
8.28472 121.316 6.01034
8.29167 121.454 6.04819
8.29861 121.602 6.08604
8.30556 121.76 6.12389
8.3125 121.928 6.16175
8.31944 122.107 6.1996
8.32639 122.295 6.23745
8.33333 122.492 6.27531
8.34028 122.7 6.31316
8.34722 122.917 6.35101
8.35417 123.143 6.38887
8.36111 123.377 6.42672
8.36806 123.621 6.46457
8.375 123.873 6.50242
8.38194 124.133 6.54028
8.38889 124.401 6.57813
8.39583 124.677 6.61598
8.40278 124.959 6.65384
8.40972 125.248 6.69169
8.41667 125.543 6.72954
8.42361 125.843 6.7674
8.43056 126.149 6.80525
8.4375 126.46 6.8431
8.44444 126.775 6.88096
8.45139 127.094 6.91881
8.45833 127.415 6.95666
8.46528 127.74 6.99406
8.47222 128.066 7.02931
8.47917 128.394 7.06457
8.48611 128.722 7.09983
8.49306 129.051 7.13509
8.5 129.38 7.17035
8.50694 129.708 7.20561
8.51389 130.034 7.24087
8.52083 130.358 7.27612
8.52778 130.68 7.31138
8.53472 130.998 7.34664
8.54167 131.313 7.3819
8.54861 131.623 7.41716
8.55556 131.928 7.45242
8.5625 132.228 7.48767
8.56944 132.522 7.52293
8.57639 132.809 7.55819
8.58333 133.09 7.59345
8.59028 133.363 7.62871
8.59722 133.628 7.66397
8.60417 133.885 7.69922
8.61111 134.133 7.73448
8.61806 134.373 7.76974
8.625 134.602 7.805
8.63194 134.823 7.84026
8.63889 135.033 7.87552
8.64583 135.233 7.91077
8.65278 135.422 7.94603
8.65972 135.601 7.98129
8.66667 135.769 8.01655
8.67361 135.926 8.05181
8.68056 136.072 8.08707
8.6875 136.207 8.12232
8.69444 136.33 8.15758
8.70139 136.442 8.19284
8.70833 136.543 8.2281
8.71528 136.633 8.26336
8.72222 136.711 8.29862
8.72917 136.778 8.33387
8.73611 136.835 8.36913
8.74306 136.88 8.40439
8.75 136.915 8.43965
8.75694 136.939 8.47491
8.76389 136.953 8.51017
8.77083 136.957 8.54542
8.77778 136.951 8.58068
8.78472 136.935 8.61594
8.79167 136.91 8.6512
8.79861 136.876 8.68646
8.80556 136.833 8.72172
8.8125 136.782 8.75697
8.81944 136.722 8.79223
8.82639 136.655 8.82749
8.83333 136.58 8.86275
8.84028 136.497 8.89801
8.84722 136.409 8.93327
8.85417 136.313 8.96853
8.86111 136.212 9.00378
8.86806 136.105 9.03904
8.875 135.992 9.0743
8.88194 135.875 9.10956
8.88889 135.753 9.14482
8.89583 135.626 9.18008
8.90278 135.496 9.21533
8.90972 135.362 9.25059
8.91667 135.225 9.28585
8.92361 135.086 9.32111
8.93056 134.944 9.35637
8.9375 134.799 9.39163
8.94444 134.654 9.42688
8.95139 134.506 9.46214
8.95833 134.358 9.4974
8.96528 134.209 9.53266
8.97222 134.06 9.51356
8.97917 133.911 9.48788
8.98611 133.762 9.46221
8.99306 133.613 9.43653
9 133.466 9.41086
9.00694 133.32 9.38518
9.01389 133.176 9.3595
9.02083 133.034 9.33383
9.02778 132.894 9.30815
9.03472 132.756 9.28248
9.04167 132.622 9.2568
9.04861 132.49 9.23113
9.05556 132.363 9.20545
9.0625 132.239 9.17977
9.06944 132.119 9.1541
9.07639 132.003 9.12842
9.08333 131.892 9.10275
9.09028 131.786 9.07707
9.09722 131.686 9.05139
9.10417 131.591 9.02572
9.11111 131.501 9.00004
9.11806 131.418 8.97437
9.125 131.341 8.94869
9.13194 131.271 8.92302
9.13889 131.208 8.89734
9.14583 131.152 8.87166
9.15278 131.103 8.84599
9.15972 131.062 8.82031
9.16667 131.029 8.79464
9.17361 131.004 8.76896
9.18056 130.987 8.74328
9.1875 130.979 8.71761
9.19444 130.979 8.69193
9.20139 130.989 8.66626
9.20833 131.007 8.64058
9.21528 131.035 8.6149
9.22222 131.072 8.58923
9.22917 131.118 8.56355
9.23611 131.175 8.53788
9.24306 131.241 8.5122
9.25 131.317 8.48653
9.25694 131.402 8.46085
9.26389 131.498 8.43517
9.27083 131.604 8.4095
9.27778 131.72 8.38382
9.28472 131.845 8.35815
9.29167 131.981 8.33247
9.29861 132.127 8.30679
9.30556 132.283 8.28112
9.3125 132.448 8.25544
9.31944 132.623 8.22977
9.32639 132.808 8.20409
9.33333 133.002 8.17841
9.34028 133.205 8.15274
9.34722 133.418 8.12706
9.35417 133.639 8.10139
9.36111 133.868 8.07571
9.36806 134.106 8.05004
9.375 134.352 8.02436
9.38194 134.606 7.99868
9.38889 134.867 7.97301
9.39583 135.135 7.94733
9.40278 135.41 7.92166
9.40972 135.691 7.89598
9.41667 135.977 7.8703
9.42361 136.27 7.84463
9.43056 136.567 7.81895
9.4375 136.868 7.79328
9.44444 137.174 7.7676
9.45139 137.483 7.74192
9.45833 137.795 7.71625
9.46528 138.11 7.69057
9.47222 138.427 7.85681
9.47917 138.745 8.16533
9.48611 139.064 8.47386
9.49306 139.384 8.78238
9.5 139.703 9.09091
9.50694 140.022 9.39943
9.51389 140.34 9.70796
9.52083 140.655 10.0165
9.52778 140.969 10.325
9.53472 141.279 10.6335
9.54167 141.586 10.9421
9.54861 141.889 11.2506
9.55556 142.187 11.5591
9.5625 142.481 11.8676
9.56944 142.769 12.1762
9.57639 143.051 12.4847
9.58333 143.326 12.7932
9.59028 143.595 13.1017
9.59722 143.856 13.4103
9.60417 144.11 13.7188
9.61111 144.355 14.0273
9.61806 144.591 14.3358
9.625 144.819 14.6444
9.63194 145.038 14.9529
9.63889 145.247 15.0984
9.64583 145.446 15.0111
9.65278 145.635 14.9237
9.65972 145.814 14.8364
9.66667 145.982 14.7491
9.67361 146.14 14.6618
9.68056 146.286 14.5745
9.6875 146.422 14.4872
9.69444 146.547 14.3999
9.70139 146.66 14.3126
9.70833 146.762 14.2253
9.71528 146.854 14.138
9.72222 146.933 14.0507
9.72917 147.002 13.9634
9.73611 147.06 13.8761
9.74306 147.106 13.7888
9.75 147.142 13.7015
9.75694 147.167 13.6142
9.76389 147.181 13.5268
9.77083 147.185 13.4395
9.77778 147.178 13.3522
9.78472 147.162 13.2649
9.79167 147.135 13.1776
9.79861 147.099 13.0903
9.80556 147.053 13.003
9.8125 146.999 12.9157
9.81944 146.936 12.8284
9.82639 146.864 12.7411
9.83333 146.784 12.6538
9.84028 146.696 12.5665
9.84722 146.601 12.4792
9.85417 146.498 12.3919
9.86111 146.389 12.3046
9.86806 146.273 12.2173
9.875 146.151 12.1299
9.88194 146.023 12.0426
9.88889 145.891 11.9553
9.89583 145.753 11.868
9.90278 145.61 11.7807
9.90972 145.464 11.6934
9.91667 145.313 11.6061
9.92361 145.16 11.5188
9.93056 145.003 11.4315
9.9375 144.844 11.3442
9.94444 144.682 11.2569
9.95139 144.519 11.1696
9.95833 144.355 11.0823
9.96528 144.189 10.995
9.97222 144.023 10.9231
9.97917 143.856 10.8872
9.98611 143.69 10.8513
9.99306 143.525 10.8154
10 143.36 10.7795
10.0069 143.197 10.7435
10.0139 143.035 10.7076
10.0208 142.876 10.6717
10.0278 142.719 10.6358
10.0347 142.565 10.5999
10.0417 142.414 10.564
10.0486 142.266 10.5281
10.0556 142.123 10.4922
10.0625 141.984 10.4563
10.0694 141.849 10.4204
10.0764 141.719 10.3845
10.0833 141.595 10.3485
10.0903 141.476 10.3126
10.0972 141.363 10.2767
10.1042 141.256 10.2408
10.1111 141.156 10.2049
10.1181 141.063 10.169
10.125 140.976 10.1331
10.1319 140.897 10.0972
10.1389 140.826 10.0613
10.1458 140.762 10.0254
10.1528 140.707 9.98946
10.1597 140.659 9.95355
10.1667 140.62 9.91764
10.1736 140.59 9.88173
10.1806 140.569 9.84583
10.1875 140.557 9.80992
10.1944 140.554 9.77401
10.2014 140.56 9.7381
10.2083 140.576 9.70219
10.2153 140.602 9.66628
10.2222 140.637 9.63037
10.2292 140.682 9.59446
10.2361 140.736 9.55856
10.2431 140.801 9.52265
10.25 140.876 9.48674
10.2569 140.96 9.45083
10.2639 141.055 9.41492
10.2708 141.159 9.37901
10.2778 141.274 9.3431
10.2847 141.398 9.3072
10.2917 141.531 9.27129
10.2986 141.675 9.23538
10.3056 141.828 9.19947
10.3125 141.991 9.16356
10.3194 142.162 9.12765
10.3264 142.343 9.09174
10.3333 142.533 9.05583
10.3403 142.732 9.01993
10.3472 142.939 8.98402
10.3542 143.154 8.94811
10.3611 143.378 8.9122
10.3681 143.609 8.87629
10.375 143.847 8.84038
10.3819 144.093 8.80447
10.3889 144.346 8.76857
10.3958 144.605 8.73266
10.4028 144.87 8.69675
10.4097 145.141 8.66084
10.4167 145.418 8.62493
10.4236 145.7 8.58902
10.4306 145.986 8.55311
10.4375 146.276 8.5172
10.4444 146.57 8.4813
10.4514 146.868 8.44539
10.4583 147.168 8.40948
10.4653 147.471 8.37357
10.4722 147.776 8.33766
10.4792 148.082 8.35206
10.4861 148.389 8.36778
10.4931 148.697 8.38349
10.5 149.005 8.39921
10.5069 149.312 8.41492
10.5139 149.618 8.43064
10.5208 149.923 8.44635
10.5278 150.225 8.46207
10.5347 150.526 8.47778
10.5417 150.823 8.4935
10.5486 151.116 8.50921
10.5556 151.406 8.52493
10.5625 151.691 8.54064
10.5694 151.972 8.55636
10.5764 152.247 8.57207
10.5833 152.516 8.58779
10.5903 152.778 8.6035
10.5972 153.034 8.61922
10.6042 153.283 8.63493
10.6111 153.525 8.65065
10.6181 153.758 8.66636
10.625 153.984 8.68208
10.6319 154.2 8.69779
10.6389 154.408 8.71351
10.6458 154.606 8.72922
10.6528 154.795 8.74494
10.6597 154.974 8.76065
10.6667 155.144 8.77637
10.6736 155.302 8.79208
10.6806 155.451 8.8078
10.6875 155.589 8.82351
10.6944 155.716 8.83923
10.7014 155.832 8.85494
10.7083 155.937 8.87066
10.7153 156.032 8.88637
10.7222 156.115 8.90209
10.7292 156.187 8.9178
10.7361 156.248 8.93351
10.7431 156.298 8.94923
10.75 156.336 8.96494
10.7569 156.364 8.98066
10.7639 156.381 8.99637
10.7708 156.387 9.01209
10.7778 156.383 9.0278
10.7847 156.368 9.04352
10.7917 156.342 9.05923
10.7986 156.307 9.07495
10.8056 156.261 9.09066
10.8125 156.206 9.10638
10.8194 156.142 9.12209
10.8264 156.068 9.13781
10.8333 155.986 9.15352
10.8403 155.895 9.16924
10.8472 155.795 9.18495
10.8542 155.688 9.20067
10.8611 155.573 9.21638
10.8681 155.451 9.2321
10.875 155.322 9.24781
10.8819 155.186 9.26353
10.8889 155.045 9.27924
10.8958 154.897 9.29496
10.9028 154.744 9.31067
10.9097 154.587 9.32639
10.9167 154.425 9.3421
10.9236 154.259 9.35782
10.9306 154.089 9.37353
10.9375 153.916 9.38925
10.9444 153.74 9.40496
10.9514 153.562 9.42068
10.9583 153.382 9.43639
10.9653 153.201 9.45211
10.9722 153.019 9.46782
10.9792 152.836 9.48354
10.9861 152.653 9.49925
10.9931 152.471 9.51497
11 152.289 9.53068
11.0069 152.109 9.5464
11.0139 151.931 9.56211
11.0208 151.754 9.57332
11.0278 151.581 9.57287
11.0347 151.41 9.57241
11.0417 151.243 9.57195
11.0486 151.08 9.5715
11.0556 150.921 9.57104
11.0625 150.767 9.57058
11.0694 150.618 9.57013
11.0764 150.474 9.56967
11.0833 150.337 9.56921
11.0903 150.205 9.56876
11.0972 150.08 9.5683
11.1042 149.962 9.56784
11.1111 149.851 9.56739
11.1181 149.748 9.56693
11.125 149.652 9.56647
11.1319 149.565 9.56602
11.1389 149.486 9.56556
11.1458 149.415 9.5651
11.1528 149.353 9.56465
11.1597 149.3 9.56419
11.1667 149.257 9.56373
11.1736 149.222 9.56327
11.1806 149.198 9.56282
11.1875 149.182 9.56236
11.1944 149.177 9.5619
11.2014 149.181 9.56145
11.2083 149.196 9.56099
11.2153 149.22 9.56053
11.2222 149.255 9.56008
11.2292 149.299 9.55962
11.2361 149.353 9.55916
11.2431 149.418 9.55871
11.25 149.492 9.55825
11.2569 149.577 9.55779
11.2639 149.671 9.55734
11.2708 149.775 9.55688
11.2778 149.889 9.55642
11.2847 150.012 9.55597
11.2917 150.145 9.55551
11.2986 150.287 9.55505
11.3056 150.439 9.5546
11.3125 150.599 9.55414
11.3194 150.768 9.55368
11.3264 150.946 9.55322
11.3333 151.132 9.55277
11.3403 151.326 9.55231
11.3472 151.528 9.55185
11.3542 151.737 9.5514
11.3611 151.954 9.55094
11.3681 152.178 9.55048
11.375 152.409 9.55003
11.3819 152.647 9.54957
11.3889 152.89 9.54911
11.3958 153.14 9.54866
11.4028 153.395 9.5482
11.4097 153.655 9.54774
11.4167 153.92 9.54729
11.4236 154.19 9.54683
11.4306 154.463 9.54637
11.4375 154.741 9.54592
11.4444 155.022 9.54546
11.4514 155.306 9.545
11.4583 155.592 9.54455
11.4653 155.881 9.54409
11.4722 156.171 9.54363
11.4792 156.463 9.54318
11.4861 156.756 9.54272
11.4931 157.049 9.54226
11.5 157.343 9.66391
11.5069 157.636 9.78606
11.5139 157.928 9.90821
11.5208 158.219 10.0304
11.5278 158.509 10.1525
11.5347 158.796 10.2747
11.5417 159.081 10.3968
11.5486 159.363 10.5189
11.5556 159.641 10.6411
11.5625 159.916 10.7632
11.5694 160.186 10.8854
11.5764 160.452 11.0075
11.5833 160.712 11.1297
11.5903 160.967 11.2518
11.5972 161.216 11.374
11.6042 161.459 11.4961
11.6111 161.695 11.6183
11.6181 161.923 11.7404
11.625 162.145 11.8626
11.6319 162.358 11.9847
11.6389 162.564 12.1069
11.6458 162.76 12.229
11.6528 162.948 12.3512
11.6597 163.127 12.4733
11.6667 163.297 12.5955
11.6736 163.457 12.7176
11.6806 163.607 12.8398
11.6875 163.747 12.9619
11.6944 163.877 13.0841
11.7014 163.997 13.2062
11.7083 164.106 13.3284
11.7153 164.204 13.4505
11.7222 164.291 13.5726
11.7292 164.368 13.6948
11.7361 164.433 13.8169
11.7431 164.488 13.9391
11.75 164.531 14.0612
11.7569 164.564 14.1834
11.7639 164.585 14.3055
11.7708 164.595 14.4277
11.7778 164.595 14.5498
11.7847 164.584 14.672
11.7917 164.562 14.7941
11.7986 164.529 14.9163
11.8056 164.486 15.0384
11.8125 164.433 15.1606
11.8194 164.37 15.2827
11.8264 164.297 15.4049
11.8333 164.215 15.527
11.8403 164.123 15.6492
11.8472 164.022 15.7713
11.8542 163.912 15.8935
11.8611 163.794 16.0156
11.8681 163.668 16.1378
11.875 163.535 16.2599
11.8819 163.393 16.3821
11.8889 163.245 16.5042
11.8958 163.091 16.6263
11.9028 162.93 16.7485
11.9097 162.763 16.8209
11.9167 162.592 16.8247
11.9236 162.415 16.8284
11.9306 162.234 16.8322
11.9375 162.049 16.836
11.9444 161.861 16.8397
11.9514 161.67 16.8435
11.9583 161.476 16.8473
11.9653 161.281 16.851
11.9722 161.084 16.8548
11.9792 160.886 16.8586
11.9861 160.688 16.8623
11.9931 160.49 16.8661
12 160.293 16.8699
12.0069 160.097 16.8736
12.0139 159.903 16.8774
12.0208 159.711 16.8811
12.0278 159.521 16.8849
12.0347 159.335 16.8887
12.0417 159.153 16.8924
12.0486 158.975 16.8962
12.0556 158.801 16.9
12.0625 158.633 16.9037
12.0694 158.47 16.9075
12.0764 158.313 16.9113
12.0833 158.163 16.915
12.0903 158.019 16.9188
12.0972 157.883 16.9226
12.1042 157.754 16.9263
12.1111 157.634 16.9301
12.1181 157.521 16.9338
12.125 157.417 16.9376
12.1319 157.322 16.9414
12.1389 157.236 16.9451
12.1458 157.16 16.9489
12.1528 157.093 16.9527
12.1597 157.035 16.9564
12.1667 156.988 16.9602
12.1736 156.951 16.964
12.1806 156.924 16.9677
12.1875 156.907 16.9715
12.1944 156.9 16.9752
12.2014 156.904 16.979
12.2083 156.918 16.9828
12.2153 156.943 16.9865
12.2222 156.978 16.9903
12.2292 157.024 16.9941
12.2361 157.079 16.9978
12.2431 157.145 17.0016
12.25 157.221 17.0054
12.2569 157.307 17.0091
12.2639 157.403 17.0129
12.2708 157.509 17.0167
12.2778 157.624 17.0204
12.2847 157.748 17.0242
12.2917 157.882 17.0279
12.2986 158.024 17.0317
12.3056 158.175 17.0355
12.3125 158.335 17.0392
12.3194 158.503 17.043
12.3264 158.678 17.0468
12.3333 158.862 17.0505
12.3403 159.053 17.0543
12.3472 159.251 17.0581
12.3542 159.456 17.0618
12.3611 159.667 17.0656
12.3681 159.885 17.0694
12.375 160.109 17.0731
12.3819 160.338 17.0769
12.3889 160.573 17.0806
12.3958 160.813 17.0844
12.4028 161.058 17.0882
12.4097 161.307 17.0919
12.4167 161.561 17.0957
12.4236 161.818 17.0995
12.4306 162.079 17.1032
12.4375 162.343 17.107
12.4444 162.61 17.1108
12.4514 162.879 17.1145
12.4583 163.15 17.1183
12.4653 163.424 17.1221
12.4722 163.698 17.1258
12.4792 163.974 17.1296
12.4861 164.251 17.1333
12.4931 164.528 17.1371
12.5 164.806 17.1409
12.5069 165.083 17.1446
12.5139 165.359 17.1484
12.5208 165.634 17.1522
12.5278 165.908 17.1559
12.5347 166.18 17.1597
12.5417 166.45 17.1635
12.5486 166.718 17.1672
12.5556 166.983 17.171
12.5625 167.244 17.1748
12.5694 167.502 17.1785
12.5764 167.756 17.1823
12.5833 168.005 17.186
12.5903 168.25 17.1898
12.5972 168.489 17.1936
12.6042 168.723 17.1973
12.6111 168.951 17.2011
12.6181 169.173 17.2049
12.625 169.388 17.2086
12.6319 169.596 17.2124
12.6389 169.797 17.2162
12.6458 169.991 17.2199
12.6528 170.176 17.2237
12.6597 170.353 17.2275
12.6667 170.522 17.2312
12.6736 170.682 17.235
12.6806 170.833 17.2387
12.6875 170.974 17.2425
12.6944 171.106 17.2463
12.7014 171.228 17.25
12.7083 171.34 17.2538
12.7153 171.442 17.2576
12.7222 171.534 17.2613
12.7292 171.614 17.2651
12.7361 171.685 17.2689
12.7431 171.744 17.2726
12.75 171.793 17.2764
12.7569 171.831 17.2801
12.7639 171.857 17.2839
12.7708 171.873 17.2877
12.7778 171.878 17.2914
12.7847 171.872 17.2952
12.7917 171.855 17.299
12.7986 171.826 17.3027
12.8056 171.788 17.3065
12.8125 171.738 17.3103
12.8194 171.678 17.314
12.8264 171.608 17.3178
12.8333 171.527 17.3216
12.8403 171.437 17.3253
12.8472 171.337 17.3291
12.8542 171.227 17.3328
12.8611 171.108 17.3366
12.8681 170.981 17.3404
12.875 170.845 17.3441
12.8819 170.7 17.3479
12.8889 170.548 17.3517
12.8958 170.389 17.3554
12.9028 170.222 17.3592
12.9097 170.049 17.363
12.9167 169.87 17.0505
12.9236 169.686 16.6753
12.9306 169.496 16.3002
12.9375 169.301 15.9251
12.9444 169.103 15.5499
12.9514 168.901 15.1748
12.9583 168.696 14.7997
12.9653 168.488 14.4245
12.9722 168.279 14.0494
12.9792 168.068 13.6743
12.9861 167.857 13.2992
12.9931 167.645 12.924
13 167.434 12.5489
13.0069 167.224 12.1738
13.0139 167.015 11.7986
13.0208 166.809 11.4235
13.0278 166.605 11.0484
13.0347 166.405 10.6732
13.0417 166.209 10.2981
13.0486 166.017 9.92299
13.0556 165.83 9.54786
13.0625 165.649 9.17273
13.0694 165.474 8.7976
13.0764 165.305 8.42247
13.0833 165.143 8.04734
13.0903 164.989 7.67221
13.0972 164.842 7.29708
13.1042 164.704 6.92195
13.1111 164.575 6.54682
13.1181 164.454 6.17169
13.125 164.343 5.79656
13.1319 164.241 5.42143
13.1389 164.15 5.0463
13.1458 164.068 4.67117
13.1528 163.997 4.29604
13.1597 163.937 3.92091
13.1667 163.887 3.56955
13.1736 163.848 3.6135
13.1806 163.82 3.65744
13.1875 163.803 3.70139
13.1944 163.797 3.74534
13.2014 163.802 3.78928
13.2083 163.818 3.83323
13.2153 163.844 3.87717
13.2222 163.882 3.92112
13.2292 163.93 3.96507
13.2361 163.989 4.00901
13.2431 164.059 4.05296
13.25 164.138 4.0969
13.2569 164.228 4.14085
13.2639 164.327 4.18479
13.2708 164.436 4.22874
13.2778 164.555 4.27269
13.2847 164.682 4.31663
13.2917 164.819 4.36058
13.2986 164.964 4.40452
13.3056 165.117 4.44847
13.3125 165.278 4.49241
13.3194 165.447 4.53636
13.3264 165.623 4.58031
13.3333 165.806 4.62425
13.3403 165.995 4.6682
13.3472 166.192 4.71214
13.3542 166.394 4.75609
13.3611 166.602 4.80003
13.3681 166.815 4.84398
13.375 167.034 4.88793
13.3819 167.257 4.93187
13.3889 167.485 4.97582
13.3958 167.717 5.01976
13.4028 167.953 5.06371
13.4097 168.193 5.10765
13.4167 168.436 5.1516
13.4236 168.682 5.19555
13.4306 168.93 5.23949
13.4375 169.181 5.28344
13.4444 169.434 5.32738
13.4514 169.689 5.37133
13.4583 169.946 5.41528
13.4653 170.204 5.45922
13.4722 170.463 5.50317
13.4792 170.723 5.54711
13.4861 170.983 5.59106
13.4931 171.243 5.635
13.5 171.504 5.67895
13.5069 171.764 5.7229
13.5139 172.023 5.76684
13.5208 172.281 5.81079
13.5278 172.538 5.85473
13.5347 172.794 5.89868
13.5417 173.047 5.94262
13.5486 173.299 5.98657
13.5556 173.548 6.03052
13.5625 173.794 6.07446
13.5694 174.037 6.11841
13.5764 174.277 6.16235
13.5833 174.513 6.2063
13.5903 174.745 6.25024
13.5972 174.972 6.29419
13.6042 175.195 6.33814
13.6111 175.413 6.38208
13.6181 175.625 6.42603
13.625 175.832 6.46997
13.6319 176.032 6.51392
13.6389 176.227 6.55786
13.6458 176.414 6.60181
13.6528 176.595 6.64576
13.6597 176.768 6.6897
13.6667 176.933 6.73365
13.6736 177.091 6.77759
13.6806 177.24 6.82154
13.6875 177.381 6.86549
13.6944 177.513 6.90943
13.7014 177.636 6.95338
13.7083 177.749 6.99732
13.7153 177.853 7.04127
13.7222 177.947 7.08521
13.7292 178.031 7.12916
13.7361 178.105 7.17311
13.7431 178.169 7.21705
13.75 178.222 7.261
13.7569 178.264 7.30494
13.7639 178.296 7.34889
13.7708 178.316 7.39283
13.7778 178.326 7.43678
13.7847 178.325 7.48073
13.7917 178.313 7.52467
13.7986 178.289 7.56862
13.8056 178.255 7.61256
13.8125 178.21 7.65651
13.8194 178.154 7.70045
13.8264 178.087 7.7444
13.8333 178.009 7.78835
13.8403 177.921 7.83229
13.8472 177.823 7.87624
13.8542 177.715 7.92018
13.8611 177.597 7.96413
13.8681 177.469 8.00807
13.875 177.333 8.05202
13.8819 177.187 8.09597
13.8889 177.033 8.13991
13.8958 176.87 8.18386
13.9028 176.7 8.2278
13.9097 176.523 8.27175
13.9167 176.339 8.3157
13.9236 176.148 8.35964
13.9306 175.952 8.40359
13.9375 175.75 8.44753
13.9444 175.544 8.49148
13.9514 175.333 8.53542
13.9583 175.119 8.57937
13.9653 174.902 8.62332
13.9722 174.683 8.66726
13.9792 174.461 8.71121
13.9861 174.239 8.75515
13.9931 174.016 8.7991
14 173.793 8.84304
14.0069 173.571 8.88699
14.0139 173.35 8.93094
14.0208 173.132 8.97488
14.0278 172.916 9.01883
14.0347 172.704 9.06277
14.0417 172.496 9.10672
14.0486 172.292 9.15066
14.0556 172.094 9.19461
14.0625 171.902 9.10962
14.0694 171.716 9.02451
14.0764 171.537 8.9394
14.0833 171.365 8.85429
14.0903 171.202 8.76918
14.0972 171.047 8.68407
14.1042 170.9 8.59896
14.1111 170.764 8.51385
14.1181 170.637 8.42874
14.125 170.52 8.34363
14.1319 170.413 8.25852
14.1389 170.318 8.17341
14.1458 170.233 8.0883
14.1528 170.159 8.00319
14.1597 170.097 7.91808
14.1667 170.046 7.83297
14.1736 170.007 7.74786
14.1806 169.979 7.66275
14.1875 169.964 7.57764
14.1944 169.959 7.49253
14.2014 169.967 7.40742
14.2083 169.986 7.32231
14.2153 170.016 7.2372
14.2222 170.058 7.15209
14.2292 170.111 7.06698
14.2361 170.175 6.98187
14.2431 170.249 6.89676
14.25 170.334 6.81165
14.2569 170.429 6.72654
14.2639 170.534 6.64143
14.2708 170.649 6.55632
14.2778 170.773 6.47121
14.2847 170.906 6.3861
14.2917 171.047 6.30099
14.2986 171.197 6.21588
14.3056 171.354 6.13077
14.3125 171.519 6.04566
14.3194 171.691 5.96055
14.3264 171.87 5.87544
14.3333 172.055 5.79033
14.3403 172.247 5.70522
14.3472 172.444 5.62011
14.3542 172.646 5.535
14.3611 172.853 5.44989
14.3681 173.064 5.36478
14.375 173.28 5.27967
14.3819 173.5 5.19456
14.3889 173.723 5.10945
14.3958 173.95 5.02434
14.4028 174.18 4.93923
14.4097 174.412 4.85412
14.4167 174.646 4.76901
14.4236 174.883 4.92422
14.4306 175.122 5.09658
14.4375 175.362 5.26894
14.4444 175.604 5.4413
14.4514 175.846 5.61366
14.4583 176.09 5.78602
14.4653 176.334 5.95838
14.4722 176.578 6.13073
14.4792 176.823 6.30309
14.4861 177.068 6.47545
14.4931 177.312 6.64781
14.5 177.556 6.82017
14.5069 177.8 6.99253
14.5139 178.042 7.16488
14.5208 178.284 7.33724
14.5278 178.524 7.5096
14.5347 178.763 7.68196
14.5417 178.999 7.85432
14.5486 179.234 8.02668
14.5556 179.467 8.19904
14.5625 179.697 8.37139
14.5694 179.925 8.54375
14.5764 180.149 8.71611
14.5833 180.37 8.88847
14.5903 180.588 9.06083
14.5972 180.802 9.23319
14.6042 181.012 9.40554
14.6111 181.217 9.5779
14.6181 181.418 9.75026
14.625 181.614 9.92262
14.6319 181.805 10.095
14.6389 181.99 10.2673
14.6458 182.169 10.4397
14.6528 182.342 10.6121
14.6597 182.509 10.7844
14.6667 182.669 10.9568
14.6736 182.821 11.1291
14.6806 182.966 11.3015
14.6875 183.104 11.4738
