time error errTLE
0 0 0
0.00694444 0.0424295 0.00385908
0.0138889 0.0860707 0.00771815
0.0208333 0.130869 0.0115772
0.0277778 0.176752 0.0154363
0.0347222 0.223633 0.0192954
0.0416667 0.271412 0.0231545
0.0486111 0.319972 0.0270135
0.0555556 0.369189 0.0308726
0.0625 0.418927 0.0347317
0.0694444 0.46904 0.0385908
0.0763889 0.519376 0.0424498
0.0833333 0.569777 0.0463089
0.0902778 0.620081 0.050168
0.0972222 0.670124 0.0540271
0.104167 0.719747 0.0578861
0.111111 0.768787 0.0617452
0.118056 0.817094 0.0656043
0.125 0.864523 0.0694634
0.131944 0.910941 0.0733224
0.138889 0.956232 0.0771815
0.145833 1.0003 0.0810406
0.152778 1.04306 0.0848997
0.159722 1.08448 0.0887587
0.166667 1.12453 0.0926178
0.173611 1.16322 0.0964769
0.180556 1.20062 0.100336
0.1875 1.2368 0.104195
0.194444 1.27193 0.108054
0.201389 1.30618 0.111913
0.208333 1.33978 0.115772
0.215278 1.37304 0.119631
0.222222 1.40629 0.12349
0.229167 1.43991 0.12735
0.236111 1.47434 0.131209
0.243056 1.51003 0.135068
0.25 1.54749 0.138927
0.256944 1.58722 0.142786
0.263889 1.62973 0.146645
0.270833 1.67551 0.150504
0.277778 1.72504 0.154363
0.284722 1.77873 0.158222
0.291667 1.83695 0.162081
0.298611 1.89998 0.16594
0.305556 1.96804 0.169799
0.3125 2.04124 0.173658
0.319444 2.11961 0.177517
0.326389 2.2031 0.181377
0.333333 2.29154 0.185236
0.340278 2.38473 0.189095
0.347222 2.48234 0.192954
0.354167 2.58402 0.196813
0.361111 2.68933 0.200672
0.368056 2.79779 0.204531
0.375 2.9089 0.20839
0.381944 3.02209 0.212249
0.388889 3.13679 0.216108
0.395833 3.25239 0.219967
0.402778 3.36829 0.223826
0.409722 3.48386 0.227685
0.416667 3.59848 0.231545
0.423611 3.71153 0.235404
0.430556 3.82239 0.239263
0.4375 3.93045 0.243122
0.444444 4.03513 0.246981
0.451389 4.13586 0.25084
0.458333 4.23209 0.254699
0.465278 4.32328 0.258558
0.472222 4.40896 0.262417
0.479167 4.48865 0.266276
0.486111 4.56193 0.270135
0.493056 4.62841 0.273994
0.5 4.68773 0.277853
0.506944 4.73959 0.281569
0.513889 4.78372 0.285216
0.520833 4.8199 0.288863
0.527778 4.84796 0.29251
0.534722 4.86777 0.296156
0.541667 4.87924 0.299803
0.548611 4.88234 0.30345
0.555556 4.87709 0.307097
0.5625 4.86355 0.310744
0.569444 4.84182 0.314391
0.576389 4.81205 0.318038
0.583333 4.77445 0.321685
0.590278 4.72924 0.325332
0.597222 4.6767 0.328979
0.604167 4.61715 0.332626
0.611111 4.55093 0.336273
0.618056 4.47842 0.33992
0.625 4.40002 0.343567
0.631944 4.31619 0.347214
0.638889 4.22737 0.350861
0.645833 4.13402 0.354508
0.652778 4.03668 0.358155
0.659722 3.93584 0.361802
0.666667 3.83201 0.365449
0.673611 3.72573 0.369096
0.680556 3.61753 0.372742
0.6875 3.50795 0.376389
0.694444 3.39753 0.380036
0.701389 3.2868 0.383683
0.708333 3.1763 0.38733
0.715278 3.06655 0.390977
0.722222 2.95807 0.394624
0.729167 2.85137 0.398271
0.736111 2.74695 0.401918
0.743056 2.64528 0.405565
0.75 2.54684 0.409212
0.756944 2.45207 0.412859
0.763889 2.36141 0.416506
0.770833 2.27525 0.420153
0.777778 2.19397 0.4238
0.784722 2.1179 0.427447
0.791667 2.04734 0.431094
0.798611 1.98253 0.434741
0.805556 1.92368 0.438388
0.8125 1.87089 0.442035
0.819444 1.82424 0.445682
0.826389 1.78371 0.449328
0.833333 1.7492 0.452975
0.840278 1.72054 0.456622
0.847222 1.69749 0.460269
0.854167 1.67972 0.463916
0.861111 1.66687 0.467563
0.868056 1.6585 0.47121
0.875 1.65416 0.474857
0.881944 1.65336 0.478504
0.888889 1.6556 0.482151
0.895833 1.66038 0.485798
0.902778 1.66721 0.489445
0.909722 1.6756 0.493092
0.916667 1.68509 0.496739
0.923611 1.69526 0.500386
0.930556 1.70569 0.504033
0.9375 1.71599 0.50768
0.944444 1.72582 0.511327
0.951389 1.73484 0.514974
0.958333 1.74277 0.518621
0.965278 1.74931 0.522268
0.972222 1.75424 0.525914
0.979167 1.75733 0.529561
0.986111 1.75839 0.533208
0.993056 1.75725 0.536855
1 1.75375 0.540502
1.00694 1.74779 0.544261
1.01389 1.73926 0.548906
1.02083 1.72809 0.553551
1.02778 1.71424 0.558196
1.03472 1.69769 0.562842
1.04167 1.67843 0.567487
1.04861 1.65651 0.572132
1.05556 1.63198 0.576777
1.0625 1.60492 0.581422
1.06944 1.57546 0.586068
1.07639 1.54374 0.590713
1.08333 1.50993 0.595358
1.09028 1.47426 0.600003
1.09722 1.43696 0.604648
1.10417 1.39832 0.609294
1.11111 1.35868 0.613939
1.11806 1.31839 0.618584
1.125 1.27788 0.623229
1.13194 1.23761 0.627874
1.13889 1.19812 0.63252
1.14583 1.15996 0.637165
1.15278 1.12379 0.64181
1.15972 1.09029 0.646455
1.16667 1.06018 0.6511
1.17361 1.03423 0.655746
1.18056 1.0132 0.660391
1.1875 0.997825 0.665036
1.19444 0.988776 0.669681
1.20139 0.986609 0.674326
1.20833 0.991737 0.678972
1.21528 1.0044 0.683617
1.22222 1.02466 0.688262
1.22917 1.05242 0.692907
1.23611 1.08744 0.697552
1.24306 1.12938 0.702198
1.25 1.17784 0.706843
1.25694 1.23241 0.711488
1.26389 1.29268 0.716133
1.27083 1.35824 0.720778
1.27778 1.42874 0.725424
1.28472 1.50387 0.730069
1.29167 1.58332 0.734714
1.29861 1.66686 0.739359
1.30556 1.75425 0.744004
1.3125 1.84527 0.74865
1.31944 1.93973 0.753295
1.32639 2.03743 0.75794
1.33333 2.13816 0.762585
1.34028 2.24171 0.76723
1.34722 2.34786 0.771876
1.35417 2.45635 0.776521
1.36111 2.56693 0.781166
1.36806 2.67931 0.785811
1.375 2.79317 0.790456
1.38194 2.90817 0.795102
1.38889 3.02395 0.799747
1.39583 3.14012 0.804392
1.40278 3.25626 0.809037
1.40972 3.37194 0.813682
1.41667 3.48671 0.818327
1.42361 3.60009 0.822973
1.43056 3.71161 0.827618
1.4375 3.82078 0.832094
1.44444 3.92708 0.836311
1.45139 4.03003 0.840528
1.45833 4.12911 0.844745
1.46528 4.22385 0.848962
1.47222 4.31375 0.853179
1.47917 4.39834 0.857396
1.48611 4.47716 0.861613
1.49306 4.54979 0.86583
1.5 4.61581 0.870047
1.50694 4.67484 0.874264
1.51389 4.72654 0.878481
1.52083 4.77059 0.882698
1.52778 4.80671 0.886915
1.53472 4.83466 0.891132
1.54167 4.85426 0.895349
1.54861 4.86535 0.899566
1.55556 4.86782 0.903783
1.5625 4.86162 0.908
1.56944 4.84674 0.912217
1.57639 4.82321 0.916434
1.58333 4.79111 0.920651
1.59028 4.75058 0.924868
1.59722 4.7018 0.929085
1.60417 4.64499 0.933302
1.61111 4.58041 0.937519
1.61806 4.50839 0.941736
1.625 4.42927 0.945953
1.63194 4.34343 0.95017
1.63889 4.25131 0.954387
1.64583 4.15334 0.958604
1.65278 4.05004 0.962822
1.65972 3.9419 0.967039
1.66667 3.82947 0.971256
1.67361 3.71329 0.975473
1.68056 3.59394 0.97969
1.6875 3.47201 0.983907
1.69444 3.3481 0.988124
1.70139 3.22282 0.992341
1.70833 3.09677 0.996558
1.71528 2.97059 1.00077
1.72222 2.84489 1.00499
1.72917 2.72032 1.00921
1.73611 2.59748 1.01343
1.74306 2.47703 1.01764
1.75 2.35959 1.02186
1.75694 2.24581 1.02608
1.76389 2.13632 1.03029
1.77083 2.03178 1.03451
1.77778 1.93282 1.03873
1.78472 1.84008 1.04294
1.79167 1.75421 1.04716
1.79861 1.6758 1.05138
1.80556 1.60542 1.0556
1.8125 1.54358 1.05981
1.81944 1.49069 1.06403
1.82639 1.44703 1.06825
1.83333 1.41276 1.07246
1.84028 1.38783 1.07668
1.84722 1.37204 1.0809
1.85417 1.36498 1.08511
1.86111 1.3661 1.08933
1.86806 1.37472 1.09355
1.875 1.39007 1.09777
1.88194 1.41134 1.10198
1.88889 1.4377 1.1062
1.89583 1.46836 1.11042
1.90278 1.50254 1.11463
1.90972 1.53954 1.11885
1.91667 1.57869 1.12307
1.92361 1.61939 1.12723
1.93056 1.66111 1.12835
1.9375 1.70333 1.12947
1.94444 1.74562 1.13059
1.95139 1.78754 1.13171
1.95833 1.82871 1.13283
1.96528 1.86878 1.13395
1.97222 1.90741 1.13508
1.97917 1.94429 1.1362
1.98611 1.97913 1.13732
1.99306 2.01166 1.13844
2 2.04161 1.13956
2.00694 2.06877 1.14068
2.01389 2.0929 1.1418
2.02083 2.1138 1.14292
2.02778 2.1313 1.14404
2.03472 2.14523 1.14516
2.04167 2.15546 1.14628
2.04861 2.16188 1.1474
2.05556 2.16438 1.14852
2.0625 2.16292 1.14964
2.06944 2.15744 1.15077
2.07639 2.14795 1.15189
2.08333 2.13446 1.15301
2.09028 2.11701 1.15413
2.09722 2.09569 1.15525
2.10417 2.0706 1.15637
2.11111 2.04189 1.15749
2.11806 2.00972 1.15861
2.125 1.9743 1.15973
2.13194 1.93587 1.16085
2.13889 1.89469 1.16197
2.14583 1.85107 1.16309
2.15278 1.80535 1.16421
2.15972 1.75789 1.16533
2.16667 1.70911 1.16646
2.17361 1.65944 1.16758
2.18056 1.60937 1.1687
2.1875 1.55942 1.16982
2.19444 1.51014 1.17094
2.20139 1.46212 1.17206
2.20833 1.416 1.17318
2.21528 1.37244 1.1743
2.22222 1.33211 1.17542
2.22917 1.29573 1.17654
2.23611 1.26397 1.17766
2.24306 1.23751 1.17878
2.25 1.21696 1.1799
2.25694 1.20285 1.18102
2.26389 1.1956 1.18215
2.27083 1.19552 1.18327
2.27778 1.20274 1.18439
2.28472 1.21726 1.18551
2.29167 1.23895 1.18663
2.29861 1.26754 1.18775
2.30556 1.3027 1.18887
2.3125 1.34403 1.18999
2.31944 1.39109 1.19111
2.32639 1.44344 1.19223
2.33333 1.50064 1.19335
2.34028 1.56228 1.19447
2.34722 1.62796 1.19559
2.35417 1.6973 1.19672
2.36111 1.76995 1.19784
2.36806 1.84556 1.19896
2.375 1.92379 1.20008
2.38194 2.00431 1.2012
2.38889 2.0868 1.20232
2.39583 2.17091 1.20344
2.40278 2.25629 1.20456
2.40972 2.34259 1.20568
2.41667 2.42941 1.2068
2.42361 2.51638 1.20792
2.43056 2.60308 1.20904
2.4375 2.68909 1.21016
2.44444 2.77396 1.21128
2.45139 2.85725 1.21241
2.45833 2.93849 1.21353
2.46528 3.01722 1.21465
2.47222 3.09296 1.21577
2.47917 3.16524 1.21689
2.48611 3.23359 1.21801
2.49306 3.29755 1.21913
2.5 3.35667 1.22025
2.50694 3.41051 1.22137
2.51389 3.45867 1.22249
2.52083 3.50074 1.22361
2.52778 3.53637 1.22473
2.53472 3.56523 1.22585
2.54167 3.58701 1.22697
2.54861 3.60146 1.2281
2.55556 3.60836 1.22922
2.5625 3.60752 1.23034
2.56944 3.59884 1.23146
2.57639 3.58221 1.23258
2.58333 3.5576 1.2337
2.59028 3.52504 1.23482
2.59722 3.4846 1.23594
2.60417 3.43638 1.23706
2.61111 3.38057 1.23818
2.61806 3.31739 1.2393
2.625 3.24712 1.24042
2.63194 3.17007 1.24154
2.63889 3.08662 1.24267
2.64583 2.99719 1.24379
2.65278 2.90226 1.24491
2.65972 2.80233 1.24603
2.66667 2.69796 1.24715
2.67361 2.58975 1.24827
2.68056 2.47832 1.24939
2.6875 2.36435 1.25051
2.69444 2.24855 1.25163
2.70139 2.13167 1.25275
2.70833 2.01449 1.25387
2.71528 1.89785 1.25499
2.72222 1.78261 1.25611
2.72917 1.66968 1.25723
2.73611 1.56004 1.25836
2.74306 1.45471 1.25948
2.75 1.35475 1.2606
2.75694 1.26131 1.26172
2.76389 1.17553 1.26284
2.77083 1.09857 1.26396
2.77778 1.03153 1.26508
2.78472 0.975331 1.2662
2.79167 0.930628 1.26732
2.79861 0.897656 1.26844
2.80556 0.876151 1.26956
2.8125 0.865327 1.27068
2.81944 0.86395 1.2718
2.82639 0.870487 1.27292
2.83333 0.883283 1.27405
2.84028 0.900722 1.27517
2.84722 0.921343 1.27629
2.85417 0.943906 1.27741
2.86111 0.96741 1.27853
2.86806 0.991092 1.27965
2.875 1.0144 1.28077
2.88194 1.03698 1.28189
2.88889 1.05862 1.28301
2.89583 1.07926 1.28413
2.90278 1.09893 1.28525
2.90972 1.11774 1.28637
2.91667 1.13586 1.28749
2.92361 1.15351 1.28861
2.93056 1.17091 1.28974
2.9375 1.18828 1.29086
2.94444 1.20583 1.29198
2.95139 1.22374 1.2931
2.95833 1.24216 1.29422
2.96528 1.26115 1.29534
2.97222 1.28076 1.29646
2.97917 1.30094 1.29758
2.98611 1.3216 1.2987
2.99306 1.3426 1.29982
3 1.36372 1.30094
3.00694 1.38473 1.30206
3.01389 1.40534 1.32567
3.02083 1.42523 1.35662
3.02778 1.44409 1.38757
3.03472 1.46156 1.41852
3.04167 1.47731 1.44947
3.04861 1.491 1.48041
3.05556 1.50231 1.51136
3.0625 1.51095 1.54231
3.06944 1.51663 1.57326
3.07639 1.51911 1.60421
3.08333 1.51817 1.63516
3.09028 1.51364 1.66611
3.09722 1.50537 1.69706
3.10417 1.49327 1.728
3.11111 1.47729 1.75895
3.11806 1.45742 1.7899
3.125 1.43369 1.82085
3.13194 1.40619 1.8518
3.13889 1.37504 1.88275
3.14583 1.34043 1.9137
3.15278 1.3026 1.94465
3.15972 1.26181 1.97559
3.16667 1.21841 2.00654
3.17361 1.1728 2.03749
3.18056 1.12542 2.06844
3.1875 1.07678 2.09939
3.19444 1.02747 2.13034
3.20139 0.978144 2.16129
3.20833 0.929518 2.19223
3.21528 0.882394 2.22318
3.22222 0.837643 2.25413
3.22917 0.796191 2.28508
3.23611 0.758993 2.31603
3.24306 0.726988 2.34698
3.25 0.701021 2.37793
3.25694 0.681764 2.40888
3.26389 0.669617 2.43982
3.27083 0.664646 2.47077
3.27778 0.666554 2.50172
3.28472 0.67472 2.53267
3.29167 0.688278 2.56362
3.29861 0.706225 2.59457
3.30556 0.727522 2.62552
3.3125 0.751172 2.65647
3.31944 0.776272 2.68741
3.32639 0.802045 2.71836
3.33333 0.827844 2.74931
3.34028 0.853153 2.78026
3.34722 0.877581 2.81121
3.35417 0.900848 2.84216
3.36111 0.922776 2.87311
3.36806 0.943276 2.90406
3.375 0.962338 2.935
3.38194 0.980021 2.96595
3.38889 0.996439 2.9969
3.39583 1.01175 3.02785
3.40278 1.02615 3.0588
3.40972 1.03984 3.08975
3.41667 1.05305 3.1207
3.42361 1.06599 3.15164
3.43056 1.07885 3.18259
3.4375 1.09179 3.21354
3.44444 1.10494 3.24449
3.45139 1.11836 3.27544
3.45833 1.13207 3.30639
3.46528 1.146 3.33734
3.47222 1.16006 3.36829
3.47917 1.17406 3.39923
3.48611 1.18777 3.43018
3.49306 1.20091 3.46113
3.5 1.21318 3.49208
3.50694 1.22421 3.52303
3.51389 1.23365 3.55398
3.52083 1.24113 3.58493
3.52778 1.24628 3.58527
3.53472 1.24876 3.56625
3.54167 1.24826 3.54723
3.54861 1.2445 3.52822
3.55556 1.23726 3.5092
3.5625 1.22641 3.49018
3.56944 1.21188 3.47116
3.57639 1.19369 3.45215
3.58333 1.17202 3.43313
3.59028 1.14716 3.41411
3.59722 1.11956 3.39509
3.60417 1.0899 3.37608
3.61111 1.05906 3.35706
3.61806 1.0282 3.33804
3.625 0.998749 3.31903
3.63194 0.972462 3.30001
3.63889 0.951346 3.28099
3.64583 0.937567 3.26197
3.65278 0.933355 3.24296
3.65972 0.940652 3.22394
3.66667 0.960921 3.20492
3.67361 0.994929 3.1859
3.68056 1.04267 3.16689
3.6875 1.10346 3.14787
3.69444 1.17611 3.12885
3.70139 1.25911 3.10984
3.70833 1.35088 3.09082
3.71528 1.44981 3.0718
3.72222 1.55437 3.05278
3.72917 1.66314 3.03377
3.73611 1.77481 3.01475
3.74306 1.88818 2.99573
3.75 2.00216 2.97671
3.75694 2.11571 2.9577
3.76389 2.22792 2.93868
3.77083 2.33791 2.91966
3.77778 2.44489 2.90065
3.78472 2.54813 2.88163
3.79167 2.64694 2.86261
3.79861 2.74071 2.84359
3.80556 2.82888 2.82458
3.8125 2.91093 2.80556
3.81944 2.98641 2.78654
3.82639 3.05493 2.76752
3.83333 3.11614 2.74851
3.84028 3.16975 2.72949
3.84722 3.21553 2.71047
3.85417 3.2533 2.69146
3.86111 3.28294 2.67244
3.86806 3.30438 2.65342
3.875 3.31759 2.6344
3.88194 3.32262 2.61539
3.88889 3.31955 2.59637
3.89583 3.3085 2.57735
3.90278 3.28966 2.55833
3.90972 3.26325 2.53932
3.91667 3.22952 2.5203
3.92361 3.18877 2.50128
3.93056 3.14134 2.48226
3.9375 3.08759 2.46325
3.94444 3.02791 2.44423
3.95139 2.96272 2.42521
3.95833 2.89244 2.4062
3.96528 2.81753 2.38718
3.97222 2.73844 2.36816
3.97917 2.65565 2.35875
3.98611 2.56963 2.37055
3.99306 2.48083 2.38235
4 2.38973 2.39414
4.00694 2.29677 2.40594
4.01389 2.2024 2.41774
4.02083 2.10704 2.42953
4.02778 2.0111 2.44133
4.03472 1.91498 2.45313
4.04167 1.81904 2.46492
4.04861 1.72363 2.47672
4.05556 1.62909 2.48852
4.0625 1.53575 2.50031
4.06944 1.44395 2.51211
4.07639 1.35401 2.52391
4.08333 1.26632 2.5357
4.09028 1.18128 2.5475
4.09722 1.09941 2.5593
4.10417 1.02133 2.57109
4.11111 0.947844 2.58289
4.11806 0.87997 2.59469
4.125 0.819016 2.60648
4.13194 0.76659 2.61828
4.13889 0.72457 2.63007
4.14583 0.694946 2.64187
4.15278 0.679516 2.65367
4.15972 0.679492 2.66546
4.16667 0.695167 2.67726
4.17361 0.725838 2.68906
4.18056 0.770026 2.70085
4.1875 0.825849 2.71265
4.19444 0.891361 2.72445
4.20139 0.964768 2.73624
4.20833 1.04451 2.74804
4.21528 1.12928 2.75984
4.22222 1.21797 2.77163
4.22917 1.30964 2.78343
4.23611 1.40349 2.79523
4.24306 1.49881 2.80702
4.25 1.59495 2.81882
4.25694 1.69133 2.83062
4.26389 1.78739 2.84241
4.27083 1.88262 2.85421
4.27778 1.97651 2.86601
4.28472 2.0686 2.8778
4.29167 2.15842 2.8896
4.29861 2.24554 2.9014
4.30556 2.32955 2.91319
4.3125 2.41004 2.92499
4.31944 2.48664 2.93679
4.32639 2.55901 2.94858
4.33333 2.62682 2.96038
4.34028 2.68978 2.97218
4.34722 2.74763 2.98397
4.35417 2.80014 2.99577
4.36111 2.8471 3.00757
4.36806 2.88836 3.01936
4.375 2.92379 3.03116
4.38194 2.9533 3.04296
4.38889 2.97686 3.05475
4.39583 2.99444 3.06655
4.40278 3.00608 3.07834
4.40972 3.01186 3.09014
4.41667 3.01189 3.10194
4.42361 3.00633 3.11373
4.43056 2.99537 3.12553
4.4375 2.97925 3.13733
4.44444 2.95825 3.14912
4.45139 2.93271 3.16092
4.45833 2.90298 3.17272
4.46528 2.86948 3.18451
4.47222 2.83267 3.19631
4.47917 2.79303 3.20811
4.48611 2.75114 3.2199
4.49306 2.70758 3.2317
4.5 2.66301 3.2435
4.50694 2.61812 3.25529
4.51389 2.57369 3.26709
4.52083 2.53052 3.27889
4.52778 2.48949 3.29068
4.53472 2.4515 3.30248
4.54167 2.41752 3.31428
4.54861 2.38853 3.32607
4.55556 2.36554 3.33787
4.5625 2.34953 3.34967
4.56944 2.34145 3.36146
4.57639 2.34218 3.37326
4.58333 2.3525 3.38506
4.59028 2.37304 3.39685
4.59722 2.40429 3.40865
4.60417 2.44655 3.42045
4.61111 2.49993 3.43224
4.61806 2.56438 3.44404
4.625 2.63968 3.45584
4.63194 2.72546 3.46763
4.63889 2.82123 3.47943
4.64583 2.92641 3.49123
4.65278 3.04036 3.50302
4.65972 3.16237 3.51482
4.66667 3.29171 3.52661
4.67361 3.42763 3.53841
4.68056 3.56934 3.55021
4.6875 3.71609 3.562
4.69444 3.8671 3.5738
4.70139 4.02158 3.5856
4.70833 4.17876 3.59739
4.71528 4.33787 3.60919
4.72222 4.49814 3.62099
4.72917 4.6588 3.63278
4.73611 4.81911 3.64458
4.74306 4.9783 3.65638
4.75 5.13564 3.66817
4.75694 5.2904 3.67997
4.76389 5.44186 3.69177
4.77083 5.58932 3.70356
4.77778 5.73211 3.71536
4.78472 5.86956 3.72716
4.79167 6.00105 3.73895
4.79861 6.12598 3.75075
4.80556 6.24378 3.76255
4.8125 6.3539 3.77434
4.81944 6.45586 3.78614
4.82639 6.54921 3.79794
4.83333 6.63353 3.80973
4.84028 6.70845 3.82153
4.84722 6.77366 3.83333
4.85417 6.8289 3.84512
4.86111 6.87395 3.85692
4.86806 6.90865 3.86872
4.875 6.93288 3.88051
4.88194 6.9466 3.89231
4.88889 6.9498 3.90411
4.89583 6.94253 3.9159
4.90278 6.9249 3.9277
4.90972 6.89706 3.9395
4.91667 6.85922 3.95129
4.92361 6.81164 3.96309
4.93056 6.75461 3.97488
4.9375 6.68849 3.98668
4.94444 6.61367 3.99848
4.95139 6.53057 4.00927
4.95833 6.43967 4.01206
4.96528 6.34147 4.01485
4.97222 6.2365 4.01764
4.97917 6.12533 4.02043
4.98611 6.00855 4.02323
4.99306 5.88678 4.02602
5 5.76067 4.02881
5.00694 5.63087 4.0316
5.01389 5.49805 4.03439
5.02083 5.36293 4.03719
5.02778 5.22621 4.03998
5.03472 5.08861 4.04277
5.04167 4.95088 4.04556
5.04861 4.81378 4.04836
5.05556 4.67809 4.05115
5.0625 4.54458 4.05394
5.06944 4.41406 4.05673
5.07639 4.28736 4.05952
5.08333 4.16532 4.06232
5.09028 4.04877 4.06511
5.09722 3.93858 4.0679
5.10417 3.83562 4.07069
5.11111 3.74075 4.07349
5.11806 3.65481 4.07628
5.125 3.57862 4.07907
5.13194 3.51294 4.08186
5.13889 3.45847 4.08465
5.14583 3.4158 4.08745
5.15278 3.38539 4.09024
5.15972 3.36759 4.09303
5.16667 3.36257 4.09582
5.17361 3.37033 4.09861
5.18056 3.39071 4.10141
5.1875 3.42336 4.1042
5.19444 3.46782 4.10699
5.20139 3.52348 4.10978
5.20833 3.58961 4.11258
5.21528 3.66543 4.11537
5.22222 3.75008 4.11816
5.22917 3.84267 4.12095
5.23611 3.94231 4.12374
5.24306 4.04809 4.12654
5.25 4.15913 4.12933
5.25694 4.27455 4.13212
5.26389 4.3935 4.13491
5.27083 4.51518 4.1377
5.27778 4.6388 4.1405
5.28472 4.76361 4.14329
5.29167 4.88888 4.14608
5.29861 5.01394 4.14887
5.30556 5.13814 4.15167
5.3125 5.26086 4.15446
5.31944 5.38152 4.15725
5.32639 5.49958 4.16004
5.33333 5.61453 4.16283
5.34028 5.72589 4.16563
5.34722 5.83323 4.16842
5.35417 5.93616 4.17121
5.36111 6.03432 4.174
5.36806 6.12739 4.1768
5.375 6.2151 4.17959
5.38194 6.29722 4.18238
5.38889 6.37357 4.18517
5.39583 6.44401 4.18796
5.40278 6.50844 4.19076
5.40972 6.56682 4.19355
5.41667 6.61914 4.19634
5.42361 6.66546 4.19913
5.43056 6.70587 4.20192
5.4375 6.74052 4.20472
5.44444 6.7696 4.20751
5.45139 6.79336 4.2103
5.45833 6.81208 4.22323
5.46528 6.82609 4.23635
5.47222 6.83579 4.24948
5.47917 6.84158 4.26261
5.48611 6.84394 4.27573
5.49306 6.84338 4.28886
5.5 6.84043 4.30199
5.50694 6.83568 4.31512
5.51389 6.82974 4.32824
5.52083 6.82325 4.34137
5.52778 6.81686 4.3545
5.53472 6.81127 4.36762
5.54167 6.80716 4.38075
5.54861 6.80525 4.39388
5.55556 6.80622 4.40701
5.5625 6.81077 4.42013
5.56944 6.81959 4.43326
5.57639 6.83333 4.44639
5.58333 6.85261 4.45951
5.59028 6.87801 4.47264
5.59722 6.91006 4.48577
5.60417 6.94925 4.49889
5.61111 6.99596 4.51202
5.61806 7.05054 4.52515
5.625 7.11324 4.53828
5.63194 7.18423 4.5514
5.63889 7.26361 4.56453
5.64583 7.35136 4.57766
5.65278 7.44739 4.59078
5.65972 7.55153 4.60391
5.66667 7.66353 4.61704
5.67361 7.78303 4.63017
5.68056 7.90963 4.64329
5.6875 8.04285 4.65642
5.69444 8.18214 4.66955
5.70139 8.32689 4.68267
5.70833 8.47645 4.6958
5.71528 8.63012 4.70893
5.72222 8.78718 4.72205
5.72917 8.94685 4.73518
5.73611 9.10834 4.74831
5.74306 9.27085 4.76144
5.75 9.43355 4.77456
5.75694 9.59562 4.78769
5.76389 9.75623 4.80082
5.77083 9.91455 4.81394
5.77778 10.0698 4.82707
5.78472 10.2211 4.8402
5.79167 10.3677 4.85333
5.79861 10.5088 4.86645
5.80556 10.6438 4.87958
5.8125 10.7719 4.89271
5.81944 10.8924 4.90583
5.82639 11.0047 4.91896
5.83333 11.1082 4.93209
5.84028 11.2024 4.94521
5.84722 11.2868 4.95834
5.85417 11.361 4.97147
5.86111 11.4245 4.9846
5.86806 11.477 4.99772
5.875 11.5183 5.01085
5.88194 11.5482 5.02398
5.88889 11.5664 5.0371
5.89583 11.5729 5.05023
5.90278 11.5677 5.06336
5.90972 11.5507 5.07649
5.91667 11.5221 5.08961
5.92361 11.4821 5.10274
5.93056 11.4308 5.11587
5.9375 11.3685 5.12899
5.94444 11.2955 5.14212
5.95139 11.2122 5.15525
5.95833 11.119 5.16403
5.96528 11.0164 5.16325
5.97222 10.9049 5.16247
5.97917 10.7852 5.16168
5.98611 10.6577 5.1609
5.99306 10.5233 5.16012
6 10.3825 5.15933
6.00694 10.236 5.15855
6.01389 10.0848 5.15777
6.02083 9.92942 5.15698
6.02778 9.77083 5.1562
6.03472 9.60982 5.15541
6.04167 9.44726 5.15463
6.04861 9.28402 5.15385
6.05556 9.121 5.15306
6.0625 8.95909 5.15228
6.06944 8.79921 5.1515
6.07639 8.64229 5.15071
6.08333 8.48925 5.14993
6.09028 8.341 5.14915
6.09722 8.19846 5.14836
6.10417 8.06254 5.14758
6.11111 7.9341 5.1468
6.11806 7.81402 5.14601
6.125 7.7031 5.14523
6.13194 7.60212 5.14444
6.13889 7.5118 5.14366
6.14583 7.4328 5.14288
6.15278 7.3657 5.14209
6.15972 7.31097 5.14131
6.16667 7.26904 5.14053
6.17361 7.24017 5.13974
6.18056 7.22456 5.13896
6.1875 7.22228 5.13818
6.19444 7.23327 5.13739
6.20139 7.25737 5.13661
6.20833 7.29432 5.13583
6.21528 7.34372 5.13504
6.22222 7.4051 5.13426
6.22917 7.47791 5.13348
6.23611 7.56152 5.13269
6.24306 7.65521 5.13191
6.25 7.75825 5.13112
6.25694 7.86985 5.13034
6.26389 7.9892 5.12956
6.27083 8.11546 5.12877
6.27778 8.24778 5.12799
6.28472 8.38533 5.12721
6.29167 8.52726 5.12642
6.29861 8.67276 5.12564
6.30556 8.821 5.12486
6.3125 8.97121 5.12407
6.31944 9.12262 5.12329
6.32639 9.2745 5.12251
6.33333 9.42614 5.12172
6.34028 9.57688 5.12094
6.34722 9.72608 5.12015
6.35417 9.87315 5.11937
6.36111 10.0175 5.11859
6.36806 10.1587 5.1178
6.375 10.2962 5.11702
6.38194 10.4296 5.11624
6.38889 10.5586 5.11545
6.39583 10.6827 5.11467
6.40278 10.8017 5.11389
6.40972 10.9154 5.1131
6.41667 11.0236 5.11232
6.42361 11.1261 5.11154
6.43056 11.2229 5.11075
6.4375 11.3139 5.10997
6.44444 11.3991 5.10919
6.45139 11.4786 5.1084
6.45833 11.5525 5.11378
6.46528 11.6209 5.12914
6.47222 11.6841 5.14449
6.47917 11.7423 5.15984
6.48611 11.7959 5.1752
6.49306 11.8451 5.19055
6.5 11.8903 5.2059
6.50694 11.932 5.22126
6.51389 11.9706 5.23661
6.52083 12.0066 5.25196
6.52778 12.0405 5.26732
6.53472 12.0728 5.28267
6.54167 12.1042 5.29802
6.54861 12.1351 5.31338
6.55556 12.1663 5.32873
6.5625 12.1982 5.34409
6.56944 12.2315 5.35944
6.57639 12.2667 5.37479
6.58333 12.3045 5.39015
6.59028 12.3454 5.4055
6.59722 12.39 5.42085
6.60417 12.4387 5.43621
6.61111 12.4921 5.45156
6.61806 12.5506 5.46691
6.625 12.6145 5.48227
6.63194 12.6843 5.49762
6.63889 12.7601 5.51297
6.64583 12.8423 5.52833
6.65278 12.9309 5.54368
6.65972 13.0261 5.55904
6.66667 13.1279 5.57439
6.67361 13.2362 5.58974
6.68056 13.351 5.6051
6.6875 13.4719 5.62045
6.69444 13.5988 5.6358
6.70139 13.7313 5.65116
6.70833 13.8691 5.66651
6.71528 14.0116 5.68186
6.72222 14.1583 5.69722
6.72917 14.3088 5.71257
6.73611 14.4623 5.72792
6.74306 14.6182 5.74328
6.75 14.7757 5.75863
6.75694 14.9343 5.77399
6.76389 15.093 5.78934
6.77083 15.2512 5.80469
6.77778 15.4079 5.82005
6.78472 15.5625 5.8354
6.79167 15.714 5.85075
6.79861 15.8618 5.86611
6.80556 16.0049 5.88146
6.8125 16.1427 5.89681
6.81944 16.2743 5.91217
6.82639 16.399 5.92752
6.83333 16.5161 5.94287
6.84028 16.6249 5.95823
6.84722 16.7248 5.97358
6.85417 16.8151 5.98894
6.86111 16.8955 6.00429
6.86806 16.9652 6.01964
6.875 17.024 6.035
6.88194 17.0714 6.05035
6.88889 17.1071 6.0657
6.89583 17.1308 6.08106
6.90278 17.1423 6.09641
6.90972 17.1415 6.11176
6.91667 17.1283 6.12712
6.92361 17.1028 6.14247
6.93056 17.0649 6.15782
6.9375 17.0147 6.17318
6.94444 16.9526 6.18853
6.95139 16.8786 6.20388
6.95833 16.7933 6.21924
6.96528 16.6968 6.23459
6.97222 16.5896 6.24835
6.97917 16.4723 6.24512
6.98611 16.3454 6.24189
6.99306 16.2095 6.23865
7 16.0652 6.23542
7.00694 15.9132 6.23219
7.01389 15.7543 6.22895
7.02083 15.5893 6.22572
7.02778 15.4189 6.22249
7.03472 15.244 6.21926
7.04167 15.0655 6.21602
7.04861 14.8844 6.21279
7.05556 14.7015 6.20956
7.0625 14.5178 6.20632
7.06944 14.3342 6.20309
7.07639 14.1518 6.19986
7.08333 13.9715 6.19662
7.09028 13.7943 6.19339
7.09722 13.6213 6.19016
7.10417 13.4532 6.18693
7.11111 13.2912 6.18369
7.11806 13.1362 6.18046
7.125 12.9891 6.17723
7.13194 12.8507 6.17399
7.13889 12.7219 6.17076
7.14583 12.6035 6.16753
7.15278 12.4962 6.1643
7.15972 12.4008 6.16106
7.16667 12.3177 6.15783
7.17361 12.2475 6.1546
7.18056 12.1907 6.15136
7.1875 12.1475 6.14813
7.19444 12.1184 6.1449
7.20139 12.1033 6.14167
7.20833 12.1024 6.13843
7.21528 12.1156 6.1352
7.22222 12.1427 6.13197
7.22917 12.1836 6.12873
7.23611 12.238 6.1255
7.24306 12.3053 6.12227
7.25 12.385 6.11903
7.25694 12.4768 6.1158
7.26389 12.5798 6.11257
7.27083 12.6935 6.10934
7.27778 12.817 6.1061
7.28472 12.9497 6.10287
7.29167 13.0907 6.09964
7.29861 13.2393 6.0964
7.30556 13.3945 6.09317
7.3125 13.5556 6.08994
7.31944 13.7218 6.08671
7.32639 13.8921 6.08347
7.33333 14.0659 6.08024
7.34028 14.2422 6.07701
7.34722 14.4204 6.07377
7.35417 14.5996 6.07054
7.36111 14.7793 6.06731
7.36806 14.9585 6.06408
7.375 15.1368 6.06084
7.38194 15.3136 6.05761
7.38889 15.4881 6.05438
7.39583 15.66 6.05114
7.40278 15.8287 6.04791
7.40972 15.9938 6.04468
7.41667 16.1549 6.04144
7.42361 16.3116 6.03821
7.43056 16.4637 6.03498
7.4375 16.6108 6.03175
7.44444 16.7529 6.02851
7.45139 16.8898 6.02528
7.45833 17.0212 6.02205
7.46528 17.1474 6.00945
7.47222 17.2681 5.99431
7.47917 17.3835 5.97916
7.48611 17.4936 5.96402
7.49306 17.5986 5.94888
7.5 17.6987 5.93373
7.50694 17.7941 5.91859
7.51389 17.8851 5.90345
7.52083 17.972 5.8883
7.52778 18.0551 5.87316
7.53472 18.1348 5.85802
7.54167 18.2115 5.84288
7.54861 18.2857 5.82773
7.55556 18.3577 5.81259
7.5625 18.428 5.79745
7.56944 18.4972 5.7823
7.57639 18.5657 5.76716
7.58333 18.6341 5.75202
7.59028 18.7028 5.73687
7.59722 18.7722 5.72173
7.60417 18.843 5.70659
7.61111 18.9156 5.69144
7.61806 18.9904 5.6763
7.625 19.0679 5.66116
7.63194 19.1484 5.64601
7.63889 19.2324 5.63087
7.64583 19.3201 5.61573
7.65278 19.4119 5.60058
7.65972 19.5079 5.58544
7.66667 19.6085 5.5703
7.67361 19.7136 5.55515
7.68056 19.8234 5.54001
7.6875 19.9379 5.52487
7.69444 20.0571 5.50972
7.70139 20.1809 5.49458
7.70833 20.3091 5.47944
7.71528 20.4415 5.46429
7.72222 20.5778 5.44915
7.72917 20.7177 5.43401
7.73611 20.8607 5.41886
7.74306 21.0066 5.40372
7.75 21.1546 5.38858
7.75694 21.3044 5.37343
7.76389 21.4552 5.35829
7.77083 21.6065 5.34315
7.77778 21.7577 5.328
7.78472 21.9079 5.31286
7.79167 22.0566 5.29772
7.79861 22.2029 5.28257
7.80556 22.3462 5.26743
7.8125 22.4857 5.25229
7.81944 22.6206 5.23714
7.82639 22.7501 5.222
7.83333 22.8736 5.20686
7.84028 22.9903 5.19171
7.84722 23.0996 5.17657
7.85417 23.2006 5.16143
7.86111 23.2929 5.14628
7.86806 23.3757 5.13114
7.875 23.4486 5.116
7.88194 23.511 5.10086
7.88889 23.5624 5.08571
7.89583 23.6025 5.07057
7.90278 23.6308 5.05543
7.90972 23.647 5.04028
7.91667 23.6509 5.02514
7.92361 23.6424 5.01
7.93056 23.6213 4.99485
7.9375 23.5876 4.97971
7.94444 23.5412 4.96457
7.95139 23.4824 4.94942
7.95833 23.4111 4.93428
7.96528 23.3277 4.91914
7.97222 23.2324 4.90399
7.97917 23.1257 4.88885
7.98611 23.0078 4.87371
7.99306 22.8793 4.85856
8 22.7407 4.84342
8.00694 22.5926 4.82828
8.01389 22.4356 4.81313
8.02083 22.2705 4.79799
8.02778 22.098 4.78285
8.03472 21.9189 4.7677
8.04167 21.734 4.75256
8.04861 21.5443 4.73742
8.05556 21.3505 4.76119
8.0625 21.1536 4.79904
8.06944 20.9547 4.83689
8.07639 20.7547 4.87474
8.08333 20.5545 4.9126
8.09028 20.3553 4.95045
8.09722 20.158 4.9883
8.10417 19.9636 5.02616
8.11111 19.7732 5.06401
8.11806 19.5878 5.10186
8.125 19.4083 5.13972
8.13194 19.2358 5.17757
8.13889 19.0711 5.21542
8.14583 18.9153 5.25327
8.15278 18.7692 5.29113
8.15972 18.6335 5.32898
8.16667 18.5091 5.36683
8.17361 18.3967 5.40469
8.18056 18.297 5.44254
8.1875 18.2105 5.48039
8.19444 18.1377 5.51825
8.20139 18.079 5.5561
8.20833 18.0348 5.59395
8.21528 18.0053 5.63181
8.22222 17.9908 5.66966
8.22917 17.9912 5.70751
8.23611 18.0065 5.74536
8.24306 18.0366 5.78322
8.25 18.0813 5.82107
8.25694 18.1403 5.85892
8.26389 18.2134 5.89678
8.27083 18.2999 5.93463
8.27778 18.3994 5.97248
8.28472 18.5114 6.01034
8.29167 18.6352 6.04819
8.29861 18.7701 6.08604
8.30556 18.9155 6.12389
8.3125 19.0705 6.16175
8.31944 19.2344 6.1996
8.32639 19.4064 6.23745
8.33333 19.5857 6.27531
8.34028 19.7714 6.31316
8.34722 19.9628 6.35101
8.35417 20.159 6.38887
8.36111 20.3592 6.42672
8.36806 20.5627 6.46457
8.375 20.7686 6.50242
8.38194 20.9762 6.54028
8.38889 21.1849 6.57813
8.39583 21.3938 6.61598
8.40278 21.6024 6.65384
8.40972 21.8101 6.69169
8.41667 22.0162 6.72954
8.42361 22.2203 6.7674
8.43056 22.4218 6.80525
8.4375 22.6202 6.8431
8.44444 22.8153 6.88096
8.45139 23.0065 6.91881
8.45833 23.1937 6.95666
8.46528 23.3765 6.99406
8.47222 23.5547 7.02931
8.47917 23.7281 7.06457
8.48611 23.8967 7.09983
8.49306 24.0603 7.13509
8.5 24.2189 7.17035
8.50694 24.3725 7.20561
8.51389 24.5212 7.24087
8.52083 24.6651 7.27612
8.52778 24.8043 7.31138
8.53472 24.9389 7.34664
8.54167 25.0692 7.3819
8.54861 25.1955 7.41716
8.55556 25.318 7.45242
8.5625 25.4369 7.48767
8.56944 25.5527 7.52293
8.57639 25.6656 7.55819
8.58333 25.7761 7.59345
8.59028 25.8845 7.62871
8.59722 25.9912 7.66397
8.60417 26.0965 7.69922
8.61111 26.201 7.73448
8.61806 26.3049 7.76974
8.625 26.4088 7.805
8.63194 26.5128 7.84026
8.63889 26.6175 7.87552
8.64583 26.7232 7.91077
8.65278 26.8301 7.94603
8.65972 26.9387 7.98129
8.66667 27.0491 8.01655
8.67361 27.1616 8.05181
8.68056 27.2764 8.08707
8.6875 27.3936 8.12232
8.69444 27.5135 8.15758
8.70139 27.6359 8.19284
8.70833 27.7611 8.2281
8.71528 27.8888 8.26336
8.72222 28.0192 8.29862
8.72917 28.152 8.33387
8.73611 28.287 8.36913
8.74306 28.4241 8.40439
8.75 28.5629 8.43965
8.75694 28.7032 8.47491
8.76389 28.8445 8.51017
8.77083 28.9865 8.54542
8.77778 29.1286 8.58068
8.78472 29.2704 8.61594
8.79167 29.4113 8.6512
8.79861 29.5508 8.68646
8.80556 29.6882 8.72172
8.8125 29.823 8.75697
8.81944 29.9545 8.79223
8.82639 30.082 8.82749
8.83333 30.2049 8.86275
8.84028 30.3224 8.89801
8.84722 30.434 8.93327
8.85417 30.539 8.96853
8.86111 30.6367 9.00378
8.86806 30.7265 9.03904
8.875 30.8078 9.0743
8.88194 30.8799 9.10956
8.88889 30.9424 9.14482
8.89583 30.9948 9.18008
8.90278 31.0365 9.21533
8.90972 31.0671 9.25059
8.91667 31.0863 9.28585
8.92361 31.0937 9.32111
8.93056 31.0891 9.35637
8.9375 31.0723 9.39163
8.94444 31.0431 9.42688
8.95139 31.0014 9.46214
8.95833 30.9472 9.4974
8.96528 30.8806 9.53266
8.97222 30.8016 9.51356
8.97917 30.7105 9.48788
8.98611 30.6074 9.46221
8.99306 30.4928 9.43653
9 30.3669 9.41086
9.00694 30.2302 9.38518
9.01389 30.0832 9.3595
9.02083 29.9265 9.33383
9.02778 29.7606 9.30815
9.03472 29.5863 9.28248
9.04167 29.4043 9.2568
9.04861 29.2153 9.23113
9.05556 29.0202 9.20545
9.0625 28.8198 9.17977
9.06944 28.615 9.1541
9.07639 28.4067 9.12842
9.08333 28.196 9.10275
9.09028 27.9837 9.07707
9.09722 27.7709 9.05139
9.10417 27.5586 9.02572
9.11111 27.3478 9.00004
9.11806 27.1396 8.97437
9.125 26.935 8.94869
9.13194 26.7351 8.92302
9.13889 26.5407 8.89734
9.14583 26.353 8.87166
9.15278 26.1729 8.84599
9.15972 26.0013 8.82031
9.16667 25.8392 8.79464
9.17361 25.6874 8.76896
9.18056 25.5468 8.74328
9.1875 25.418 8.71761
9.19444 25.3018 8.69193
9.20139 25.1989 8.66626
9.20833 25.1098 8.64058
9.21528 25.0351 8.6149
9.22222 24.975 8.58923
9.22917 24.9301 8.56355
9.23611 24.9005 8.53788
9.24306 24.8865 8.5122
9.25 24.888 8.48653
9.25694 24.9052 8.46085
9.26389 24.938 8.43517
9.27083 24.9861 8.4095
9.27778 25.0494 8.38382
9.28472 25.1276 8.35815
9.29167 25.2202 8.33247
9.29861 25.3268 8.30679
9.30556 25.447 8.28112
9.3125 25.58 8.25544
9.31944 25.7254 8.22977
9.32639 25.8825 8.20409
9.33333 26.0504 8.17841
9.34028 26.2287 8.15274
9.34722 26.4163 8.12706
9.35417 26.6127 8.10139
9.36111 26.8169 8.07571
9.36806 27.0283 8.05004
9.375 27.2459 8.02436
9.38194 27.469 7.99868
9.38889 27.6969 7.97301
9.39583 27.9286 7.94733
9.40278 28.1636 7.92166
9.40972 28.401 7.89598
9.41667 28.6401 7.8703
9.42361 28.8803 7.84463
9.43056 29.1208 7.81895
9.4375 29.3611 7.79328
9.44444 29.6006 7.7676
9.45139 29.8387 7.74192
9.45833 30.0749 7.71625
9.46528 30.3088 7.69057
9.47222 30.5399 7.85681
9.47917 30.7678 8.16533
9.48611 30.9922 8.47386
9.49306 31.2128 8.78238
9.5 31.4293 9.09091
9.50694 31.6415 9.39943
9.51389 31.8493 9.70796
9.52083 32.0524 10.0165
9.52778 32.2509 10.325
9.53472 32.4446 10.6335
9.54167 32.6336 10.9421
9.54861 32.8179 11.2506
9.55556 32.9974 11.5591
9.5625 33.1725 11.8676
9.56944 33.343 12.1762
9.57639 33.5093 12.4847
9.58333 33.6714 12.7932
9.59028 33.8297 13.1017
9.59722 33.9842 13.4103
9.60417 34.1354 13.7188
9.61111 34.2833 14.0273
9.61806 34.4283 14.3358
9.625 34.5707 14.6444
9.63194 34.7108 14.9529
9.63889 34.8488 15.0984
9.64583 34.9851 15.0111
9.65278 35.1199 14.9237
9.65972 35.2534 14.8364
9.66667 35.3861 14.7491
9.67361 35.5181 14.6618
9.68056 35.6496 14.5745
9.6875 35.781 14.4872
9.69444 35.9122 14.3999
9.70139 36.0436 14.3126
9.70833 36.1753 14.2253
9.71528 36.3073 14.138
9.72222 36.4398 14.0507
9.72917 36.5727 13.9634
9.73611 36.7061 13.8761
9.74306 36.8398 13.7888
9.75 36.9739 13.7015
9.75694 37.1082 13.6142
9.76389 37.2426 13.5268
9.77083 37.3767 13.4395
9.77778 37.5104 13.3522
9.78472 37.6434 13.2649
9.79167 37.7753 13.1776
9.79861 37.9058 13.0903
9.80556 38.0345 13.003
9.8125 38.161 12.9157
9.81944 38.2847 12.8284
9.82639 38.4052 12.7411
9.83333 38.5221 12.6538
9.84028 38.6346 12.5665
9.84722 38.7424 12.4792
9.85417 38.8449 12.3919
9.86111 38.9414 12.3046
9.86806 39.0315 12.2173
9.875 39.1146 12.1299
9.88194 39.19 12.0426
9.88889 39.2574 11.9553
9.89583 39.3161 11.868
9.90278 39.3656 11.7807
9.90972 39.4055 11.6934
9.91667 39.4354 11.6061
9.92361 39.4548 11.5188
9.93056 39.4633 11.4315
9.9375 39.4607 11.3442
9.94444 39.4466 11.2569
9.95139 39.4209 11.1696
9.95833 39.3834 11.0823
9.96528 39.3339 10.995
9.97222 39.2724 10.9231
9.97917 39.1989 10.8872
9.98611 39.1134 10.8513
9.99306 39.0161 10.8154
10 38.9072 10.7795
10.0069 38.7869 10.7435
10.0139 38.6556 10.7076
10.0208 38.5136 10.6717
10.0278 38.3614 10.6358
10.0347 38.1994 10.5999
10.0417 38.0282 10.564
10.0486 37.8485 10.5281
10.0556 37.6609 10.4922
10.0625 37.4661 10.4563
10.0694 37.2649 10.4204
10.0764 37.0581 10.3845
10.0833 36.8465 10.3485
10.0903 36.6311 10.3126
10.0972 36.4128 10.2767
10.1042 36.1924 10.2408
10.1111 35.9711 10.2049
10.1181 35.7497 10.169
10.125 35.5294 10.1331
10.1319 35.311 10.0972
10.1389 35.0957 10.0613
10.1458 34.8844 10.0254
10.1528 34.6782 9.98946
10.1597 34.4781 9.95355
10.1667 34.285 9.91764
10.1736 34.0999 9.88173
10.1806 33.9238 9.84583
10.1875 33.7575 9.80992
10.1944 33.6019 9.77401
10.2014 33.4578 9.7381
10.2083 33.326 9.70219
10.2153 33.2072 9.66628
10.2222 33.1019 9.63037
10.2292 33.0109 9.59446
10.2361 32.9346 9.55856
10.2431 32.8734 9.52265
10.25 32.8277 9.48674
10.2569 32.7979 9.45083
10.2639 32.784 9.41492
10.2708 32.7863 9.37901
10.2778 32.8048 9.3431
10.2847 32.8395 9.3072
10.2917 32.8902 9.27129
10.2986 32.9569 9.23538
10.3056 33.0392 9.19947
10.3125 33.1369 9.16356
10.3194 33.2495 9.12765
10.3264 33.3766 9.09174
10.3333 33.5177 9.05583
10.3403 33.6723 9.01993
10.3472 33.8398 8.98402
10.3542 34.0195 8.94811
10.3611 34.2108 8.9122
10.3681 34.4128 8.87629
10.375 34.6251 8.84038
10.3819 34.8466 8.80447
10.3889 35.0768 8.76857
10.3958 35.3148 8.73266
10.4028 35.5598 8.69675
10.4097 35.8111 8.66084
10.4167 36.0679 8.62493
10.4236 36.3294 8.58902
10.4306 36.595 8.55311
10.4375 36.8637 8.5172
10.4444 37.1351 8.4813
10.4514 37.4082 8.44539
10.4583 37.6826 8.40948
10.4653 37.9575 8.37357
10.4722 38.2323 8.33766
10.4792 38.5065 8.35206
10.4861 38.7796 8.36778
10.4931 39.0509 8.38349
10.5 39.3201 8.39921
10.5069 39.5868 8.41492
10.5139 39.8504 8.43064
10.5208 40.1107 8.44635
10.5278 40.3674 8.46207
10.5347 40.6201 8.47778
10.5417 40.8686 8.4935
10.5486 41.1127 8.50921
10.5556 41.3522 8.52493
10.5625 41.5871 8.54064
10.5694 41.8171 8.55636
10.5764 42.0423 8.57207
10.5833 42.2625 8.58779
10.5903 42.4778 8.6035
10.5972 42.6882 8.61922
10.6042 42.8937 8.63493
10.6111 43.0944 8.65065
10.6181 43.2905 8.66636
10.625 43.482 8.68208
10.6319 43.669 8.69779
10.6389 43.8517 8.71351
10.6458 44.0303 8.72922
10.6528 44.2049 8.74494
10.6597 44.3758 8.76065
10.6667 44.5431 8.77637
10.6736 44.7069 8.79208
10.6806 44.8676 8.8078
10.6875 45.0252 8.82351
10.6944 45.18 8.83923
10.7014 45.3321 8.85494
10.7083 45.4818 8.87066
10.7153 45.629 8.88637
10.7222 45.7741 8.90209
10.7292 45.917 8.9178
10.7361 46.058 8.93351
10.7431 46.197 8.94923
10.75 46.3342 8.96494
10.7569 46.4695 8.98066
10.7639 46.6029 8.99637
10.7708 46.7345 9.01209
10.7778 46.8641 9.0278
10.7847 46.9916 9.04352
10.7917 47.117 9.05923
10.7986 47.24 9.07495
10.8056 47.3605 9.09066
10.8125 47.4783 9.10638
10.8194 47.5931 9.12209
10.8264 47.7046 9.13781
10.8333 47.8125 9.15352
10.8403 47.9166 9.16924
10.8472 48.0163 9.18495
10.8542 48.1114 9.20067
10.8611 48.2015 9.21638
10.8681 48.2861 9.2321
10.875 48.3648 9.24781
10.8819 48.4372 9.26353
10.8889 48.5028 9.27924
10.8958 48.5612 9.29496
10.9028 48.612 9.31067
10.9097 48.6547 9.32639
10.9167 48.689 9.3421
10.9236 48.7143 9.35782
10.9306 48.7303 9.37353
10.9375 48.7368 9.38925
10.9444 48.7332 9.40496
10.9514 48.7194 9.42068
10.9583 48.695 9.43639
10.9653 48.6598 9.45211
10.9722 48.6137 9.46782
10.9792 48.5566 9.48354
10.9861 48.4882 9.49925
10.9931 48.4086 9.51497
11 48.3179 9.53068
11.0069 48.216 9.5464
11.0139 48.1031 9.56211
11.0208 47.9795 9.57332
11.0278 47.8452 9.57287
11.0347 47.7007 9.57241
11.0417 47.5464 9.57195
11.0486 47.3825 9.5715
11.0556 47.2096 9.57104
11.0625 47.0283 9.57058
11.0694 46.8391 9.57013
11.0764 46.6427 9.56967
11.0833 46.4397 9.56921
11.0903 46.2309 9.56876
11.0972 46.017 9.5683
11.1042 45.7989 9.56784
11.1111 45.5775 9.56739
11.1181 45.3535 9.56693
11.125 45.128 9.56647
11.1319 44.9019 9.56602
11.1389 44.6761 9.56556
11.1458 44.4516 9.5651
11.1528 44.2294 9.56465
11.1597 44.0105 9.56419
11.1667 43.7959 9.56373
11.1736 43.5865 9.56327
11.1806 43.3834 9.56282
11.1875 43.1875 9.56236
11.1944 42.9998 9.5619
11.2014 42.8211 9.56145
11.2083 42.6523 9.56099
11.2153 42.4944 9.56053
11.2222 42.3481 9.56008
11.2292 42.2141 9.55962
11.2361 42.0932 9.55916
11.2431 41.986 9.55871
11.25 41.8932 9.55825
11.2569 41.8152 9.55779
11.2639 41.7526 9.55734
11.2708 41.7057 9.55688
11.2778 41.6749 9.55642
11.2847 41.6604 9.55597
11.2917 41.6625 9.55551
11.2986 41.6812 9.55505
11.3056 41.7166 9.5546
11.3125 41.7686 9.55414
11.3194 41.8372 9.55368
11.3264 41.9222 9.55322
11.3333 42.0233 9.55277
11.3403 42.1403 9.55231
11.3472 42.2728 9.55185
11.3542 42.4204 9.5514
11.3611 42.5825 9.55094
11.3681 42.7587 9.55048
11.375 42.9485 9.55003
11.3819 43.1512 9.54957
11.3889 43.3661 9.54911
11.3958 43.5926 9.54866
11.4028 43.83 9.5482
11.4097 44.0776 9.54774
11.4167 44.3346 9.54729
11.4236 44.6002 9.54683
11.4306 44.8739 9.54637
11.4375 45.1546 9.54592
11.4444 45.4418 9.54546
11.4514 45.7346 9.545
11.4583 46.0323 9.54455
11.4653 46.3342 9.54409
11.4722 46.6395 9.54363
11.4792 46.9475 9.54318
11.4861 47.2575 9.54272
11.4931 47.5689 9.54226
11.5 47.881 9.66391
11.5069 48.1932 9.78606
11.5139 48.5049 9.90821
11.5208 48.8155 10.0304
11.5278 49.1246 10.1525
11.5347 49.4315 10.2747
11.5417 49.7359 10.3968
11.5486 50.0372 10.5189
11.5556 50.3351 10.6411
11.5625 50.6292 10.7632
11.5694 50.9192 10.8854
11.5764 51.2047 11.0075
11.5833 51.4855 11.1297
11.5903 51.7613 11.2518
11.5972 52.0319 11.374
11.6042 52.2972 11.4961
11.6111 52.5569 11.6183
11.6181 52.811 11.7404
11.625 53.0593 11.8626
11.6319 53.3018 11.9847
11.6389 53.5384 12.1069
11.6458 53.7691 12.229
11.6528 53.9939 12.3512
11.6597 54.2128 12.4733
11.6667 54.4259 12.5955
11.6736 54.6333 12.7176
11.6806 54.8349 12.8398
11.6875 55.0309 12.9619
11.6944 55.2214 13.0841
11.7014 55.4064 13.2062
11.7083 55.5862 13.3284
11.7153 55.7607 13.4505
11.7222 55.9302 13.5726
11.7292 56.0948 13.6948
11.7361 56.2545 13.8169
11.7431 56.4096 13.9391
11.75 56.56 14.0612
11.7569 56.7059 14.1834
11.7639 56.8475 14.3055
11.7708 56.9847 14.4277
11.7778 57.1177 14.5498
11.7847 57.2465 14.672
11.7917 57.3711 14.7941
11.7986 57.4916 14.9163
11.8056 57.6079 15.0384
11.8125 57.7201 15.1606
11.8194 57.8281 15.2827
11.8264 57.9317 15.4049
11.8333 58.031 15.527
11.8403 58.1258 15.6492
11.8472 58.216 15.7713
11.8542 58.3014 15.8935
11.8611 58.3818 16.0156
11.8681 58.457 16.1378
11.875 58.5267 16.2599
11.8819 58.5909 16.3821
11.8889 58.6491 16.5042
11.8958 58.7011 16.6263
11.9028 58.7466 16.7485
11.9097 58.7853 16.8209
11.9167 58.817 16.8247
11.9236 58.8413 16.8284
11.9306 58.8578 16.8322
11.9375 58.8664 16.836
11.9444 58.8666 16.8397
11.9514 58.8583 16.8435
11.9583 58.841 16.8473
11.9653 58.8147 16.851
11.9722 58.779 16.8548
11.9792 58.7338 16.8586
11.9861 58.6788 16.8623
11.9931 58.614 16.8661
12 58.5392 16.8699
12.0069 58.4543 16.8736
12.0139 58.3593 16.8774
12.0208 58.2543 16.8811
12.0278 58.1393 16.8849
12.0347 58.0144 16.8887
12.0417 57.8798 16.8924
12.0486 57.7357 16.8962
12.0556 57.5824 16.9
12.0625 57.4201 16.9037
12.0694 57.2493 16.9075
12.0764 57.0704 16.9113
12.0833 56.8838 16.915
12.0903 56.6901 16.9188
12.0972 56.4899 16.9226
12.1042 56.2838 16.9263
12.1111 56.0724 16.9301
12.1181 55.8566 16.9338
12.125 55.6369 16.9376
12.1319 55.4143 16.9414
12.1389 55.1895 16.9451
12.1458 54.9634 16.9489
12.1528 54.7369 16.9527
12.1597 54.5109 16.9564
12.1667 54.2863 16.9602
12.1736 54.064 16.964
12.1806 53.845 16.9677
12.1875 53.6303 16.9715
12.1944 53.4207 16.9752
12.2014 53.2173 16.979
12.2083 53.0209 16.9828
12.2153 52.8325 16.9865
12.2222 52.653 16.9903
12.2292 52.4832 16.9941
12.2361 52.324 16.9978
12.2431 52.1762 17.0016
12.25 52.0406 17.0054
12.2569 51.9179 17.0091
12.2639 51.8088 17.0129
12.2708 51.7138 17.0167
12.2778 51.6337 17.0204
12.2847 51.5688 17.0242
12.2917 51.5197 17.0279
12.2986 51.4867 17.0317
12.3056 51.4702 17.0355
12.3125 51.4704 17.0392
12.3194 51.4876 17.043
12.3264 51.5218 17.0468
12.3333 51.5732 17.0505
12.3403 51.6417 17.0543
12.3472 51.7272 17.0581
12.3542 51.8296 17.0618
12.3611 51.9487 17.0656
12.3681 52.0842 17.0694
12.375 52.2359 17.0731
12.3819 52.4033 17.0769
12.3889 52.586 17.0806
12.3958 52.7835 17.0844
12.4028 52.9953 17.0882
12.4097 53.2209 17.0919
12.4167 53.4595 17.0957
12.4236 53.7107 17.0995
12.4306 53.9737 17.1032
12.4375 54.2479 17.107
12.4444 54.5324 17.1108
12.4514 54.8266 17.1145
12.4583 55.1298 17.1183
12.4653 55.4411 17.1221
12.4722 55.7598 17.1258
12.4792 56.0852 17.1296
12.4861 56.4165 17.1333
12.4931 56.7528 17.1371
12.5 57.0936 17.1409
12.5069 57.4379 17.1446
12.5139 57.7851 17.1484
12.5208 58.1344 17.1522
12.5278 58.4851 17.1559
12.5347 58.8366 17.1597
12.5417 59.1882 17.1635
12.5486 59.5392 17.1672
12.5556 59.889 17.171
12.5625 60.237 17.1748
12.5694 60.5827 17.1785
12.5764 60.9254 17.1823
12.5833 61.2647 17.186
12.5903 61.6001 17.1898
12.5972 61.931 17.1936
12.6042 62.2572 17.1973
12.6111 62.5781 17.2011
12.6181 62.8934 17.2049
12.625 63.2028 17.2086
12.6319 63.5059 17.2124
12.6389 63.8025 17.2162
12.6458 64.0922 17.2199
12.6528 64.375 17.2237
12.6597 64.6506 17.2275
12.6667 64.9187 17.2312
12.6736 65.1794 17.235
12.6806 65.4324 17.2387
12.6875 65.6777 17.2425
12.6944 65.9152 17.2463
12.7014 66.1449 17.25
12.7083 66.3667 17.2538
12.7153 66.5808 17.2576
12.7222 66.787 17.2613
12.7292 66.9854 17.2651
12.7361 67.1762 17.2689
12.7431 67.3593 17.2726
12.75 67.5349 17.2764
12.7569 67.7031 17.2801
12.7639 67.864 17.2839
12.7708 68.0176 17.2877
12.7778 68.1642 17.2914
12.7847 68.3038 17.2952
12.7917 68.4365 17.299
12.7986 68.5626 17.3027
12.8056 68.6821 17.3065
12.8125 68.7952 17.3103
12.8194 68.9019 17.314
12.8264 69.0024 17.3178
12.8333 69.0967 17.3216
12.8403 69.185 17.3253
12.8472 69.2673 17.3291
12.8542 69.3437 17.3328
12.8611 69.4142 17.3366
12.8681 69.4788 17.3404
12.875 69.5376 17.3441
12.8819 69.5904 17.3479
12.8889 69.6374 17.3517
12.8958 69.6784 17.3554
12.9028 69.7133 17.3592
12.9097 69.7421 17.363
12.9167 69.7647 17.0505
12.9236 69.7809 16.6753
12.9306 69.7906 16.3002
12.9375 69.7936 15.9251
12.9444 69.7898 15.5499
12.9514 69.7791 15.1748
12.9583 69.7611 14.7997
12.9653 69.7359 14.4245
12.9722 69.7031 14.0494
12.9792 69.6626 13.6743
12.9861 69.6142 13.2992
12.9931 69.5578 12.924
13 69.4932 12.5489
13.0069 69.4203 12.1738
13.0139 69.339 11.7986
13.0208 69.2492 11.4235
13.0278 69.1508 11.0484
13.0347 69.0438 10.6732
13.0417 68.9283 10.2981
13.0486 68.8041 9.92299
13.0556 68.6715 9.54786
13.0625 68.5305 9.17273
13.0694 68.3813 8.7976
13.0764 68.2242 8.42247
13.0833 68.0593 8.04734
13.0903 67.8869 7.67221
13.0972 67.7074 7.29708
13.1042 67.5212 6.92195
13.1111 67.3288 6.54682
13.1181 67.1305 6.17169
13.125 66.927 5.79656
13.1319 66.7188 5.42143
13.1389 66.5065 5.0463
13.1458 66.2908 4.67117
13.1528 66.0724 4.29604
13.1597 65.852 3.92091
13.1667 65.6304 3.56955
13.1736 65.4084 3.6135
13.1806 65.1868 3.65744
13.1875 64.9664 3.70139
13.1944 64.7481 3.74534
13.2014 64.5328 3.78928
13.2083 64.3214 3.83323
13.2153 64.1148 3.87717
13.2222 63.9138 3.92112
13.2292 63.7194 3.96507
13.2361 63.5325 4.00901
13.2431 63.3539 4.05296
13.25 63.1845 4.0969
13.2569 63.0251 4.14085
13.2639 62.8766 4.18479
13.2708 62.7397 4.22874
13.2778 62.6152 4.27269
13.2847 62.5038 4.31663
13.2917 62.4061 4.36058
13.2986 62.3229 4.40452
13.3056 62.2546 4.44847
13.3125 62.2019 4.49241
13.3194 62.1651 4.53636
13.3264 62.1447 4.58031
13.3333 62.141 4.62425
13.3403 62.1544 4.6682
13.3472 62.185 4.71214
13.3542 62.2331 4.75609
13.3611 62.2987 4.80003
13.3681 62.3819 4.84398
13.375 62.4826 4.88793
13.3819 62.6008 4.93187
13.3889 62.7363 4.97582
13.3958 62.889 5.01976
13.4028 63.0585 5.06371
13.4097 63.2445 5.10765
13.4167 63.4466 5.1516
13.4236 63.6645 5.19555
13.4306 63.8976 5.23949
13.4375 64.1455 5.28344
13.4444 64.4075 5.32738
13.4514 64.683 5.37133
13.4583 64.9714 5.41528
13.4653 65.2721 5.45922
13.4722 65.5843 5.50317
13.4792 65.9073 5.54711
13.4861 66.2404 5.59106
13.4931 66.5827 5.635
13.5 66.9336 5.67895
13.5069 67.2921 5.7229
13.5139 67.6575 5.76684
13.5208 68.0291 5.81079
13.5278 68.4059 5.85473
13.5347 68.7872 5.89868
13.5417 69.1721 5.94262
13.5486 69.5599 5.98657
13.5556 69.9498 6.03052
13.5625 70.3409 6.07446
13.5694 70.7326 6.11841
13.5764 71.124 6.16235
13.5833 71.5144 6.2063
13.5903 71.9031 6.25024
13.5972 72.2894 6.29419
13.6042 72.6726 6.33814
13.6111 73.0521 6.38208
13.6181 73.4272 6.42603
13.625 73.7973 6.46997
13.6319 74.1619 6.51392
13.6389 74.5204 6.55786
13.6458 74.8724 6.60181
13.6528 75.2172 6.64576
13.6597 75.5546 6.6897
13.6667 75.8839 6.73365
13.6736 76.205 6.77759
13.6806 76.5174 6.82154
13.6875 76.8207 6.86549
13.6944 77.1148 6.90943
13.7014 77.3994 6.95338
13.7083 77.6742 6.99732
13.7153 77.9391 7.04127
13.7222 78.1938 7.08521
13.7292 78.4384 7.12916
13.7361 78.6728 7.17311
13.7431 78.8967 7.21705
13.75 79.1104 7.261
13.7569 79.3137 7.30494
13.7639 79.5066 7.34889
13.7708 79.6894 7.39283
13.7778 79.8619 7.43678
13.7847 80.0244 7.48073
13.7917 80.1771 7.52467
13.7986 80.3199 7.56862
13.8056 80.4532 7.61256
13.8125 80.577 7.65651
13.8194 80.6917 7.70045
13.8264 80.7974 7.7444
13.8333 80.8943 7.78835
13.8403 80.9827 7.83229
13.8472 81.0628 7.87624
13.8542 81.1348 7.92018
13.8611 81.199 7.96413
13.8681 81.2556 8.00807
13.875 81.3047 8.05202
13.8819 81.3467 8.09597
13.8889 81.3817 8.13991
13.8958 81.41 8.18386
13.9028 81.4315 8.2278
13.9097 81.4467 8.27175
13.9167 81.4555 8.3157
13.9236 81.4581 8.35964
13.9306 81.4546 8.40359
13.9375 81.4451 8.44753
13.9444 81.4296 8.49148
13.9514 81.4082 8.53542
13.9583 81.3809 8.57937
13.9653 81.3477 8.62332
13.9722 81.3086 8.66726
13.9792 81.2635 8.71121
13.9861 81.2125 8.75515
13.9931 81.1553 8.7991
14 81.092 8.84304
14.0069 81.0225 8.88699
14.0139 80.9467 8.93094
14.0208 80.8645 8.97488
14.0278 80.7758 9.01883
14.0347 80.6805 9.06277
14.0417 80.5787 9.10672
14.0486 80.4701 9.15066
14.0556 80.3547 9.19461
14.0625 80.2326 9.10962
14.0694 80.1038 9.02451
14.0764 79.9682 8.9394
14.0833 79.8258 8.85429
14.0903 79.6769 8.76918
14.0972 79.5214 8.68407
14.1042 79.3596 8.59896
14.1111 79.1917 8.51385
14.1181 79.0178 8.42874
14.125 78.8382 8.34363
14.1319 78.6533 8.25852
14.1389 78.4633 8.17341
14.1458 78.2688 8.0883
14.1528 78.0702 8.00319
14.1597 77.8679 7.91808
14.1667 77.6624 7.83297
14.1736 77.4544 7.74786
14.1806 77.2444 7.66275
14.1875 77.0331 7.57764
14.1944 76.8212 7.49253
14.2014 76.6093 7.40742
14.2083 76.3983 7.32231
14.2153 76.1888 7.2372
14.2222 75.9817 7.15209
14.2292 75.7779 7.06698
14.2361 75.578 6.98187
14.2431 75.383 6.89676
14.25 75.1937 6.81165
14.2569 75.0109 6.72654
14.2639 74.8356 6.64143
14.2708 74.6685 6.55632
14.2778 74.5104 6.47121
14.2847 74.3623 6.3861
14.2917 74.2249 6.30099
14.2986 74.099 6.21588
14.3056 73.9854 6.13077
14.3125 73.8847 6.04566
14.3194 73.7976 5.96055
14.3264 73.7249 5.87544
14.3333 73.6671 5.79033
14.3403 73.6248 5.70522
14.3472 73.5985 5.62011
14.3542 73.5887 5.535
14.3611 73.5958 5.44989
14.3681 73.62 5.36478
14.375 73.6618 5.27967
14.3819 73.7214 5.19456
14.3889 73.7989 5.10945
14.3958 73.8944 5.02434
14.4028 74.0081 4.93923
14.4097 74.1398 4.85412
14.4167 74.2896 4.76901
14.4236 74.4572 4.92422
14.4306 74.6425 5.09658
14.4375 74.8452 5.26894
14.4444 75.065 5.4413
14.4514 75.3015 5.61366
14.4583 75.5544 5.78602
14.4653 75.8231 5.95838
14.4722 76.107 6.13073
14.4792 76.4057 6.30309
14.4861 76.7185 6.47545
14.4931 77.0448 6.64781
14.5 77.3838 6.82017
14.5069 77.7348 6.99253
14.5139 78.097 7.16488
14.5208 78.4698 7.33724
14.5278 78.8521 7.5096
14.5347 79.2432 7.68196
14.5417 79.6423 7.85432
14.5486 80.0484 8.02668
14.5556 80.4607 8.19904
14.5625 80.8783 8.37139
14.5694 81.3003 8.54375
14.5764 81.7257 8.71611
14.5833 82.1537 8.88847
14.5903 82.5834 9.06083
14.5972 83.0138 9.23319
14.6042 83.4441 9.40554
14.6111 83.8735 9.5779
14.6181 84.301 9.75026
14.625 84.7258 9.92262
14.6319 85.1471 10.095
14.6389 85.5641 10.2673
14.6458 85.976 10.4397
14.6528 86.382 10.6121
14.6597 86.7815 10.7844
14.6667 87.1738 10.9568
14.6736 87.5581 11.1291
14.6806 87.9339 11.3015
14.6875 88.3005 11.4738
