time error errTLE
0 0 0
0.00694444 0.0424168 0.00385908
0.0138889 0.08602 0.00771815
0.0208333 0.130755 0.0115772
0.0277778 0.176549 0.0154363
0.0347222 0.223316 0.0192954
0.0416667 0.270956 0.0231545
0.0486111 0.319355 0.0270135
0.0555556 0.368386 0.0308726
0.0625 0.417917 0.0347317
0.0694444 0.467801 0.0385908
0.0763889 0.517887 0.0424498
0.0833333 0.568018 0.0463089
0.0902778 0.618033 0.050168
0.0972222 0.66777 0.0540271
0.104167 0.717067 0.0578861
0.111111 0.765765 0.0617452
0.118056 0.813712 0.0656043
0.125 0.860764 0.0694634
0.131944 0.906788 0.0733224
0.138889 0.951666 0.0771815
0.145833 0.9953 0.0810406
0.152778 1.03761 0.0848997
0.159722 1.07855 0.0887587
0.166667 1.11809 0.0926178
0.173611 1.15625 0.0964769
0.180556 1.19307 0.100336
0.1875 1.22865 0.104195
0.194444 1.26311 0.108054
0.201389 1.29665 0.111913
0.208333 1.32948 0.115772
0.215278 1.3619 0.119631
0.222222 1.39422 0.12349
0.229167 1.42683 0.12735
0.236111 1.46014 0.131209
0.243056 1.49462 0.135068
0.25 1.53074 0.138927
0.256944 1.569 0.142786
0.263889 1.60992 0.146645
0.270833 1.65397 0.150504
0.277778 1.70163 0.154363
0.284722 1.7533 0.158222
0.291667 1.80936 0.162081
0.298611 1.87009 0.16594
0.305556 1.9357 0.169799
0.3125 2.00632 0.173658
0.319444 2.08197 0.177517
0.326389 2.1626 0.181377
0.333333 2.24806 0.185236
0.340278 2.33813 0.189095
0.347222 2.43251 0.192954
0.354167 2.53083 0.196813
0.361111 2.63267 0.200672
0.368056 2.73755 0.204531
0.375 2.84495 0.20839
0.381944 2.95433 0.212249
0.388889 3.06511 0.216108
0.395833 3.17668 0.219967
0.402778 3.28845 0.223826
0.409722 3.39979 0.227685
0.416667 3.51009 0.231545
0.423611 3.61872 0.235404
0.430556 3.72507 0.239263
0.4375 3.82854 0.243122
0.444444 3.92856 0.246981
0.451389 4.02454 0.25084
0.458333 4.11596 0.254699
0.465278 4.20229 0.258558
0.472222 4.28304 0.262417
0.479167 4.35776 0.266276
0.486111 4.42603 0.270135
0.493056 4.48746 0.273994
0.5 4.54172 0.277853
0.506944 4.5885 0.281569
0.513889 4.62754 0.285216
0.520833 4.65863 0.288863
0.527778 4.68161 0.29251
0.534722 4.69636 0.296156
0.541667 4.7028 0.299803
0.548611 4.70091 0.30345
0.555556 4.69071 0.307097
0.5625 4.67227 0.310744
0.569444 4.64571 0.314391
0.576389 4.61119 0.318038
0.583333 4.56891 0.321685
0.590278 4.51911 0.325332
0.597222 4.46208 0.328979
0.604167 4.39813 0.332626
0.611111 4.32763 0.336273
0.618056 4.25096 0.33992
0.625 4.16854 0.343567
0.631944 4.08079 0.347214
0.638889 3.9882 0.350861
0.645833 3.89123 0.354508
0.652778 3.7904 0.358155
0.659722 3.68622 0.361802
0.666667 3.5792 0.365449
0.673611 3.46989 0.369096
0.680556 3.35883 0.372742
0.6875 3.24654 0.376389
0.694444 3.13359 0.380036
0.701389 3.02049 0.383683
0.708333 2.9078 0.38733
0.715278 2.79606 0.390977
0.722222 2.68577 0.394624
0.729167 2.57747 0.398271
0.736111 2.47168 0.401918
0.743056 2.36889 0.405565
0.75 2.2696 0.409212
0.756944 2.17429 0.412859
0.763889 2.08343 0.416506
0.770833 1.99745 0.420153
0.777778 1.9168 0.4238
0.784722 1.84186 0.427447
0.791667 1.77297 0.431094
0.798611 1.71046 0.434741
0.805556 1.65455 0.438388
0.8125 1.60543 0.442035
0.819444 1.56317 0.445682
0.826389 1.52777 0.449328
0.833333 1.49912 0.452975
0.840278 1.47703 0.456622
0.847222 1.46117 0.460269
0.854167 1.45117 0.463916
0.861111 1.44657 0.467563
0.868056 1.44684 0.47121
0.875 1.45143 0.474857
0.881944 1.45977 0.478504
0.888889 1.47129 0.482151
0.895833 1.48542 0.485798
0.902778 1.50162 0.489445
0.909722 1.51937 0.493092
0.916667 1.5382 0.496739
0.923611 1.55764 0.500386
0.930556 1.57729 0.504033
0.9375 1.59677 0.50768
0.944444 1.61573 0.511327
0.951389 1.63385 0.514974
0.958333 1.65085 0.518621
0.965278 1.66646 0.522268
0.972222 1.68045 0.525914
0.979167 1.69261 0.529561
0.986111 1.70276 0.533208
0.993056 1.71073 0.536855
1 1.71637 0.540502
1.00694 1.71959 0.544261
1.01389 1.72027 0.548906
1.02083 1.71835 0.553551
1.02778 1.71378 0.558196
1.03472 1.70652 0.562842
1.04167 1.69659 0.567487
1.04861 1.684 0.572132
1.05556 1.66881 0.576777
1.0625 1.65108 0.581422
1.06944 1.63092 0.586068
1.07639 1.60847 0.590713
1.08333 1.58389 0.595358
1.09028 1.55737 0.600003
1.09722 1.52913 0.604648
1.10417 1.49944 0.609294
1.11111 1.46858 0.613939
1.11806 1.4369 0.618584
1.125 1.40475 0.623229
1.13194 1.37256 0.627874
1.13889 1.34077 0.63252
1.14583 1.30986 0.637165
1.15278 1.28038 0.64181
1.15972 1.25287 0.646455
1.16667 1.22793 0.6511
1.17361 1.20618 0.655746
1.18056 1.18821 0.660391
1.1875 1.17464 0.665036
1.19444 1.16602 0.669681
1.20139 1.16287 0.674326
1.20833 1.16559 0.678972
1.21528 1.17453 0.683617
1.22222 1.18988 0.688262
1.22917 1.21176 0.692907
1.23611 1.24016 0.697552
1.24306 1.27496 0.702198
1.25 1.31598 0.706843
1.25694 1.363 0.711488
1.26389 1.41573 0.716133
1.27083 1.47388 0.720778
1.27778 1.53715 0.725424
1.28472 1.60525 0.730069
1.29167 1.67788 0.734714
1.29861 1.75476 0.739359
1.30556 1.83563 0.744004
1.3125 1.92024 0.74865
1.31944 2.00832 0.753295
1.32639 2.09962 0.75794
1.33333 2.19389 0.762585
1.34028 2.29087 0.76723
1.34722 2.39027 0.771876
1.35417 2.49183 0.776521
1.36111 2.59522 0.781166
1.36806 2.70013 0.785811
1.375 2.80621 0.790456
1.38194 2.91311 0.795102
1.38889 3.02045 0.799747
1.39583 3.12782 0.804392
1.40278 3.2348 0.809037
1.40972 3.34095 0.813682
1.41667 3.44584 0.818327
1.42361 3.54898 0.822973
1.43056 3.6499 0.827618
1.4375 3.74813 0.832094
1.44444 3.84318 0.836311
1.45139 3.93457 0.840528
1.45833 4.02181 0.844745
1.46528 4.10444 0.848962
1.47222 4.18199 0.853179
1.47917 4.25401 0.857396
1.48611 4.32007 0.861613
1.49306 4.37977 0.86583
1.5 4.43273 0.870047
1.50694 4.47859 0.874264
1.51389 4.51705 0.878481
1.52083 4.5478 0.882698
1.52778 4.57061 0.886915
1.53472 4.58528 0.891132
1.54167 4.59163 0.895349
1.54861 4.58954 0.899566
1.55556 4.57895 0.903783
1.5625 4.55983 0.908
1.56944 4.53219 0.912217
1.57639 4.4961 0.916434
1.58333 4.45169 0.920651
1.59028 4.39909 0.924868
1.59722 4.33854 0.929085
1.60417 4.27027 0.933302
1.61111 4.19458 0.937519
1.61806 4.11181 0.941736
1.625 4.02233 0.945953
1.63194 3.92656 0.95017
1.63889 3.82493 0.954387
1.64583 3.71793 0.958604
1.65278 3.60606 0.962822
1.65972 3.48985 0.967039
1.66667 3.36986 0.971256
1.67361 3.24664 0.975473
1.68056 3.12079 0.97969
1.6875 2.99291 0.983907
1.69444 2.8636 0.988124
1.70139 2.73348 0.992341
1.70833 2.60318 0.996558
1.71528 2.47332 1.00077
1.72222 2.34455 1.00499
1.72917 2.21751 1.00921
1.73611 2.09286 1.01343
1.74306 1.97125 1.01764
1.75 1.85338 1.02186
1.75694 1.73995 1.02608
1.76389 1.63169 1.03029
1.77083 1.52938 1.03451
1.77778 1.43381 1.03873
1.78472 1.34582 1.04294
1.79167 1.26628 1.04716
1.79861 1.19605 1.05138
1.80556 1.13594 1.0556
1.8125 1.08666 1.05981
1.81944 1.04874 1.06403
1.82639 1.0224 1.06825
1.83333 1.00758 1.07246
1.84028 1.00381 1.07668
1.84722 1.01035 1.0809
1.85417 1.02618 1.08511
1.86111 1.05015 1.08933
1.86806 1.08107 1.09355
1.875 1.1178 1.09777
1.88194 1.15929 1.10198
1.88889 1.20461 1.1062
1.89583 1.25295 1.11042
1.90278 1.30363 1.11463
1.90972 1.35608 1.11885
1.91667 1.40978 1.12307
1.92361 1.46432 1.12723
1.93056 1.51931 1.12835
1.9375 1.57441 1.12947
1.94444 1.62932 1.13059
1.95139 1.68373 1.13171
1.95833 1.73738 1.13283
1.96528 1.78999 1.13395
1.97222 1.8413 1.13508
1.97917 1.89105 1.1362
1.98611 1.93899 1.13732
1.99306 1.98487 1.13844
2 2.02845 1.13956
2.00694 2.06949 1.14068
2.01389 2.10776 1.1418
2.02083 2.14306 1.14292
2.02778 2.17518 1.14404
2.03472 2.20394 1.14516
2.04167 2.22916 1.14628
2.04861 2.25071 1.1474
2.05556 2.26844 1.14852
2.0625 2.28227 1.14964
2.06944 2.29211 1.15077
2.07639 2.2979 1.15189
2.08333 2.29962 1.15301
2.09028 2.29729 1.15413
2.09722 2.29092 1.15525
2.10417 2.28058 1.15637
2.11111 2.26638 1.15749
2.11806 2.24842 1.15861
2.125 2.22687 1.15973
2.13194 2.20192 1.16085
2.13889 2.17379 1.16197
2.14583 2.14272 1.16309
2.15278 2.10901 1.16421
2.15972 2.07295 1.16533
2.16667 2.03489 1.16646
2.17361 1.99522 1.16758
2.18056 1.95431 1.1687
2.1875 1.91262 1.16982
2.19444 1.87058 1.17094
2.20139 1.82869 1.17206
2.20833 1.78744 1.17318
2.21528 1.74736 1.1743
2.22222 1.709 1.17542
2.22917 1.6729 1.17654
2.23611 1.63961 1.17766
2.24306 1.60968 1.17878
2.25 1.58364 1.1799
2.25694 1.56198 1.18102
2.26389 1.54516 1.18215
2.27083 1.53357 1.18327
2.27778 1.52753 1.18439
2.28472 1.52728 1.18551
2.29167 1.53296 1.18663
2.29861 1.54463 1.18775
2.30556 1.56226 1.18887
2.3125 1.58573 1.18999
2.31944 1.61483 1.19111
2.32639 1.64931 1.19223
2.33333 1.68887 1.19335
2.34028 1.73317 1.19447
2.34722 1.78183 1.19559
2.35417 1.83446 1.19672
2.36111 1.89068 1.19784
2.36806 1.95008 1.19896
2.375 2.01226 1.20008
2.38194 2.0768 1.2012
2.38889 2.14329 1.20232
2.39583 2.21133 1.20344
2.40278 2.28049 1.20456
2.40972 2.35034 1.20568
2.41667 2.42048 1.2068
2.42361 2.49045 1.20792
2.43056 2.55982 1.20904
2.4375 2.62814 1.21016
2.44444 2.69496 1.21128
2.45139 2.75983 1.21241
2.45833 2.82229 1.21353
2.46528 2.88189 1.21465
2.47222 2.93818 1.21577
2.47917 2.99071 1.21689
2.48611 3.03905 1.21801
2.49306 3.08277 1.21913
2.5 3.12146 1.22025
2.50694 3.15475 1.22137
2.51389 3.18227 1.22249
2.52083 3.20368 1.22361
2.52778 3.21868 1.22473
2.53472 3.22699 1.22585
2.54167 3.22839 1.22697
2.54861 3.22268 1.2281
2.55556 3.20971 1.22922
2.5625 3.18938 1.23034
2.56944 3.16164 1.23146
2.57639 3.12648 1.23258
2.58333 3.08395 1.2337
2.59028 3.03416 1.23482
2.59722 2.97727 1.23594
2.60417 2.91351 1.23706
2.61111 2.84314 1.23818
2.61806 2.76652 1.2393
2.625 2.68405 1.24042
2.63194 2.5962 1.24154
2.63889 2.50349 1.24267
2.64583 2.40652 1.24379
2.65278 2.306 1.24491
2.65972 2.20266 1.24603
2.66667 2.09733 1.24715
2.67361 1.99095 1.24827
2.68056 1.88454 1.24939
2.6875 1.77924 1.25051
2.69444 1.67629 1.25163
2.70139 1.57708 1.25275
2.70833 1.48312 1.25387
2.71528 1.39605 1.25499
2.72222 1.31755 1.25611
2.72917 1.24933 1.25723
2.73611 1.19297 1.25836
2.74306 1.14973 1.25948
2.75 1.12038 1.2606
2.75694 1.10504 1.26172
2.76389 1.10306 1.26284
2.77083 1.11317 1.26396
2.77778 1.13354 1.26508
2.78472 1.16212 1.2662
2.79167 1.19676 1.26732
2.79861 1.23546 1.26844
2.80556 1.27639 1.26956
2.8125 1.31801 1.27068
2.81944 1.35902 1.2718
2.82639 1.39838 1.27292
2.83333 1.43526 1.27405
2.84028 1.46904 1.27517
2.84722 1.49929 1.27629
2.85417 1.52572 1.27741
2.86111 1.54817 1.27853
2.86806 1.56662 1.27965
2.875 1.58115 1.28077
2.88194 1.59194 1.28189
2.88889 1.59927 1.28301
2.89583 1.60347 1.28413
2.90278 1.60496 1.28525
2.90972 1.60421 1.28637
2.91667 1.60174 1.28749
2.92361 1.5981 1.28861
2.93056 1.59387 1.28974
2.9375 1.58962 1.29086
2.94444 1.58591 1.29198
2.95139 1.58328 1.2931
2.95833 1.58221 1.29422
2.96528 1.58309 1.29534
2.97222 1.58626 1.29646
2.97917 1.59195 1.29758
2.98611 1.60026 1.2987
2.99306 1.6112 1.29982
3 1.62467 1.30094
3.00694 1.64046 1.30206
3.01389 1.65827 1.32567
3.02083 1.67772 1.35662
3.02778 1.69837 1.38757
3.03472 1.71975 1.41852
3.04167 1.74134 1.44947
3.04861 1.76264 1.48041
3.05556 1.78311 1.51136
3.0625 1.80227 1.54231
3.06944 1.81963 1.57326
3.07639 1.83475 1.60421
3.08333 1.84722 1.63516
3.09028 1.85669 1.66611
3.09722 1.86282 1.69706
3.10417 1.86534 1.728
3.11111 1.86404 1.75895
3.11806 1.85875 1.7899
3.125 1.84934 1.82085
3.13194 1.83573 1.8518
3.13889 1.81792 1.88275
3.14583 1.79591 1.9137
3.15278 1.76979 1.94465
3.15972 1.73966 1.97559
3.16667 1.7057 2.00654
3.17361 1.6681 2.03749
3.18056 1.62711 2.06844
3.1875 1.583 2.09939
3.19444 1.5361 2.13034
3.20139 1.48675 2.16129
3.20833 1.43535 2.19223
3.21528 1.3823 2.22318
3.22222 1.32806 2.25413
3.22917 1.2731 2.28508
3.23611 1.21791 2.31603
3.24306 1.16301 2.34698
3.25 1.10894 2.37793
3.25694 1.05626 2.40888
3.26389 1.00552 2.43982
3.27083 0.957277 2.47077
3.27778 0.912088 2.50172
3.28472 0.870466 2.53267
3.29167 0.832879 2.56362
3.29861 0.799721 2.59457
3.30556 0.771283 2.62552
3.3125 0.747733 2.65647
3.31944 0.729094 2.68741
3.32639 0.715234 2.71836
3.33333 0.705878 2.74931
3.34028 0.700629 2.78026
3.34722 0.698993 2.81121
3.35417 0.700426 2.84216
3.36111 0.704364 2.87311
3.36806 0.710263 2.90406
3.375 0.717614 2.935
3.38194 0.725966 2.96595
3.38889 0.734929 2.9969
3.39583 0.744174 3.02785
3.40278 0.753431 3.0588
3.40972 0.762483 3.08975
3.41667 0.77115 3.1207
3.42361 0.779287 3.15164
3.43056 0.786771 3.18259
3.4375 0.793492 3.21354
3.44444 0.799342 3.24449
3.45139 0.804216 3.27544
3.45833 0.807997 3.30639
3.46528 0.810563 3.33734
3.47222 0.811779 3.36829
3.47917 0.8115 3.39923
3.48611 0.809575 3.43018
3.49306 0.805852 3.46113
3.5 0.800188 3.49208
3.50694 0.792457 3.52303
3.51389 0.782566 3.55398
3.52083 0.770471 3.58493
3.52778 0.756202 3.58527
3.53472 0.739888 3.56625
3.54167 0.72179 3.54723
3.54861 0.702348 3.52822
3.55556 0.68223 3.5092
3.5625 0.66239 3.49018
3.56944 0.644125 3.47116
3.57639 0.629112 3.45215
3.58333 0.619392 3.43313
3.59028 0.617263 3.41411
3.59722 0.625036 3.39509
3.60417 0.6447 3.37608
3.61111 0.6776 3.35706
3.61806 0.724257 3.33804
3.625 0.784417 3.31903
3.63194 0.857262 3.30001
3.63889 0.941662 3.28099
3.64583 1.03636 3.26197
3.65278 1.14015 3.24296
3.65972 1.25185 3.22394
3.66667 1.37039 3.20492
3.67361 1.49474 3.1859
3.68056 1.62399 3.16689
3.6875 1.75722 3.14787
3.69444 1.8936 3.12885
3.70139 2.03229 3.10984
3.70833 2.17249 3.09082
3.71528 2.31341 3.0718
3.72222 2.45428 3.05278
3.72917 2.59434 3.03377
3.73611 2.73284 3.01475
3.74306 2.86906 2.99573
3.75 3.00228 2.97671
3.75694 3.13182 2.9577
3.76389 3.257 2.93868
3.77083 3.37719 2.91966
3.77778 3.49178 2.90065
3.78472 3.60019 2.88163
3.79167 3.70189 2.86261
3.79861 3.79637 2.84359
3.80556 3.88318 2.82458
3.8125 3.9619 2.80556
3.81944 4.03217 2.78654
3.82639 4.09368 2.76752
3.83333 4.14617 2.74851
3.84028 4.18941 2.72949
3.84722 4.22326 2.71047
3.85417 4.24761 2.69146
3.86111 4.26242 2.67244
3.86806 4.26768 2.65342
3.875 4.26346 2.6344
3.88194 4.24988 2.61539
3.88889 4.22708 2.59637
3.89583 4.1953 2.57735
3.90278 4.15479 2.55833
3.90972 4.10587 2.53932
3.91667 4.04889 2.5203
3.92361 3.98423 2.50128
3.93056 3.91234 2.48226
3.9375 3.83369 2.46325
3.94444 3.74876 2.44423
3.95139 3.65809 2.42521
3.95833 3.56222 2.4062
3.96528 3.46171 2.38718
3.97222 3.35716 2.36816
3.97917 3.24914 2.35875
3.98611 3.13826 2.37055
3.99306 3.0251 2.38235
4 2.91025 2.39414
4.00694 2.79429 2.40594
4.01389 2.67778 2.41774
4.02083 2.56126 2.42953
4.02778 2.44523 2.44133
4.03472 2.33017 2.45313
4.04167 2.21652 2.46492
4.04861 2.10469 2.47672
4.05556 1.99501 2.48852
4.0625 1.8878 2.50031
4.06944 1.78329 2.51211
4.07639 1.68168 2.52391
4.08333 1.58311 2.5357
4.09028 1.48768 2.5475
4.09722 1.39542 2.5593
4.10417 1.30635 2.57109
4.11111 1.22046 2.58289
4.11806 1.13771 2.59469
4.125 1.0581 2.60648
4.13194 0.981688 2.61828
4.13889 0.908587 2.63007
4.14583 0.839065 2.64187
4.15278 0.773587 2.65367
4.15972 0.712898 2.66546
4.16667 0.658108 2.67726
4.17361 0.610766 2.68906
4.18056 0.572867 2.70085
4.1875 0.546706 2.71265
4.19444 0.53449 2.72445
4.20139 0.537757 2.73624
4.20833 0.556867 2.74804
4.21528 0.590905 2.75984
4.22222 0.638048 2.77163
4.22917 0.696106 2.78343
4.23611 0.762947 2.79523
4.24306 0.836701 2.80702
4.25 0.915812 2.81882
4.25694 0.998996 2.83062
4.26389 1.08519 2.84241
4.27083 1.17351 2.85421
4.27778 1.26317 2.86601
4.28472 1.3535 2.8778
4.29167 1.4439 2.8896
4.29861 1.5338 2.9014
4.30556 1.62269 2.91319
4.3125 1.7101 2.92499
4.31944 1.7956 2.93679
4.32639 1.87877 2.94858
4.33333 1.95925 2.96038
4.34028 2.0367 2.97218
4.34722 2.11079 2.98397
4.35417 2.18127 2.99577
4.36111 2.24789 3.00757
4.36806 2.31045 3.01936
4.375 2.36879 3.03116
4.38194 2.42278 3.04296
4.38889 2.47235 3.05475
4.39583 2.51746 3.06655
4.40278 2.55811 3.07834
4.40972 2.59435 3.09014
4.41667 2.62628 3.10194
4.42361 2.65403 3.11373
4.43056 2.67781 3.12553
4.4375 2.69784 3.13733
4.44444 2.71441 3.14912
4.45139 2.72787 3.16092
4.45833 2.73858 3.17272
4.46528 2.747 3.18451
4.47222 2.75359 3.19631
4.47917 2.75889 3.20811
4.48611 2.76347 3.2199
4.49306 2.76796 3.2317
4.5 2.77301 3.2435
4.50694 2.7793 3.25529
4.51389 2.78756 3.26709
4.52083 2.79853 3.27889
4.52778 2.81295 3.29068
4.53472 2.83156 3.30248
4.54167 2.85508 3.31428
4.54861 2.8842 3.32607
4.55556 2.91957 3.33787
4.5625 2.96177 3.34967
4.56944 3.0113 3.36146
4.57639 3.06858 3.37326
4.58333 3.13394 3.38506
4.59028 3.20759 3.39685
4.59722 3.28967 3.40865
4.60417 3.38018 3.42045
4.61111 3.47906 3.43224
4.61806 3.58613 3.44404
4.625 3.70115 3.45584
4.63194 3.82378 3.46763
4.63889 3.95362 3.47943
4.64583 4.09024 3.49123
4.65278 4.23312 3.50302
4.65972 4.3817 3.51482
4.66667 4.5354 3.52661
4.67361 4.69359 3.53841
4.68056 4.85563 3.55021
4.6875 5.02082 3.562
4.69444 5.18849 3.5738
4.70139 5.3579 3.5856
4.70833 5.52832 3.59739
4.71528 5.69902 3.60919
4.72222 5.86924 3.62099
4.72917 6.03822 3.63278
4.73611 6.20521 3.64458
4.74306 6.36945 3.65638
4.75 6.53019 3.66817
4.75694 6.6867 3.67997
4.76389 6.83823 3.69177
4.77083 6.98409 3.70356
4.77778 7.12359 3.71536
4.78472 7.25605 3.72716
4.79167 7.38084 3.73895
4.79861 7.49737 3.75075
4.80556 7.60506 3.76255
4.8125 7.70338 3.77434
4.81944 7.79185 3.78614
4.82639 7.87002 3.79794
4.83333 7.93751 3.80973
4.84028 7.99397 3.82153
4.84722 8.03911 3.83333
4.85417 8.0727 3.84512
4.86111 8.09456 3.85692
4.86806 8.10456 3.86872
4.875 8.10263 3.88051
4.88194 8.08877 3.89231
4.88889 8.06303 3.90411
4.89583 8.0255 3.9159
4.90278 7.97635 3.9277
4.90972 7.91579 3.9395
4.91667 7.84408 3.95129
4.92361 7.76154 3.96309
4.93056 7.66854 3.97488
4.9375 7.56548 3.98668
4.94444 7.45282 3.99848
4.95139 7.33105 4.00927
4.95833 7.20069 4.01206
4.96528 7.0623 4.01485
4.97222 6.91648 4.01764
4.97917 6.76385 4.02043
4.98611 6.60504 4.02323
4.99306 6.4407 4.02602
5 6.27152 4.02881
5.00694 6.09818 4.0316
5.01389 5.92137 4.03439
5.02083 5.74179 4.03719
5.02778 5.56015 4.03998
5.03472 5.37716 4.04277
5.04167 5.19353 4.04556
5.04861 5.00996 4.04836
5.05556 4.82718 4.05115
5.0625 4.6459 4.05394
5.06944 4.46684 4.05673
5.07639 4.29073 4.05952
5.08333 4.11832 4.06232
5.09028 3.95038 4.06511
5.09722 3.7877 4.0679
5.10417 3.63109 4.07069
5.11111 3.48143 4.07349
5.11806 3.33962 4.07628
5.125 3.20663 4.07907
5.13194 3.08344 4.08186
5.13889 2.97111 4.08465
5.14583 2.8707 4.08745
5.15278 2.78326 4.09024
5.15972 2.7098 4.09303
5.16667 2.65124 4.09582
5.17361 2.60833 4.09861
5.18056 2.58161 4.10141
5.1875 2.57135 4.1042
5.19444 2.57754 4.10699
5.20139 2.59985 4.10978
5.20833 2.63767 4.11258
5.21528 2.69015 4.11537
5.22222 2.75626 4.11816
5.22917 2.83484 4.12095
5.23611 2.92465 4.12374
5.24306 3.02446 4.12654
5.25 3.13303 4.12933
5.25694 3.24919 4.13212
5.26389 3.37182 4.13491
5.27083 3.49986 4.1377
5.27778 3.63234 4.1405
5.28472 3.76835 4.14329
5.29167 3.90705 4.14608
5.29861 4.04763 4.14887
5.30556 4.18939 4.15167
5.3125 4.33164 4.15446
5.31944 4.47375 4.15725
5.32639 4.61513 4.16004
5.33333 4.75525 4.16283
5.34028 4.8936 4.16563
5.34722 5.02972 4.16842
5.35417 5.1632 4.17121
5.36111 5.29364 4.174
5.36806 5.42071 4.1768
5.375 5.54412 4.17959
5.38194 5.66359 4.18238
5.38889 5.77891 4.18517
5.39583 5.88992 4.18796
5.40278 5.99647 4.19076
5.40972 6.09849 4.19355
5.41667 6.19594 4.19634
5.42361 6.28881 4.19913
5.43056 6.37716 4.20192
5.4375 6.4611 4.20472
5.44444 6.54074 4.20751
5.45139 6.6163 4.2103
5.45833 6.68798 4.22323
5.46528 6.75608 4.23635
5.47222 6.8209 4.24948
5.47917 6.88279 4.26261
5.48611 6.94216 4.27573
5.49306 6.99942 4.28886
5.5 7.05503 4.30199
5.50694 7.10947 4.31512
5.51389 7.16327 4.32824
5.52083 7.21694 4.34137
5.52778 7.27103 4.3545
5.53472 7.32609 4.36762
5.54167 7.38268 4.38075
5.54861 7.44135 4.39388
5.55556 7.50265 4.40701
5.5625 7.56711 4.42013
5.56944 7.63523 4.43326
5.57639 7.70749 4.44639
5.58333 7.78433 4.45951
5.59028 7.86615 4.47264
5.59722 7.9533 4.48577
5.60417 8.04607 4.49889
5.61111 8.1447 4.51202
5.61806 8.24937 4.52515
5.625 8.36018 4.53828
5.63194 8.47718 4.5514
5.63889 8.60032 4.56453
5.64583 8.72953 4.57766
5.65278 8.8646 4.59078
5.65972 9.00531 4.60391
5.66667 9.15134 4.61704
5.67361 9.30234 4.63017
5.68056 9.45785 4.64329
5.6875 9.61739 4.65642
5.69444 9.78042 4.66955
5.70139 9.94633 4.68267
5.70833 10.1145 4.6958
5.71528 10.2842 4.70893
5.72222 10.4548 4.72205
5.72917 10.6256 4.73518
5.73611 10.7957 4.74831
5.74306 10.9643 4.76144
5.75 11.1308 4.77456
5.75694 11.2942 4.78769
5.76389 11.4539 4.80082
5.77083 11.6089 4.81394
5.77778 11.7585 4.82707
5.78472 11.9019 4.8402
5.79167 12.0384 4.85333
5.79861 12.1672 4.86645
5.80556 12.2876 4.87958
5.8125 12.399 4.89271
5.81944 12.5007 4.90583
5.82639 12.5921 4.91896
5.83333 12.6726 4.93209
5.84028 12.7418 4.94521
5.84722 12.7992 4.95834
5.85417 12.8444 4.97147
5.86111 12.8771 4.9846
5.86806 12.8969 4.99772
5.875 12.9037 5.01085
5.88194 12.8972 5.02398
5.88889 12.8775 5.0371
5.89583 12.8444 5.05023
5.90278 12.798 5.06336
5.90972 12.7383 5.07649
5.91667 12.6655 5.08961
5.92361 12.5799 5.10274
5.93056 12.4816 5.11587
5.9375 12.3711 5.12899
5.94444 12.2487 5.14212
5.95139 12.1148 5.15525
5.95833 11.97 5.16403
5.96528 11.8148 5.16325
5.97222 11.6498 5.16247
5.97917 11.4756 5.16168
5.98611 11.2928 5.1609
5.99306 11.1023 5.16012
6 10.9047 5.15933
6.00694 10.7008 5.15855
6.01389 10.4914 5.15777
6.02083 10.2775 5.15698
6.02778 10.0597 5.1562
6.03472 9.83903 5.15541
6.04167 9.61636 5.15463
6.04861 9.3926 5.15385
6.05556 9.16867 5.15306
6.0625 8.94553 5.15228
6.06944 8.72412 5.1515
6.07639 8.50542 5.15071
6.08333 8.29041 5.14993
6.09028 8.08007 5.14915
6.09722 7.87541 5.14836
6.10417 7.67743 5.14758
6.11111 7.48715 5.1468
6.11806 7.30557 5.14601
6.125 7.1337 5.14523
6.13194 6.97253 5.14444
6.13889 6.82305 5.14366
6.14583 6.68619 5.14288
6.15278 6.56284 5.14209
6.15972 6.45384 5.14131
6.16667 6.35994 5.14053
6.17361 6.28179 5.13974
6.18056 6.21992 5.13896
6.1875 6.17474 5.13818
6.19444 6.1465 5.13739
6.20139 6.13529 5.13661
6.20833 6.14103 5.13583
6.21528 6.16349 5.13504
6.22222 6.20229 5.13426
6.22917 6.25689 5.13348
6.23611 6.32662 5.13269
6.24306 6.41072 5.13191
6.25 6.50833 5.13112
6.25694 6.61852 5.13034
6.26389 6.74032 5.12956
6.27083 6.87273 5.12877
6.27778 7.01474 5.12799
6.28472 7.16533 5.12721
6.29167 7.32351 5.12642
6.29861 7.48829 5.12564
6.30556 7.65873 5.12486
6.3125 7.8339 5.12407
6.31944 8.01293 5.12329
6.32639 8.19497 5.12251
6.33333 8.37922 5.12172
6.34028 8.56492 5.12094
6.34722 8.75135 5.12015
6.35417 8.93784 5.11937
6.36111 9.12376 5.11859
6.36806 9.30853 5.1178
6.375 9.49161 5.11702
6.38194 9.6725 5.11624
6.38889 9.85076 5.11545
6.39583 10.026 5.11467
6.40278 10.1978 5.11389
6.40972 10.366 5.1131
6.41667 10.5302 5.11232
6.42361 10.6902 5.11154
6.43056 10.8459 5.11075
6.4375 10.9972 5.10997
6.44444 11.144 5.10919
6.45139 11.2862 5.1084
6.45833 11.424 5.11378
6.46528 11.5573 5.12914
6.47222 11.6862 5.14449
6.47917 11.8111 5.15984
6.48611 11.9319 5.1752
6.49306 12.049 5.19055
6.5 12.1627 5.2059
6.50694 12.2732 5.22126
6.51389 12.381 5.23661
6.52083 12.4862 5.25196
6.52778 12.5895 5.26732
6.53472 12.6911 5.28267
6.54167 12.7915 5.29802
6.54861 12.8911 5.31338
6.55556 12.9904 5.32873
6.5625 13.0899 5.34409
6.56944 13.1899 5.35944
6.57639 13.291 5.37479
6.58333 13.3936 5.39015
6.59028 13.498 5.4055
6.59722 13.6047 5.42085
6.60417 13.714 5.43621
6.61111 13.8263 5.45156
6.61806 13.9418 5.46691
6.625 14.0608 5.48227
6.63194 14.1835 5.49762
6.63889 14.3101 5.51297
6.64583 14.4406 5.52833
6.65278 14.5752 5.54368
6.65972 14.7137 5.55904
6.66667 14.8561 5.57439
6.67361 15.0023 5.58974
6.68056 15.152 5.6051
6.6875 15.3051 5.62045
6.69444 15.4612 5.6358
6.70139 15.6199 5.65116
6.70833 15.7809 5.66651
6.71528 15.9435 5.68186
6.72222 16.1074 5.69722
6.72917 16.2719 5.71257
6.73611 16.4364 5.72792
6.74306 16.6002 5.74328
6.75 16.7628 5.75863
6.75694 16.9232 5.77399
6.76389 17.0809 5.78934
6.77083 17.2351 5.80469
6.77778 17.385 5.82005
6.78472 17.5297 5.8354
6.79167 17.6687 5.85075
6.79861 17.801 5.86611
6.80556 17.926 5.88146
6.8125 18.0429 5.89681
6.81944 18.151 5.91217
6.82639 18.2496 5.92752
6.83333 18.3381 5.94287
6.84028 18.4157 5.95823
6.84722 18.482 5.97358
6.85417 18.5365 5.98894
6.86111 18.5785 6.00429
6.86806 18.6078 6.01964
6.875 18.6239 6.035
6.88194 18.6264 6.05035
6.88889 18.6153 6.0657
6.89583 18.5902 6.08106
6.90278 18.551 6.09641
6.90972 18.4977 6.11176
6.91667 18.4302 6.12712
6.92361 18.3487 6.14247
6.93056 18.2532 6.15782
6.9375 18.1441 6.17318
6.94444 18.0215 6.18853
6.95139 17.8858 6.20388
6.95833 17.7373 6.21924
6.96528 17.5766 6.23459
6.97222 17.4042 6.24835
6.97917 17.2206 6.24512
6.98611 17.0264 6.24189
6.99306 16.8224 6.23865
7 16.6093 6.23542
7.00694 16.3879 6.23219
7.01389 16.1589 6.22895
7.02083 15.9233 6.22572
7.02778 15.6819 6.22249
7.03472 15.4357 6.21926
7.04167 15.1857 6.21602
7.04861 14.9327 6.21279
7.05556 14.678 6.20956
7.0625 14.4224 6.20632
7.06944 14.1671 6.20309
7.07639 13.9132 6.19986
7.08333 13.6616 6.19662
7.09028 13.4136 6.19339
7.09722 13.1702 6.19016
7.10417 12.9326 6.18693
7.11111 12.7018 6.18369
7.11806 12.479 6.18046
7.125 12.2653 6.17723
7.13194 12.0616 6.17399
7.13889 11.8692 6.17076
7.14583 11.6889 6.16753
7.15278 11.5218 6.1643
7.15972 11.3688 6.16106
7.16667 11.2308 6.15783
7.17361 11.1085 6.1546
7.18056 11.0026 6.15136
7.1875 10.9138 6.14813
7.19444 10.8424 6.1449
7.20139 10.7891 6.14167
7.20833 10.7538 6.13843
7.21528 10.7369 6.1352
7.22222 10.7383 6.13197
7.22917 10.7578 6.12873
7.23611 10.7953 6.1255
7.24306 10.8503 6.12227
7.25 10.9223 6.11903
7.25694 11.0107 6.1158
7.26389 11.1149 6.11257
7.27083 11.234 6.10934
7.27778 11.3673 6.1061
7.28472 11.5138 6.10287
7.29167 11.6727 6.09964
7.29861 11.8429 6.0964
7.30556 12.0235 6.09317
7.3125 12.2135 6.08994
7.31944 12.4119 6.08671
7.32639 12.6178 6.08347
7.33333 12.8302 6.08024
7.34028 13.0482 6.07701
7.34722 13.2709 6.07377
7.35417 13.4973 6.07054
7.36111 13.7268 6.06731
7.36806 13.9584 6.06408
7.375 14.1914 6.06084
7.38194 14.425 6.05761
7.38889 14.6587 6.05438
7.39583 14.8917 6.05114
7.40278 15.1235 6.04791
7.40972 15.3536 6.04468
7.41667 15.5813 6.04144
7.42361 15.8064 6.03821
7.43056 16.0283 6.03498
7.4375 16.2468 6.03175
7.44444 16.4614 6.02851
7.45139 16.6721 6.02528
7.45833 16.8784 6.02205
7.46528 17.0804 6.00945
7.47222 17.2779 5.99431
7.47917 17.4707 5.97916
7.48611 17.659 5.96402
7.49306 17.8426 5.94888
7.5 18.0217 5.93373
7.50694 18.1964 5.91859
7.51389 18.3667 5.90345
7.52083 18.533 5.8883
7.52778 18.6953 5.87316
7.53472 18.8539 5.85802
7.54167 19.0091 5.84288
7.54861 19.1612 5.82773
7.55556 19.3104 5.81259
7.5625 19.4571 5.79745
7.56944 19.6017 5.7823
7.57639 19.7444 5.76716
7.58333 19.8857 5.75202
7.59028 20.0259 5.73687
7.59722 20.1652 5.72173
7.60417 20.3042 5.70659
7.61111 20.443 5.69144
7.61806 20.5821 5.6763
7.625 20.7216 5.66116
7.63194 20.8619 5.64601
7.63889 21.0032 5.63087
7.64583 21.1456 5.61573
7.65278 21.2894 5.60058
7.65972 21.4347 5.58544
7.66667 21.5816 5.5703
7.67361 21.73 5.55515
7.68056 21.88 5.54001
7.6875 22.0315 5.52487
7.69444 22.1844 5.50972
7.70139 22.3386 5.49458
7.70833 22.4938 5.47944
7.71528 22.6497 5.46429
7.72222 22.8061 5.44915
7.72917 22.9626 5.43401
7.73611 23.1187 5.41886
7.74306 23.274 5.40372
7.75 23.428 5.38858
7.75694 23.5802 5.37343
7.76389 23.73 5.35829
7.77083 23.8767 5.34315
7.77778 24.0198 5.328
7.78472 24.1586 5.31286
7.79167 24.2924 5.29772
7.79861 24.4206 5.28257
7.80556 24.5423 5.26743
7.8125 24.657 5.25229
7.81944 24.764 5.23714
7.82639 24.8625 5.222
7.83333 24.9519 5.20686
7.84028 25.0316 5.19171
7.84722 25.1008 5.17657
7.85417 25.1591 5.16143
7.86111 25.2058 5.14628
7.86806 25.2405 5.13114
7.875 25.2626 5.116
7.88194 25.2717 5.10086
7.88889 25.2675 5.08571
7.89583 25.2495 5.07057
7.90278 25.2177 5.05543
7.90972 25.1716 5.04028
7.91667 25.1113 5.02514
7.92361 25.0365 5.01
7.93056 24.9474 4.99485
7.9375 24.8439 4.97971
7.94444 24.7262 4.96457
7.95139 24.5945 4.94942
7.95833 24.449 4.93428
7.96528 24.2901 4.91914
7.97222 24.1181 4.90399
7.97917 23.9336 4.88885
7.98611 23.7369 4.87371
7.99306 23.5288 4.85856
8 23.3099 4.84342
8.00694 23.0808 4.82828
8.01389 22.8424 4.81313
8.02083 22.5954 4.79799
8.02778 22.3407 4.78285
8.03472 22.0793 4.7677
8.04167 21.812 4.75256
8.04861 21.5398 4.73742
8.05556 21.2638 4.76119
8.0625 20.9851 4.79904
8.06944 20.7046 4.83689
8.07639 20.4237 4.87474
8.08333 20.1433 4.9126
8.09028 19.8646 4.95045
8.09722 19.5888 4.9883
8.10417 19.317 5.02616
8.11111 19.0506 5.06401
8.11806 18.7905 5.10186
8.125 18.538 5.13972
8.13194 18.2943 5.17757
8.13889 18.0605 5.21542
8.14583 17.8377 5.25327
8.15278 17.627 5.29113
8.15972 17.4294 5.32898
8.16667 17.246 5.36683
8.17361 17.0777 5.40469
8.18056 16.9253 5.44254
8.1875 16.7896 5.48039
8.19444 16.6714 5.51825
8.20139 16.5714 5.5561
8.20833 16.4899 5.59395
8.21528 16.4275 5.63181
8.22222 16.3844 5.66966
8.22917 16.361 5.70751
8.23611 16.3571 5.74536
8.24306 16.3729 5.78322
8.25 16.4081 5.82107
8.25694 16.4625 5.85892
8.26389 16.5357 5.89678
8.27083 16.6273 5.93463
8.27778 16.7367 5.97248
8.28472 16.8632 6.01034
8.29167 17.0062 6.04819
8.29861 17.1647 6.08604
8.30556 17.3381 6.12389
8.3125 17.5254 6.16175
8.31944 17.7256 6.1996
8.32639 17.9378 6.23745
8.33333 18.1611 6.27531
8.34028 18.3945 6.31316
8.34722 18.637 6.35101
8.35417 18.8876 6.38887
8.36111 19.1454 6.42672
8.36806 19.4094 6.46457
8.375 19.6787 6.50242
8.38194 19.9524 6.54028
8.38889 20.2297 6.57813
8.39583 20.5096 6.61598
8.40278 20.7915 6.65384
8.40972 21.0745 6.69169
8.41667 21.3579 6.72954
8.42361 21.6411 6.7674
8.43056 21.9234 6.80525
8.4375 22.2042 6.8431
8.44444 22.4831 6.88096
8.45139 22.7594 6.91881
8.45833 23.0327 6.95666
8.46528 23.3026 6.99406
8.47222 23.5689 7.02931
8.47917 23.831 7.06457
8.48611 24.0889 7.09983
8.49306 24.3422 7.13509
8.5 24.5908 7.17035
8.50694 24.8345 7.20561
8.51389 25.0733 7.24087
8.52083 25.307 7.27612
8.52778 25.5358 7.31138
8.53472 25.7596 7.34664
8.54167 25.9784 7.3819
8.54861 26.1924 7.41716
8.55556 26.4016 7.45242
8.5625 26.6063 7.48767
8.56944 26.8065 7.52293
8.57639 27.0025 7.55819
8.58333 27.1945 7.59345
8.59028 27.3827 7.62871
8.59722 27.5674 7.66397
8.60417 27.7488 7.69922
8.61111 27.927 7.73448
8.61806 28.1025 7.76974
8.625 28.2754 7.805
8.63194 28.446 7.84026
8.63889 28.6145 7.87552
8.64583 28.7811 7.91077
8.65278 28.946 7.94603
8.65972 29.1094 7.98129
8.66667 29.2714 8.01655
8.67361 29.4322 8.05181
8.68056 29.5919 8.08707
8.6875 29.7505 8.12232
8.69444 29.908 8.15758
8.70139 30.0646 8.19284
8.70833 30.22 8.2281
8.71528 30.3742 8.26336
8.72222 30.5271 8.29862
8.72917 30.6785 8.33387
8.73611 30.8283 8.36913
8.74306 30.976 8.40439
8.75 31.1216 8.43965
8.75694 31.2645 8.47491
8.76389 31.4046 8.51017
8.77083 31.5412 8.54542
8.77778 31.6741 8.58068
8.78472 31.8026 8.61594
8.79167 31.9264 8.6512
8.79861 32.0449 8.68646
8.80556 32.1575 8.72172
8.8125 32.2637 8.75697
8.81944 32.363 8.79223
8.82639 32.4546 8.82749
8.83333 32.5381 8.86275
8.84028 32.6128 8.89801
8.84722 32.6781 8.93327
8.85417 32.7336 8.96853
8.86111 32.7786 9.00378
8.86806 32.8126 9.03904
8.875 32.8351 9.0743
8.88194 32.8456 9.10956
8.88889 32.8437 9.14482
8.89583 32.829 9.18008
8.90278 32.8011 9.21533
8.90972 32.7597 9.25059
8.91667 32.7047 9.28585
8.92361 32.6356 9.32111
8.93056 32.5526 9.35637
8.9375 32.4553 9.39163
8.94444 32.3439 9.42688
8.95139 32.2183 9.46214
8.95833 32.0788 9.4974
8.96528 31.9254 9.53266
8.97222 31.7583 9.51356
8.97917 31.578 9.48788
8.98611 31.3848 9.46221
8.99306 31.1792 9.43653
9 30.9615 9.41086
9.00694 30.7326 9.38518
9.01389 30.4928 9.3595
9.02083 30.243 9.33383
9.02778 29.984 9.30815
9.03472 29.7164 9.28248
9.04167 29.4413 9.2568
9.04861 29.1595 9.23113
9.05556 28.8719 9.20545
9.0625 28.5796 9.17977
9.06944 28.2836 9.1541
9.07639 27.9851 9.12842
9.08333 27.685 9.10275
9.09028 27.3846 9.07707
9.09722 27.0851 9.05139
9.10417 26.7875 9.02572
9.11111 26.4931 9.00004
9.11806 26.2032 8.97437
9.125 25.9189 8.94869
9.13194 25.6414 8.92302
9.13889 25.372 8.89734
9.14583 25.1118 8.87166
9.15278 24.862 8.84599
9.15972 24.6237 8.82031
9.16667 24.3981 8.79464
9.17361 24.1862 8.76896
9.18056 23.9891 8.74328
9.1875 23.8077 8.71761
9.19444 23.6429 8.69193
9.20139 23.4956 8.66626
9.20833 23.3665 8.64058
9.21528 23.2562 8.6149
9.22222 23.1654 8.58923
9.22917 23.0946 8.56355
9.23611 23.044 8.53788
9.24306 23.0141 8.5122
9.25 23.005 8.48653
9.25694 23.0167 8.46085
9.26389 23.0492 8.43517
9.27083 23.1023 8.4095
9.27778 23.1758 8.38382
9.28472 23.2694 8.35815
9.29167 23.3825 8.33247
9.29861 23.5148 8.30679
9.30556 23.6654 8.28112
9.3125 23.8339 8.25544
9.31944 24.0193 8.22977
9.32639 24.221 8.20409
9.33333 24.438 8.17841
9.34028 24.6694 8.15274
9.34722 24.9144 8.12706
9.35417 25.1719 8.10139
9.36111 25.441 8.07571
9.36806 25.7207 8.05004
9.375 26.01 8.02436
9.38194 26.308 7.99868
9.38889 26.6137 7.97301
9.39583 26.9261 7.94733
9.40278 27.2443 7.92166
9.40972 27.5673 7.89598
9.41667 27.8943 7.8703
9.42361 28.2244 7.84463
9.43056 28.5567 7.81895
9.4375 28.8906 7.79328
9.44444 29.2252 7.7676
9.45139 29.5597 7.74192
9.45833 29.8936 7.71625
9.46528 30.2262 7.69057
9.47222 30.5568 7.85681
9.47917 30.8849 8.16533
9.48611 31.2101 8.47386
9.49306 31.5318 8.78238
9.5 31.8496 9.09091
9.50694 32.1631 9.39943
9.51389 32.472 9.70796
9.52083 32.7759 10.0165
9.52778 33.0747 10.325
9.53472 33.3681 10.6335
9.54167 33.656 10.9421
9.54861 33.9381 11.2506
9.55556 34.2143 11.5591
9.5625 34.4847 11.8676
9.56944 34.7491 12.1762
9.57639 35.0076 12.4847
9.58333 35.2601 12.7932
9.59028 35.5068 13.1017
9.59722 35.7476 13.4103
9.60417 35.9827 13.7188
9.61111 36.2121 14.0273
9.61806 36.436 14.3358
9.625 36.6546 14.6444
9.63194 36.8679 14.9529
9.63889 37.0761 15.0984
9.64583 37.2794 15.0111
9.65278 37.4779 14.9237
9.65972 37.6718 14.8364
9.66667 37.8612 14.7491
9.67361 38.0462 14.6618
9.68056 38.227 14.5745
9.6875 38.4037 14.4872
9.69444 38.5764 14.3999
9.70139 38.7451 14.3126
9.70833 38.91 14.2253
9.71528 39.071 14.138
9.72222 39.2281 14.0507
9.72917 39.3814 13.9634
9.73611 39.5307 13.8761
9.74306 39.676 13.7888
9.75 39.8173 13.7015
9.75694 39.9542 13.6142
9.76389 40.0867 13.5268
9.77083 40.2146 13.4395
9.77778 40.3376 13.3522
9.78472 40.4555 13.2649
9.79167 40.5679 13.1776
9.79861 40.6746 13.0903
9.80556 40.7751 13.003
9.8125 40.8692 12.9157
9.81944 40.9564 12.8284
9.82639 41.0362 12.7411
9.83333 41.1084 12.6538
9.84028 41.1724 12.5665
9.84722 41.2277 12.4792
9.85417 41.274 12.3919
9.86111 41.3108 12.3046
9.86806 41.3376 12.2173
9.875 41.3539 12.1299
9.88194 41.3595 12.0426
9.88889 41.3537 11.9553
9.89583 41.3363 11.868
9.90278 41.307 11.7807
9.90972 41.2652 11.6934
9.91667 41.2109 11.6061
9.92361 41.1436 11.5188
9.93056 41.0632 11.4315
9.9375 40.9695 11.3442
9.94444 40.8624 11.2569
9.95139 40.7418 11.1696
9.95833 40.6078 11.0823
9.96528 40.4602 10.995
9.97222 40.2993 10.9231
9.97917 40.1253 10.8872
9.98611 39.9382 10.8513
9.99306 39.7385 10.8154
10 39.5265 10.7795
10.0069 39.3026 10.7435
10.0139 39.0673 10.7076
10.0208 38.821 10.6717
10.0278 38.5646 10.6358
10.0347 38.2985 10.5999
10.0417 38.0235 10.564
10.0486 37.7405 10.5281
10.0556 37.4502 10.4922
10.0625 37.1536 10.4563
10.0694 36.8515 10.4204
10.0764 36.545 10.3845
10.0833 36.235 10.3485
10.0903 35.9228 10.3126
10.0972 35.6092 10.2767
10.1042 35.2956 10.2408
10.1111 34.983 10.2049
10.1181 34.6726 10.169
10.125 34.3657 10.1331
10.1319 34.0633 10.0972
10.1389 33.7668 10.0613
10.1458 33.4774 10.0254
10.1528 33.1962 9.98946
10.1597 32.9244 9.95355
10.1667 32.6633 9.91764
10.1736 32.4139 9.88173
10.1806 32.1775 9.84583
10.1875 31.9551 9.80992
10.1944 31.7477 9.77401
10.2014 31.5563 9.7381
10.2083 31.3819 9.70219
10.2153 31.2253 9.66628
10.2222 31.0873 9.63037
10.2292 30.9687 9.59446
10.2361 30.8701 9.55856
10.2431 30.792 9.52265
10.25 30.7348 9.48674
10.2569 30.6991 9.45083
10.2639 30.6849 9.41492
10.2708 30.6925 9.37901
10.2778 30.7219 9.3431
10.2847 30.7732 9.3072
10.2917 30.8461 9.27129
10.2986 30.9404 9.23538
10.3056 31.0559 9.19947
10.3125 31.192 9.16356
10.3194 31.3483 9.12765
10.3264 31.5242 9.09174
10.3333 31.7191 9.05583
10.3403 31.9323 9.01993
10.3472 32.1629 8.98402
10.3542 32.4102 8.94811
10.3611 32.6733 8.9122
10.3681 32.9513 8.87629
10.375 33.2432 8.84038
10.3819 33.5481 8.80447
10.3889 33.8651 8.76857
10.3958 34.193 8.73266
10.4028 34.531 8.69675
10.4097 34.878 8.66084
10.4167 35.2331 8.62493
10.4236 35.5953 8.58902
10.4306 35.9636 8.55311
10.4375 36.3371 8.5172
10.4444 36.7149 8.4813
10.4514 37.096 8.44539
10.4583 37.4795 8.40948
10.4653 37.8648 8.37357
10.4722 38.2509 8.33766
10.4792 38.637 8.35206
10.4861 39.0225 8.36778
10.4931 39.4066 8.38349
10.5 39.7886 8.39921
10.5069 40.168 8.41492
10.5139 40.5441 8.43064
10.5208 40.9164 8.44635
10.5278 41.2844 8.46207
10.5347 41.6476 8.47778
10.5417 42.0056 8.4935
10.5486 42.3579 8.50921
10.5556 42.7043 8.52493
10.5625 43.0444 8.54064
10.5694 43.3779 8.55636
10.5764 43.7046 8.57207
10.5833 44.0243 8.58779
10.5903 44.3367 8.6035
10.5972 44.6418 8.61922
10.6042 44.9394 8.63493
10.6111 45.2294 8.65065
10.6181 45.5118 8.66636
10.625 45.7865 8.68208
10.6319 46.0536 8.69779
10.6389 46.3129 8.71351
10.6458 46.5646 8.72922
10.6528 46.8086 8.74494
10.6597 47.045 8.76065
10.6667 47.2739 8.77637
10.6736 47.4954 8.79208
10.6806 47.7095 8.8078
10.6875 47.9163 8.82351
10.6944 48.1158 8.83923
10.7014 48.3083 8.85494
10.7083 48.4937 8.87066
10.7153 48.6722 8.88637
10.7222 48.8437 8.90209
10.7292 49.0084 8.9178
10.7361 49.1663 8.93351
10.7431 49.3174 8.94923
10.75 49.4618 8.96494
10.7569 49.5995 8.98066
10.7639 49.7304 8.99637
10.7708 49.8545 9.01209
10.7778 49.9717 9.0278
10.7847 50.0821 9.04352
10.7917 50.1854 9.05923
10.7986 50.2816 9.07495
10.8056 50.3705 9.09066
10.8125 50.4519 9.10638
10.8194 50.5258 9.12209
10.8264 50.5918 9.13781
10.8333 50.6498 9.15352
10.8403 50.6995 9.16924
10.8472 50.7406 9.18495
10.8542 50.7729 9.20067
10.8611 50.7962 9.21638
10.8681 50.8101 9.2321
10.875 50.8142 9.24781
10.8819 50.8085 9.26353
10.8889 50.7925 9.27924
10.8958 50.7659 9.29496
10.9028 50.7285 9.31067
10.9097 50.6799 9.32639
10.9167 50.6201 9.3421
10.9236 50.5486 9.35782
10.9306 50.4653 9.37353
10.9375 50.3701 9.38925
10.9444 50.2626 9.40496
10.9514 50.143 9.42068
10.9583 50.0109 9.43639
10.9653 49.8665 9.45211
10.9722 49.7097 9.46782
10.9792 49.5406 9.48354
10.9861 49.3592 9.49925
10.9931 49.1658 9.51497
11 48.9605 9.53068
11.0069 48.7436 9.5464
11.0139 48.5155 9.56211
11.0208 48.2764 9.57332
11.0278 48.0269 9.57287
11.0347 47.7674 9.57241
11.0417 47.4985 9.57195
11.0486 47.2208 9.5715
11.0556 46.935 9.57104
11.0625 46.6417 9.57058
11.0694 46.3419 9.57013
11.0764 46.0363 9.56967
11.0833 45.7258 9.56921
11.0903 45.4112 9.56876
11.0972 45.0937 9.5683
11.1042 44.7742 9.56784
11.1111 44.4537 9.56739
11.1181 44.1334 9.56693
11.125 43.8143 9.56647
11.1319 43.4976 9.56602
11.1389 43.1845 9.56556
11.1458 42.876 9.5651
11.1528 42.5735 9.56465
11.1597 42.278 9.56419
11.1667 41.9907 9.56373
11.1736 41.7129 9.56327
11.1806 41.4457 9.56282
11.1875 41.1902 9.56236
11.1944 40.9476 9.5619
11.2014 40.7189 9.56145
11.2083 40.5052 9.56099
11.2153 40.3075 9.56053
11.2222 40.1268 9.56008
11.2292 39.9639 9.55962
11.2361 39.8197 9.55916
11.2431 39.6949 9.55871
11.25 39.5903 9.55825
11.2569 39.5064 9.55779
11.2639 39.4438 9.55734
11.2708 39.4029 9.55688
11.2778 39.3842 9.55642
11.2847 39.3877 9.55597
11.2917 39.4138 9.55551
11.2986 39.4625 9.55505
11.3056 39.5338 9.5546
11.3125 39.6275 9.55414
11.3194 39.7435 9.55368
11.3264 39.8815 9.55322
11.3333 40.0411 9.55277
11.3403 40.2218 9.55231
11.3472 40.4232 9.55185
11.3542 40.6446 9.5514
11.3611 40.8853 9.55094
11.3681 41.1447 9.55048
11.375 41.4219 9.55003
11.3819 41.7161 9.54957
11.3889 42.0264 9.54911
11.3958 42.352 9.54866
11.4028 42.6919 9.5482
11.4097 43.0451 9.54774
11.4167 43.4106 9.54729
11.4236 43.7875 9.54683
11.4306 44.1747 9.54637
11.4375 44.5712 9.54592
11.4444 44.9761 9.54546
11.4514 45.3883 9.545
11.4583 45.8069 9.54455
11.4653 46.2307 9.54409
11.4722 46.659 9.54363
11.4792 47.0908 9.54318
11.4861 47.5251 9.54272
11.4931 47.961 9.54226
11.5 48.3976 9.66391
11.5069 48.8342 9.78606
11.5139 49.2699 9.90821
11.5208 49.7039 10.0304
11.5278 50.1355 10.1525
11.5347 50.564 10.2747
11.5417 50.9886 10.3968
11.5486 51.4088 10.5189
11.5556 51.8239 10.6411
11.5625 52.2334 10.7632
11.5694 52.6367 10.8854
11.5764 53.0333 11.0075
11.5833 53.4227 11.1297
11.5903 53.8046 11.2518
11.5972 54.1784 11.374
11.6042 54.544 11.4961
11.6111 54.9008 11.6183
11.6181 55.2487 11.7404
11.625 55.5874 11.8626
11.6319 55.9167 11.9847
11.6389 56.2362 12.1069
11.6458 56.546 12.229
11.6528 56.8458 12.3512
11.6597 57.1356 12.4733
11.6667 57.4151 12.5955
11.6736 57.6845 12.7176
11.6806 57.9435 12.8398
11.6875 58.1923 12.9619
11.6944 58.4307 13.0841
11.7014 58.6589 13.2062
11.7083 58.8768 13.3284
11.7153 59.0844 13.4505
11.7222 59.2819 13.5726
11.7292 59.4693 13.6948
11.7361 59.6467 13.8169
11.7431 59.8141 13.9391
11.75 59.9716 14.0612
11.7569 60.1193 14.1834
11.7639 60.2572 14.3055
11.7708 60.3856 14.4277
11.7778 60.5043 14.5498
11.7847 60.6136 14.672
11.7917 60.7134 14.7941
11.7986 60.8039 14.9163
11.8056 60.885 15.0384
11.8125 60.9568 15.1606
11.8194 61.0193 15.2827
11.8264 61.0726 15.4049
11.8333 61.1166 15.527
11.8403 61.1513 15.6492
11.8472 61.1766 15.7713
11.8542 61.1926 15.8935
11.8611 61.1992 16.0156
11.8681 61.1963 16.1378
11.875 61.1838 16.2599
11.8819 61.1616 16.3821
11.8889 61.1296 16.5042
11.8958 61.0878 16.6263
11.9028 61.0359 16.7485
11.9097 60.9739 16.8209
11.9167 60.9017 16.8247
11.9236 60.8191 16.8284
11.9306 60.726 16.8322
11.9375 60.6223 16.836
11.9444 60.508 16.8397
11.9514 60.3829 16.8435
11.9583 60.2469 16.8473
11.9653 60.1001 16.851
11.9722 59.9425 16.8548
11.9792 59.7739 16.8586
11.9861 59.5945 16.8623
11.9931 59.4044 16.8661
12 59.2036 16.8699
12.0069 58.9924 16.8736
12.0139 58.7708 16.8774
12.0208 58.5392 16.8811
12.0278 58.2978 16.8849
12.0347 58.0469 16.8887
12.0417 57.787 16.8924
12.0486 57.5185 16.8962
12.0556 57.2418 16.9
12.0625 56.9575 16.9037
12.0694 56.6663 16.9075
12.0764 56.3686 16.9113
12.0833 56.0653 16.915
12.0903 55.757 16.9188
12.0972 55.4446 16.9226
12.1042 55.1288 16.9263
12.1111 54.8107 16.9301
12.1181 54.4909 16.9338
12.125 54.1707 16.9376
12.1319 53.8509 16.9414
12.1389 53.5325 16.9451
12.1458 53.2166 16.9489
12.1528 52.9043 16.9527
12.1597 52.5968 16.9564
12.1667 52.295 16.9602
12.1736 52.0001 16.964
12.1806 51.7133 16.9677
12.1875 51.4356 16.9715
12.1944 51.1682 16.9752
12.2014 50.9123 16.979
12.2083 50.6688 16.9828
12.2153 50.4388 16.9865
12.2222 50.2235 16.9903
12.2292 50.0237 16.9941
12.2361 49.8405 16.9978
12.2431 49.6748 17.0016
12.25 49.5274 17.0054
12.2569 49.3991 17.0091
12.2639 49.2908 17.0129
12.2708 49.2029 17.0167
12.2778 49.1363 17.0204
12.2847 49.0913 17.0242
12.2917 49.0684 17.0279
12.2986 49.068 17.0317
12.3056 49.0904 17.0355
12.3125 49.1358 17.0392
12.3194 49.2042 17.043
12.3264 49.2957 17.0468
12.3333 49.4102 17.0505
12.3403 49.5477 17.0543
12.3472 49.7077 17.0581
12.3542 49.8901 17.0618
12.3611 50.0943 17.0656
12.3681 50.3201 17.0694
12.375 50.5667 17.0731
12.3819 50.8336 17.0769
12.3889 51.1202 17.0806
12.3958 51.4256 17.0844
12.4028 51.7491 17.0882
12.4097 52.0899 17.0919
12.4167 52.4471 17.0957
12.4236 52.8198 17.0995
12.4306 53.2071 17.1032
12.4375 53.6079 17.107
12.4444 54.0212 17.1108
12.4514 54.4462 17.1145
12.4583 54.8817 17.1183
12.4653 55.3267 17.1221
12.4722 55.7802 17.1258
12.4792 56.2411 17.1296
12.4861 56.7085 17.1333
12.4931 57.1812 17.1371
12.5 57.6583 17.1409
12.5069 58.1388 17.1446
12.5139 58.6216 17.1484
12.5208 59.1059 17.1522
12.5278 59.5906 17.1559
12.5347 60.0748 17.1597
12.5417 60.5577 17.1635
12.5486 61.0383 17.1672
12.5556 61.5159 17.171
12.5625 61.9895 17.1748
12.5694 62.4584 17.1785
12.5764 62.9219 17.1823
12.5833 63.3792 17.186
12.5903 63.8296 17.1898
12.5972 64.2725 17.1936
12.6042 64.7072 17.1973
12.6111 65.1332 17.2011
12.6181 65.55 17.2049
12.625 65.9569 17.2086
12.6319 66.3535 17.2124
12.6389 66.7395 17.2162
12.6458 67.1143 17.2199
12.6528 67.4776 17.2237
12.6597 67.829 17.2275
12.6667 68.1684 17.2312
12.6736 68.4953 17.235
12.6806 68.8096 17.2387
12.6875 69.1111 17.2425
12.6944 69.3996 17.2463
12.7014 69.6749 17.25
12.7083 69.9371 17.2538
12.7153 70.1859 17.2576
12.7222 70.4214 17.2613
12.7292 70.6436 17.2651
12.7361 70.8524 17.2689
12.7431 71.0479 17.2726
12.75 71.2301 17.2764
12.7569 71.3992 17.2801
12.7639 71.5551 17.2839
12.7708 71.6982 17.2877
12.7778 71.8284 17.2914
12.7847 71.9459 17.2952
12.7917 72.0509 17.299
12.7986 72.1435 17.3027
12.8056 72.2239 17.3065
12.8125 72.2924 17.3103
12.8194 72.349 17.314
12.8264 72.3941 17.3178
12.8333 72.4276 17.3216
12.8403 72.45 17.3253
12.8472 72.4612 17.3291
12.8542 72.4616 17.3328
12.8611 72.4512 17.3366
12.8681 72.4303 17.3404
12.875 72.399 17.3441
12.8819 72.3575 17.3479
12.8889 72.3058 17.3517
12.8958 72.2441 17.3554
12.9028 72.1726 17.3592
12.9097 72.0912 17.363
12.9167 72.0002 17.0505
12.9236 71.8996 16.6753
12.9306 71.7895 16.3002
12.9375 71.6699 15.9251
12.9444 71.5409 15.5499
12.9514 71.4025 15.1748
12.9583 71.2549 14.7997
12.9653 71.098 14.4245
12.9722 70.932 14.0494
12.9792 70.7569 13.6743
12.9861 70.5728 13.2992
12.9931 70.3797 12.924
13 70.1778 12.5489
13.0069 69.9671 12.1738
13.0139 69.7479 11.7986
13.0208 69.5202 11.4235
13.0278 69.2843 11.0484
13.0347 69.0404 10.6732
13.0417 68.7887 10.2981
13.0486 68.5296 9.92299
13.0556 68.2632 9.54786
13.0625 67.9901 9.17273
13.0694 67.7105 8.7976
13.0764 67.425 8.42247
13.0833 67.134 8.04734
13.0903 66.8381 7.67221
13.0972 66.5378 7.29708
13.1042 66.2337 6.92195
13.1111 65.9265 6.54682
13.1181 65.6169 6.17169
13.125 65.3057 5.79656
13.1319 64.9936 5.42143
13.1389 64.6815 5.0463
13.1458 64.3702 4.67117
13.1528 64.0606 4.29604
13.1597 63.7537 3.92091
13.1667 63.4504 3.56955
13.1736 63.1517 3.6135
13.1806 62.8585 3.65744
13.1875 62.572 3.70139
13.1944 62.2931 3.74534
13.2014 62.0229 3.78928
13.2083 61.7624 3.83323
13.2153 61.5127 3.87717
13.2222 61.2747 3.92112
13.2292 61.0496 3.96507
13.2361 60.8382 4.00901
13.2431 60.6417 4.05296
13.25 60.4608 4.0969
13.2569 60.2966 4.14085
13.2639 60.15 4.18479
13.2708 60.0216 4.22874
13.2778 59.9124 4.27269
13.2847 59.8231 4.31663
13.2917 59.7542 4.36058
13.2986 59.7065 4.40452
13.3056 59.6804 4.44847
13.3125 59.6764 4.49241
13.3194 59.695 4.53636
13.3264 59.7363 4.58031
13.3333 59.8007 4.62425
13.3403 59.8883 4.6682
13.3472 59.9992 4.71214
13.3542 60.1333 4.75609
13.3611 60.2906 4.80003
13.3681 60.4709 4.84398
13.375 60.674 4.88793
13.3819 60.8996 4.93187
13.3889 61.1472 4.97582
13.3958 61.4163 5.01976
13.4028 61.7065 5.06371
13.4097 62.0172 5.10765
13.4167 62.3476 5.1516
13.4236 62.6971 5.19555
13.4306 63.0648 5.23949
13.4375 63.45 5.28344
13.4444 63.8517 5.32738
13.4514 64.2691 5.37133
13.4583 64.7013 5.41528
13.4653 65.1471 5.45922
13.4722 65.6057 5.50317
13.4792 66.076 5.54711
13.4861 66.557 5.59106
13.4931 67.0475 5.635
13.5 67.5466 5.67895
13.5069 68.053 5.7229
13.5139 68.5658 5.76684
13.5208 69.0839 5.81079
13.5278 69.6062 5.85473
13.5347 70.1315 5.89868
13.5417 70.6589 5.94262
13.5486 71.1872 5.98657
13.5556 71.7154 6.03052
13.5625 72.2426 6.07446
13.5694 72.7676 6.11841
13.5764 73.2896 6.16235
13.5833 73.8075 6.2063
13.5903 74.3204 6.25024
13.5972 74.8274 6.29419
13.6042 75.3276 6.33814
13.6111 75.8202 6.38208
13.6181 76.3043 6.42603
13.625 76.7792 6.46997
13.6319 77.2442 6.51392
13.6389 77.6984 6.55786
13.6458 78.1414 6.60181
13.6528 78.5723 6.64576
13.6597 78.9906 6.6897
13.6667 79.3958 6.73365
13.6736 79.7873 6.77759
13.6806 80.1647 6.82154
13.6875 80.5276 6.86549
13.6944 80.8755 6.90943
13.7014 81.2081 6.95338
13.7083 81.5252 6.99732
13.7153 81.8264 7.04127
13.7222 82.1115 7.08521
13.7292 82.3804 7.12916
13.7361 82.6329 7.17311
13.7431 82.869 7.21705
13.75 83.0885 7.261
13.7569 83.2916 7.30494
13.7639 83.4781 7.34889
13.7708 83.6483 7.39283
13.7778 83.8021 7.43678
13.7847 83.9397 7.48073
13.7917 84.0613 7.52467
13.7986 84.167 7.56862
13.8056 84.2572 7.61256
13.8125 84.332 7.65651
13.8194 84.3918 7.70045
13.8264 84.4368 7.7444
13.8333 84.4673 7.78835
13.8403 84.4838 7.83229
13.8472 84.4865 7.87624
13.8542 84.4758 7.92018
13.8611 84.452 7.96413
13.8681 84.4156 8.00807
13.875 84.367 8.05202
13.8819 84.3064 8.09597
13.8889 84.2344 8.13991
13.8958 84.1512 8.18386
13.9028 84.0573 8.2278
13.9097 83.953 8.27175
13.9167 83.8386 8.3157
13.9236 83.7146 8.35964
13.9306 83.5812 8.40359
13.9375 83.4387 8.44753
13.9444 83.2875 8.49148
13.9514 83.1279 8.53542
13.9583 82.96 8.57937
13.9653 82.7843 8.62332
13.9722 82.6008 8.66726
13.9792 82.41 8.71121
13.9861 82.2119 8.75515
13.9931 82.0067 8.7991
14 81.7948 8.84304
14.0069 81.5762 8.88699
14.0139 81.3512 8.93094
14.0208 81.12 8.97488
14.0278 80.8827 9.01883
14.0347 80.6396 9.06277
14.0417 80.3908 9.10672
14.0486 80.1365 9.15066
14.0556 79.8771 9.19461
14.0625 79.6126 9.10962
14.0694 79.3434 9.02451
14.0764 79.0698 8.9394
14.0833 78.7921 8.85429
14.0903 78.5105 8.76918
14.0972 78.2255 8.68407
14.1042 77.9375 8.59896
14.1111 77.6469 8.51385
14.1181 77.3541 8.42874
14.125 77.0597 8.34363
14.1319 76.7642 8.25852
14.1389 76.4682 8.17341
14.1458 76.1722 8.0883
14.1528 75.877 8.00319
14.1597 75.5832 7.91808
14.1667 75.2915 7.83297
14.1736 75.0028 7.74786
14.1806 74.7177 7.66275
14.1875 74.4371 7.57764
14.1944 74.1619 7.49253
14.2014 73.8929 7.40742
14.2083 73.6309 7.32231
14.2153 73.377 7.2372
14.2222 73.132 7.15209
14.2292 72.8968 7.06698
14.2361 72.6724 6.98187
14.2431 72.4597 6.89676
14.25 72.2597 6.81165
14.2569 72.0732 6.72654
14.2639 71.9011 6.64143
14.2708 71.7444 6.55632
14.2778 71.6038 6.47121
14.2847 71.4803 6.3861
14.2917 71.3746 6.30099
14.2986 71.2875 6.21588
14.3056 71.2196 6.13077
14.3125 71.1717 6.04566
14.3194 71.1443 5.96055
14.3264 71.138 5.87544
14.3333 71.1533 5.79033
14.3403 71.1907 5.70522
14.3472 71.2504 5.62011
14.3542 71.3328 5.535
14.3611 71.4381 5.44989
14.3681 71.5665 5.36478
14.375 71.718 5.27967
14.3819 71.8925 5.19456
14.3889 72.0902 5.10945
14.3958 72.3106 5.02434
14.4028 72.5538 4.93923
14.4097 72.8193 4.85412
14.4167 73.1068 4.76901
14.4236 73.4157 4.92422
14.4306 73.7458 5.09658
14.4375 74.0962 5.26894
14.4444 74.4664 5.4413
14.4514 74.8557 5.61366
14.4583 75.2634 5.78602
14.4653 75.6885 5.95838
14.4722 76.1304 6.13073
14.4792 76.5879 6.30309
14.4861 77.0603 6.47545
14.4931 77.5464 6.64781
14.5 78.0453 6.82017
14.5069 78.556 6.99253
14.5139 79.0773 7.16488
14.5208 79.6081 7.33724
14.5278 80.1474 7.5096
14.5347 80.6939 7.68196
14.5417 81.2466 7.85432
14.5486 81.8042 8.02668
14.5556 82.3656 8.19904
14.5625 82.9297 8.37139
14.5694 83.4953 8.54375
14.5764 84.0612 8.71611
14.5833 84.6262 8.88847
14.5903 85.1893 9.06083
14.5972 85.7494 9.23319
14.6042 86.3052 9.40554
14.6111 86.8558 9.5779
14.6181 87.4 9.75026
14.625 87.9369 9.92262
14.6319 88.4653 10.095
14.6389 88.9845 10.2673
14.6458 89.4933 10.4397
14.6528 89.991 10.6121
14.6597 90.4765 10.7844
14.6667 90.9491 10.9568
14.6736 91.4081 11.1291
14.6806 91.8525 11.3015
14.6875 92.2819 11.4738
