time error errTLE
0 0 0
0.0347222 0.209048 0.0192954
0.0694444 0.417255 0.0385908
0.104167 0.623636 0.0578861
0.138889 0.827659 0.0771815
0.173611 1.02923 0.0964769
0.208333 1.22862 0.115772
0.243056 1.42624 0.135068
0.277778 1.62249 0.154363
0.3125 1.81754 0.173658
0.347222 2.01124 0.192954
0.381944 2.20315 0.212249
0.416667 2.39272 0.231545
0.451389 2.57952 0.25084
0.486111 2.76362 0.270135
0.520833 2.94581 0.288863
0.555556 3.12773 0.307097
0.590278 3.31188 0.325332
0.625 3.50127 0.343567
0.659722 3.69897 0.361802
0.694444 3.90749 0.380036
0.729167 4.12825 0.398271
0.763889 4.36124 0.416506
0.798611 4.60488 0.434741
0.833333 4.85627 0.452975
0.868056 5.11161 0.47121
0.902778 5.36686 0.489445
0.9375 5.61834 0.50768
0.972222 5.86332 0.525914
1.00694 6.10042 0.544261
1.04167 6.32983 0.567487
1.07639 6.55321 0.590713
1.11111 6.77337 0.613939
1.14583 6.99366 0.637165
1.18056 7.2173 0.660391
1.21528 7.44657 0.683617
1.25 7.68227 0.706843
1.28472 7.92342 0.730069
1.31944 8.16737 0.753295
1.35417 8.41035 0.776521
1.38889 8.64819 0.799747
1.42361 8.8774 0.822973
1.45833 9.096 0.844745
1.49306 9.30429 0.86583
1.52778 9.50513 0.886915
1.5625 9.70382 0.908
1.59722 9.90739 0.929085
1.63194 10.1235 0.95017
1.66667 10.3588 0.971256
1.70139 10.6179 0.992341
1.73611 10.9022 1.01343
1.77083 11.2092 1.03451
1.80556 11.533 1.0556
1.84028 11.8655 1.07668
1.875 12.1972 1.09777
1.90972 12.5192 1.11885
1.94444 12.8245 1.13059
1.97917 13.1089 1.1362
2.01389 13.3718 1.1418
2.04861 13.6162 1.1474
2.08333 13.8479 1.15301
2.11806 14.0751 1.15861
2.15278 14.3061 1.16421
2.1875 14.548 1.16982
2.22222 14.8053 1.17542
2.25694 15.0784 1.18102
2.29167 15.3641 1.18663
2.32639 15.6557 1.19223
2.36111 15.9445 1.19784
2.39583 16.2218 1.20344
2.43056 16.4806 1.20904
2.46528 16.7177 1.21465
2.5 16.9342 1.22025
2.53472 17.1365 1.22585
2.56944 17.335 1.23146
2.60417 17.5431 1.23706
2.63889 17.7745 1.24267
2.67361 18.0409 1.24827
2.70833 18.3494 1.25387
2.74306 18.7009 1.25948
2.77778 19.0898 1.26508
2.8125 19.5047 1.27068
2.84722 19.9305 1.27629
2.88194 20.3506 1.28189
2.91667 20.7499 1.28749
2.95139 21.117 1.2931
2.98611 21.4459 1.2987
3.02083 21.7367 1.35662
3.05556 21.9957 1.51136
3.09028 22.2339 1.66611
3.125 22.4652 1.82085
3.15972 22.704 1.97559
3.19444 22.9618 2.13034
3.22917 23.2454 2.28508
3.26389 23.5551 2.43982
3.29861 23.8847 2.59457
3.33333 24.2228 2.74931
3.36806 24.5551 2.90406
3.40278 24.8675 3.0588
3.4375 25.1492 3.21354
3.47222 25.3955 3.36829
3.50694 25.6088 3.52303
3.54167 25.7994 3.54723
3.57639 25.9841 3.45215
3.61111 26.1836 3.35706
3.64583 26.419 3.26197
3.68056 26.708 3.16689
3.71528 27.0608 3.0718
3.75 27.4786 2.97671
3.78472 27.9522 2.88163
3.81944 28.4642 2.78654
3.85417 28.9916 2.69146
3.88889 29.5097 2.59637
3.92361 29.9962 2.50128
3.95833 30.4344 2.4062
3.99306 30.8159 2.38235
4.02778 31.141 2.44133
4.0625 31.4192 2.50031
4.09722 31.6666 2.5593
4.13194 31.9035 2.61828
4.16667 32.1503 2.67726
4.20139 32.4235 2.73624
4.23611 32.7327 2.79523
4.27083 33.0779 2.85421
4.30556 33.4503 2.91319
4.34028 33.8334 2.97218
4.375 34.207 3.03116
4.40972 34.5516 3.09014
4.44444 34.8523 3.14912
4.47917 35.1024 3.20811
4.51389 35.3057 3.26709
4.54861 35.4766 3.32607
4.58333 35.6384 3.38506
4.61806 35.8197 3.44404
4.65278 36.0496 3.50302
4.6875 36.3524 3.562
4.72222 36.7426 3.62099
4.75694 37.2216 3.67997
4.79167 37.7777 3.73895
4.82639 38.3874 3.79794
4.86111 39.0197 3.85692
4.89583 39.6416 3.9159
4.93056 40.2229 3.97488
4.96528 40.7411 4.01485
5 41.1844 4.02881
5.03472 41.553 4.04277
5.06944 41.8586 4.05673
5.10417 42.1223 4.07069
5.13889 42.3702 4.08465
5.17361 42.6286 4.09861
5.20833 42.9193 4.11258
5.24306 43.2543 4.12654
5.27778 43.6341 4.1405
5.3125 44.0473 4.15446
5.34722 44.4731 4.16842
5.38194 44.8857 4.18238
5.41667 45.26 4.19634
5.45139 45.5771 4.2103
5.48611 45.8286 4.27573
5.52083 46.0191 4.34137
5.55556 46.167 4.40701
5.59028 46.3017 4.47264
5.625 46.4595 4.53828
5.65972 46.6777 4.60391
5.69444 46.9873 4.66955
5.72917 47.4072 4.73518
5.76389 47.9404 4.80082
5.79861 48.5728 4.86645
5.83333 49.2758 4.93209
5.86806 50.0113 4.99772
5.90278 50.7378 5.06336
5.9375 51.4178 5.12899
5.97222 52.0224 5.16247
6.00694 52.5361 5.15855
6.04167 52.9581 5.15463
6.07639 53.3017 5.15071
6.11111 53.5918 5.1468
6.14583 53.8594 5.14288
6.18056 54.1364 5.13896
6.21528 54.4488 5.13504
6.25 54.8115 5.13112
6.28472 55.2255 5.12721
6.31944 55.6774 5.12329
6.35417 56.1427 5.11937
6.38889 56.5909 5.11545
6.42361 56.9921 5.11154
6.45833 57.3238 5.11378
6.49306 57.5758 5.19055
6.52778 57.7536 5.26732
6.5625 57.879 5.34409
6.59722 57.9868 5.42085
6.63194 58.1205 5.49762
6.66667 58.3246 5.57439
6.70139 58.6365 5.65116
6.73611 59.0798 5.72792
6.77083 59.6592 5.80469
6.80556 60.3594 5.88146
6.84028 61.1476 5.95823
6.875 61.9797 6.035
6.90972 62.807 6.11176
6.94444 63.5849 6.18853
6.97917 64.2788 6.24512
7.01389 64.8691 6.22895
7.04861 65.3535 6.21279
7.08333 65.746 6.19662
7.11806 66.074 6.18046
7.15278 66.3724 6.1643
7.1875 66.6772 6.14813
7.22222 67.0179 6.13197
7.25694 67.4119 6.1158
7.29167 67.8604 6.09964
7.32639 68.349 6.08347
7.36111 68.8501 6.06731
7.39583 69.3297 6.05114
7.43056 69.7542 6.03498
7.46528 70.0982 6.00945
7.5 70.3505 5.93373
7.53472 70.5174 5.85802
7.56944 70.6234 5.7823
7.60417 70.7083 5.70659
7.63889 70.8211 5.63087
7.67361 71.0127 5.55515
7.70833 71.326 5.47944
7.74306 71.7885 5.40372
7.77778 72.4069 5.328
7.8125 73.1654 5.25229
7.84722 74.0283 5.17657
7.88194 74.9467 5.10086
7.91667 75.8664 5.02514
7.95139 76.7369 4.94942
7.98611 77.5185 4.87371
8.02083 78.1881 4.79799
8.05556 78.7414 4.76119
8.09028 79.1923 4.95045
8.125 79.5695 5.13972
8.15972 79.9104 5.32898
8.19444 80.2535 5.51825
8.22917 80.6308 5.70751
8.26389 81.0607 5.89678
8.29861 81.5452 6.08604
8.33333 82.0686 6.27531
8.36806 82.6016 6.46457
8.40278 83.1076 6.65384
8.4375 83.551 6.8431
8.47222 83.9047 7.02931
8.50694 84.157 7.20561
8.54167 84.3154 7.3819
8.57639 84.4069 7.55819
8.61111 84.4751 7.73448
8.64583 84.5737 7.91077
8.68056 84.7579 8.08707
8.71528 85.075 8.26336
8.75 85.5555 8.43965
8.78472 86.2076 8.61594
8.81944 87.0153 8.79223
8.85417 87.9413 8.96853
8.88889 88.9334 9.14482
8.92361 89.9335 9.32111
8.95833 90.8868 9.4974
8.99306 91.7501 9.43653
9.02778 92.4972 9.30815
9.0625 93.122 9.17977
9.09722 93.638 9.05139
9.13194 94.0739 8.92302
9.16667 94.4681 8.79464
9.20139 94.86 8.66626
9.23611 95.2822 8.53788
9.27083 95.7538 8.4095
9.30556 96.2762 8.28112
9.34028 96.833 8.15274
9.375 97.3939 8.02436
9.40972 97.9212 7.89598
9.44444 98.3783 7.7676
9.47917 98.7381 8.16533
9.51389 98.9896 9.70796
9.54861 99.1419 11.2506
9.58333 99.2245 12.7932
9.61806 99.2839 14.3358
9.65278 99.377 14.9237
9.6875 99.5621 14.4872
9.72222 99.8887 14.0507
9.75694 100.389 13.6142
9.79167 101.072 13.1776
9.82639 101.922 12.7411
9.86111 102.899 12.3046
9.89583 103.951 11.868
9.93056 105.017 11.4315
9.96528 106.04 10.995
10 106.975 10.7795
10.0347 107.793 10.5999
10.0694 108.488 10.4204
10.1042 109.071 10.2408
10.1389 109.572 10.0613
10.1736 110.027 9.88173
10.2083 110.477 9.70219
10.2431 110.952 9.52265
10.2778 111.47 9.3431
10.3125 112.032 9.16356
10.3472 112.621 8.98402
10.3819 113.206 8.80447
10.4167 113.749 8.62493
10.4514 114.214 8.44539
10.4861 114.576 8.36778
10.5208 114.825 8.44635
10.5556 114.973 8.52493
10.5903 115.052 8.6035
10.625 115.112 8.68208
10.6597 115.21 8.76065
10.6944 115.406 8.83923
10.7292 115.75 8.9178
10.7639 116.276 8.99637
10.7986 116.99 9.07495
10.8333 117.876 9.15352
10.8681 118.896 9.2321
10.9028 119.994 9.31067
10.9375 121.111 9.38925
10.9722 122.187 9.46782
11.0069 123.179 9.5464
11.0417 124.057 9.57195
11.0764 124.815 9.56967
11.1111 125.463 9.56739
11.1458 126.03 9.5651
11.1806 126.551 9.56282
11.2153 127.064 9.56053
11.25 127.597 9.55825
11.2847 128.166 9.55597
11.3194 128.769 9.55368
11.3542 129.388 9.5514
11.3889 129.993 9.54911
11.4236 130.545 9.54683
11.4583 131.012 9.54455
11.4931 131.371 9.54226
11.5278 131.615 10.1525
11.5625 131.761 10.7632
11.5972 131.842 11.374
11.6319 131.91 11.9847
11.6667 132.023 12.5955
11.7014 132.243 13.2062
11.7361 132.616 13.8169
11.7708 133.173 14.4277
11.8056 133.922 15.0384
11.8403 134.843 15.6492
11.875 135.897 16.2599
11.9097 137.03 16.8209
11.9444 138.181 16.8397
11.9792 139.295 16.8586
12.0139 140.328 16.8774
12.0486 141.252 16.8962
12.0833 142.061 16.915
12.1181 142.767 16.9338
12.1528 143.396 16.9527
12.1875 143.982 16.9715
12.2222 144.559 16.9903
12.2569 145.152 17.0091
12.2917 145.772 17.0279
12.3264 146.415 17.0468
12.3611 147.061 17.0656
12.3958 147.68 17.0844
12.4306 148.235 17.1032
12.4653 148.697 17.1221
12.5 149.047 17.1409
12.5347 149.284 17.1597
12.5694 149.428 17.1785
12.6042 149.515 17.1973
12.6389 149.599 17.2162
12.6736 149.74 17.235
12.7083 149.995 17.2538
12.7431 150.409 17.2726
12.7778 151.008 17.2914
12.8125 151.797 17.3103
12.8472 152.754 17.3291
12.8819 153.839 17.3479
12.9167 154.996 17.0505
12.9514 156.169 15.1748
12.9861 157.304 13.2992
13.0208 158.361 11.4235
13.0556 159.314 9.54786
13.0903 160.161 7.67221
13.125 160.913 5.79656
13.1597 161.596 3.92091
13.1944 162.241 3.74534
13.2292 162.878 3.96507
13.2639 163.527 4.18479
13.2986 164.195 4.40452
13.3333 164.874 4.62425
13.3681 165.542 4.84398
13.4028 166.167 5.06371
13.4375 166.718 5.28344
13.4722 167.167 5.50317
13.5069 167.503 5.7229
13.5417 167.728 5.94262
13.5764 167.869 6.16235
13.6111 167.967 6.38208
13.6458 168.075 6.60181
13.6806 168.254 6.82154
13.7153 168.556 7.04127
13.75 169.024 7.261
13.7847 169.677 7.48073
13.8194 170.515 7.70045
13.8542 171.512 7.92018
13.8889 172.626 8.13991
13.9236 173.803 8.35964
13.9583 174.987 8.57937
13.9931 176.13 8.7991
14.0278 177.195 9.01883
14.0625 178.162 9.10962
14.0972 179.03 8.68407
14.1319 179.814 8.25852
14.1667 180.539 7.83297
14.2014 181.234 7.40742
14.2361 181.922 6.98187
14.2708 182.62 6.55632
14.3056 183.329 6.13077
14.3403 184.036 5.70522
14.375 184.716 5.27967
14.4097 185.34 4.85412
14.4444 185.876 5.4413
14.4792 186.304 6.30309
14.5139 186.617 7.16488
14.5486 186.827 8.02668
14.5833 186.964 8.88847
14.6181 187.075 9.75026
14.6528 187.214 10.6121
14.6875 187.441 11.4738
14.7222 187.804 12.3356
14.7569 188.338 13.1974
14.7917 189.058 14.0592
14.8264 189.955 14.921
14.8611 190.999 15.7828
14.8958 192.146 16.6446
14.9306 193.34 17.2123
14.9653 194.531 17.1849
15 195.672 17.1574
15.0347 196.733 17.1299
15.0694 197.7 17.1025
15.1042 198.576 17.075
15.1389 199.379 17.0475
15.1736 200.133 17.0201
15.2083 200.864 16.9926
15.2431 201.593 16.9651
15.2778 202.329 16.9377
15.3125 203.068 16.9102
15.3472 203.792 16.8827
15.3819 204.474 16.8553
15.4167 205.084 16.8278
15.4514 205.595 16.8003
15.4861 205.991 16.7729
15.5208 206.274 16.7454
15.5556 206.463 16.7179
15.5903 206.595 16.6905
15.625 206.721 16.663
15.6597 206.897 16.6355
