time error errTLE
0 0 0
0.00694444 0.042551 0.00385908
0.0138889 0.086485 0.00771815
0.0208333 0.131642 0.0115772
0.0277778 0.177845 0.0154363
0.0347222 0.224908 0.0192954
0.0416667 0.272638 0.0231545
0.0486111 0.320828 0.0270135
0.0555556 0.369272 0.0308726
0.0625 0.417759 0.0347317
0.0694444 0.466076 0.0385908
0.0763889 0.514013 0.0424498
0.0833333 0.561365 0.0463089
0.0902778 0.607931 0.050168
0.0972222 0.653522 0.0540271
0.104167 0.697961 0.0578861
0.111111 0.741084 0.0617452
0.118056 0.782746 0.0656043
0.125 0.822824 0.0694634
0.131944 0.861217 0.0733224
0.138889 0.897851 0.0771815
0.145833 0.932685 0.0810406
0.152778 0.965704 0.0848997
0.159722 0.996933 0.0887587
0.166667 1.02643 0.0926178
0.173611 1.05431 0.0964769
0.180556 1.08069 0.100336
0.1875 1.10576 0.104195
0.194444 1.12974 0.108054
0.201389 1.1529 0.111913
0.208333 1.17552 0.115772
0.215278 1.19793 0.119631
0.222222 1.22047 0.12349
0.229167 1.24352 0.12735
0.236111 1.26743 0.131209
0.243056 1.29256 0.135068
0.25 1.31927 0.138927
0.256944 1.34785 0.142786
0.263889 1.37857 0.146645
0.270833 1.41164 0.150504
0.277778 1.4472 0.154363
0.284722 1.48532 0.158222
0.291667 1.52599 0.162081
0.298611 1.56913 0.16594
0.305556 1.61457 0.169799
0.3125 1.66208 0.173658
0.319444 1.71137 0.177517
0.326389 1.76208 0.181377
0.333333 1.8138 0.185236
0.340278 1.86609 0.189095
0.347222 1.91846 0.192954
0.354167 1.97043 0.196813
0.361111 2.02146 0.200672
0.368056 2.07104 0.204531
0.375 2.11863 0.20839
0.381944 2.16371 0.212249
0.388889 2.20577 0.216108
0.395833 2.24432 0.219967
0.402778 2.27887 0.223826
0.409722 2.30899 0.227685
0.416667 2.33425 0.231545
0.423611 2.35429 0.235404
0.430556 2.36876 0.239263
0.4375 2.37737 0.243122
0.444444 2.37989 0.246981
0.451389 2.37614 0.25084
0.458333 2.366 0.254699
0.465278 2.34943 0.258558
0.472222 2.32646 0.262417
0.479167 2.29722 0.266276
0.486111 2.2619 0.270135
0.493056 2.22084 0.273994
0.5 2.17447 0.277853
0.506944 2.12337 0.281569
0.513889 2.06826 0.285216
0.520833 2.01003 0.288863
0.527778 1.9498 0.29251
0.534722 1.88885 0.296156
0.541667 1.82874 0.299803
0.548611 1.77125 0.30345
0.555556 1.71841 0.307097
0.5625 1.67246 0.310744
0.569444 1.63573 0.314391
0.576389 1.61058 0.318038
0.583333 1.59914 0.321685
0.590278 1.60312 0.325332
0.597222 1.62364 0.328979
0.604167 1.66108 0.332626
0.611111 1.71506 0.336273
0.618056 1.78459 0.33992
0.625 1.86817 0.343567
0.631944 1.96401 0.347214
0.638889 2.07022 0.350861
0.645833 2.18489 0.354508
0.652778 2.30621 0.358155
0.659722 2.43251 0.361802
0.666667 2.56225 0.365449
0.673611 2.69405 0.369096
0.680556 2.82669 0.372742
0.6875 2.95906 0.376389
0.694444 3.09018 0.380036
0.701389 3.21918 0.383683
0.708333 3.34531 0.38733
0.715278 3.46787 0.390977
0.722222 3.58628 0.394624
0.729167 3.70003 0.398271
0.736111 3.80868 0.401918
0.743056 3.91184 0.405565
0.75 4.00922 0.409212
0.756944 4.10057 0.412859
0.763889 4.18569 0.416506
0.770833 4.26446 0.420153
0.777778 4.33679 0.4238
0.784722 4.40265 0.427447
0.791667 4.46205 0.431094
0.798611 4.51506 0.434741
0.805556 4.56178 0.438388
0.8125 4.60235 0.442035
0.819444 4.63696 0.445682
0.826389 4.66581 0.449328
0.833333 4.68916 0.452975
0.840278 4.70729 0.456622
0.847222 4.72049 0.460269
0.854167 4.7291 0.463916
0.861111 4.73347 0.467563
0.868056 4.73396 0.47121
0.875 4.73097 0.474857
0.881944 4.72489 0.478504
0.888889 4.71613 0.482151
0.895833 4.7051 0.485798
0.902778 4.69223 0.489445
0.909722 4.67794 0.493092
0.916667 4.66264 0.496739
0.923611 4.64675 0.500386
0.930556 4.63068 0.504033
0.9375 4.61483 0.50768
0.944444 4.59956 0.511327
0.951389 4.58524 0.514974
0.958333 4.57222 0.518621
0.965278 4.5608 0.522268
0.972222 4.55128 0.525914
0.979167 4.54392 0.529561
0.986111 4.53893 0.533208
0.993056 4.5365 0.536855
1 4.5368 0.540502
1.00694 4.53993 0.544261
1.01389 4.54597 0.548906
1.02083 4.55496 0.553551
1.02778 4.56689 0.558196
1.03472 4.58171 0.562842
1.04167 4.59936 0.567487
1.04861 4.6197 0.572132
1.05556 4.6426 0.576777
1.0625 4.66787 0.581422
1.06944 4.6953 0.586068
1.07639 4.72465 0.590713
1.08333 4.75567 0.595358
1.09028 4.78807 0.600003
1.09722 4.82157 0.604648
1.10417 4.85585 0.609294
1.11111 4.8906 0.613939
1.11806 4.92549 0.618584
1.125 4.96019 0.623229
1.13194 4.99438 0.627874
1.13889 5.02772 0.63252
1.14583 5.05989 0.637165
1.15278 5.09057 0.64181
1.15972 5.11947 0.646455
1.16667 5.14627 0.6511
1.17361 5.17069 0.655746
1.18056 5.19247 0.660391
1.1875 5.21135 0.665036
1.19444 5.2271 0.669681
1.20139 5.23951 0.674326
1.20833 5.24838 0.678972
1.21528 5.25354 0.683617
1.22222 5.25484 0.688262
1.22917 5.25217 0.692907
1.23611 5.24543 0.697552
1.24306 5.23455 0.702198
1.25 5.21949 0.706843
1.25694 5.20024 0.711488
1.26389 5.17683 0.716133
1.27083 5.14929 0.720778
1.27778 5.11772 0.725424
1.28472 5.08221 0.730069
1.29167 5.04293 0.734714
1.29861 5.00004 0.739359
1.30556 4.95375 0.744004
1.3125 4.90432 0.74865
1.31944 4.85202 0.753295
1.32639 4.79717 0.75794
1.33333 4.74012 0.762585
1.34028 4.68127 0.76723
1.34722 4.62104 0.771876
1.35417 4.5599 0.776521
1.36111 4.49835 0.781166
1.36806 4.43695 0.785811
1.375 4.37629 0.790456
1.38194 4.31699 0.795102
1.38889 4.25972 0.799747
1.39583 4.20519 0.804392
1.40278 4.15414 0.809037
1.40972 4.10735 0.813682
1.41667 4.0656 0.818327
1.42361 4.02971 0.822973
1.43056 4.0005 0.827618
1.4375 3.97876 0.832094
1.44444 3.96529 0.836311
1.45139 3.96082 0.840528
1.45833 3.96603 0.844745
1.46528 3.98155 0.848962
1.47222 4.00788 0.853179
1.47917 4.04546 0.857396
1.48611 4.09456 0.861613
1.49306 4.15539 0.86583
1.5 4.22799 0.870047
1.50694 4.31232 0.874264
1.51389 4.4082 0.878481
1.52083 4.51537 0.882698
1.52778 4.63346 0.886915
1.53472 4.76203 0.891132
1.54167 4.90057 0.895349
1.54861 5.04853 0.899566
1.55556 5.2053 0.903783
1.5625 5.37024 0.908
1.56944 5.54268 0.912217
1.57639 5.72194 0.916434
1.58333 5.90732 0.920651
1.59028 6.09812 0.924868
1.59722 6.2936 0.929085
1.60417 6.49305 0.933302
1.61111 6.69575 0.937519
1.61806 6.90098 0.941736
1.625 7.10801 0.945953
1.63194 7.31613 0.95017
1.63889 7.52463 0.954387
1.64583 7.73282 0.958604
1.65278 7.93999 0.962822
1.65972 8.14548 0.967039
1.66667 8.34863 0.971256
1.67361 8.54879 0.975473
1.68056 8.74535 0.97969
1.6875 8.9377 0.983907
1.69444 9.12528 0.988124
1.70139 9.30754 0.992341
1.70833 9.48397 0.996558
1.71528 9.65409 1.00077
1.72222 9.81746 1.00499
1.72917 9.97367 1.00921
1.73611 10.1223 1.01343
1.74306 10.2632 1.01764
1.75 10.3959 1.02186
1.75694 10.5202 1.02608
1.76389 10.6359 1.03029
1.77083 10.7429 1.03451
1.77778 10.8411 1.03873
1.78472 10.9304 1.04294
1.79167 11.0107 1.04716
1.79861 11.0822 1.05138
1.80556 11.1448 1.0556
1.8125 11.1988 1.05981
1.81944 11.2442 1.06403
1.82639 11.2812 1.06825
1.83333 11.3101 1.07246
1.84028 11.3311 1.07668
1.84722 11.3446 1.0809
1.85417 11.3509 1.08511
1.86111 11.3503 1.08933
1.86806 11.3433 1.09355
1.875 11.3302 1.09777
1.88194 11.3115 1.10198
1.88889 11.2877 1.1062
1.89583 11.2592 1.11042
1.90278 11.2266 1.11463
1.90972 11.1903 1.11885
1.91667 11.1508 1.12307
1.92361 11.1087 1.12723
1.93056 11.0644 1.12835
1.9375 11.0185 1.12947
1.94444 10.9716 1.13059
1.95139 10.924 1.13171
1.95833 10.8762 1.13283
1.96528 10.8289 1.13395
1.97222 10.7824 1.13508
1.97917 10.7371 1.1362
1.98611 10.6935 1.13732
1.99306 10.6519 1.13844
2 10.6128 1.13956
2.00694 10.5764 1.14068
2.01389 10.5431 1.1418
2.02083 10.5131 1.14292
2.02778 10.4867 1.14404
2.03472 10.464 1.14516
2.04167 10.4452 1.14628
2.04861 10.4305 1.1474
2.05556 10.4198 1.14852
2.0625 10.4133 1.14964
2.06944 10.411 1.15077
2.07639 10.4128 1.15189
2.08333 10.4186 1.15301
2.09028 10.4283 1.15413
2.09722 10.4419 1.15525
2.10417 10.4591 1.15637
2.11111 10.4797 1.15749
2.11806 10.5036 1.15861
2.125 10.5305 1.15973
2.13194 10.56 1.16085
2.13889 10.5921 1.16197
2.14583 10.6263 1.16309
2.15278 10.6623 1.16421
2.15972 10.6998 1.16533
2.16667 10.7386 1.16646
2.17361 10.7783 1.16758
2.18056 10.8185 1.1687
2.1875 10.8591 1.16982
2.19444 10.8995 1.17094
2.20139 10.9396 1.17206
2.20833 10.9791 1.17318
2.21528 11.0177 1.1743
2.22222 11.0551 1.17542
2.22917 11.091 1.17654
2.23611 11.1254 1.17766
2.24306 11.1578 1.17878
2.25 11.1883 1.1799
2.25694 11.2165 1.18102
2.26389 11.2424 1.18215
2.27083 11.2659 1.18327
2.27778 11.287 1.18439
2.28472 11.3054 1.18551
2.29167 11.3214 1.18663
2.29861 11.3348 1.18775
2.30556 11.3457 1.18887
2.3125 11.3542 1.18999
2.31944 11.3604 1.19111
2.32639 11.3645 1.19223
2.33333 11.3667 1.19335
2.34028 11.3671 1.19447
2.34722 11.3659 1.19559
2.35417 11.3636 1.19672
2.36111 11.3604 1.19784
2.36806 11.3566 1.19896
2.375 11.3525 1.20008
2.38194 11.3487 1.2012
2.38889 11.3455 1.20232
2.39583 11.3433 1.20344
2.40278 11.3425 1.20456
2.40972 11.3438 1.20568
2.41667 11.3475 1.2068
2.42361 11.3542 1.20792
2.43056 11.3644 1.20904
2.4375 11.3785 1.21016
2.44444 11.397 1.21128
2.45139 11.4206 1.21241
2.45833 11.4496 1.21353
2.46528 11.4845 1.21465
2.47222 11.5258 1.21577
2.47917 11.5739 1.21689
2.48611 11.6291 1.21801
2.49306 11.6918 1.21913
2.5 11.7624 1.22025
2.50694 11.841 1.22137
2.51389 11.9279 1.22249
2.52083 12.0232 1.22361
2.52778 12.127 1.22473
2.53472 12.2394 1.22585
2.54167 12.3604 1.22697
2.54861 12.4898 1.2281
2.55556 12.6275 1.22922
2.5625 12.7733 1.23034
2.56944 12.927 1.23146
2.57639 13.0883 1.23258
2.58333 13.2567 1.2337
2.59028 13.4319 1.23482
2.59722 13.6133 1.23594
2.60417 13.8006 1.23706
2.61111 13.993 1.23818
2.61806 14.1901 1.2393
2.625 14.3911 1.24042
2.63194 14.5956 1.24154
2.63889 14.8026 1.24267
2.64583 15.0117 1.24379
2.65278 15.2221 1.24491
2.65972 15.433 1.24603
2.66667 15.6437 1.24715
2.67361 15.8536 1.24827
2.68056 16.0618 1.24939
2.6875 16.2677 1.25051
2.69444 16.4707 1.25163
2.70139 16.6699 1.25275
2.70833 16.8647 1.25387
2.71528 17.0545 1.25499
2.72222 17.2388 1.25611
2.72917 17.4168 1.25723
2.73611 17.5881 1.25836
2.74306 17.7521 1.25948
2.75 17.9084 1.2606
2.75694 18.0566 1.26172
2.76389 18.1962 1.26284
2.77083 18.3269 1.26396
2.77778 18.4484 1.26508
2.78472 18.5605 1.2662
2.79167 18.663 1.26732
2.79861 18.7557 1.26844
2.80556 18.8386 1.26956
2.8125 18.9115 1.27068
2.81944 18.9744 1.2718
2.82639 19.0275 1.27292
2.83333 19.0708 1.27405
2.84028 19.1045 1.27517
2.84722 19.1287 1.27629
2.85417 19.1437 1.27741
2.86111 19.1497 1.27853
2.86806 19.147 1.27965
2.875 19.1361 1.28077
2.88194 19.1173 1.28189
2.88889 19.0909 1.28301
2.89583 19.0575 1.28413
2.90278 19.0176 1.28525
2.90972 18.9715 1.28637
2.91667 18.9199 1.28749
2.92361 18.8633 1.28861
2.93056 18.8023 1.28974
2.9375 18.7373 1.29086
2.94444 18.669 1.29198
2.95139 18.598 1.2931
2.95833 18.5248 1.29422
2.96528 18.45 1.29534
2.97222 18.3742 1.29646
2.97917 18.298 1.29758
2.98611 18.222 1.2987
2.99306 18.1466 1.29982
3 18.0724 1.30094
3.00694 17.9999 1.30206
3.01389 17.9297 1.32567
3.02083 17.8621 1.35662
3.02778 17.7977 1.38757
3.03472 17.7368 1.41852
3.04167 17.6797 1.44947
3.04861 17.627 1.48041
3.05556 17.5787 1.51136
3.0625 17.5353 1.54231
3.06944 17.497 1.57326
3.07639 17.4639 1.60421
3.08333 17.4363 1.63516
3.09028 17.4142 1.66611
3.09722 17.3977 1.69706
3.10417 17.3869 1.728
3.11111 17.3817 1.75895
3.11806 17.3822 1.7899
3.125 17.3883 1.82085
3.13194 17.3999 1.8518
3.13889 17.4167 1.88275
3.14583 17.4388 1.9137
3.15278 17.4659 1.94465
3.15972 17.4977 1.97559
3.16667 17.5341 2.00654
3.17361 17.5747 2.03749
3.18056 17.6194 2.06844
3.1875 17.6677 2.09939
3.19444 17.7195 2.13034
3.20139 17.7743 2.16129
3.20833 17.8319 2.19223
3.21528 17.8919 2.22318
3.22222 17.9541 2.25413
3.22917 18.018 2.28508
3.23611 18.0834 2.31603
3.24306 18.15 2.34698
3.25 18.2174 2.37793
3.25694 18.2854 2.40888
3.26389 18.3537 2.43982
3.27083 18.422 2.47077
3.27778 18.4901 2.50172
3.28472 18.5577 2.53267
3.29167 18.6247 2.56362
3.29861 18.6909 2.59457
3.30556 18.756 2.62552
3.3125 18.8201 2.65647
3.31944 18.883 2.68741
3.32639 18.9445 2.71836
3.33333 19.0048 2.74931
3.34028 19.0636 2.78026
3.34722 19.1212 2.81121
3.35417 19.1774 2.84216
3.36111 19.2324 2.87311
3.36806 19.2863 2.90406
3.375 19.3392 2.935
3.38194 19.3913 2.96595
3.38889 19.4427 2.9969
3.39583 19.4937 3.02785
3.40278 19.5446 3.0588
3.40972 19.5954 3.08975
3.41667 19.6467 3.1207
3.42361 19.6986 3.15164
3.43056 19.7515 3.18259
3.4375 19.8057 3.21354
3.44444 19.8616 3.24449
3.45139 19.9195 3.27544
3.45833 19.9799 3.30639
3.46528 20.0431 3.33734
3.47222 20.1094 3.36829
3.47917 20.1792 3.39923
3.48611 20.253 3.43018
3.49306 20.331 3.46113
3.5 20.4136 3.49208
3.50694 20.5011 3.52303
3.51389 20.5939 3.55398
3.52083 20.6921 3.58493
3.52778 20.7961 3.58527
3.53472 20.9061 3.56625
3.54167 21.0221 3.54723
3.54861 21.1445 3.52822
3.55556 21.2732 3.5092
3.5625 21.4083 3.49018
3.56944 21.5499 3.47116
3.57639 21.6979 3.45215
3.58333 21.8521 3.43313
3.59028 22.0125 3.41411
3.59722 22.1788 3.39509
3.60417 22.3509 3.37608
3.61111 22.5284 3.35706
3.61806 22.7111 3.33804
3.625 22.8984 3.31903
3.63194 23.09 3.30001
3.63889 23.2855 3.28099
3.64583 23.4842 3.26197
3.65278 23.6857 3.24296
3.65972 23.8894 3.22394
3.66667 24.0947 3.20492
3.67361 24.301 3.1859
3.68056 24.5076 3.16689
3.6875 24.7138 3.14787
3.69444 24.919 3.12885
3.70139 25.1224 3.10984
3.70833 25.3235 3.09082
3.71528 25.5215 3.0718
3.72222 25.7157 3.05278
3.72917 25.9055 3.03377
3.73611 26.0903 3.01475
3.74306 26.2693 2.99573
3.75 26.4421 2.97671
3.75694 26.6079 2.9577
3.76389 26.7664 2.93868
3.77083 26.9169 2.91966
3.77778 27.059 2.90065
3.78472 27.1923 2.88163
3.79167 27.3164 2.86261
3.79861 27.4309 2.84359
3.80556 27.5356 2.82458
3.8125 27.6302 2.80556
3.81944 27.7144 2.78654
3.82639 27.7883 2.76752
3.83333 27.8516 2.74851
3.84028 27.9043 2.72949
3.84722 27.9465 2.71047
3.85417 27.9782 2.69146
3.86111 27.9995 2.67244
3.86806 28.0106 2.65342
3.875 28.0116 2.6344
3.88194 28.0029 2.61539
3.88889 27.9847 2.59637
3.89583 27.9574 2.57735
3.90278 27.9213 2.55833
3.90972 27.877 2.53932
3.91667 27.8247 2.5203
3.92361 27.7651 2.50128
3.93056 27.6986 2.48226
3.9375 27.6258 2.46325
3.94444 27.5473 2.44423
3.95139 27.4636 2.42521
3.95833 27.3753 2.4062
3.96528 27.2832 2.38718
3.97222 27.1877 2.36816
3.97917 27.0896 2.35875
3.98611 26.9895 2.37055
3.99306 26.8881 2.38235
4 26.7859 2.39414
4.00694 26.6837 2.40594
4.01389 26.582 2.41774
4.02083 26.4816 2.42953
4.02778 26.3829 2.44133
4.03472 26.2866 2.45313
4.04167 26.1932 2.46492
4.04861 26.1033 2.47672
4.05556 26.0175 2.48852
4.0625 25.9361 2.50031
4.06944 25.8596 2.51211
4.07639 25.7886 2.52391
4.08333 25.7233 2.5357
4.09028 25.6641 2.5475
4.09722 25.6114 2.5593
4.10417 25.5653 2.57109
4.11111 25.5263 2.58289
4.11806 25.4943 2.59469
4.125 25.4697 2.60648
4.13194 25.4524 2.61828
4.13889 25.4427 2.63007
4.14583 25.4405 2.64187
4.15278 25.4458 2.65367
4.15972 25.4585 2.66546
4.16667 25.4786 2.67726
4.17361 25.506 2.68906
4.18056 25.5405 2.70085
4.1875 25.5819 2.71265
4.19444 25.63 2.72445
4.20139 25.6845 2.73624
4.20833 25.7452 2.74804
4.21528 25.8119 2.75984
4.22222 25.8841 2.77163
4.22917 25.9616 2.78343
4.23611 26.0439 2.79523
4.24306 26.1308 2.80702
4.25 26.222 2.81882
4.25694 26.3169 2.83062
4.26389 26.4152 2.84241
4.27083 26.5167 2.85421
4.27778 26.6208 2.86601
4.28472 26.7273 2.8778
4.29167 26.8358 2.8896
4.29861 26.9459 2.9014
4.30556 27.0573 2.91319
4.3125 27.1696 2.92499
4.31944 27.2827 2.93679
4.32639 27.3961 2.94858
4.33333 27.5097 2.96038
4.34028 27.6232 2.97218
4.34722 27.7363 2.98397
4.35417 27.8489 2.99577
4.36111 27.9609 3.00757
4.36806 28.072 3.01936
4.375 28.1822 3.03116
4.38194 28.2914 3.04296
4.38889 28.3996 3.05475
4.39583 28.5067 3.06655
4.40278 28.6127 3.07834
4.40972 28.7177 3.09014
4.41667 28.8217 3.10194
4.42361 28.9249 3.11373
4.43056 29.0273 3.12553
4.4375 29.1291 3.13733
4.44444 29.2305 3.14912
4.45139 29.3316 3.16092
4.45833 29.4328 3.17272
4.46528 29.5341 3.18451
4.47222 29.6359 3.19631
4.47917 29.7385 3.20811
4.48611 29.842 3.2199
4.49306 29.9469 3.2317
4.5 30.0533 3.2435
4.50694 30.1617 3.25529
4.51389 30.2722 3.26709
4.52083 30.3852 3.27889
4.52778 30.501 3.29068
4.53472 30.6198 3.30248
4.54167 30.7419 3.31428
4.54861 30.8676 3.32607
4.55556 30.9971 3.33787
4.5625 31.1305 3.34967
4.56944 31.2681 3.36146
4.57639 31.41 3.37326
4.58333 31.5564 3.38506
4.59028 31.7072 3.39685
4.59722 31.8625 3.40865
4.60417 32.0223 3.42045
4.61111 32.1866 3.43224
4.61806 32.3553 3.44404
4.625 32.5282 3.45584
4.63194 32.7052 3.46763
4.63889 32.886 3.47943
4.64583 33.0704 3.49123
4.65278 33.2581 3.50302
4.65972 33.4486 3.51482
4.66667 33.6417 3.52661
4.67361 33.8368 3.53841
4.68056 34.0335 3.55021
4.6875 34.2313 3.562
4.69444 34.4297 3.5738
4.70139 34.628 3.5856
4.70833 34.8257 3.59739
4.71528 35.0222 3.60919
4.72222 35.2168 3.62099
4.72917 35.409 3.63278
4.73611 35.598 3.64458
4.74306 35.7833 3.65638
4.75 35.9641 3.66817
4.75694 36.14 3.67997
4.76389 36.3101 3.69177
4.77083 36.474 3.70356
4.77778 36.631 3.71536
4.78472 36.7807 3.72716
4.79167 36.9223 3.73895
4.79861 37.0556 3.75075
4.80556 37.1799 3.76255
4.8125 37.2949 3.77434
4.81944 37.4002 3.78614
4.82639 37.4955 3.79794
4.83333 37.5804 3.80973
4.84028 37.6548 3.82153
4.84722 37.7184 3.83333
4.85417 37.7711 3.84512
4.86111 37.8128 3.85692
4.86806 37.8435 3.86872
4.875 37.8632 3.88051
4.88194 37.872 3.89231
4.88889 37.87 3.90411
4.89583 37.8574 3.9159
4.90278 37.8343 3.9277
4.90972 37.8012 3.9395
4.91667 37.7582 3.95129
4.92361 37.7058 3.96309
4.93056 37.6444 3.97488
4.9375 37.5745 3.98668
4.94444 37.4965 3.99848
4.95139 37.4109 4.00927
4.95833 37.3184 4.01206
4.96528 37.2195 4.01485
4.97222 37.1148 4.01764
4.97917 37.005 4.02043
4.98611 36.8907 4.02323
4.99306 36.7727 4.02602
5 36.6516 4.02881
5.00694 36.5281 4.0316
5.01389 36.403 4.03439
5.02083 36.2769 4.03719
5.02778 36.1506 4.03998
5.03472 36.0248 4.04277
5.04167 35.9002 4.04556
5.04861 35.7775 4.04836
5.05556 35.6573 4.05115
5.0625 35.5405 4.05394
5.06944 35.4275 4.05673
5.07639 35.3191 4.05952
5.08333 35.2158 4.06232
5.09028 35.1182 4.06511
5.09722 35.0268 4.0679
5.10417 34.9422 4.07069
5.11111 34.8649 4.07349
5.11806 34.7951 4.07628
5.125 34.7334 4.07907
5.13194 34.6802 4.08186
5.13889 34.6356 4.08465
5.14583 34.6 4.08745
5.15278 34.5735 4.09024
5.15972 34.5564 4.09303
5.16667 34.5488 4.09582
5.17361 34.5508 4.09861
5.18056 34.5623 4.10141
5.1875 34.5834 4.1042
5.19444 34.6141 4.10699
5.20139 34.6541 4.10978
5.20833 34.7034 4.11258
5.21528 34.7619 4.11537
5.22222 34.8292 4.11816
5.22917 34.9051 4.12095
5.23611 34.9894 4.12374
5.24306 35.0817 4.12654
5.25 35.1816 4.12933
5.25694 35.2889 4.13212
5.26389 35.4031 4.13491
5.27083 35.5237 4.1377
5.27778 35.6504 4.1405
5.28472 35.7827 4.14329
5.29167 35.9202 4.14608
5.29861 36.0624 4.14887
5.30556 36.2088 4.15167
5.3125 36.3591 4.15446
5.31944 36.5126 4.15725
5.32639 36.669 4.16004
5.33333 36.8279 4.16283
5.34028 36.9888 4.16563
5.34722 37.1512 4.16842
5.35417 37.3148 4.17121
5.36111 37.4792 4.174
5.36806 37.6441 4.1768
5.375 37.8091 4.17959
5.38194 37.9738 4.18238
5.38889 38.1381 4.18517
5.39583 38.3015 4.18796
5.40278 38.464 4.19076
5.40972 38.6253 4.19355
5.41667 38.7853 4.19634
5.42361 38.9437 4.19913
5.43056 39.1006 4.20192
5.4375 39.2557 4.20472
5.44444 39.4091 4.20751
5.45139 39.5608 4.2103
5.45833 39.7108 4.22323
5.46528 39.8591 4.23635
5.47222 40.0058 4.24948
5.47917 40.1511 4.26261
5.48611 40.295 4.27573
5.49306 40.4376 4.28886
5.5 40.5793 4.30199
5.50694 40.7201 4.31512
5.51389 40.8604 4.32824
5.52083 41.0002 4.34137
5.52778 41.14 4.3545
5.53472 41.2798 4.36762
5.54167 41.4201 4.38075
5.54861 41.5609 4.39388
5.55556 41.7027 4.40701
5.5625 41.8457 4.42013
5.56944 41.9901 4.43326
5.57639 42.1361 4.44639
5.58333 42.284 4.45951
5.59028 42.4341 4.47264
5.59722 42.5864 4.48577
5.60417 42.7411 4.49889
5.61111 42.8985 4.51202
5.61806 43.0585 4.52515
5.625 43.2214 4.53828
5.63194 43.387 4.5514
5.63889 43.5555 4.56453
5.64583 43.7267 4.57766
5.65278 43.9006 4.59078
5.65972 44.0771 4.60391
5.66667 44.2561 4.61704
5.67361 44.4372 4.63017
5.68056 44.6203 4.64329
5.6875 44.805 4.65642
5.69444 44.9911 4.66955
5.70139 45.1782 4.68267
5.70833 45.3658 4.6958
5.71528 45.5535 4.70893
5.72222 45.7409 4.72205
5.72917 45.9274 4.73518
5.73611 46.1124 4.74831
5.74306 46.2955 4.76144
5.75 46.4761 4.77456
5.75694 46.6535 4.78769
5.76389 46.8272 4.80082
5.77083 46.9965 4.81394
5.77778 47.1609 4.82707
5.78472 47.3197 4.8402
5.79167 47.4724 4.85333
5.79861 47.6183 4.86645
5.80556 47.7569 4.87958
5.8125 47.8877 4.89271
5.81944 48.0102 4.90583
5.82639 48.1238 4.91896
5.83333 48.2281 4.93209
5.84028 48.3227 4.94521
5.84722 48.4072 4.95834
5.85417 48.4813 4.97147
5.86111 48.5447 4.9846
5.86806 48.5972 4.99772
5.875 48.6386 5.01085
5.88194 48.6687 5.02398
5.88889 48.6875 5.0371
5.89583 48.695 5.05023
5.90278 48.6912 5.06336
5.90972 48.6761 5.07649
5.91667 48.6499 5.08961
5.92361 48.6129 5.10274
5.93056 48.5652 5.11587
5.9375 48.5071 5.12899
5.94444 48.4391 5.14212
5.95139 48.3614 5.15525
5.95833 48.2746 5.16403
5.96528 48.1792 5.16325
5.97222 48.0756 5.16247
5.97917 47.9645 5.16168
5.98611 47.8465 5.1609
5.99306 47.7221 5.16012
6 47.5922 5.15933
6.00694 47.4573 5.15855
6.01389 47.3182 5.15777
6.02083 47.1757 5.15698
6.02778 47.0306 5.1562
6.03472 46.8835 5.15541
6.04167 46.7354 5.15463
6.04861 46.5869 5.15385
6.05556 46.4389 5.15306
6.0625 46.2923 5.15228
6.06944 46.1477 5.1515
6.07639 46.0059 5.15071
6.08333 45.8678 5.14993
6.09028 45.7341 5.14915
6.09722 45.6056 5.14836
6.10417 45.4828 5.14758
6.11111 45.3666 5.1468
6.11806 45.2576 5.14601
6.125 45.1564 5.14523
6.13194 45.0635 5.14444
6.13889 44.9796 5.14366
6.14583 44.9051 5.14288
6.15278 44.8404 5.14209
6.15972 44.7861 5.14131
6.16667 44.7425 5.14053
6.17361 44.7098 5.13974
6.18056 44.6883 5.13896
6.1875 44.6783 5.13818
6.19444 44.68 5.13739
6.20139 44.6933 5.13661
6.20833 44.7183 5.13583
6.21528 44.7552 5.13504
6.22222 44.8037 5.13426
6.22917 44.8638 5.13348
6.23611 44.9353 5.13269
6.24306 45.0181 5.13191
6.25 45.1118 5.13112
6.25694 45.2162 5.13034
6.26389 45.331 5.12956
6.27083 45.4557 5.12877
6.27778 45.59 5.12799
6.28472 45.7335 5.12721
6.29167 45.8855 5.12642
6.29861 46.0457 5.12564
6.30556 46.2136 5.12486
6.3125 46.3885 5.12407
6.31944 46.57 5.12329
6.32639 46.7575 5.12251
6.33333 46.9504 5.12172
6.34028 47.1481 5.12094
6.34722 47.3501 5.12015
6.35417 47.5558 5.11937
6.36111 47.7647 5.11859
6.36806 47.9761 5.1178
6.375 48.1896 5.11702
6.38194 48.4045 5.11624
6.38889 48.6205 5.11545
6.39583 48.8371 5.11467
6.40278 49.0537 5.11389
6.40972 49.2699 5.1131
6.41667 49.4854 5.11232
6.42361 49.6998 5.11154
6.43056 49.9126 5.11075
6.4375 50.1237 5.10997
6.44444 50.3327 5.10919
6.45139 50.5394 5.1084
6.45833 50.7436 5.11378
6.46528 50.9451 5.12914
6.47222 51.1438 5.14449
6.47917 51.3395 5.15984
6.48611 51.5323 5.1752
6.49306 51.7221 5.19055
6.5 51.9089 5.2059
6.50694 52.0927 5.22126
6.51389 52.2736 5.23661
6.52083 52.4518 5.25196
6.52778 52.6273 5.26732
6.53472 52.8002 5.28267
6.54167 52.9709 5.29802
6.54861 53.1394 5.31338
6.55556 53.3061 5.32873
6.5625 53.471 5.34409
6.56944 53.6346 5.35944
6.57639 53.7969 5.37479
6.58333 53.9583 5.39015
6.59028 54.1191 5.4055
6.59722 54.2795 5.42085
6.60417 54.4398 5.43621
6.61111 54.6001 5.45156
6.61806 54.7608 5.46691
6.625 54.9221 5.48227
6.63194 55.0841 5.49762
6.63889 55.247 5.51297
6.64583 55.411 5.52833
6.65278 55.5763 5.54368
6.65972 55.7428 5.55904
6.66667 55.9106 5.57439
6.67361 56.0798 5.58974
6.68056 56.2503 5.6051
6.6875 56.4221 5.62045
6.69444 56.5951 5.6358
6.70139 56.7691 5.65116
6.70833 56.9439 5.66651
6.71528 57.1193 5.68186
6.72222 57.295 5.69722
6.72917 57.4708 5.71257
6.73611 57.6462 5.72792
6.74306 57.8209 5.74328
6.75 57.9944 5.75863
6.75694 58.1663 5.77399
6.76389 58.3361 5.78934
6.77083 58.5033 5.80469
6.77778 58.6673 5.82005
6.78472 58.8277 5.8354
6.79167 58.9837 5.85075
6.79861 59.135 5.86611
6.80556 59.2808 5.88146
6.8125 59.4206 5.89681
6.81944 59.5539 5.91217
6.82639 59.68 5.92752
6.83333 59.7985 5.94287
6.84028 59.9087 5.95823
6.84722 60.0103 5.97358
6.85417 60.1027 5.98894
6.86111 60.1854 6.00429
6.86806 60.2581 6.01964
6.875 60.3205 6.035
6.88194 60.3721 6.05035
6.88889 60.4127 6.0657
6.89583 60.4421 6.08106
6.90278 60.4601 6.09641
6.90972 60.4666 6.11176
6.91667 60.4616 6.12712
6.92361 60.4449 6.14247
6.93056 60.4167 6.15782
6.9375 60.377 6.17318
6.94444 60.3261 6.18853
6.95139 60.2641 6.20388
6.95833 60.1913 6.21924
6.96528 60.1081 6.23459
6.97222 60.0148 6.24835
6.97917 59.9119 6.24512
6.98611 59.7998 6.24189
6.99306 59.6792 6.23865
7 59.5505 6.23542
7.00694 59.4144 6.23219
7.01389 59.2716 6.22895
7.02083 59.1228 6.22572
7.02778 58.9688 6.22249
7.03472 58.8102 6.21926
7.04167 58.6479 6.21602
7.04861 58.4828 6.21279
7.05556 58.3156 6.20956
7.0625 58.1473 6.20632
7.06944 57.9787 6.20309
7.07639 57.8107 6.19986
7.08333 57.6441 6.19662
7.09028 57.4799 6.19339
7.09722 57.3189 6.19016
7.10417 57.1621 6.18693
7.11111 57.0102 6.18369
7.11806 56.8641 6.18046
7.125 56.7246 6.17723
7.13194 56.5925 6.17399
7.13889 56.4686 6.17076
7.14583 56.3536 6.16753
7.15278 56.2482 6.1643
7.15972 56.1531 6.16106
7.16667 56.0688 6.15783
7.17361 55.9959 6.1546
7.18056 55.9349 6.15136
7.1875 55.8863 6.14813
7.19444 55.8504 6.1449
7.20139 55.8277 6.14167
7.20833 55.8183 6.13843
7.21528 55.8226 6.1352
7.22222 55.8406 6.13197
7.22917 55.8725 6.12873
7.23611 55.9183 6.1255
7.24306 55.978 6.12227
7.25 56.0515 6.11903
7.25694 56.1386 6.1158
7.26389 56.2392 6.11257
7.27083 56.353 6.10934
7.27778 56.4796 6.1061
7.28472 56.6188 6.10287
7.29167 56.7701 6.09964
7.29861 56.933 6.0964
7.30556 57.1071 6.09317
7.3125 57.2919 6.08994
7.31944 57.4867 6.08671
7.32639 57.6909 6.08347
7.33333 57.904 6.08024
7.34028 58.1252 6.07701
7.34722 58.354 6.07377
7.35417 58.5896 6.07054
7.36111 58.8314 6.06731
7.36806 59.0787 6.06408
7.375 59.3307 6.06084
7.38194 59.5868 6.05761
7.38889 59.8464 6.05438
7.39583 60.1086 6.05114
7.40278 60.3729 6.04791
7.40972 60.6387 6.04468
7.41667 60.9053 6.04144
7.42361 61.1721 6.03821
7.43056 61.4385 6.03498
7.4375 61.7041 6.03175
7.44444 61.9682 6.02851
7.45139 62.2305 6.02528
7.45833 62.4905 6.02205
7.46528 62.7477 6.00945
7.47222 63.0019 5.99431
7.47917 63.2526 5.97916
7.48611 63.4997 5.96402
7.49306 63.7428 5.94888
7.5 63.9818 5.93373
7.50694 64.2165 5.91859
7.51389 64.4468 5.90345
7.52083 64.6726 5.8883
7.52778 64.8939 5.87316
7.53472 65.1106 5.85802
7.54167 65.3228 5.84288
7.54861 65.5305 5.82773
7.55556 65.7339 5.81259
7.5625 65.9332 5.79745
7.56944 66.1283 5.7823
7.57639 66.3196 5.76716
7.58333 66.5073 5.75202
7.59028 66.6915 5.73687
7.59722 66.8726 5.72173
7.60417 67.0508 5.70659
7.61111 67.2263 5.69144
7.61806 67.3995 5.6763
7.625 67.5706 5.66116
7.63194 67.7399 5.64601
7.63889 67.9077 5.63087
7.64583 68.0742 5.61573
7.65278 68.2397 5.60058
7.65972 68.4044 5.58544
7.66667 68.5686 5.5703
7.67361 68.7325 5.55515
7.68056 68.8961 5.54001
7.6875 69.0597 5.52487
7.69444 69.2233 5.50972
7.70139 69.387 5.49458
7.70833 69.5509 5.47944
7.71528 69.7149 5.46429
7.72222 69.879 5.44915
7.72917 70.043 5.43401
7.73611 70.2069 5.41886
7.74306 70.3705 5.40372
7.75 70.5335 5.38858
7.75694 70.6957 5.37343
7.76389 70.8568 5.35829
7.77083 71.0164 5.34315
7.77778 71.1741 5.328
7.78472 71.3296 5.31286
7.79167 71.4824 5.29772
7.79861 71.632 5.28257
7.80556 71.7779 5.26743
7.8125 71.9197 5.25229
7.81944 72.0566 5.23714
7.82639 72.1883 5.222
7.83333 72.3142 5.20686
7.84028 72.4337 5.19171
7.84722 72.5462 5.17657
7.85417 72.6512 5.16143
7.86111 72.7483 5.14628
7.86806 72.8367 5.13114
7.875 72.9162 5.116
7.88194 72.9862 5.10086
7.88889 73.0462 5.08571
7.89583 73.096 5.07057
7.90278 73.1351 5.05543
7.90972 73.1632 5.04028
7.91667 73.18 5.02514
7.92361 73.1854 5.01
7.93056 73.1792 4.99485
7.9375 73.1613 4.97971
7.94444 73.1316 4.96457
7.95139 73.0901 4.94942
7.95833 73.037 4.93428
7.96528 72.9723 4.91914
7.97222 72.8963 4.90399
7.97917 72.8091 4.88885
7.98611 72.7112 4.87371
7.99306 72.6028 4.85856
8 72.4844 4.84342
8.00694 72.3566 4.82828
8.01389 72.2197 4.81313
8.02083 72.0746 4.79799
8.02778 71.9217 4.78285
8.03472 71.7617 4.7677
8.04167 71.5955 4.75256
8.04861 71.4238 4.73742
8.05556 71.2474 4.76119
8.0625 71.0672 4.79904
8.06944 70.884 4.83689
8.07639 70.6988 4.87474
8.08333 70.5124 4.9126
8.09028 70.3259 4.95045
8.09722 70.1402 4.9883
8.10417 69.9562 5.02616
8.11111 69.775 5.06401
8.11806 69.5975 5.10186
8.125 69.4246 5.13972
8.13194 69.2573 5.17757
8.13889 69.0966 5.21542
8.14583 68.9434 5.25327
8.15278 68.7985 5.29113
8.15972 68.6629 5.32898
8.16667 68.5373 5.36683
8.17361 68.4225 5.40469
8.18056 68.3194 5.44254
8.1875 68.2285 5.48039
8.19444 68.1505 5.51825
8.20139 68.086 5.5561
8.20833 68.0356 5.59395
8.21528 67.9997 5.63181
8.22222 67.9786 5.66966
8.22917 67.9729 5.70751
8.23611 67.9827 5.74536
8.24306 68.0082 5.78322
8.25 68.0496 5.82107
8.25694 68.1069 5.85892
8.26389 68.1801 5.89678
8.27083 68.2692 5.93463
8.27778 68.374 5.97248
8.28472 68.4943 6.01034
8.29167 68.6298 6.04819
8.29861 68.7802 6.08604
8.30556 68.9451 6.12389
8.3125 69.1241 6.16175
8.31944 69.3166 6.1996
8.32639 69.522 6.23745
8.33333 69.7399 6.27531
8.34028 69.9695 6.31316
8.34722 70.2102 6.35101
8.35417 70.4612 6.38887
8.36111 70.7218 6.42672
8.36806 70.9913 6.46457
8.375 71.2688 6.50242
8.38194 71.5537 6.54028
8.38889 71.845 6.57813
8.39583 72.1419 6.61598
8.40278 72.4437 6.65384
8.40972 72.7496 6.69169
8.41667 73.0588 6.72954
8.42361 73.3704 6.7674
8.43056 73.6837 6.80525
8.4375 73.998 6.8431
8.44444 74.3126 6.88096
8.45139 74.6267 6.91881
8.45833 74.9397 6.95666
8.46528 75.251 6.99406
8.47222 75.5599 7.02931
8.47917 75.866 7.06457
8.48611 76.1687 7.09983
8.49306 76.4675 7.13509
8.5 76.762 7.17035
8.50694 77.0518 7.20561
8.51389 77.3366 7.24087
8.52083 77.6161 7.27612
8.52778 77.89 7.31138
8.53472 78.1582 7.34664
8.54167 78.4204 7.3819
8.54861 78.6765 7.41716
8.55556 78.9265 7.45242
8.5625 79.1704 7.48767
8.56944 79.4082 7.52293
8.57639 79.6399 7.55819
8.58333 79.8656 7.59345
8.59028 80.0854 7.62871
8.59722 80.2996 7.66397
8.60417 80.5083 7.69922
8.61111 80.7116 7.73448
8.61806 80.91 7.76974
8.625 81.1035 7.805
8.63194 81.2926 7.84026
8.63889 81.4775 7.87552
8.64583 81.6584 7.91077
8.65278 81.8358 7.94603
8.65972 82.0098 7.98129
8.66667 82.1809 8.01655
8.67361 82.3493 8.05181
8.68056 82.5154 8.08707
8.6875 82.6793 8.12232
8.69444 82.8413 8.15758
8.70139 83.0017 8.19284
8.70833 83.1607 8.2281
8.71528 83.3185 8.26336
8.72222 83.4751 8.29862
8.72917 83.6308 8.33387
8.73611 83.7856 8.36913
8.74306 83.9395 8.40439
8.75 84.0925 8.43965
8.75694 84.2447 8.47491
8.76389 84.3957 8.51017
8.77083 84.5457 8.54542
8.77778 84.6943 8.58068
8.78472 84.8413 8.61594
8.79167 84.9866 8.6512
8.79861 85.1297 8.68646
8.80556 85.2703 8.72172
8.8125 85.4081 8.75697
8.81944 85.5426 8.79223
8.82639 85.6734 8.82749
8.83333 85.8001 8.86275
8.84028 85.922 8.89801
8.84722 86.0388 8.93327
8.85417 86.1499 8.96853
8.86111 86.2548 9.00378
8.86806 86.3529 9.03904
8.875 86.4436 9.0743
8.88194 86.5266 9.10956
8.88889 86.6012 9.14482
8.89583 86.667 9.18008
8.90278 86.7234 9.21533
8.90972 86.7701 9.25059
8.91667 86.8066 9.28585
8.92361 86.8325 9.32111
8.93056 86.8475 9.35637
8.9375 86.8514 9.39163
8.94444 86.8438 9.42688
8.95139 86.8246 9.46214
8.95833 86.7936 9.4974
8.96528 86.7508 9.53266
8.97222 86.6961 9.51356
8.97917 86.6297 9.48788
8.98611 86.5515 9.46221
8.99306 86.4617 9.43653
9 86.3607 9.41086
9.00694 86.2487 9.38518
9.01389 86.126 9.3595
9.02083 85.9931 9.33383
9.02778 85.8505 9.30815
9.03472 85.6987 9.28248
9.04167 85.5383 9.2568
9.04861 85.3701 9.23113
9.05556 85.1946 9.20545
9.0625 85.0128 9.17977
9.06944 84.8253 9.1541
9.07639 84.6331 9.12842
9.08333 84.437 9.10275
9.09028 84.2381 9.07707
9.09722 84.0372 9.05139
9.10417 83.8354 9.02572
9.11111 83.6336 9.00004
9.11806 83.4329 8.97437
9.125 83.2344 8.94869
9.13194 83.0391 8.92302
9.13889 82.848 8.89734
9.14583 82.6622 8.87166
9.15278 82.4828 8.84599
9.15972 82.3107 8.82031
9.16667 82.147 8.79464
9.17361 81.9927 8.76896
9.18056 81.8486 8.74328
9.1875 81.7157 8.71761
9.19444 81.595 8.69193
9.20139 81.4871 8.66626
9.20833 81.3928 8.64058
9.21528 81.313 8.6149
9.22222 81.2481 8.58923
9.22917 81.1989 8.56355
9.23611 81.1659 8.53788
9.24306 81.1495 8.5122
9.25 81.15 8.48653
9.25694 81.1679 8.46085
9.26389 81.2033 8.43517
9.27083 81.2564 8.4095
9.27778 81.3273 8.38382
9.28472 81.4159 8.35815
9.29167 81.5223 8.33247
9.29861 81.6462 8.30679
9.30556 81.7874 8.28112
9.3125 81.9457 8.25544
9.31944 82.1207 8.22977
9.32639 82.3118 8.20409
9.33333 82.5188 8.17841
9.34028 82.7409 8.15274
9.34722 82.9775 8.12706
9.35417 83.2281 8.10139
9.36111 83.4919 8.07571
9.36806 83.7681 8.05004
9.375 84.0559 8.02436
9.38194 84.3546 7.99868
9.38889 84.6632 7.97301
9.39583 84.9809 7.94733
9.40278 85.3069 7.92166
9.40972 85.6401 7.89598
9.41667 85.9797 7.8703
9.42361 86.3248 7.84463
9.43056 86.6744 7.81895
9.4375 87.0277 7.79328
9.44444 87.3838 7.7676
9.45139 87.7418 7.74192
9.45833 88.1008 7.71625
9.46528 88.4601 7.69057
9.47222 88.8187 7.85681
9.47917 89.176 8.16533
9.48611 89.5312 8.47386
9.49306 89.8836 8.78238
9.5 90.2326 9.09091
9.50694 90.5775 9.39943
9.51389 90.9178 9.70796
9.52083 91.2529 10.0165
9.52778 91.5824 10.325
9.53472 91.9059 10.6335
9.54167 92.2229 10.9421
9.54861 92.5332 11.2506
9.55556 92.8364 11.5591
9.5625 93.1323 11.8676
9.56944 93.4208 12.1762
9.57639 93.7017 12.4847
9.58333 93.975 12.7932
9.59028 94.2406 13.1017
9.59722 94.4985 13.4103
9.60417 94.7488 13.7188
9.61111 94.9916 14.0273
9.61806 95.227 14.3358
9.625 95.4552 14.6444
9.63194 95.6764 14.9529
9.63889 95.8907 15.0984
9.64583 96.0986 15.0111
9.65278 96.3002 14.9237
9.65972 96.4959 14.8364
9.66667 96.686 14.7491
9.67361 96.8708 14.6618
9.68056 97.0506 14.5745
9.6875 97.2258 14.4872
9.69444 97.3968 14.3999
9.70139 97.5638 14.3126
9.70833 97.7272 14.2253
9.71528 97.8872 14.138
9.72222 98.0443 14.0507
9.72917 98.1986 13.9634
9.73611 98.3505 13.8761
9.74306 98.5 13.7888
9.75 98.6475 13.7015
9.75694 98.793 13.6142
9.76389 98.9367 13.5268
9.77083 99.0786 13.4395
9.77778 99.2188 13.3522
9.78472 99.3573 13.2649
9.79167 99.494 13.1776
9.79861 99.6288 13.0903
9.80556 99.7615 13.003
9.8125 99.892 12.9157
9.81944 100.02 12.8284
9.82639 100.145 12.7411
9.83333 100.268 12.6538
9.84028 100.387 12.5665
9.84722 100.502 12.4792
9.85417 100.613 12.3919
9.86111 100.719 12.3046
9.86806 100.82 12.2173
9.875 100.916 12.1299
9.88194 101.005 12.0426
9.88889 101.088 11.9553
9.89583 101.164 11.868
9.90278 101.232 11.7807
9.90972 101.292 11.6934
9.91667 101.344 11.6061
9.92361 101.386 11.5188
9.93056 101.419 11.4315
9.9375 101.441 11.3442
9.94444 101.454 11.2569
9.95139 101.455 11.1696
9.95833 101.446 11.0823
9.96528 101.425 10.995
9.97222 101.393 10.9231
9.97917 101.349 10.8872
9.98611 101.293 10.8513
9.99306 101.226 10.8154
10 101.146 10.7795
10.0069 101.055 10.7435
10.0139 100.952 10.7076
10.0208 100.838 10.6717
10.0278 100.713 10.6358
10.0347 100.578 10.5999
10.0417 100.432 10.564
10.0486 100.276 10.5281
10.0556 100.111 10.4922
10.0625 99.9369 10.4563
10.0694 99.7553 10.4204
10.0764 99.5664 10.3845
10.0833 99.3712 10.3485
10.0903 99.1703 10.3126
10.0972 98.9649 10.2767
10.1042 98.7557 10.2408
10.1111 98.5438 10.2049
10.1181 98.3301 10.169
10.125 98.1158 10.1331
10.1319 97.9019 10.0972
10.1389 97.6895 10.0613
10.1458 97.4797 10.0254
10.1528 97.2737 9.98946
10.1597 97.0724 9.95355
10.1667 96.8772 9.91764
10.1736 96.6891 9.88173
10.1806 96.5091 9.84583
10.1875 96.3384 9.80992
10.1944 96.178 9.77401
10.2014 96.0289 9.7381
10.2083 95.8921 9.70219
10.2153 95.7686 9.66628
10.2222 95.6591 9.63037
10.2292 95.5647 9.59446
10.2361 95.4859 9.55856
10.2431 95.4236 9.52265
10.25 95.3783 9.48674
10.2569 95.3507 9.45083
10.2639 95.3412 9.41492
10.2708 95.3503 9.37901
10.2778 95.3782 9.3431
10.2847 95.4253 9.3072
10.2917 95.4917 9.27129
10.2986 95.5774 9.23538
10.3056 95.6826 9.19947
10.3125 95.807 9.16356
10.3194 95.9506 9.12765
10.3264 96.1131 9.09174
10.3333 96.2942 9.05583
10.3403 96.4935 9.01993
10.3472 96.7105 8.98402
10.3542 96.9446 8.94811
10.3611 97.1954 8.9122
10.3681 97.462 8.87629
10.375 97.7438 8.84038
10.3819 98.0401 8.80447
10.3889 98.3499 8.76857
10.3958 98.6725 8.73266
10.4028 99.0068 8.69675
10.4097 99.3521 8.66084
10.4167 99.7073 8.62493
10.4236 100.071 8.58902
10.4306 100.444 8.55311
10.4375 100.823 8.5172
10.4444 101.208 8.4813
10.4514 101.598 8.44539
10.4583 101.992 8.40948
10.4653 102.389 8.37357
10.4722 102.788 8.33766
10.4792 103.188 8.35206
10.4861 103.588 8.36778
10.4931 103.988 8.38349
10.5 104.386 8.39921
10.5069 104.781 8.41492
10.5139 105.174 8.43064
10.5208 105.562 8.44635
10.5278 105.946 8.46207
10.5347 106.324 8.47778
10.5417 106.697 8.4935
10.5486 107.063 8.50921
10.5556 107.422 8.52493
10.5625 107.773 8.54064
10.5694 108.117 8.55636
10.5764 108.452 8.57207
10.5833 108.78 8.58779
10.5903 109.098 8.6035
10.5972 109.407 8.61922
10.6042 109.708 8.63493
10.6111 109.999 8.65065
10.6181 110.282 8.66636
10.625 110.555 8.68208
10.6319 110.819 8.69779
10.6389 111.074 8.71351
10.6458 111.32 8.72922
10.6528 111.558 8.74494
10.6597 111.788 8.76065
10.6667 112.009 8.77637
10.6736 112.222 8.79208
10.6806 112.428 8.8078
10.6875 112.627 8.82351
10.6944 112.818 8.83923
10.7014 113.003 8.85494
10.7083 113.182 8.87066
10.7153 113.356 8.88637
10.7222 113.523 8.90209
10.7292 113.686 8.9178
10.7361 113.844 8.93351
10.7431 113.997 8.94923
10.75 114.147 8.96494
10.7569 114.293 8.98066
10.7639 114.435 8.99637
10.7708 114.574 9.01209
10.7778 114.71 9.0278
10.7847 114.843 9.04352
10.7917 114.974 9.05923
10.7986 115.102 9.07495
10.8056 115.227 9.09066
10.8125 115.35 9.10638
10.8194 115.471 9.12209
10.8264 115.589 9.13781
10.8333 115.704 9.15352
10.8403 115.816 9.16924
10.8472 115.926 9.18495
10.8542 116.032 9.20067
10.8611 116.134 9.21638
10.8681 116.233 9.2321
10.875 116.327 9.24781
10.8819 116.417 9.26353
10.8889 116.502 9.27924
10.8958 116.581 9.29496
10.9028 116.654 9.31067
10.9097 116.721 9.32639
10.9167 116.781 9.3421
10.9236 116.834 9.35782
10.9306 116.879 9.37353
10.9375 116.915 9.38925
10.9444 116.943 9.40496
10.9514 116.961 9.42068
10.9583 116.97 9.43639
10.9653 116.968 9.45211
10.9722 116.956 9.46782
10.9792 116.934 9.48354
10.9861 116.9 9.49925
10.9931 116.855 9.51497
11 116.798 9.53068
11.0069 116.73 9.5464
11.0139 116.651 9.56211
11.0208 116.56 9.57332
11.0278 116.457 9.57287
11.0347 116.342 9.57241
11.0417 116.217 9.57195
11.0486 116.081 9.5715
11.0556 115.934 9.57104
11.0625 115.776 9.57058
11.0694 115.61 9.57013
11.0764 115.434 9.56967
11.0833 115.249 9.56921
11.0903 115.057 9.56876
11.0972 114.857 9.5683
11.1042 114.652 9.56784
11.1111 114.441 9.56739
11.1181 114.225 9.56693
11.125 114.006 9.56647
11.1319 113.785 9.56602
11.1389 113.562 9.56556
11.1458 113.339 9.5651
11.1528 113.117 9.56465
11.1597 112.896 9.56419
11.1667 112.679 9.56373
11.1736 112.466 9.56327
11.1806 112.258 9.56282
11.1875 112.057 9.56236
11.1944 111.864 9.5619
11.2014 111.68 9.56145
11.2083 111.506 9.56099
11.2153 111.343 9.56053
11.2222 111.192 9.56008
11.2292 111.054 9.55962
11.2361 110.931 9.55916
11.2431 110.823 9.55871
11.25 110.731 9.55825
11.2569 110.656 9.55779
11.2639 110.598 9.55734
11.2708 110.559 9.55688
11.2778 110.539 9.55642
11.2847 110.538 9.55597
11.2917 110.557 9.55551
11.2986 110.596 9.55505
11.3056 110.655 9.5546
11.3125 110.736 9.55414
11.3194 110.836 9.55368
11.3264 110.958 9.55322
11.3333 111.1 9.55277
11.3403 111.263 9.55231
11.3472 111.446 9.55185
11.3542 111.648 9.5514
11.3611 111.87 9.55094
11.3681 112.112 9.55048
11.375 112.371 9.55003
11.3819 112.648 9.54957
11.3889 112.942 9.54911
11.3958 113.253 9.54866
11.4028 113.578 9.5482
11.4097 113.919 9.54774
11.4167 114.273 9.54729
11.4236 114.639 9.54683
11.4306 115.018 9.54637
11.4375 115.407 9.54592
11.4444 115.805 9.54546
11.4514 116.212 9.545
11.4583 116.627 9.54455
11.4653 117.048 9.54409
11.4722 117.474 9.54363
11.4792 117.905 9.54318
11.4861 118.339 9.54272
11.4931 118.775 9.54226
11.5 119.212 9.66391
11.5069 119.649 9.78606
11.5139 120.085 9.90821
11.5208 120.52 10.0304
11.5278 120.952 10.1525
11.5347 121.38 10.2747
11.5417 121.804 10.3968
11.5486 122.223 10.5189
11.5556 122.636 10.6411
11.5625 123.043 10.7632
11.5694 123.442 10.8854
11.5764 123.834 11.0075
11.5833 124.217 11.1297
11.5903 124.591 11.2518
11.5972 124.957 11.374
11.6042 125.313 11.4961
11.6111 125.659 11.6183
11.6181 125.995 11.7404
11.625 126.321 11.8626
11.6319 126.636 11.9847
11.6389 126.941 12.1069
11.6458 127.236 12.229
11.6528 127.52 12.3512
11.6597 127.794 12.4733
11.6667 128.057 12.5955
11.6736 128.31 12.7176
11.6806 128.554 12.8398
11.6875 128.788 12.9619
11.6944 129.012 13.0841
11.7014 129.228 13.2062
11.7083 129.434 13.3284
11.7153 129.632 13.4505
11.7222 129.822 13.5726
11.7292 130.005 13.6948
11.7361 130.18 13.8169
11.7431 130.348 13.9391
11.75 130.509 14.0612
11.7569 130.665 14.1834
11.7639 130.814 14.3055
11.7708 130.959 14.4277
11.7778 131.098 14.5498
11.7847 131.232 14.672
11.7917 131.363 14.7941
11.7986 131.489 14.9163
11.8056 131.611 15.0384
11.8125 131.729 15.1606
11.8194 131.844 15.2827
11.8264 131.956 15.4049
11.8333 132.064 15.527
11.8403 132.169 15.6492
11.8472 132.271 15.7713
11.8542 132.37 15.8935
11.8611 132.466 16.0156
11.8681 132.558 16.1378
11.875 132.646 16.2599
11.8819 132.731 16.3821
11.8889 132.812 16.5042
11.8958 132.889 16.6263
11.9028 132.961 16.7485
11.9097 133.028 16.8209
11.9167 133.089 16.8247
11.9236 133.145 16.8284
11.9306 133.195 16.8322
11.9375 133.238 16.836
11.9444 133.274 16.8397
11.9514 133.303 16.8435
11.9583 133.324 16.8473
11.9653 133.336 16.851
11.9722 133.339 16.8548
11.9792 133.334 16.8586
11.9861 133.318 16.8623
11.9931 133.293 16.8661
12 133.257 16.8699
12.0069 133.211 16.8736
12.0139 133.154 16.8774
12.0208 133.086 16.8811
12.0278 133.007 16.8849
12.0347 132.917 16.8887
12.0417 132.816 16.8924
12.0486 132.703 16.8962
12.0556 132.579 16.9
12.0625 132.445 16.9037
12.0694 132.3 16.9075
12.0764 132.144 16.9113
12.0833 131.979 16.915
12.0903 131.804 16.9188
12.0972 131.621 16.9226
12.1042 131.429 16.9263
12.1111 131.23 16.9301
12.1181 131.024 16.9338
12.125 130.812 16.9376
12.1319 130.595 16.9414
12.1389 130.374 16.9451
12.1458 130.149 16.9489
12.1528 129.923 16.9527
12.1597 129.695 16.9564
12.1667 129.468 16.9602
12.1736 129.241 16.964
12.1806 129.017 16.9677
12.1875 128.797 16.9715
12.1944 128.581 16.9752
12.2014 128.371 16.979
12.2083 128.168 16.9828
12.2153 127.974 16.9865
12.2222 127.789 16.9903
12.2292 127.615 16.9941
12.2361 127.453 16.9978
12.2431 127.304 17.0016
12.25 127.169 17.0054
12.2569 127.048 17.0091
12.2639 126.944 17.0129
12.2708 126.857 17.0167
12.2778 126.787 17.0204
12.2847 126.736 17.0242
12.2917 126.704 17.0279
12.2986 126.692 17.0317
12.3056 126.7 17.0355
12.3125 126.729 17.0392
12.3194 126.779 17.043
12.3264 126.85 17.0468
12.3333 126.943 17.0505
12.3403 127.058 17.0543
12.3472 127.195 17.0581
12.3542 127.353 17.0618
12.3611 127.532 17.0656
12.3681 127.733 17.0694
12.375 127.955 17.0731
12.3819 128.197 17.0769
12.3889 128.459 17.0806
12.3958 128.74 17.0844
12.4028 129.039 17.0882
12.4097 129.357 17.0919
12.4167 129.692 17.0957
12.4236 130.043 17.0995
12.4306 130.409 17.1032
12.4375 130.79 17.107
12.4444 131.184 17.1108
12.4514 131.59 17.1145
12.4583 132.008 17.1183
12.4653 132.436 17.1221
12.4722 132.873 17.1258
12.4792 133.318 17.1296
12.4861 133.77 17.1333
12.4931 134.228 17.1371
12.5 134.69 17.1409
12.5069 135.156 17.1446
12.5139 135.624 17.1484
12.5208 136.093 17.1522
12.5278 136.563 17.1559
12.5347 137.032 17.1597
12.5417 137.499 17.1635
12.5486 137.963 17.1672
12.5556 138.424 17.171
12.5625 138.88 17.1748
12.5694 139.33 17.1785
12.5764 139.774 17.1823
12.5833 140.212 17.186
12.5903 140.641 17.1898
12.5972 141.063 17.1936
12.6042 141.475 17.1973
12.6111 141.878 17.2011
12.6181 142.271 17.2049
12.625 142.654 17.2086
12.6319 143.026 17.2124
12.6389 143.386 17.2162
12.6458 143.736 17.2199
12.6528 144.074 17.2237
12.6597 144.401 17.2275
12.6667 144.716 17.2312
12.6736 145.019 17.235
12.6806 145.311 17.2387
12.6875 145.591 17.2425
12.6944 145.859 17.2463
12.7014 146.116 17.25
12.7083 146.362 17.2538
12.7153 146.598 17.2576
12.7222 146.822 17.2613
12.7292 147.036 17.2651
12.7361 147.241 17.2689
12.7431 147.435 17.2726
12.75 147.621 17.2764
12.7569 147.797 17.2801
12.7639 147.965 17.2839
12.7708 148.125 17.2877
12.7778 148.278 17.2914
12.7847 148.423 17.2952
12.7917 148.561 17.299
12.7986 148.693 17.3027
12.8056 148.819 17.3065
12.8125 148.939 17.3103
12.8194 149.054 17.314
12.8264 149.163 17.3178
12.8333 149.268 17.3216
12.8403 149.369 17.3253
12.8472 149.465 17.3291
12.8542 149.557 17.3328
12.8611 149.646 17.3366
12.8681 149.73 17.3404
12.875 149.81 17.3441
12.8819 149.887 17.3479
12.8889 149.96 17.3517
12.8958 150.029 17.3554
12.9028 150.095 17.3592
12.9097 150.156 17.363
12.9167 150.212 17.0505
12.9236 150.264 16.6753
12.9306 150.312 16.3002
12.9375 150.354 15.9251
12.9444 150.391 15.5499
12.9514 150.422 15.1748
12.9583 150.447 14.7997
12.9653 150.465 14.4245
12.9722 150.476 14.0494
12.9792 150.48 13.6743
12.9861 150.477 13.2992
12.9931 150.465 12.924
13 150.445 12.5489
13.0069 150.416 12.1738
13.0139 150.377 11.7986
13.0208 150.329 11.4235
13.0278 150.272 11.0484
13.0347 150.204 10.6732
13.0417 150.126 10.2981
13.0486 150.038 9.92299
13.0556 149.939 9.54786
13.0625 149.83 9.17273
13.0694 149.71 8.7976
13.0764 149.58 8.42247
13.0833 149.44 8.04734
13.0903 149.29 7.67221
13.0972 149.13 7.29708
13.1042 148.961 6.92195
13.1111 148.783 6.54682
13.1181 148.596 6.17169
13.125 148.402 5.79656
13.1319 148.201 5.42143
13.1389 147.994 5.0463
13.1458 147.781 4.67117
13.1528 147.563 4.29604
13.1597 147.341 3.92091
13.1667 147.117 3.56955
13.1736 146.891 3.6135
13.1806 146.664 3.65744
13.1875 146.438 3.70139
13.1944 146.213 3.74534
13.2014 145.99 3.78928
13.2083 145.772 3.83323
13.2153 145.558 3.87717
13.2222 145.351 3.92112
13.2292 145.152 3.96507
13.2361 144.96 4.00901
13.2431 144.779 4.05296
13.25 144.609 4.0969
13.2569 144.451 4.14085
13.2639 144.306 4.18479
13.2708 144.176 4.22874
13.2778 144.061 4.27269
13.2847 143.963 4.31663
13.2917 143.882 4.36058
13.2986 143.819 4.40452
13.3056 143.774 4.44847
13.3125 143.75 4.49241
13.3194 143.746 4.53636
13.3264 143.763 4.58031
13.3333 143.801 4.62425
13.3403 143.86 4.6682
13.3472 143.942 4.71214
13.3542 144.046 4.75609
13.3611 144.172 4.80003
13.3681 144.32 4.84398
13.375 144.491 4.88793
13.3819 144.684 4.93187
13.3889 144.898 4.97582
13.3958 145.134 5.01976
13.4028 145.391 5.06371
13.4097 145.669 5.10765
13.4167 145.966 5.1516
13.4236 146.283 5.19555
13.4306 146.619 5.23949
13.4375 146.972 5.28344
13.4444 147.342 5.32738
13.4514 147.728 5.37133
13.4583 148.129 5.41528
13.4653 148.545 5.45922
13.4722 148.973 5.50317
13.4792 149.413 5.54711
13.4861 149.864 5.59106
13.4931 150.325 5.635
13.5 150.794 5.67895
13.5069 151.271 5.7229
13.5139 151.754 5.76684
13.5208 152.242 5.81079
13.5278 152.734 5.85473
13.5347 153.229 5.89868
13.5417 153.725 5.94262
13.5486 154.222 5.98657
13.5556 154.719 6.03052
13.5625 155.213 6.07446
13.5694 155.706 6.11841
13.5764 156.194 6.16235
13.5833 156.678 6.2063
13.5903 157.157 6.25024
13.5972 157.629 6.29419
13.6042 158.094 6.33814
13.6111 158.551 6.38208
13.6181 159 6.42603
13.625 159.439 6.46997
13.6319 159.868 6.51392
13.6389 160.287 6.55786
13.6458 160.695 6.60181
13.6528 161.092 6.64576
13.6597 161.476 6.6897
13.6667 161.849 6.73365
13.6736 162.209 6.77759
13.6806 162.557 6.82154
13.6875 162.892 6.86549
13.6944 163.214 6.90943
13.7014 163.523 6.95338
13.7083 163.819 6.99732
13.7153 164.103 7.04127
13.7222 164.374 7.08521
13.7292 164.632 7.12916
13.7361 164.878 7.17311
13.7431 165.112 7.21705
13.75 165.334 7.261
13.7569 165.544 7.30494
13.7639 165.743 7.34889
13.7708 165.932 7.39283
13.7778 166.11 7.43678
13.7847 166.277 7.48073
13.7917 166.435 7.52467
13.7986 166.584 7.56862
13.8056 166.724 7.61256
13.8125 166.856 7.65651
13.8194 166.979 7.70045
13.8264 167.096 7.7444
13.8333 167.204 7.78835
13.8403 167.307 7.83229
13.8472 167.402 7.87624
13.8542 167.492 7.92018
13.8611 167.576 7.96413
13.8681 167.655 8.00807
13.875 167.729 8.05202
13.8819 167.798 8.09597
13.8889 167.862 8.13991
13.8958 167.922 8.18386
13.9028 167.977 8.2278
13.9097 168.028 8.27175
13.9167 168.075 8.3157
13.9236 168.117 8.35964
13.9306 168.156 8.40359
13.9375 168.19 8.44753
13.9444 168.22 8.49148
13.9514 168.245 8.53542
13.9583 168.265 8.57937
13.9653 168.28 8.62332
13.9722 168.29 8.66726
13.9792 168.294 8.71121
13.9861 168.293 8.75515
13.9931 168.286 8.7991
14 168.272 8.84304
14.0069 168.251 8.88699
14.0139 168.223 8.93094
14.0208 168.188 8.97488
14.0278 168.145 9.01883
14.0347 168.094 9.06277
14.0417 168.034 9.10672
14.0486 167.966 9.15066
14.0556 167.889 9.19461
14.0625 167.803 9.10962
14.0694 167.708 9.02451
14.0764 167.604 8.9394
14.0833 167.49 8.85429
14.0903 167.367 8.76918
14.0972 167.234 8.68407
14.1042 167.093 8.59896
14.1111 166.942 8.51385
14.1181 166.783 8.42874
14.125 166.616 8.34363
14.1319 166.44 8.25852
14.1389 166.257 8.17341
14.1458 166.067 8.0883
14.1528 165.87 8.00319
14.1597 165.668 7.91808
14.1667 165.461 7.83297
14.1736 165.249 7.74786
14.1806 165.034 7.66275
14.1875 164.817 7.57764
14.1944 164.598 7.49253
14.2014 164.379 7.40742
14.2083 164.161 7.32231
14.2153 163.944 7.2372
14.2222 163.73 7.15209
14.2292 163.519 7.06698
14.2361 163.314 6.98187
14.2431 163.115 6.89676
14.25 162.924 6.81165
14.2569 162.741 6.72654
14.2639 162.568 6.64143
14.2708 162.406 6.55632
14.2778 162.257 6.47121
14.2847 162.12 6.3861
14.2917 161.997 6.30099
14.2986 161.89 6.21588
14.3056 161.8 6.13077
14.3125 161.726 6.04566
14.3194 161.67 5.96055
14.3264 161.633 5.87544
14.3333 161.616 5.79033
14.3403 161.619 5.70522
14.3472 161.643 5.62011
14.3542 161.688 5.535
14.3611 161.755 5.44989
14.3681 161.844 5.36478
14.375 161.955 5.27967
14.3819 162.088 5.19456
14.3889 162.244 5.10945
14.3958 162.422 5.02434
14.4028 162.623 4.93923
14.4097 162.845 4.85412
14.4167 163.09 4.76901
14.4236 163.356 4.92422
14.4306 163.642 5.09658
14.4375 163.949 5.26894
14.4444 164.276 5.4413
14.4514 164.622 5.61366
14.4583 164.986 5.78602
14.4653 165.367 5.95838
14.4722 165.766 6.13073
14.4792 166.18 6.30309
14.4861 166.608 6.47545
14.4931 167.05 6.64781
14.5 167.505 6.82017
14.5069 167.972 6.99253
14.5139 168.449 7.16488
14.5208 168.935 7.33724
14.5278 169.429 7.5096
14.5347 169.93 7.68196
14.5417 170.437 7.85432
14.5486 170.949 8.02668
14.5556 171.464 8.19904
14.5625 171.981 8.37139
14.5694 172.499 8.54375
14.5764 173.018 8.71611
14.5833 173.535 8.88847
14.5903 174.051 9.06083
14.5972 174.563 9.23319
14.6042 175.071 9.40554
14.6111 175.574 9.5779
14.6181 176.07 9.75026
14.625 176.56 9.92262
14.6319 177.042 10.095
14.6389 177.515 10.2673
14.6458 177.979 10.4397
14.6528 178.433 10.6121
14.6597 178.876 10.7844
14.6667 179.308 10.9568
14.6736 179.728 11.1291
14.6806 180.136 11.3015
14.6875 180.531 11.4738
